,MGH258,UKF243,UKF251,UKF255,UKF259,UKF260,UKF266,UKF269,UKF275,UKF296,UKF304,UKF313,UKF334,ZH1007inf,ZH1007nec,ZH1019T1,ZH1019inf,ZH8811Abulk,ZH8811Bbulk,ZH8812bulk,ZH881T1,ZH881inf,ZH916T1,ZH916bulk,ZH916inf
IGFL3,,,,,,,,0.010249259920733824,,,,,,,,,,,,-0.013947217111095771,,,0.0617197745980912,,
BMP1,-0.03782566987605916,0.04212717337610142,-0.04647410641887283,0.01937755851800344,0.03602741631064217,-0.006530805313233866,0.07595819306412743,0.12923706066489501,0.0030098769352758883,0.030902756210248575,-0.03383927018870893,0.05090532970866112,0.03075518643058654,0.010776822060741839,0.15266459097792345,0.00790731338357738,0.02060323028014058,0.035541224349027796,0.018027849877867343,0.04752727305280634,-0.031800102804981106,0.04264040845121096,-0.0374806979641016,0.05758185999364492,0.009099173409417443
NDP,0.008656980851035846,0.13782058592147337,0.0049437921745038825,-0.01684457539521377,-0.03674556700318616,0.06428187662479531,0.02916627920932149,0.06483697524366792,0.02877685692689377,0.04780453815627607,0.01317218461587898,-0.02618729026533369,0.06295524703029112,0.1607161724150326,0.1785477453033382,-0.013034161450005818,0.15411207928715562,0.030048029652352648,0.059706062020458875,-0.01590036736046592,0.02800968900652168,0.03680355811794116,0.23465438310561607,0.07379022508227062,-0.08380143098931385
TNFSF18,-0.021070670520223718,0.03184809222698391,-0.014158511245162795,,,,-0.0220721979931497,0.022139545498337358,0.028995419656098836,,,,,0.04941254992493184,,-0.02720461361949085,,,,0.040753161594842324,,-0.004329417205846938,0.03467807762011946,0.013913565338511746,
IL36G,,,,,,,,,,,,,-0.038423719639019194,,,,,,,,,,,,
RTN4,-0.01516704498318803,-0.10945975779732216,0.05071061361401566,-0.004810597012860557,0.011543295215874596,-0.05441302911978869,-0.041580966882052324,-0.2244670826217024,-0.008127120873452713,0.047181335298299994,-0.014272610365343826,0.006611935827565422,-0.010571714947879748,-0.018440281498151804,-0.07162033246055322,-0.04433276754552285,-0.06336997891213939,-0.04637471487767611,-0.038463274519445825,-0.05809971637566325,-0.010891936509342637,-0.027467435828847316,-0.03754676470866631,-0.08775567091975099,-0.04626003578177966
HEBP1,-0.03516479740723696,0.016642837896598293,0.006710147166880419,-0.02699059166625107,-0.031535997994582024,-0.005783451189952397,0.019524286239891595,0.04104209715319256,-0.026246074422814118,0.023997607120896117,-0.0017889674039325294,0.004591877585383702,0.008706628365159303,0.0857518669339801,0.030717228183630704,-0.174576693361691,0.0013715277018575647,0.05357690324813819,0.05074111861447992,-0.06143543697021932,0.033210241077742494,0.03449414416658577,0.10559451107848614,0.05010050694241846,-0.03462509943201249
WNT7B,-0.024899965942078668,0.03347721767711515,-0.04016706020675077,-0.021214569602127524,0.02297868827652519,0.044726428898882224,0.01002851168522415,-0.11534703771049261,0.10767374656637149,0.04792632777676052,,0.04514535176673484,0.036844938379306455,0.12397063268751915,-0.09978990033647865,,0.061513866276821046,0.021513697074204856,0.05226830734447509,0.1002765790784746,0.007267034601093934,0.04137728460214216,0.08670502539482179,0.08853779689457494,0.0723692258166748
PTMA,-0.06417066038167767,-0.011546925306897292,0.020941036197114214,0.07733158581224517,-0.014678700959645455,0.014031996826101992,0.07084184887421807,-0.053969968915119716,-0.050799261928650585,0.003977764741161451,-0.022529937506385975,0.054445416709158596,0.031834866313851774,0.05379186576589166,-0.04331036703716878,0.023420648214927297,-0.16309965459580716,-0.06440334221276366,-0.06273512971094401,0.08141868180014873,-0.020076286211758308,0.06324777138728167,-0.19736452970478496,0.003070751701058819,-0.10912271249743209
FASLG,0.023553201047348038,,,,,,,,,,,,,,,,,,,,,,-0.008276015142463395,,
CEACAM1,-0.0016521070408600125,,0.012356512369563723,,-0.04173426399385439,-0.026765182264206995,,0.03457431088320106,-0.025830550722866077,,,,,,-0.016993290890786578,-0.06968683624170112,0.05761471243412412,-0.01812735065192895,0.0783948737634907,0.08051920768698784,0.04862665971118054,,0.07402765765745126,,
PDAP1,-0.005916093694324857,-0.04136428030030271,0.035629817101382945,-0.015376985791470153,-0.0035432225396413853,-0.03473204854809846,0.040053677916550255,0.1478360899561587,0.012817973479818705,-0.009250560020709361,-0.009847843410812834,0.045008468597597946,0.010769536711942156,0.13535012493475662,0.034184546252218846,0.02411780151455169,0.02560705569203946,-0.017620405192801253,-0.01000815854638715,-0.028428275621776737,-0.029288947138641653,-0.015582672938881452,0.038623262047868666,-0.04256199454373337,0.017474440497980387
QDPR,0.037538850874552485,0.05892537462614207,-0.06089143583065506,0.007382913859037501,-0.03802169170412498,0.03735054663532896,0.028899659264113073,-0.11683167440342691,-0.01551364999992221,0.007621324497729794,0.036463619744840615,0.041763964040649644,-0.05182825631878486,-0.0022028717361930734,-0.02135050428074644,-0.00131607442186474,-0.12905965844177558,0.011980226413289868,0.08445280774041874,-0.05999650340994199,-0.014512895820825327,0.09653467551644199,0.10483212477336548,-0.030384370665080193,-0.018360599076461752
POMC,0.03710687721644292,-0.0018118500485483579,0.002885397046525415,,-0.00012426022066676706,0.025889123644135533,-0.010658115421801314,0.10770370072939102,-0.002755073022960376,0.025290891439331855,-0.0047257197507762595,-0.04142115002844167,0.037867262010767753,-0.011646764749245666,-0.008553540993211897,0.05179927853255828,-0.037757441871336596,0.0702665033193763,0.07405612414341989,0.024045645374777606,-0.03779400373175131,,0.026552837991551455,0.028564466670896023,-0.09821531856607706
CCL18,,-0.0029453852426467165,,,,,,,,,-0.001610942275860614,0.035507486087986054,,,0.017264985173599902,,-0.05269771953191204,0.08541774951515138,-0.0008622069008704596,,0.022999682065980458,,,,
CCL17,,,,,-0.03462500766825988,,,,-0.027138093232832176,0.016308864926133468,,,-0.01487691920897909,,,,,-0.029033340884296,-0.04436761615604665,0.02416018300469582,,,0.10815594819612163,,
VEGFD,,-0.034229769037065656,0.052278530793192064,,0.027273749073317713,-0.014813384778995266,,0.07816175187241874,-0.018917732784343402,-0.0195294488484787,-0.04791633267465295,-0.014212044370681215,-0.028516444797063452,,-0.08201513777346216,-0.05367493358516247,,,-0.03073480196922634,-0.045850596960687426,,,,,
TNFSF13,,,,,-0.003880777378888504,,0.04689174662028028,,,,,,,,,,,-0.047033521828186785,-0.0030483284819836274,0.014559722032179678,-0.0214291737642816,,0.05259202377226997,-0.012664249964286717,
WNT5A,0.00036138058422394446,0.1049392186912929,0.039967079982694956,0.02047906877270452,-0.043217254018150325,0.03807846897669068,0.07623981134924228,0.08517975670470343,0.0023028331143582284,0.030965825274855124,-6.213176683575815e-05,0.0617534483869428,0.008897538837934676,0.12713147083027646,-0.07862512181888584,-0.026845181887446837,0.0853148192757766,0.020370920222162473,0.02804885038885186,0.018242410887639407,-0.013518196661802645,0.11354886213039435,-0.025539704079450935,0.02671073125226447,-0.02840110081022353
CXCL8,,-0.07238241993633229,-0.025616556641350045,-0.0076502003729830995,-0.011867880857803504,-0.09854327279315538,-0.03044783232789804,0.11568598757750065,0.0669643853162423,0.017034534292972647,0.05654359350452287,0.03219615513039862,0.050165887114522065,,-0.10407119872491652,0.09971577095834387,-0.06774112025729832,-0.04169183695322964,-0.11855236154017013,0.011217217562285836,-0.05981895477058116,-0.09226482159214994,0.004280867808419057,0.03441440636258304,0.07699988204678478
GRN,0.037179850430300455,0.04465606655215588,-0.049195406636162356,0.04542191593485119,0.010697111498155295,-0.033960838581522976,0.03065639054813285,0.16482999154867584,-0.003147456581735369,-0.024427295722320087,-0.027596691307534213,0.0070145385204778525,-0.0037803969886208415,0.08290885132268123,-0.0890407682495664,-0.03233818539283995,0.08578201334071894,0.05719356376644464,-0.015867690820853073,0.022164683518408487,0.06920297311598178,-0.0015581621195143141,-0.09717291541138899,-0.11247040716038188,-0.06408784367333606
MIA,0.07373389056803102,0.10784546419201776,0.011085298879639587,-0.03658242168068073,0.013298780098653675,-0.03475301108536055,-0.038705141256578514,0.0963428361925585,0.05891514947006654,0.014300786952921358,,-0.037953777067261114,0.0357890727855222,0.08440843848962003,-0.020663769268507295,-0.0010857945093934146,0.05652757633993681,0.12715878175692552,0.12246227874507304,0.04562553532710959,-0.04897926999839421,,0.11076348490444785,-0.032410519394288254,
COL4A4,-0.03788152084277855,0.047625044144278046,-0.02918947998132117,-0.010026609353178523,0.01643460994587308,0.08582829469758672,-0.02036631859706684,-0.012640823761527612,0.03101442517807427,-0.05622234713164335,,,0.06434564053725478,,,0.016207946011191656,0.006719379494509872,0.06175656127320134,0.09762991721160058,0.001043795304601674,0.01935426443627817,,-0.037783523990864,0.01707813483493648,
TAC1,0.031908615489725935,-0.0746276166984374,-0.035996479158535384,0.031652966584029475,0.05215318128197274,0.004656383650189629,-0.030451286628936397,-0.16151470298672554,-0.036391658901665014,0.021361810451640446,0.076459325845198,,0.012822697661881242,,,,,,,,0.047816957481945296,0.024416037774526,-0.04565665005649998,-0.006711190860824578,0.032875674911428766
RARRES2,0.010863631216342425,0.050781775092084105,0.006485424465251226,-0.08049801401424328,0.0019639343045634145,-0.08876425616583572,0.001416783360027444,0.2076205131657475,-0.0857446488882356,0.01438749425970432,-0.07426507330116942,0.00869890295368848,0.02937632032566528,0.010801927695662466,-0.008498466531530453,0.01139291994611815,0.10591937447847577,0.03307521800419043,-0.07390116379959304,-0.06913783631017675,-0.014609545320162084,0.004455142036227472,0.06537328757747594,0.019886579183011524,-0.013759048667244518
FGF7,0.12074366207135938,0.02331316993392252,-0.03489116435944427,-0.02558974271980851,-0.03905416305467316,-0.0137538675955289,0.09988279521619783,0.07274927593099874,0.06569233281387131,0.07501057685251294,0.0428045371000023,0.029483235714472224,0.031744888536005766,0.02707403342395019,0.0650941979835237,-0.012876147417052494,0.04718980860368863,-0.014066572722437954,0.0027750780083816767,-0.0018981400530026183,-0.018207231326453615,-0.02679402792199558,0.1258311518113039,0.04403541965782559,0.018451020638742096
EFNA2,,,,,,,,,,,,,,,,,,,-0.029211372404225416,,,,,,
HBEGF,-0.03361456345532541,-0.009015902226560497,0.07978245903752712,-0.04470496817695312,-0.015452539297599543,0.0037151409579543196,0.05026601697883716,0.031868007089332455,0.007890702273814344,-0.0030417966018247344,-0.05098816935613042,0.02432612000360375,0.048237047809146234,0.17116840540364847,-0.006485559734388126,0.11139442169307952,0.053392616320233184,0.05939727642529525,0.03252242724962909,0.01847570533886286,-0.007377444136818632,0.014771055088782336,-0.13339747507652797,0.06709902515701867,-0.017076461420691604
CSF3,,-0.04985976533715405,,-0.0366916460328602,0.012595321118965854,-0.06855752900083849,,0.003689453475082466,,,,-0.013096962446466864,,,,,,-0.053794089432221415,-0.09548080357656322,,-0.05136574638158804,-0.02098078712755098,0.040857598256830434,0.05803042121794528,
PI3,,-0.0539190301200319,,-0.06032193505941725,-0.04373934814018683,-0.035698431209549464,,-0.0020677782359138338,,,,,,,-0.0009457007544994275,,,-0.05972425455374656,-0.1497131330577598,0.011652171434366893,-0.09578288972204976,,-0.0306435071070414,0.024868787241921295,
PCSK1N,-0.09076186712487117,0.023685395148452266,-0.016073889898689252,0.07942508145469013,0.0021791373020290388,0.014345642040473047,0.01872124759563611,-0.061778255578339936,0.026923999974157283,-0.01470924999698286,0.001535006172167862,0.034744178631525985,-0.012300850342729453,0.04728588712588618,0.02132983050504807,-0.07898477198091813,0.042061404979129934,-0.04021869200118248,0.004099325739334045,0.036436623262663705,0.0245132425513196,-0.07522796006748562,0.1564802321639241,-0.03338171277262526,0.10210526519479927
NTS,,,,,,-0.018869115694535355,0.08310085320458385,0.05941789618783005,-0.0063220234768099634,0.062283573789854774,-0.03192457096633881,,,,,,,-0.06773176202365938,-0.022916398860926716,,0.06975243857555942,,0.21296578890839307,,
SFRP1,-0.02087897897131986,-0.001341206415361041,0.010487823399147429,,0.023357585791107093,0.013587577342171973,0.07706077422885052,0.043864352385191575,0.017526894057330305,-0.02647479688189304,-0.015770850028907567,0.022644334639179354,-0.021647012328528538,0.11254351978028086,-0.06860668509182091,0.07254347772584004,0.05505349183445706,0.008193538082274838,0.009817138394613407,0.051049246290673235,0.028916061548701584,-0.0090193028088212,-0.030046157926127495,-0.0073759131564156075,0.005864616920046233
CXCL13,,,0.028685348728964347,-0.02664247647786708,,0.021777102408195477,,,,,,-0.01870897555461371,,,,,,-0.013694248432568864,-0.032047297812251865,,0.06773871517699537,,,0.035695728596146184,
MICA,0.03183760486792325,0.022471224320052254,0.03149932298446848,-0.05068901631930374,0.007512318710532013,-0.055194443362359236,0.09429916258519559,0.09667640439939315,0.02133571393211362,0.017038506423036916,0.010229022926212732,0.03814591420617414,0.03947096413789466,0.07274045695262771,0.03605552186924656,-0.0026149304682940373,0.06749331815724405,0.023101041065051297,0.04173376132599887,0.060487958128873726,0.022361193554609603,-0.10089290686247523,0.06679498721223055,0.13514118124516644,0.0016102018734057318
TG,-0.055236742925684916,-0.006035753537527935,0.041206243494372435,,0.009373517271668273,0.04028352750269382,0.026242127273695334,-0.018574066057719604,0.003294291750198168,0.00611203793903179,,0.025390856844732423,0.00820481886160481,0.010771141739145751,0.007460965992220861,-0.029685694157410115,-0.018657563851586848,0.09012925246477646,0.0892497206521226,,-0.02381875919074472,,0.04029083582818186,-0.049206215429219005,
ADA,0.023642946313823313,-0.030532320251072807,-0.001699133231876502,0.0632362012856294,-0.061103244343049416,-0.0029006251028398907,0.04655802040690169,0.13176174213481348,0.043162768188324804,0.0019449055847390137,-0.010302377548758946,-0.004432845631414446,0.08820744382853307,0.03508572726301107,0.13220353451386674,0.023898784695867224,0.06266322120485844,-0.01410336784195849,0.10574315521288558,0.0657496598289549,0.024452404372663397,0.0014818092338254932,-0.061362878763411545,0.051507903626490825,0.06035326699763091
LAMC3,0.05554965462679567,-0.04349170966417198,-0.020729370075104423,-0.015789003027516055,0.03971212721791536,0.04998464079657549,0.02631538726365658,0.11568398029640577,0.02785549467587359,0.021107656039933823,-0.03905648372692967,0.013190237691470989,-0.028307892827371117,0.0718723648923637,0.08816979167799324,0.025698453496896864,0.09555982815165989,0.009521266302457684,0.10768144419609488,0.004466207457640453,0.048311238105107776,-0.02808067565607043,-0.11371061452591921,0.031185528011254827,-0.059388569504913113
CCL7,,,,,-0.032485256506380865,-0.043596365885585596,,,,,,,,,,,,-0.03203049810766279,,,,,-0.05066273283508535,-0.035648002662762975,
NGF,,-0.007935285539801697,,,0.07547488212017632,0.03248088265360569,0.026364792964340234,,,,-0.015651142705200745,-0.01951228754653674,,,,0.08231699293159943,-0.08250279991752249,0.05752054050124256,0.03053792796952772,,0.04991313043416593,,-0.039605890996624274,-0.028977296201799917,
TNFSF15,,-0.03732784973721847,,,0.03686310182484801,0.042775591093478664,-0.021250365416431195,,,,,-0.02677432249947888,,0.04738619527836968,,0.04032848711616802,0.04952181802856217,-0.04242154240500086,,,-0.03189724666190722,,-0.05497928999267443,0.034778286366264066,
HMGB1,0.017755442909153957,-0.04758374444121067,0.06685178337834975,0.02850088794434347,-0.0043880729095425505,0.01310365093630596,0.05665349231571874,0.13848204420151558,0.009671894611481047,-0.034228127814423664,0.10149008115793341,0.06121171513262612,0.034502614009347,-0.054315479393718835,0.0512527245144398,0.06679290527287288,-0.07231782912768223,-0.010878758327676293,-0.09806851208311115,-0.011378698155196392,-0.029660875354373825,-0.015186247980030794,0.03976870622898945,-0.010650423460993574,-0.09572571284801987
ITGB3BP,-0.020794844513574173,0.047680428888633636,0.04706906624157483,-0.029228102153242685,0.02029185178684935,0.0571040228324571,0.04472418016959306,0.09134938962241056,-0.007632041701312838,-0.014866934629984601,0.043560588670870065,0.04676494259528195,0.072363287684433,0.0801681197746481,-0.03478255975519191,0.06790958562253346,0.07559760881710831,0.01971746803992454,-0.01966099941760072,-0.005128131570368412,0.031437849248326794,0.08476202151829014,0.024110918169503767,0.06682524143586356,-0.03911185159291418
AANAT,,0.10333407550044321,,,-0.00589336388621138,0.06815504930197638,,0.07571476490707205,-0.02458756309626788,-0.01163764939502082,0.0009023455236945165,,-0.010065137802207554,,-0.08920523574815428,,-0.004560245971763178,0.09040610474456506,0.016882204600281312,0.014000028354210674,,,0.10466857533028066,0.0065532333135555725,
RELN,0.030087411239044775,0.02207203954784364,-0.027663906687902105,0.037757475039429764,0.05002903509527891,-0.054203018919745855,0.012962370568219585,-0.07876937647760082,-0.017271519056257824,0.06571881096460598,-0.005441687324027689,,0.1118382402058553,,,0.08783927295292791,,,,-0.06760693541276376,0.005861217386233739,0.044856277050402384,,0.04859489303977474,0.11021213628373397
IL15,0.04357726868471283,-0.013349721718509632,0.036981032816113125,,-0.02631354383763768,-0.05303260165779164,0.038124932201228146,-0.007980542618935785,0.08145499809273617,0.011550066585654094,0.0460076336972388,0.029007162721233215,-0.035264296861730826,0.11963338827583131,-0.026137431396987525,0.06971686595246612,0.11129061204712204,0.06915816308650759,0.04160312248283121,0.08137260828094889,0.0045122110523385245,0.04675906927486015,0.026354241878712138,0.008281495495799587,
UTS2,,,,,,,,0.07072562963895519,,,,,,0.0664715232749538,0.05164187315426784,,,0.0206095092947128,,,,,,,
BSG,-0.06607044938081243,0.20126403940085377,-0.07305160266330121,0.021973987099714133,0.040694956093247185,0.016541498410679513,0.01733615924556334,0.005040001420115616,0.08454600877759019,-0.028833814096454573,0.008379590281414934,-0.014450074240246014,-0.021602566038681797,0.08886504275535718,-0.20784198591929667,-0.06478631252009306,0.01068719162487007,0.10283859156811395,-0.006892822988191273,0.06091499439904333,-0.04879603783506325,0.008832089785127338,0.017787602650850526,0.12328206992712196,0.0360347614532442
ADAMTS3,0.004015495857176334,0.04371274679393159,0.012973025429603598,,0.02341825398779738,0.0753083228365124,-0.027967746597625857,0.16322086209599038,-0.003982435584404816,-0.014429236382646721,-0.013731927224209888,-0.008165991376833116,0.018867663811214047,0.1529152300010339,0.18045688626205666,,-0.0641607849876862,-0.025316346902601972,0.0018443026075312039,0.012127229575268246,0.07619745139284566,-0.047792893760825135,0.11286451558773028,0.12516874203260603,
CD34,-0.004803472300464959,-0.04082891060162093,-0.06938001442351582,0.06442545372268149,-0.04081098830055374,0.023654605446036817,0.04260867905621077,0.06326426226017773,-0.012536577756323997,-0.021782530878743052,-0.02634255519432652,0.02568735032072175,0.04168096522819662,0.01269035023742228,0.16483094509963986,-0.09204278838118339,0.09417574305659884,0.06486246262212558,0.07296748147647523,0.0357030394597635,0.038646427378038035,-0.08598752182230773,-0.0573817365406345,0.0007047669985896846,-0.024615571111293574
CCL23,,,,,,,,0.0351997663177592,,,,,,0.11719854879453909,,,,,,,,,,,
PLAT,-0.02341956187214034,-0.028607408861486827,0.04102194399408475,0.060468538013336674,-0.05315619946433878,-0.0473511575153819,0.08255117860647225,0.14856402719568623,0.013633386062797693,-0.022753902147314882,0.012044522870634886,0.037205031567732895,0.02494132610076867,-0.004744882563803276,0.08245811846753026,0.00318971831368225,0.054511604421180214,0.02467177469342651,0.14402857547025613,0.055089849519521485,-0.05408780211264728,0.004078124261077689,-0.01655297085077971,0.04252954593227659,-0.06093818001000501
NTF3,,,,,,,,,,-0.03598848921550237,,0.0687552856222894,,,,,,0.00020588300000495886,0.08022644891372671,,0.004826610947716294,,,,
LTA,,,-0.019424038031834404,,0.02501944559776174,,,,0.05855101272865019,,,,0.013882828739548958,,,,,,,,,,0.055538804432412804,,
CKLF,-0.0225708026238726,0.058422839669874806,-0.014106701897890733,-0.0782666438527651,-0.0016749277097431034,0.015623883353611413,0.04879584439960491,0.1686732587932863,-0.05793264290698453,-0.005149506111468945,0.015019674389509055,0.05177019335141521,-0.007897032080322568,0.05365426870188722,0.08390637560729175,0.07201137588837024,0.0747138538796767,0.10155440227710384,0.08695972615545397,0.013301588779661885,-0.01985786338689951,0.07294143993002306,0.11747297606473145,0.028978108873693495,-0.012356566618444483
APELA,,,,,,,,,,,,-0.016156058241755863,,,,,,,,,,,,,
CD24,0.08294846193233935,0.008932488358318483,0.02707401820538854,-0.022447330731790217,0.0324170642921863,0.06235288201014517,0.0402396170403373,0.0068304155604694055,-0.01446278400326995,0.006631096039983664,-0.08338715286985382,0.08606844263015734,-0.00242252473644361,0.0839940912398481,0.07248225212578012,-0.05123868261563851,0.03568812671793803,-0.008401839847182785,0.030034383273011375,0.05894741269730374,0.05102328657067057,0.009000884278560824,0.08217753484859258,0.017917016810610163,0.17201407189932216
HSP90AA1,-0.018887117240204775,-0.0708818225645901,0.03461616941226777,0.04112285856140718,0.04189244434869818,0.027545316243880028,-0.046454406018945335,-0.1572310969475687,-0.06845618885276637,0.009287153718386218,0.02688483296341915,0.0209446192770666,0.0018292683656059548,-0.009683224748734457,-0.11604995451720856,0.07912591691698787,-0.1596637764293807,-0.12008566572637268,-0.21031215891868074,0.015404854589048616,0.002978276113370841,-0.1520719052864651,-0.10863784447171299,-0.1338524596646331,-0.0824921334863585
BMP4,-0.04490599215008296,-0.05825716780339812,-0.022024068030596786,-0.03888725357918177,-0.029332945616883894,0.021278363193976028,0.08675951652781172,0.018093983800687604,-0.025717451826445133,-0.004008967869388774,-0.04420955169961678,-0.0662094584702583,-0.03721051941236453,0.0841239947481076,0.10185272318077207,0.013258511092507443,0.056516130785843555,0.06607436584867772,0.05863585297833324,0.016647880489330233,-0.0065058312649788445,,-0.03265378433271332,-0.0070655091241544465,
SCGB3A1,,,,-0.03921974115765092,,-0.06638913385840563,-0.01807108178379809,,,-0.03549623970150829,-0.04181207058971787,0.11718761879756484,-0.006378195326783786,0.0669216160537052,0.12111277109084313,0.03312604340289725,,-0.03757340860905338,0.11604005995544994,,-0.02423527126611341,,-0.04139832221383587,-0.010345079668186707,
IGFBP4,0.07094273506885523,-0.006471959115334386,0.0013494410120514625,0.021893662673206398,0.05853736931413554,-0.049226600915417695,0.10354569831210965,0.08625250738611251,-0.01762150136439115,0.015956224009750334,-0.024053217761088326,0.022766969760684857,-0.05562339004390099,-0.013488661858660609,0.08379005779174402,-0.04558479295090148,-0.012163160271514074,0.019716941554210953,-0.0292424579069625,0.026591639327847045,0.008755412421076327,0.030844527843621395,-0.1235976207055776,-0.004582715690028243,-0.031162767126835553
RSPO4,,0.04757789400071812,-0.0004891156193750775,,-0.02761122058503898,-0.01749778184952762,,,-0.01685173785540995,0.007849792512549171,,,0.06452384631230881,,,0.04350758181500466,,,,,0.046231959635914366,,0.1476532128120849,0.008565337516578887,
LEFTY2,0.02591547710192127,0.024920776528308493,-0.019386901711175176,0.017512604023854413,0.022230626018287025,0.029088215155873048,0.01815578897022334,0.157231566688337,-0.05939969353521194,0.02562319159050328,-0.042484281988204,-0.016971770193528718,-0.0017812766011435209,0.07834299337223206,0.20919763671075256,,-0.00014522913704744214,0.09570263712641847,-0.03358782994069765,-0.002277805044006065,-0.048091981218388896,0.01454033685838583,0.07989223164658689,0.009139188384893679,
PF4,,,-0.02804026020947045,,0.015542700544033764,,,,,,,,,,,,,,-0.026774245205998495,,,,0.0007623716942428627,0.012430182907292168,
ANGPTL2,0.024476018534301692,-0.014910195815550156,0.031814110442779826,0.042942431909896356,-0.024500844017070575,-0.019267788416753286,0.07287959832374588,0.13060435143820506,-0.007319797917160784,-0.0044919621473746285,-0.07966548582882842,-0.011787086069841964,0.03486518807472944,0.12514717529791206,0.07841819758668309,0.029293892282291248,-0.02888360403141369,0.07421599262455293,0.13903162794126334,0.04758079930112802,-0.04838930576439167,0.08272519181517311,-0.02181770459048305,0.0451351310748567,-0.04073539439432437
LRIG2,-0.004163058728780367,0.0813170603361211,0.0027710990495959115,0.031555715252904716,-0.005706965767170076,0.021286571300634192,0.019333756317140367,0.04038416574594485,0.05377578397796049,-0.015927289508289626,-0.0060241705327921695,0.008328771369400727,0.042718199343489846,0.05476633035050086,0.005126988511113077,0.04154975264792177,0.024052960513000335,0.05107896901636961,0.05627343129246708,0.03899340452033645,0.026523858045006555,0.03389391046307954,0.15550960775898837,0.06137097585459557,0.08494384433702926
ICOSLG,-0.01068413810169075,-0.00117848974287412,0.036369259778295894,0.016240095903319554,0.05883917332715953,-0.03884148910566758,0.010896712432182279,0.10675032937651321,-0.046838073372177,-0.00448371626953275,0.04430948881075593,-0.006978420635005229,0.08402022635011065,0.06994995761755028,-0.03455610051289583,0.08623887900048122,-0.006145342484064894,0.049528115733117294,0.09473436326153092,0.045599911656342945,-0.016093095252000898,-0.06660656883156552,0.03878642553659071,0.021302339557402374,0.0456772432094165
WIF1,,0.005027221972463662,,-0.031431113272256374,,0.09694791477875299,-0.009621526848694927,-0.1367582534377468,-0.021253300834157125,-0.020375310018287705,-0.043060339188139035,,0.0019082454308515678,,,,,,,,-0.031161113322688647,-0.07605176430649718,,-0.05699655218365819,0.02567365997526577
NPPC,-0.029646636631233538,0.03442933155008534,,-0.04920441174930728,0.11256019809523746,-0.02274199463649017,-0.016006683135921643,0.006612762212968618,0.009440612588919218,0.02562760396160619,-0.0370095055022409,,0.06764876991904263,-0.010457072459761066,-0.03632766480274311,0.0004998250691144078,-0.003971400207192652,0.027916759063290077,0.07230807651090582,0.02341933109542311,-0.015529719921825716,0.050050937433751407,,-0.01851271537165146,0.015285511301367242
LYZ,-0.06714711062858518,-0.013465936300300189,-0.01919922965446847,-0.05460967381418334,0.0728783458744688,-0.08361088259010444,0.005050299447423722,0.10878213463537104,0.03982307170409741,0.006831299550162749,-0.0629874742976738,0.008304569506701427,0.004443592571548081,0.1445457234954511,-0.026687404132105668,0.01060357178237166,0.015926006636320354,0.07845673653576947,0.0227199561032043,0.12108057397255174,0.0014034067819385925,-0.013679745200263342,-0.0609753561069896,-0.008902500787975326,0.01959865206045856
EREG,,,,-0.04945763683924297,,-0.06219812634344091,,,,,-0.05412202058589381,-0.03540008051759617,,,,,,-0.01401639067499336,-0.03528095343334371,,-0.025435331193615615,,-0.05958568154528131,0.006709717312682638,
SPTAN1,-0.006892847148855025,0.07309990435150474,-0.02336366233655807,0.04642223658446266,-0.0011723968971170096,0.08265581048509328,0.027206818565919173,-0.053624985181187065,0.0008267717450539555,-0.04034144147405591,-0.00792891986341296,0.052986635506363004,0.001174894995283897,0.006581696543394766,0.042658431883566314,-0.11230862211007392,0.04631030179443528,0.011271230508423428,0.07891905594771381,0.006224189248565411,0.06663135304166881,-0.0140472998895106,0.1252004127273265,-0.017570901452873888,0.08347137098528393
PTH2,,,,,,,,,,,,,,,,,,,,,-0.014347594000666134,,,,
LIPC,0.059339191841658014,0.07774451426271795,-0.01607688777430715,,0.053820239722692724,-0.03514814731878901,-0.03669197856418518,-0.02676443467806761,0.027260441330590586,,-0.0065399444511798546,-0.008840731451196022,-0.005466150015265743,0.10613667172281294,-0.06018275699610528,-0.08711922710937904,0.016127792503609607,,,0.014199608848770303,,,0.03684952503484446,0.009500374943849319,
COL8A1,0.08633782338325409,-0.09714614784956727,-0.020866247256187253,0.09548274672619173,-0.005944332399058652,-0.0016470769470341806,0.041633950894973445,-0.008366497907343631,-0.019268186655656324,0.009468953922787755,-0.013223488493553337,0.002920819782033138,0.020512800408340713,0.12685951490385527,0.026225930391614458,0.06364103308527846,-0.08622149451745725,0.1179833294587042,0.04482431844534238,-0.019976420798364015,0.013478144401347963,0.08494081814827095,-0.02256519886713022,0.056743347175418644,
GSTM2,-0.008225402401265465,0.05250721804626822,0.0011995750816726335,-0.03328670561502946,0.007810620935078865,0.011069092535888893,-0.020008471300105274,0.05112515859187193,0.0006674695473355036,-0.02043543492996286,-0.06492527026282384,-0.0007453809552513767,0.07979196338073895,0.0014738594150065637,-0.03127562946474729,0.01457787843721826,0.006483695720211061,0.07694828368498288,0.031935645426914586,0.03256888674315226,-0.03811850868437658,0.08050774339153978,0.04827048395200359,-0.01000657291596805,
IL4,,,,,,,,,,,,,,,0.13099579107584866,,,,,,,,,,
SPX,0.05636617278659588,0.12114422499665767,-0.019833629811333818,,0.057415779302235424,0.054661830116905834,-0.03217148381338557,-0.05055190915594651,0.013952586512779867,-0.0040444157409723165,0.03213744579574628,,-0.00323493002188125,-0.0948070790902542,,,-0.04643390754688978,0.0104417275788982,0.06338658131746712,-0.019679257550013766,0.07093400305394713,0.10595226800419821,0.26503392678588084,0.07070560364739271,-0.021736279431038386
MFGE8,-0.05022131512101374,-0.02637705470017925,0.01699216482202755,-0.04739214688580471,0.001178395375376766,0.005768305401936652,0.06123805279549839,0.07247562311806652,0.030635074786811187,0.004417330094633612,-0.009899446702439278,0.01200297894708984,0.00022759736547042187,0.030765530532619694,0.07971990738135136,0.03974499119735389,-0.004285954403794004,0.05842325288339789,0.036152041138415074,0.008551425584231182,-0.04865361464120152,0.0821372174059877,-0.06559299080699746,0.008069473724544397,-0.033030179070839605
TGFA,-0.006552513397326274,0.05272903532159119,-0.0522563513395491,-0.00956563518673628,-0.05977767916600264,0.05763528249291999,0.11085392588881386,0.10223782031792333,0.010341347803933622,-0.02862314069509178,-0.008805900143832071,-0.006671311870670033,-0.004776454445801091,-0.0003728291305014599,-0.07187647073947698,-0.012454566931892716,0.02926520827131667,0.045934295679932464,0.05067362667615856,0.03762068822495855,0.0028406465387887663,-0.0029736821607300136,0.1162518770527276,0.09071132253358821,-0.03201581817992885
SLIT2,-0.01991624964331349,-0.022951164562340278,-0.026990066088538035,-0.02915086422412097,0.018375745015383676,0.04198459800612067,-0.0014524926165485627,-0.04078856473362044,0.001626611429413665,-0.01760425011157877,-0.0010464854029175199,-0.015596833576871976,0.017394855044979146,0.12579656169114098,-0.014917125255981685,-0.04670278226541091,-0.03022371061765634,0.10057163819924642,0.07973524732239609,0.04427766503940327,-0.012314099111523038,-0.01657956340506233,0.012547032824082885,0.051727069692483946,0.1137207314576958
PLTP,0.019968108272372158,0.01530417514957563,0.012337008240535652,0.02279275571682119,-0.00034592545747468803,-0.09381073789444866,0.002405005072886291,0.15873786274580381,0.0030256882101529635,-0.007026934361656301,-0.06358515866873019,0.05898400532836837,-0.024913528439055997,-0.0016935877441676748,-0.08182183476461284,-0.007017592733738388,0.013898035139736071,0.007673127745318672,0.001908380555289096,0.043682705903581136,-0.021683258628627803,0.03596733967228192,0.04530709364470807,-0.02215014421992326,-0.0662201271911665
APOD,0.07418090828185708,-0.03433713034389543,-0.048763654981254824,0.09592444428202224,0.04251309419644394,0.11723633881141243,0.008092933332476765,0.0714389152128277,-0.07315742318394904,0.0034176571336785987,0.04093874843912752,0.051251292470557944,0.012948069710411684,-0.16386334763641341,0.014512714432027037,0.06837496446796766,-0.133614681737915,0.09719440062535793,0.17541580360535894,-0.04240929703329221,0.05576523647538446,-0.06243821181698984,-0.07839105407890415,0.048738566082746244,-0.1587619629027873
B2M,-0.018387035712732494,-0.09299498263432604,-0.09164679172127879,-0.006882545332159303,0.042905703184259535,-0.12575922107898774,0.040278717919326044,0.1691804776088531,-0.07697159153543552,-0.02135133480987518,-0.010628541164389662,0.002645534440146214,-0.024626108355799925,0.13545105871016977,-0.015500294638296488,-0.0019589968834239605,0.0005605491689842876,0.11276473434472553,0.10115901538832368,0.05130853733067978,-0.0009117659386138969,0.13936592883100665,-0.20474388043806654,0.04338590879397518,-0.08769750295635889
OMG,-0.010547462976251233,0.07682816813331346,-0.024945400215983224,0.01815749098967037,-0.00629899837524525,0.10783378238149127,-0.0314600599357531,-0.007366178124931179,-0.033434269724032656,0.008823632933334885,0.003979502998242065,-0.022419065493664427,-0.0032550560737283794,0.012004506919146021,0.09662937779400972,0.09948864373914013,-0.0491146572719466,0.08607615770430842,0.15839923258820637,-0.012053734143713172,-0.02440343321678357,-0.052019275140692496,0.2177846020367453,0.0022962525537173384,0.05732840306361613
CXCL3,0.06546068231585593,-0.04172051790578302,-0.05167576549030904,-0.06908531796204595,0.026557925258017707,-0.032119744867802835,,-0.044174543150638054,0.014791087473194228,-0.005449551345816268,-0.06858023961901293,0.04099204627141065,0.01558675404081067,0.0449924714999962,0.08342393421217015,,,0.02735602739488731,-0.04406475902052156,-0.051992433311050607,0.024964729720270227,0.020455323243610966,0.02493404380604276,0.002690604926594254,
CXCL10,-0.01962329537541692,0.054266877223479365,-0.048188417497637775,,0.022961947232984357,0.060329649494010096,0.1085028240245439,0.15920646225967078,-0.0810199422979223,0.03353307831337458,0.030599109031654623,0.0083529088044825,-0.04215140409509102,0.13982063168990247,0.029804690069762104,0.00023250418514499902,-0.0052591228528676825,0.04030468242827125,-0.03591202458091232,0.031063222011524883,-0.014412759720957059,,-0.0037899818722933044,-0.024314190485361802,
RSPO3,,,,-0.03669164717731356,0.0730486097714137,0.029518838283273677,-0.0031889987155989336,-0.05524720726589052,0.0017057684964985843,0.03706113162767617,-0.007546739689820399,,-0.032864231805899,,,,,0.07625462736388244,0.06720763028620627,,0.053250725649547866,0.03119244143036131,0.05751028477336684,0.037351217662444314,-0.027215325453460153
CORT,0.026815675909051102,-0.012986867302676971,0.03965830873382698,-0.006125499961663409,0.06633847366462417,0.02846863147989349,0.003206117582559028,-0.05502446733564189,-0.03652986938182854,0.009003989113015467,-0.055705396634438256,,0.03371610155071694,,,,,-0.04961780129312906,0.06101861644761659,,0.0666156493511083,-0.10100651702449051,,,0.034108980996409514
NCAN,-0.03310878150714736,0.1168529661751555,0.04545543498900831,0.10064581760431003,-0.017031009807878215,0.06491560172723587,0.0488227741782611,0.052423130321260156,0.036091221167459844,-0.018102758235640233,0.07143880416692164,,0.028334099994931593,-0.0917427976831381,0.09124739411901855,0.038976987669755,0.09726001777633687,0.041622173279036126,0.12936450966192162,0.04322611501518308,0.04922615946133313,0.11358967463912424,0.18778041470553805,0.04348819963020398,0.04824224518864244
PRG4,,0.0053153205942670385,,0.022878751480230598,-0.012186223494370646,0.023975410906518623,,0.0450293008415001,0.06998223852097141,,,,0.036801622157324486,,,,,-0.0385618154227118,-0.020323125001906788,,0.0457804682827301,,-0.01789127384811733,0.054878639081842186,
ZG16B,,,-0.002707552670218253,,0.028032309237243154,,,0.037413918206229975,-0.018816216097411624,,,0.0011418981476595993,,,,,0.03351133396110772,,,,,,-0.016947260242750964,0.029941996881981132,
TGM2,-0.016656427229716594,-0.10103404344629845,0.019073547129818954,-0.007998874264725878,-0.02259047290163638,-0.034284272995871994,0.053740561553107226,0.0921611771262991,0.04718126031604728,-0.023816178905367955,0.015146228118545263,0.025507238574007447,0.06375048244675262,0.06379394854936377,-0.1918414678056116,0.009621129374566884,-0.011781032042733416,0.1328199489073377,-0.03144839394723454,0.0452684917876002,0.001449826561478705,-0.009166547487574549,-0.07433389914937812,-0.0112052743445734,-0.03555494101443088
VEGFC,-0.024486487796865568,-0.06366099360402619,-0.012138332110647685,-0.04371638109554985,-0.003939654798653286,-0.050007294504213845,0.07797826931930679,0.09914343538292189,0.012037230048695845,0.021756439143021444,-0.02902319995212745,-0.002142056122144006,0.01559122034252105,-0.036531063621807934,-0.0020476694472442167,-0.0305823157066897,0.0393268811966594,-0.01525214930318724,0.02017518760993801,0.011887800893307059,0.027339782489920472,,0.017779306614891396,0.024769864758934765,
WNT6,,-0.026969907742217795,0.01218871367590822,-0.030643468100942036,-0.03773570645611644,0.0051223949326963105,-0.02426878610410249,0.021119387064216188,-0.02797567780266754,,,0.06688626952176326,0.01975129491148347,,-0.013419012803324552,,0.03456520049385574,-0.02914769449601119,0.09053394303113457,,0.00264947839927683,,0.01936245523412274,-0.021605208173539395,
NRG4,,0.007328859090355045,,-0.027502361934822018,0.03133305305951816,0.010842750290578164,-0.029709480557153212,-0.011065476419474855,0.0037983598836288045,-0.014108997721134964,0.011447645384712761,,0.0004884607133911175,,,-0.007206714046356981,,,,0.028512417303979177,-0.007142342774166806,,0.035623584494013524,0.0030429234320572558,
PMCH,,,,,-0.024807740835483524,,,,-0.027541728849427034,,,,,,,,,0.048075523634302786,0.04099943106577285,,-0.033917303900925386,,0.0314889378543194,-0.02705417416611406,
COL9A1,0.006283669383620768,0.09406069970054329,0.04750347883449532,-0.009947180944248556,-0.03427280718240365,0.09973658124051007,0.041856614266631204,0.07361216901180091,-0.03926625187096554,0.030071862478204855,0.018105980167651827,,0.005705992209275891,-0.003164388754274584,-0.023326987837863886,-0.08792474322158295,0.1258990590301104,0.019036454874406427,0.11601577383271633,0.047094182690432,-0.01617198185457302,,0.1099986409456175,0.11413645563911816,0.01348195751916707
GDF11,0.021900223341685184,0.0211421728551046,0.05361302130871625,0.09946014221806761,-0.05777358455578987,0.07717205419661363,0.025663700934671765,0.10134620073050907,-0.011975442254818799,0.018970083413823797,-0.01424124828516392,-0.0027571604010063863,0.07516870184657555,0.13401053046719005,-0.005681721253057987,0.12160423242197489,0.045993969673439876,0.04541146139419038,0.02979390589100549,0.09570437158914066,0.0632182291680656,0.05352336051406388,0.06931584634128625,-0.02169426292434851,0.03366008594254219
RAET1E,,,,,,,,,,,,,,,,,,,,,,,0.007010090136034561,,
IL24,,,,,,,,,,,,0.03764036638100348,,,,,,-0.03297628252274395,-0.026347343478715618,,,,,0.032892022893243604,
SORBS1,0.11375513962307716,0.012491984587213591,-0.05595680403271081,-0.027829822984326912,0.0149943408595557,0.01707013826925179,0.05024983195366154,-0.009630364720452542,0.001255192033726734,0.045090955593524634,0.09034273631907949,0.0541504580728432,0.0880953440347904,0.06399322214995229,0.06979374359581388,0.05470342460547261,0.016329499983023493,-0.011320660115917529,0.029324033706883645,0.01604087391128843,-0.03281743178468439,-0.019723263983595734,0.10680145923785854,0.010009048262963872,0.01747219021164816
DLL1,0.0013654788887434706,-0.024644490985950306,0.046152479354410955,0.039884571862541976,-0.006373930105347229,0.03754078252353178,0.02408257797878556,0.07852182700329866,0.013388409376441762,0.01958509252124852,-0.03409704318234279,0.007277275742634974,0.05550197942731234,0.06762988169541025,0.11499145715127296,0.027513756239310527,0.034687078254123725,0.07688495463508842,0.14638211345201751,-0.05322170186377031,0.009351732250053623,0.04822996082755996,0.044875103418805025,0.015639879625109654,-0.06680315263193859
TLN1,0.001451373244942705,-0.030560051409275094,-0.013312159434908927,-0.08007980339540924,0.05205343177685477,-0.01425656108132129,0.022108569634220768,0.11765512124067852,0.033190446470841545,-0.035023005033981376,-0.028960003018823597,0.016052709422443284,0.048282951864025016,-0.0024937773244056737,-0.11545156764497724,-0.003341135017797667,-0.038626260472970526,-0.07190197158977346,-0.04450330958014655,0.10953511980607412,0.031242560768814917,0.09292234568347951,-0.08804820015929544,-0.010382635511644825,-0.07031729851121628
COL2A1,-0.008183869023407717,-0.028907356739583792,,,,-0.019959534274851407,0.03079160335319898,0.01713576792063828,,,,,0.022602871621595216,,,,,0.015604507289702365,-0.018048379726348943,,-0.007235660706358912,,0.020728783057752588,0.02954840965621856,
SHH,,,,,0.0005658455976698533,-0.08626844521723778,0.010479623209380668,-0.012459687186173721,0.029848954387549313,0.02717164753253958,,,0.017514712301040118,0.1341037173109622,-0.03276349340245903,,,-0.002948927629587177,0.06256351558599299,0.009551798147735803,-0.06397164449279429,,0.1262841500615759,0.06056974497457833,
PON2,-0.0201368351000885,0.07688720837303803,0.04808370970041044,0.06896078409102217,0.03527662295269784,0.012999587482301013,-0.03936911029479537,0.15134536031929616,0.007128128445790518,0.04217145580213389,0.015017335584395579,0.018091550599146286,0.07679222364436099,0.12718828592115547,0.17373840264286092,-0.05380717853209811,0.14114158344625824,0.048755673079052056,0.11241095315502907,0.05268722632560123,-0.02145842941767379,0.051967739969631,0.21440786972608888,0.1394653302907775,0.01000265882242439
ICAM5,,0.01678392480674968,0.003557844018860585,-0.03921974393322797,0.020981723209315534,0.021753997498435134,-0.024380036643521556,-0.08632140355569803,-0.020338073940923896,-0.024236147594868283,-0.052442183925252746,-0.023839392221106818,0.0002637912385219586,,,,,-0.04847144667501206,0.015169453364273144,,0.004579049200987971,-0.05481905121677432,0.007078347087169141,-0.040916377541359746,0.00846472234813665
HPX,-0.046203551271504315,-0.0017562921735866264,,-0.007473762580124025,0.02356889759661338,-0.04276750080963599,-0.024268787741203397,0.017496272943139976,-0.0055790059533484095,-0.008945981694768094,,-0.02275363290841661,0.040546990473397125,0.013479074752504835,-0.07592001412770027,0.04372989798053401,0.07593064779555553,0.00952893690584567,-0.012650070140865614,0.035682849261640615,0.007000398286785981,,0.10642031124392148,-0.040718677259355525,
SFRP2,,0.05352393266743646,,,0.06201805719282038,,-0.010004710073720623,0.05224612447947647,-0.03077512119216839,0.04494186366072084,-0.0036275914709969943,-0.02485401013758532,-0.0034969209394547125,0.10846583368115441,-0.022867776046486585,,0.06613528743941016,0.022739944250297454,0.02210198023149382,-0.04399256447412785,-0.054257224122763625,0.06278858969814569,0.02044707632800338,0.06194155785397318,-0.017156604512885924
CFC1,,,,,,,0.004132276651340564,,0.011440213057170965,,-0.01483503385890595,,,,,,,,,,,,,-0.015955779396858764,
CD70,,,,,0.021072791388280877,,,,-0.005674446272760436,,,0.10018778582893816,,,,0.029761436715434943,,0.007096708950772405,-0.0015787816086247305,,-0.05216987784487726,,0.031333005120217104,0.04786503555349498,
HP,-0.059234276134338695,0.09718248508998925,,0.09834184127699531,-0.05733542111369288,-0.04764686819451201,,0.04418132384743344,-0.02335816924617288,-0.004773107265917141,-0.05114154865963379,,-0.029315912615776065,-0.011729981258141698,0.028897013327724617,-0.06411028838769416,0.06680072286299453,-0.0007689404356311686,0.004032388978880027,0.09744639560893222,-0.0016760187801740283,,-0.005981331970766503,0.019800820339293815,
CXCL2,0.06747878979671437,-0.07252608364536808,-0.058734589070426876,-0.04993102829851658,0.0027555164117478593,-0.06019428400111299,0.022982895235136233,0.0430555648043427,-0.042358852146323754,-0.01184532508103364,0.015102880834986841,0.07441820878188228,-0.026428996270916386,0.09025203604858309,0.04760481409343122,0.014791782282629146,,0.09788342745226088,-0.05780744349732761,0.016101683588363842,-0.06707063548191125,0.0192373703115947,-0.003431382194968106,0.04741177654044671,0.07597372412673024
NPPB,,,,-0.033716086673368,-0.010290577828295726,,,,0.03339427328331177,,,,0.028930253336896517,,,,,0.039429003261039736,0.017046922251081745,,-0.03562264265042876,,-0.00736127875462359,,
CCK,-0.040846426074474425,0.002823914294533828,-0.07257473093864077,-0.029712504485394624,0.04337645086521555,0.03905062589580801,-0.05198784668959628,-0.16464146643726502,0.003726534751966474,0.03106596302483766,0.00850342781152203,,0.014895015962488226,-0.0013749402323419365,,,-0.10710421674083363,0.012631702508441546,0.0848449893523194,-0.03782169087291147,0.11796463459445908,-0.09939865073813048,0.06308820403262878,-0.09013637782102733,0.09589767024288572
SEMA6A,0.022090617583452033,0.09163798265209244,-0.005575361527342881,0.08758231085054716,-0.0375283516840378,0.032551085266873815,0.014500407008398879,0.10883953066751552,0.06608904277121654,0.02267430295874229,0.005501986051772017,-0.018242966640408215,0.01663536671631566,0.09165500274848673,0.014954097175325696,0.012213497554882375,0.041585034789846265,0.05225480783403825,0.10312720203856005,0.11812573143063596,0.0023854895991831963,-0.05429930724712403,0.15707233985438174,0.13531468494483023,-0.06691759855623315
IRAK4,0.056952265437111266,0.07417893093597856,-0.05231118365161204,0.004606726460345084,-0.0006884421826868451,-0.03063554384595347,0.05969076360309105,0.08016384897624758,0.0026376447544018493,0.04662685530174765,0.0024250876121553375,0.052480836204587544,-0.001941263444728576,0.09253224715566383,0.01286597757841778,0.07543436121966911,0.10470406897650504,0.0241827605886168,-0.008540465700446075,0.04034426110986169,-0.01842155069317778,0.0020224987767500035,0.15666690369080016,0.050983306202051284,0.02710261786052151
GSTP1,0.013688482053604218,0.16003606517985663,0.03273328512717396,0.01301081293385399,-0.013979091627500979,-0.012076445959551074,0.013929962597887455,0.1962483129117343,-0.07198627220729699,-0.04222635242293356,-0.012257903817971212,-0.006085819962586922,-0.02836886623454023,0.018497837380420826,0.008495115102317315,-0.00197303176375636,-0.022965407506796515,0.0847166714377718,0.12189431700355065,0.020269094963419505,0.05467576162031473,0.05903774715277721,0.09867841422924503,0.09863942678522385,0.04535568874675007
VCAM1,0.002533082790822128,-0.02108840296513776,-0.018770043072783446,0.012731441151807181,-0.001887642831784715,-0.08832943493608149,0.03049023606494159,0.1537904957188497,-0.05387762179612229,-0.042999973118481416,-0.009016122157398047,0.019773009126625475,0.00031504817587680955,0.0673518703249154,0.0754989375721428,-0.04409276443562113,0.12709155907377537,0.09621288595699645,-0.011644677111218627,-0.08576158236841604,0.029610553761105756,0.06768922205119862,0.09903846933693555,0.022029165098153863,-0.04405363961622624
NXPH3,0.010495562154139765,0.053762283753369784,-0.006134548051642701,0.03795900460349627,0.02258935876543109,0.02364620438713118,0.01578168869760575,0.09539227425612616,-0.017015584904990094,-0.061348145846720346,0.009686133883920076,-0.039543222770477,0.03789787984404939,0.04746294956884817,0.006634658588398497,0.028860786030511378,0.07173047151307865,0.09275010809369635,0.10577240758653125,-0.0612998267326166,0.018286289209653223,0.003973057364491118,0.17287233324868534,0.03317441667542953,0.057780352522529964
MTMR4,-0.01518661577652977,-0.027003172561401573,0.029769753146245193,0.015531544080801743,0.0375130896702826,0.07685276887886587,0.07641496049391418,0.02498490215302536,0.025542285103336393,-0.04048310584359806,-0.025856383334336795,0.0301103894770172,-0.016790271536886284,0.06944870370166503,-0.1591678844834035,0.010723545675127615,0.009670471184386626,0.06961736701444568,0.01346617754903278,0.055133449683520096,-0.001901545539177723,0.12031222835049885,0.1262507982789931,0.04557980131369435,-0.025422319148392627
LAMC2,,-0.027309024789293854,,,-0.023415525633652012,,-0.010158976232048393,,-0.026103693762926695,,,0.008096421324298386,,,,-0.020330859887540877,,0.045287682936843245,-0.034601454910269676,0.05873547673618264,-0.0329220337827852,,0.04255423029370356,0.021060731669865756,
IL10,-0.007029337330345841,-0.04930167252746495,-0.015494185703823786,-0.01090619987652058,-0.03179499896976021,-0.10302331725172302,,0.01603584951017507,-0.041413486402239866,,-0.026057115275440038,0.010039828210290525,0.021704886199019773,0.05762261638614385,0.06423845459316613,-0.0509999762556778,0.0809644253640782,0.07514595072389518,0.09659300042897953,-0.017690518932396464,-0.0011557723518298448,,0.07165200644902923,0.0669810414554866,
SEMA4D,0.044281725537384624,0.09248364735368221,0.007308065896043933,0.10165990276009902,0.02279699907668465,0.08779396541143746,0.03857812457937888,-0.0462001332223254,0.0015952212419042147,-0.016283041506478035,-0.010819785410169267,-0.019168083058343548,0.020516923899588483,-0.04544412717146998,0.022935732268929757,-0.048734297816341816,-0.06756507580226397,0.015251225721244285,0.1056881718898774,-0.035049351506913316,-0.03953272228097024,-0.011589710973381254,0.11532755250573656,-0.001993070817005884,-0.08236589881622058
TRH,0.034468540256017574,0.03319454244999821,,-0.028337790916920985,0.05158320654945469,0.02640835804372264,-0.020860980861249986,-0.016713531218846972,-0.0636791965891351,,-0.05355100747757587,,0.07360854559838964,0.11964156426753024,-0.066547905378491,,,-0.06170847595695604,0.05112712958942522,0.0636098941155565,0.014991801143959274,-0.0019635743170408194,-0.028602206547983285,0.06491300831054903,
SEMA6D,0.04522145469135539,0.07446141050488789,0.0017634210420603444,0.05109421819289358,-0.027017601631040868,0.024805252145507082,0.04844473938762114,0.12695140934784407,-0.03965425953985382,-0.026796908255764557,0.023378853910025414,-0.03393572440495021,-0.017242170186217542,0.09670727136064125,0.01299086034705537,0.0017817297546521725,0.08279846599807991,0.017807564781464454,-0.005908295030295397,0.030669005284051684,-0.012868014619479446,0.007432353223366846,0.18731975179248514,0.11121751566940077,0.09478404538446633
CEL,,,,-0.031097319751946885,,0.07141437504748706,,,,,,,,,-0.02670422503198092,-0.07076732639961653,-0.03037062533681122,0.022262514869710044,-0.022908265524330916,0.013573480953154228,0.02656402515602245,,0.03474067919947489,0.009747226775552119,
PDCD1LG2,-0.009953697709806725,-0.02446935681359091,0.09460002543556585,-0.009374089536006958,0.011502092819441317,0.009928427532301113,0.041656765747865254,0.0699991480448439,-0.029989869841008054,0.013116392486979758,0.050948891510807774,-0.053554920264404615,-0.0053378856542899015,0.06937699168613451,0.0012779506341202037,0.0695691461001913,0.10917309812593809,0.04183688060000376,0.1182845503443532,-0.021041105358745364,0.07491769236789281,,0.08988959472400128,0.11044510094050765,
SPINT1,0.0401365836733239,-0.04566281089519864,-0.02128441896789349,-0.037337799935071365,-0.0347157282935691,-0.03084258628019018,-0.03020355802109446,0.04450182412580385,0.07539933146931033,0.05080692084516463,-0.06222948160540271,0.0542423207891432,-0.05152094111926838,0.026334580186234746,-0.15350864340040402,-0.1276245648145353,-0.014793491241204909,0.05894614703954148,0.04101887168870339,-0.021101000416329303,0.029397860728248952,,0.08468678302212924,0.143303318964439,
CTHRC1,0.02179187559745105,-0.040843645692713336,-0.015408668953059158,-0.033294806575598815,0.0020780623797650244,-0.007306195117874818,0.08922216192771784,0.0917400815597206,-0.00011080095214165867,-0.00036190329820547014,-0.011225566960415784,0.011395936061973755,0.03189287192470725,0.12213806201231983,0.14313988527764487,-0.11491450434165662,0.09320239695435101,0.047876179410759015,0.04917233019767139,0.039495826258138425,0.03578717323956479,,-0.06368070525669751,0.05514050167417948,-0.010522759201164905
PODXL,-0.007943793731256074,0.02638772683252204,0.05979164681028165,0.08982601725167669,-0.05643423453653473,-0.049303739015517385,0.056549423175765556,0.10992018491829013,0.06314427555968685,0.03535630740822267,0.016619919739711716,-0.012916456236240825,0.01452767425936304,0.15993083867435243,0.041041601886359275,-0.05416023769639655,0.056766304303275145,0.05696299195392894,0.06956201410062904,-0.017434126957179736,0.04719895559361835,-0.029461685639046723,-0.046600493849549826,0.045792225499191,-0.025737988398656205
JAM3,0.0050194950439958865,0.0017927359479315028,0.04760150986240049,-0.04836299617095793,-0.007880960698315474,-0.006186748937395469,0.038509383451036897,0.12272295138251728,0.0925678372538559,-0.039264956688133,-0.015108847543774286,0.06119921693744953,0.05330155241795711,-0.03215560740023465,0.050900798481764285,-0.03213989715180004,-0.10947587906914857,0.057348396093411955,-0.03351327275896883,0.008438971742228615,-0.019596633527556123,0.009728460485616807,-0.09765253080162856,0.03966951872907421,-0.013757909280407859
TGFB2,0.04241008772412451,0.02537869835065012,-0.021436371661226188,0.0375557854915101,-0.06765072466916705,0.005154393901356712,0.008247469814567417,0.13066292784276656,0.020914424450507653,0.012025543256088567,-0.05020894840475896,0.04768799326589121,-0.02681336313155258,0.045205927760528224,0.05087941107209614,0.012768091752384038,0.059431716997635796,-0.0013476770400495373,0.11666476729985951,-0.018371225224725105,-0.01754544887217545,-0.03736165837270098,0.056574430106243113,0.02138858247897682,-0.07502759641201455
COL18A1,0.04358471108646141,-0.008093758345078283,-0.060700820275528186,0.10285509191526819,0.013184453060848032,-0.0020342032378350542,0.044429081423609934,0.13790345319797032,0.016660468316535185,0.01906552326931814,-0.017835219402406673,0.005815232553246178,0.007139182048063808,0.004132324907031668,0.20069866635331887,-0.009390122841188559,0.02848206226678122,0.04991956520281395,-0.006794240923989084,0.022471613208704867,-0.004843558701412188,0.07266429638273794,-0.1809352098436932,0.0024140853970303026,-0.0838899477254049
NODAL,-0.028810699825597436,,-0.03005506374256379,,0.029627530154435935,0.02723688941250205,0.10228574290176953,0.11394320398513148,,,,,0.010707631428294506,0.08188089771692801,0.11747369843606333,0.007409881521234714,0.12496040044247263,-0.03207818334424341,0.01887902374456771,-5.433036420463143e-07,0.007518582687275393,,0.05680633601326708,-0.019195212448105008,
INHBB,0.022479305484912258,-0.014119188653098922,0.0012056690247980268,0.040248032780088545,0.01368971111280197,0.005448620684025327,-0.02044607965241395,0.06646137470546923,-0.060254308674299435,0.028437256862574815,0.061223583610339624,-0.02671372430183186,-0.014944846146369508,0.039317003589221494,-0.13611651497892724,0.06732517441229953,0.05721061635095354,0.026556788134443284,-0.013471335812959978,-0.02659511341642669,-0.036998189257926244,0.1408908262688891,0.20578478436409833,0.056759519875995076,0.18186282787541547
LCN1,,,,,,,,-0.016647546960452612,,,,,,-0.03803688458164078,,,,0.08448370857916747,0.02470598176263526,,,,-0.01616150218287243,-0.026074226298632264,
ARF4,0.03002510629936705,0.04334320302990341,0.005582627257510088,-0.017305650381677914,-0.027710525945993224,-0.08389369567622078,0.029434343859599497,0.11764110294280095,0.058620573847436755,-0.019043578636841387,-0.037943203404446776,0.07984983435819162,0.001317875263906083,0.10630846431495049,0.052580330097781826,-0.029624489178091237,0.047720879293625625,0.10637709214657477,0.1299164007245911,-0.06451936534993835,-0.03768514955005138,-0.02480946264581729,-0.16051449611020577,0.004980920328882397,-0.06594134658767473
CXCL14,-0.043982085189766096,-0.06160450756836014,0.007816735259038652,-0.06948015273543164,-0.012552992319298833,-0.012590635033292372,-0.043927599099703354,-0.09861192948888794,0.02097881152269507,0.0014981256188809034,-0.028913762202892702,0.01779945301772691,0.06212863734112336,0.21424216990453204,0.08168486775225774,-0.03230007745689802,-0.058302154861548335,-0.03213550838962392,-0.09626182989714428,0.01127904654995239,-0.01446909087748793,-0.03831554244248061,0.048971856179090285,0.05694996991780614,0.09809149111999975
LIF,-0.023860652307963116,-0.09613986091620814,-0.003482921602980584,-0.09886726324815437,-0.03538288603427194,-0.09345003189188662,0.0473106868960583,0.02169566686638947,-0.008341754036887899,-0.035111767409805476,-0.018810199407141515,0.08390659240138802,0.09544967468210315,0.1448498933561676,-0.12782624686434213,0.029930459158494967,0.01524610670513957,0.003516796523360793,-0.07707926147195725,-0.0031561207927100505,-0.09018477491096505,-0.045959964129640686,-0.053719133470391894,0.09337484009683798,
IL17B,,0.06900123285422594,,-0.028337790916920985,,,,0.06090686873063527,,,,0.045242014205592214,,0.01796854522937958,0.0624740827159289,0.055711618329229835,,0.0014466404191703132,0.01842511124398073,,-0.04683862405108338,,-0.002481479904761843,-0.03433236505569767,
MMP1,,,,-0.011546171024220328,,-0.01918143603297903,,,,,,-0.0019363833945173696,,0.16849074852881896,0.15405607584911932,,,0.036354875245307276,-0.05065866359102809,,0.06031570144170308,,-0.07496398531634466,-0.00026432077168143497,
MATN1,,0.007956724122231461,,0.00301585731427872,,,-0.0030251498329634374,0.02158144066720211,-0.020995931756430917,,,0.08006229748586094,-0.021572312067554132,,,-0.08995122543134368,,0.018797161036871957,0.0009773364661145438,0.05065669329020619,0.043662943481494,,-0.006136115638297646,-0.02710314308386133,
ADAM28,-0.03731203710864528,0.000997590126390454,-0.010118489894672358,-0.021285513557875477,0.020834810189285548,-0.019606767778220503,-0.02370854778116894,0.10542744933591514,-0.05473008446787194,-0.033546331313535085,0.02920928173548358,-0.03203903568147397,0.04589501602780244,-0.00036080014112396336,-0.031213141017934622,0.06838209467389679,0.08815486921203475,0.043200163219055975,0.001688992158212024,-0.0069788359272057775,-0.024836538109732596,-0.007237349819119598,0.01052264530620425,0.013973374639715352,-0.013444973441975825
TCN2,-0.020875896038259456,-0.02104897253774951,0.04650198657908962,0.04247783797378216,-0.029849061410920023,-0.005377309675427494,0.08647210369003297,0.06648282204807555,-0.008969184069375507,0.0169292384225492,0.006863799804517362,0.029527941057289987,0.03535048266000039,-0.05007076446605881,0.10019176642572919,-0.0667689609237452,0.07445143753395882,0.12822058476457493,-0.005403980079311591,-0.027225649203342465,-0.024882401513277103,0.0029208374142694234,0.02435364757918241,0.02177365560080529,0.07298553579623544
THPO,,,,,-0.035601324733811585,,-0.0038042216368629443,0.017551122437583184,0.023677492838042193,-0.010037065536739095,-0.04207199718171509,,-0.03192780616048834,,-0.021765378226358236,-0.034986770615621,0.009739941082045633,,,,-0.023678743008481804,,0.13191533006374026,0.05132709480630965,
CUBN,-0.0720952332951622,0.09402454712966844,-0.0043510288185123315,-0.021768241146845203,-0.0366605510813282,-0.04081756043802168,0.08893058704003066,0.07232756290774338,-0.024071842978566314,0.008244216021991924,-0.00953695214844844,-0.006274986893839424,0.02568159568418042,0.08452977528445518,0.09510594261538159,0.031231481148621332,0.04633630381064189,0.05684566459795109,0.027753756724766057,0.05845747283364186,0.020602168975948656,-0.051752970905519724,0.11503280421648622,-0.02279187977599462,
TIMP3,-0.014076270467904887,0.032897327047574004,0.008172080183184195,-0.017848433585040954,0.013849816189538334,0.021452315510519918,0.010690487824865313,0.11788648038199458,0.009018413685129349,-0.04613939478326464,0.042098113347618246,0.0023331762865056787,0.0486673712998645,-0.05375488926915028,0.15086349346403646,-0.00900489810197397,-0.06698174901053734,0.032737260845909485,-0.018925255263156845,0.06037204151913764,0.026922373836277394,0.022194132476298922,-0.14264713000038404,0.09423086828975216,0.06663780734236813
PIGF,-0.02659790207086753,0.06559332446441998,0.007329557136168854,0.039632855943061165,0.0032948130075656215,0.012623933344996922,0.0252246149162268,0.1268843430698081,-0.014558072274252841,-0.015037584727246643,-0.015355499845087684,0.07262222742153426,0.03716890841543915,0.04657213113122118,0.020622138625653944,0.017494783805244524,0.10433444521464752,0.0932609833575833,0.07212485586245719,-0.019498553430467254,-0.02132198939112044,0.05837018854520907,0.1485291161955451,0.12362343673485322,0.0846810791189354
CRH,,,-0.03771902574666425,,-0.021929036312709888,0.013073473236239667,0.02269979110051892,-0.05961150976187064,0.03408078363207715,-0.0077326427167816285,-0.04737513250689039,,-0.02804394767639521,,,,,0.04843264060959913,0.02798098027601094,-0.04417680016238547,0.005670997701399802,0.07496454116950729,0.027510567936613023,0.06321079447342189,0.042465444101944666
BDNF,,0.024647323703269355,0.016832642466499688,-0.010114918680886782,-0.04467372607893812,-0.0361290718933729,0.027515408810353494,-0.14185783289700168,0.060839458142162885,-0.02277706357023434,-0.004372725774523535,-0.03884569434056279,0.028851571856423865,0.0646151922538205,-0.0279924635706016,,,0.03125361496184375,0.057687549854341665,0.07886896589824179,-0.011144799774139211,0.13243889913341217,0.030958742303593186,0.043016772339656124,0.03404100652465272
CCL5,0.007966358693623131,-0.024613710484210103,-0.026501978034875504,,-0.0167157614545516,-0.05308751062996318,-0.0246515526404178,0.04853869533661656,-0.05565050131514412,-0.019531208263678428,-0.012470647602078323,0.046230935027570405,0.08348204586918186,0.14170372766458963,-0.012283886582695122,-0.020237004309592854,0.06069853138678785,0.002089129021229247,-0.005571885101275418,0.017950862924733184,0.04119736268373085,-0.04699381017134765,0.011490462873944781,0.056288556279855476,
GAD1,-0.038724766128303265,0.021607813965476758,0.04359931601440116,0.027735840095271053,0.04309004969253329,0.025358188042070965,-0.022811207614718196,-0.10823875319173266,0.0007090481693532997,0.0582927558804645,-0.03788372428842523,-0.0168853956234782,0.03269238755245604,0.033575021278589294,0.19801502657793243,0.049216334287890566,0.1326674619900083,0.04227326971730699,0.08273840667821875,0.04736067194291658,-0.042176958043038525,0.023625803955497442,0.1410422217775261,-0.018681964126587,0.03951250733643416
COL14A1,-0.00273486943543768,0.0010403596637228445,0.08542523351856475,-0.012899697367104062,0.0520949537272693,0.005683922922872407,0.06513565021713177,0.0847763062486894,0.005586587326066566,-0.015218782908974169,-0.0417731740473777,0.0001508612150311855,0.021372529019531048,0.08977915933665898,0.08469667715909544,0.032289543477040696,0.056060210103903794,0.037306469266883094,-0.03787706289440756,-0.006806334352081022,-0.01555592012747311,,-0.0005941238301013737,0.06275103211979868,
HLA-A,-0.005305655668860389,0.08409609112818207,-0.0005125123600171102,-0.025011698345479897,0.012765931271993955,-0.11765489395551085,0.053005534178623456,0.1601147611785382,-0.027147936950961214,0.010689597533305218,-0.037185798636199155,-0.042526514441037576,-0.023322960168322106,0.01302528296901171,-0.11313865656287968,-0.06766862069960239,-0.020263448965388137,-0.03083098668861684,-0.16533123184766407,0.06043177097646279,-0.04528721959915707,0.07143847960602669,-0.16013102426909984,-0.03178068774522856,-0.03536394965218617
CD5L,-0.0091973487410788,,-0.06357038305250576,,,,,,,,0.02661286186533891,,,,,,-0.004749576516405996,,,,,,,,
FGF18,,,,0.08677549914417988,0.03706580238232662,-0.023356689589276683,-0.03325215843469781,,-0.022497968052086936,,,0.020677145159995122,,,,,,-0.021888807225862564,0.01948850553951721,,-0.02006707420185004,,-0.03045450198186193,0.027668425837441665,
ADM,-0.0006614941384332441,0.006208227747621675,-0.043739112527965134,-0.0798531448159798,0.025300349785471663,-0.10769589431889141,0.01999323947064744,0.09820293842718432,0.09469007985568574,-0.05387256263906075,0.028246019277084023,-0.06668414158884933,0.01867872839495294,0.10624863947405122,-0.16727178923885153,0.04515710423555261,0.022726837061538697,-0.012979507096831558,-0.1686154139201319,0.001647103292998175,-0.04659548110293331,0.043369115430746716,-0.015015759974155154,0.035103626475020536,-0.06815800544373671
CCL15,,,,,,,,,,0.027034049183557285,,,,0.12237496841247213,,,,,,,,,-0.0032722469917762713,,
GNAI2,-0.021148827683398076,0.10523383540779009,0.05894546150551024,-0.002821435270128261,-0.059032222686935906,-0.10445468281839583,0.05117696903918108,0.11724206403937072,0.009184950727334443,-0.020240105060434388,-0.0447025851692287,-0.04301978906946563,0.001749192545338653,0.052170668343442986,-0.028108694557578986,-0.01527152616588175,0.0656994544514515,-0.0020641080562146157,-0.05301071008395528,0.024483943351672706,0.01256528587360867,-0.032654193559867616,-0.08444415984178785,-0.0026613921511605848,-0.005106043996160303
HDC,,,,,,,,0.03234023707442143,,-0.00878207711150975,,,,,,0.006500764260803731,,,,,,,0.15921111659505668,0.011652453982785683,
COL11A1,-0.03774646964109468,,0.07009926293230549,-0.028208399847102862,-0.03158350256863459,0.08437101039234433,0.07890796895853024,0.05915284817611917,0.022601274832375673,0.03984133596142904,-0.023375020833136875,0.044686630799214234,-0.020046704773782797,0.10051479211673592,0.11092989065875007,,0.06223692552041295,0.05771008726540506,-0.05263937727184721,-0.013526170243843737,-0.10087262867005245,,-0.01590880479983766,0.06613722558685739,0.042967896057589265
NUCB2,0.04850396294811785,-0.030473495665328372,0.022793850257419652,-0.0516479362409869,-0.02087352314357358,0.02060234658600782,0.049320321567893045,0.02761515907510031,0.01020129995838202,-0.03148308533305303,-0.014281444782874613,0.03288372264271572,0.03817586175487413,0.07308975136581909,0.007374030947096379,0.019197835443972196,0.03093195847119611,-0.03852575020061184,-0.05743868411953867,0.03712408414610063,-0.07675127812157886,0.14327310015211955,0.00018983774186030327,-0.092672777466981,-0.0786791929685238
FGF16,,,,,,,,,,,,,,,,,,,,,,,,-0.049027765648572336,
CXCL1,,-0.049084268185976325,-0.02414040065738795,-0.027922982079303684,0.07949087213327573,0.026005479971783676,,-0.02689984446015155,0.07319655808702731,-0.03261874789307071,0.038380531584781476,0.032125287588796146,0.059419089427941635,-0.033830559799945,-0.09574116917651777,-0.008453884116219217,,-0.06325581908718281,-0.038013302217298206,-0.03699950992837965,0.018447762234261807,0.027383347818886527,0.03955369152315675,0.13547256620725648,-0.05780824455627324
VCAN,0.0506367544992724,-0.019803638588676186,0.005171078975109502,0.13192086855470578,-0.025430447247601608,0.02778309444344816,0.030826658285799415,0.10392784266340833,-0.008724019469672026,0.014004251456593564,0.02126793456759248,0.018170017592816768,0.07204469523954889,-0.16362915206238388,0.016939412876450854,0.014095953761904537,-0.03199833567427561,0.02793119501776449,0.07700712272002827,-0.02621028281400622,-0.03972942866945927,0.10106831627192768,-0.1776484091721421,0.015121326701349759,-0.007322571917711717
MMP7,,-0.08576965934831242,,,-0.0008040174604776562,,-0.004644671524935681,0.0005107956559268914,0.03242783251829131,0.055843149788946424,0.05111956731362709,-0.01302450149497584,0.007706430232188136,0.10522938146851135,-0.00939548512161655,,,-0.0451306772279381,-0.06978072963124021,,-0.0762705215537175,,-0.11077468748138958,-0.002663517567806999,
PTPN6,-0.007198322096373897,0.07467922524030293,0.04946546593564244,-0.007903861437007475,0.00884415464938525,0.013603394195790307,-0.0022253128934646162,0.07325253998033328,-0.0043558438431785815,-0.017586726603388843,-0.03583512682317189,-0.004924413211970046,0.02398638429100205,0.06341038678580041,0.0692598505079859,0.023318734537538816,0.07496817475707815,0.02532010672261425,0.07976274224189168,-0.0546662894495453,0.0773394704673642,0.004982481187697782,0.103135099587322,0.054166182550459754,-0.04298622434139044
PTGS2,-0.011046140146317369,-0.001280370588093697,-0.026365918526376566,-0.02369869364334141,0.019029111505893856,-0.074656874748086,-0.034881671947268024,-0.17277380107916515,0.06620288299355716,-0.01753470290973101,0.0007213568263363726,-0.0027571667937007303,-0.02294119025594517,-0.045873365750025256,0.012393108656843498,-0.05300970069320949,-0.05357231225805507,-0.05394730686249471,-0.12660178032521346,0.061467033739897835,-0.012985961628493055,0.033557658382085985,-0.008919302181123707,0.014387666267954053,0.11880549428959042
XCL1,0.006824182790346684,,,,0.0267445358547728,-0.04964100026624086,,,-0.018256416041974012,,-0.006785537115627131,0.04868586431024264,,,,,,,,,,,,0.06172277475081951,
CD58,0.005921957900043856,0.031386108743728776,0.02140864017986363,0.03012156527555023,0.018030211738569567,-0.035099682214193094,0.07386455831709202,0.12401047867654666,-0.011188306853444912,0.01157540527141727,-0.06824421429748732,0.013359791516720652,0.005900429856428148,0.17503226462150256,0.11423165680862613,-0.018149270069252255,0.10582363276088422,0.034714731522527506,0.07664142226530911,0.0186725948762663,-0.01641302963790412,0.06718184683555231,0.08808265070814753,0.10255352264767985,-0.00578410698058519
TNFSF14,-0.0216792742095412,0.022906409618922027,-0.026068563546673498,-0.011854373651875243,-0.02202751993598913,0.037626420563063034,,-0.025758855686634986,-0.033378113986288274,0.07826612602361042,-0.027368652136242573,,,0.08446023592879635,-0.06669210941068196,,-0.005700855388916917,-0.04315281788924466,0.006949699061193736,-0.0731416261269173,0.1023643077951191,0.05663806109117364,0.021097559950509305,0.08108243364166981,-0.04358789756993344
CNTN4,,0.06795098372749202,-0.03303566177088857,0.03731166726950134,-0.0006611757492651013,0.04713542718414044,0.01222827218915927,-0.0857163860488627,-0.040920560088514045,0.024129897185177922,0.02228670643209788,,-0.014664610085149335,-0.027091290293540887,,,0.07162119149839388,-0.06722065378682583,0.06894101722828844,-0.00777962450994053,0.0008259139938253579,0.016876305325527814,-0.013254433203425167,0.02503986690060584,0.04352416507188469
NTF4,,,,,0.06728406459752742,,,,,,,,,,,,,,,,,,,,
INSL3,,,,,0.019004021510903146,,,,-0.023910223782817316,,,,,,,,,-0.029931021609266854,0.04131803647700048,,-0.007218566321169863,,0.022408557827421193,,
BTLA,,,,,0.0023229708076755997,0.08981722651053672,,,,-0.016484160703374072,,,,,,,0.12209766080363241,,,,,,0.10449189540163163,,
MFNG,0.04970936936275603,-0.019187133126860823,-0.03342756280207164,0.01657238398698699,-0.01585813737652261,0.009973346318069861,0.07928130162406775,0.2060064105292426,-0.014139669079056486,0.04057519313282303,-0.02813466116282702,0.06073191157247358,0.022192856842713077,0.10803328807963153,0.046460425884658214,-0.04782960805343934,-0.019158586453915796,0.03789939150016806,0.08394725693293043,0.03398309029447312,0.0405163245449608,0.06406043173716405,0.04917612495888133,0.035544878173721164,-0.1043494344320517
ICAM1,0.02488012544713223,-0.062400686425692554,0.03096408928901276,-0.03071075310095503,-0.027491064016229232,-0.04542164194344346,0.02194088442282467,0.07557631735283829,-0.041075559882583976,-0.043228700387756454,-0.030783932387736194,-0.03063561423687709,-0.022710654992042983,0.1408037813996233,-0.07648195144202204,-0.013685934139216469,0.07225363013269685,0.006039117213461867,-0.024131617103911235,0.026933289983149103,-0.0594506630533911,-0.06693677958083326,0.06014302725060884,0.00435718768686068,-0.0350231415496323
PROS1,-0.01862570899114961,0.01324041969382353,-0.012115897711046505,-0.02197239801540926,-0.013611063193832396,-0.01966705213941884,0.02787580385810294,0.15753110433147383,0.07341571405062515,-0.03020820376853103,-0.05199706865473658,-0.004660024534226069,0.05574445492148656,0.19505789783254324,-0.08407044111588328,-0.056764082283136404,0.04274529581501869,0.05560252561467153,-0.05742915936775699,0.07477070327274953,0.01948141901425029,0.09092509367919488,0.006661148771502746,0.007580498825806095,-0.09764576597022087
CLCF1,0.023226502357120857,-0.02125911363514584,0.04486185674242797,-0.07878325850484577,0.013991054821486854,-0.10220419330584077,-0.0007319793316356517,-0.0521216495167713,-0.005865434383109341,0.06773496787625889,-0.0591907105197944,0.01652978035341809,-0.05490886375298485,0.04012099300094431,-0.06926240243916633,0.10814189005701685,0.030811653427538315,0.08502997557473141,0.03531526212743362,0.01251367601716161,-0.08974734505827804,0.15457037815072028,-0.003985446875362826,0.07672668974137982,
PSAP,0.0649614113284614,0.031771284630156806,-0.0992600960619119,0.020024173713917414,-0.049091920785111924,-0.075030363672646,-0.04179872647489643,-0.058447113211844405,0.0007426660418243794,-0.0377143559350694,-0.04220120042572001,-0.021073616635635263,-0.007986320861087713,0.07373778263729772,-0.12896164309004682,-0.07619380324765289,0.021083366388037355,0.046350873640096456,-0.07995886319531256,-0.00820849264584648,-0.002067554677011497,-0.04832269711979002,-0.0011743990132299556,-0.059236469033881654,-0.08151206115007552
EFEMP1,0.017046006291508913,-0.05528468839791092,0.13185268259571467,-0.04074500359770907,-0.08961797756133047,-0.08065477826440574,0.0709231016467897,0.10517747553267673,-0.08459306527711212,-0.015112310278406859,0.007768758471245163,0.027326100328731288,0.05381412580657354,0.07059610232281395,-0.15854816768794236,-0.11699963094074765,0.043737580726242925,0.11138326644582348,0.03666961351511144,0.001518492744492106,-0.0044481325100098595,0.02824801059887519,-0.07517100767779479,0.062291850901548824,0.03304721533264634
C1QTNF1,-0.006722539198792344,0.018931065928149346,0.023235375901418415,-0.09026898081977248,0.016277396460661876,0.02722221478373599,-0.030046472930473054,0.1685419606651056,-0.005090650981588691,0.03433148916222372,0.05515097545260827,0.014105271902295336,-0.04844388645457918,0.09672471220044673,-0.09829354513963093,-0.049622867112838635,0.07274957387308481,-0.02065113106608749,-0.15128127879096886,0.017819848013785455,-0.05303646117351586,0.10881877356066454,-0.023836828985412086,0.05661047598938215,0.021811797800381175
ALB,0.02966459860618172,0.03619113070438666,0.033658055124096316,,-0.04814360355990171,-0.02202958041776922,0.16356488690758494,0.004097898229802672,-0.02610369309473999,-0.010736978967256894,0.0004930841206385895,-0.02383940005857368,-0.038644261838290804,0.09110277273215575,-0.08536909730125859,0.00783659289689711,0.05659556194363407,0.06502310767278384,-0.022789520811137727,0.06742956659943072,-0.011306155083638686,0.07871120448008762,0.05012445998058647,-0.006542311754451111,0.09247325978169214
CCL13,,,,,,,,,,,,0.026292731886514986,,,,,,-0.032033674171063634,,,-0.009311452276401752,,,,
EFNA3,-0.014947484496054503,0.12013268273178472,0.07349874134999684,0.006449756316218875,0.004317245305819203,-0.040646001937396696,0.029912877013683434,-0.1037616667209307,0.007981093882856023,0.0007370064590905188,0.03495332221676569,0.037008846992607904,0.04379025048768967,0.08623439937039165,0.04026262304211031,-0.03549117859978105,0.07337868234801281,0.021237122991982937,0.06200077008090375,0.01316064182062211,0.026600205362880706,0.024961201124095677,0.1070764783385926,0.06324859105641283,-0.014239989200856947
DRAXIN,-0.011492335972934625,0.0702202388872829,-0.0002658316220280286,-0.03217479971210994,-0.028464904712258977,0.06146417001744836,0.014857187087588765,0.062347406632742186,-0.019491817562940033,0.051625883467412516,0.022977199634267042,0.03940591334356504,0.017229633757435515,0.13489711429988094,0.007762144332809376,0.02101329835888421,0.09523480178199382,-0.030728201676844254,-0.10907074817696834,0.03880077508078952,-0.04155179302718013,0.07249938106427803,0.05623821764700512,0.06226778901290805,-0.01794803972757579
RAET1L,,,,,,,,,,0.051464559482335165,,,,,,,,,0.06476115672466008,,0.02650203061383287,,,,
NPTX2,-0.010746208162425892,-0.007433020183916644,-0.04291029010152739,-0.02390743253289578,-0.037080446881729845,0.03745830155497087,-0.05959387850141514,-0.17297740962542124,-0.02293803230641484,0.027965032540081952,-0.032465127024861797,-0.039479468463614095,-0.0008387549881724465,0.0164866596508104,-0.02255411444987271,,0.020803449887578995,0.020707225764502214,0.005368559861670759,0.013357386493414806,-0.054409085830544775,-0.06158828518038401,-0.04465170075950972,-0.05565248764105379,0.08510336336937153
FGF11,-0.057643768789803325,0.12192210034992901,0.05313975086244895,-0.010480698412943284,-0.007562830500238644,-0.01449128307158454,0.021448217775300944,0.1027672543926642,0.0034942953363635695,0.015058239879105926,-0.05619651399060266,-0.009188156106895716,0.034679619716893685,0.07491562106020223,-0.08472269543720855,0.1239341398796468,0.06024188640020909,-0.011490868917167338,-0.04202119537780075,0.030576196229616527,0.012336081192554003,-0.011182336134322264,0.1844324945985257,0.13609971342791263,-0.017286101729883156
CD59,0.060451232104829174,0.024834458186800266,-0.0281620515373422,0.023567685887434353,-0.008431095708268077,-0.028706614125932093,0.00478226638516276,-0.06720017551590901,-0.05286486965255008,0.011528642409940835,-0.01491021036644423,0.03427072430134981,0.03561480416892706,0.08844521318156782,0.09816286924329015,0.029086809287056745,-0.047473045137800526,0.0840078809949225,-0.001307556555736063,-0.0006408821244235703,0.010149628800167518,-0.02715399839911591,-0.14272868154030527,0.004594905027130686,0.00587647702920266
COL9A2,-0.030254734975980836,0.06874278305930365,-0.03174065984960653,0.03517162840267869,0.024388832507103376,0.06866674449116603,0.0003433992140131536,0.03954875178929272,-0.03396784956302975,-0.0023037238859766364,0.06718628698441374,0.06713163249715622,0.02714005055119002,0.0652708399378022,0.15822260597634735,0.01137364125721345,0.06947029461887962,0.038884411750952357,0.17880940708490747,0.073135002014876,0.03592527396217748,0.18216832564121357,0.1694392161942013,0.06644918745473663,-0.001958443355331521
DLL3,0.03318728035395388,0.13188366458256193,0.09370177938025219,0.08579295416719356,0.01467393448952529,0.04883848461035619,0.045837312268535164,0.06417223520227765,-0.04848694828761541,-0.026697703549044542,0.0097312005454139,-0.0305482753463656,0.09836746787356301,-0.09113777347061175,0.0019199594146235152,0.14289025573375705,-0.029098156097273807,0.03877333978592439,0.1866900925265722,-0.014371712798298027,-0.007358343549351968,0.07856180686283892,0.234301561827571,0.027497156026372222,0.042899619107457675
FGF5,,,,,,,,-0.0377942247510699,,,-0.03212299957429932,-0.011350472531737873,,,,,,,,,,,0.030950951615863326,0.03397797937917739,
LIN7C,0.05032153962927933,-0.08346451960023867,0.03269324184442217,-0.0037444229202914896,-0.029224850747271255,0.014943350501268098,0.04376357901811673,0.09689842757943885,-0.005032680029232862,-0.02034171654873861,-0.00048441699506922634,-0.00023296494932589069,0.011796465731746402,0.07352751151290993,0.013109868694122782,0.10244477354005675,0.023030798454852685,-0.0102457046401121,0.02165727805167535,0.026552230693868556,0.01301243396583337,0.11836769849967407,0.09345773059611984,0.06608065515745704,0.03887160461954576
GDF7,0.053184955207881544,-0.006856400977051235,0.014614027564527511,,-0.00831827180026565,,0.05880572143340177,0.05761391538817579,-0.013871726741072985,-0.031509140205655796,0.020633049437004496,,,,,,0.006263619940446521,,0.13478357763474988,-0.033972438101824085,-0.03981365230608883,,0.1396371578979956,0.07027513953973379,
PSPN,0.017260729037918365,0.03770171648574287,0.027301990709211885,0.05840699100895591,0.050881332397955004,0.0844396023302634,0.07626253186978726,0.03670929133914271,0.030370263549372223,0.02568170797147748,-0.035266658690817805,0.04260783608057823,0.07101075042231944,0.02548246959213136,0.08313650618120076,-0.01699446640393188,0.005284546218611696,0.06051826189633141,0.05968197390457921,-0.0005860469200330992,0.003030203762138523,0.0025704060759613357,0.09003563527333977,-0.0326939818274744,0.04615572723473881
ANGPT1,0.055891589656608905,0.00885116659190403,-0.030571195420591932,-0.018150647043559724,-0.05103473727038465,0.014183565940333803,0.0014908683498288816,0.06982847384999703,-0.0400113302061735,0.056628883533107,0.010030443076248797,-0.006211533487803356,0.030445170931407597,0.06835208039978553,-0.009523609732612737,0.02083322693706533,0.0034278910440481364,0.03833868830627283,0.01959041067712476,0.06901754326732902,0.026420100937510144,0.016338700363729523,0.040431706560648775,0.05892252587274477,0.022391328765164066
PNOC,-0.006601680525686775,0.020494818535422,-0.005233631534843885,-0.03604570293187761,0.013487575945241944,-0.014194269201086601,0.06417214828456945,-0.12788155487635017,-0.009088099457032291,0.02340018567036895,-0.026942736177210217,0.009884951793782492,-0.00873611373311875,,,,,,-0.028017889825768166,,0.002452047263440001,-0.07006302779652225,0.012916028880674533,-0.009090089464849651,0.03527194233192179
L1CAM,-0.013397703837621592,0.015478553922651494,-0.0057258872059353155,-0.052663052336654546,-0.0014554467143290182,-0.005757662758701439,-0.012779497050334451,-0.08956799511641887,-0.004941950535300133,-0.004053399499739752,-0.02956417295151684,-0.010347172848605733,-0.003009438568617443,-0.0478370990961587,-0.012014673658463128,0.0483305614953166,-0.02409023992657737,-0.027636660664996534,-0.12014710515723714,-0.04470622056191849,0.02086086621938032,0.02092969887106006,0.050897872525576156,-0.028034788435018793,0.2162338522681246
APOA1,0.05799916025880936,-0.04150787321983466,0.06675430076808159,0.019791003297807103,-0.034701449389312536,0.056090047226319446,0.1041135938512469,0.021010637719467328,0.04168562060687108,-0.048839130027565646,-0.010933193378055662,0.05106887593366922,0.056638853705755506,0.01607272085392934,-0.009655720299827123,-0.036337904909762395,-0.00312100813201925,0.015882995523949176,0.10822238449430102,0.026873103305258182,0.0010407698645454949,,0.11479378516608654,0.08371220951931828,-0.052438718948164625
PSEN1,0.08208894056647979,0.00041283855136284986,0.03939344360695285,0.027234195787575396,0.011745242617473188,0.01616365152944454,0.009042133924156297,0.017219293252188277,0.03463980186240262,0.03425751020056351,0.07564606852549673,0.01779256056653855,0.018204519921934163,0.027527059865461927,-0.024160880473870033,0.003961508711461822,0.003196560058602977,0.016167541926696817,0.04306314671133567,0.013948353958651334,0.009068103252367203,0.047146193988620855,0.016180863583289212,0.006979002556624285,-0.07792581797154484
CALM2,0.008407724635199959,0.06556863464792466,-0.03145392707931461,0.02421357851956523,0.02436807861824376,0.05886267566764121,-0.06107906001382783,-0.16845416397879526,-0.00047892565204446367,0.030167171290035235,-0.010490742557853065,0.06816831970889775,0.03700408782139199,0.030536055734768593,0.13828546735661704,-0.08689509232439147,-0.05588133777369452,0.061391123595133885,0.08046252040167733,0.029127087646622675,0.06053842321263662,0.06185035179205979,0.1714085884533734,-0.005416058521131555,-0.0193264138709616
CLEC2B,0.07075846286343827,-0.06414108820319875,0.009751184057295921,-0.06147978249810342,0.0219772888129371,-0.05720311341828547,0.07579067005311527,0.0971921304136508,0.037252817361756396,0.02057046146433742,0.003910306504764893,0.0495718863163298,-0.02614352822083738,0.08901823469798718,-0.027767212672026347,-0.04728462595176224,0.05894784217670643,0.03083823170759068,-0.04026725739842115,0.035488313828482665,-0.01275429981106206,-0.13497862832253502,0.03248885953818249,0.00880443715865842,-0.015135608316311925
NTNG1,-0.03805012526875347,-0.04047015212605826,-0.027651577247369708,,-0.02838314859063364,0.0432632749428089,0.020355914461573782,0.04954441993175209,-0.029325731049121496,-0.035310861042556145,-0.031062029728793152,0.044058562408858956,-0.0011133894048020068,0.09766428817808165,-0.10805987267213668,0.00482214390886546,0.06356578383556029,0.06344904413136854,0.08298944182736843,0.052053931937443294,0.02713469610081271,0.011263379316201874,0.16155625692394476,-0.016013702355507642,0.03007606767169814
LRIG1,-0.012343044389099014,0.05171696115795502,-0.005434103524132465,-0.035025307159452505,-0.01783845056826441,0.09543883649737626,0.07025525026131518,0.06611371694937805,-0.00215176744768493,0.060063071287210806,-0.04425711049932656,0.01948375044116094,-0.0017655758036697726,-0.0606533695849721,0.12443582551328305,-0.05651690603267851,0.13940248101689928,0.05381179564046232,0.15542088576553706,0.00338360267970672,0.05723374706241288,0.03761346406448686,0.1447262619615874,0.054592120241778626,0.016967954470079816
CPAMD8,-0.00625512268072057,,,,0.012499911624546509,-0.009228067487531069,-0.027665691224108224,0.01715452947020397,-0.026521958707166973,0.03787965869589211,-0.0435578370160824,,0.04848820231151008,-0.02635461466455792,,0.037915779137630896,0.07898615202619198,,-0.029599121950819443,0.006003718591274617,,-0.07205208329397486,0.020466620338123975,-0.018367555501002764,0.020412011281414972
GHRL,0.004447660672533791,,0.040716177573799396,,0.02451343228799458,0.06960064215449892,-0.02995743610234042,0.007005247257354646,0.005870779838521996,0.012534123604652805,0.06290021853245434,,0.05925979033667604,0.039215739313004844,-0.012929827658167602,-0.07607982969958478,0.09625404731558027,,,-0.0005134585746432791,0.0730749496778416,,0.017059909967658285,0.034360520169193935,
NPY,0.1184887234150198,-0.025666680956766434,-0.010918068679088653,-0.026202655694156744,-0.0491917050109041,0.09625325006393115,-0.06504686254064626,-0.12062436996531872,-0.05563010710731213,0.04547242738512125,-0.06286746087112788,,0.04745942631579887,-0.06826701926000132,0.09074895932137704,,0.013874408759056335,0.06981274381742365,-0.06957215604104607,0.025046531699377667,-0.012295045957065476,-0.061456779072480816,-0.021169157708676438,-0.043542003092622246,0.03197492857897807
MMP2,0.06561734321978291,0.10234300627913187,-0.028400336435982557,0.07184957994085245,-0.007108651423020943,-0.020825951985138588,0.057305521096625484,0.13178759136969584,-0.07755300832282475,-0.028766914332309733,0.02391910040308696,-0.03657012638615332,0.04298912675146632,0.19294572819039144,0.1493373735531985,-0.07925008229791389,0.09035237080086948,0.030710153943717445,0.06380691207590446,0.07641512761324712,0.001222225120434705,0.10399076540950268,-0.0028105837140403617,0.07970342962173818,-0.07460071101836434
LHB,,,,,-0.03116339252538717,,,,,,,,,,,,,,,,,,,,
PPY,,,,,-0.04873841899697383,,,,-0.019383236991906923,,,-0.022050382000030504,,,,,,-0.0025900597902759077,-0.021574003958061496,,0.016372194611960374,,0.01993109577098739,0.028859413347879163,
ALKAL2,0.005635764009988782,-0.009217856860897806,-0.028454124800890764,,-0.030710637038541346,,0.009858504296940521,0.024816445858030823,0.03392697318201163,-0.011879578216350481,-0.005618668501197525,0.006097381902640139,0.01748480697892034,9.048231097646934e-05,-0.056980217432939934,,0.08446444443836335,0.016249801852613575,0.07829880085379133,0.034234055129372935,-0.008899126144781088,,-0.017699529737075496,-0.0029065825686844836,0.03661383347432867
CSF1,-0.03195172571823153,-0.10057559456815637,0.02556525141731262,-0.013592373351770414,-0.022434217602200105,-0.03162579794462463,0.026264537407295035,0.03695670384149335,-0.02690695521865436,-0.039630036905018054,0.002526070524173652,0.015345477523298503,-0.008774226338536584,0.11244729153966397,-0.10472790223990691,0.024747906009667604,-0.01084160059930704,0.0388806678552301,-0.020247872160077892,0.09396797177422464,-0.0369794416957242,0.026168570824109484,0.08076010517863796,0.12968687506448934,0.033931178116534295
SEMA4C,-0.00740196766010811,-0.03741543614524661,0.03260730237326195,0.07723233036536523,-0.01952258275496929,0.027395784356602403,0.022906952576140286,0.03886653388491714,0.06802955941721804,0.041281012136610014,-0.03124164472757075,0.020661549912029405,0.05270593123817373,0.0946664036778649,-0.018312552407411385,-0.05666975831096061,0.12465705119603927,0.06991047923390985,0.04886083891741898,0.05422567678155132,-0.00862157666709541,-0.006433770807384106,0.040556045059367864,-0.019017763001496317,-0.0324013900145169
BMP8A,,,,,,,,,,,,,,,,,,,,,,,-0.0004588778454077742,,
ICAM2,-0.036243990743812626,0.05126812319543602,0.02941043617741273,0.06889250503089761,0.06505741542904571,0.06507729444586201,0.050681565030077265,0.061477398452664256,-0.025198191151674192,-0.001487980686427819,0.038665480159962295,0.019528916494061483,0.05432093072102017,0.04015098914708446,0.10396834388933751,-0.03778647566484087,0.07073553529406308,0.052341049264085504,0.06411143781448803,0.02121133602070075,-0.01455838545629928,0.09624042417259139,-0.05243211709595927,-0.0012333851778038815,0.08001725199021861
SYTL3,-0.011205821920877405,-0.013463005735019353,0.0026366381830722424,-0.06259996804888701,0.018859331455951044,-0.012905872534105994,-0.018328860289462953,0.13549146993886677,-0.04016209192749121,0.02909803848733541,0.0906196984045443,0.0016597874709969717,0.03903347851733749,-0.0027433091942761253,-0.06290481746663183,-0.08327202174932223,0.1523959415934481,0.016195911932734876,0.01857918542212586,0.046625369594399044,0.044574792539229066,0.10099099869080419,0.0760786648945272,-0.009015800984971142,
IL1A,0.014448207500289351,-0.010390242913902637,0.023108886755378946,0.00426482358939003,-0.06163321424692105,-0.040051359658321226,0.02625219071943455,0.0051266217833124605,0.020188418154078562,-0.039178647117301395,-0.017833813781641596,,0.027680935008691485,0.020433646082741987,-0.043553933675648186,-0.021273667408613712,0.07382797668913284,0.01575996510534527,-0.05150311112773382,-0.051623272858501046,0.03103189278140415,-0.025913572534623727,0.10446868870656019,0.04567113350369093,0.06865797370457663
HLA-G,,-0.006623811859488502,,,0.010730642773230482,,0.011991698298369576,,,,,,,,-0.05127135802516478,-0.08975734574006844,,-0.009103502459558403,0.055096078468569225,,0.04606299295714172,,,,
PGF,0.012584250802823273,0.03221565412490939,0.012151486300917853,-0.03958272638348326,0.07136226107509105,-0.014215956569593681,0.1043902955260903,0.12642266726021964,0.0016710744340443836,0.0021933465993874287,-0.02009399016649401,0.02334682528037585,-0.004971161451944554,0.10093084315953207,0.1542337317202181,-0.024737676858289953,0.1230413022519113,0.03757277804037502,0.11551027059948461,-0.0012570657313519613,-0.002580337628115195,0.0774383132693612,-0.02840943280640436,-0.022323105182958925,-0.007213888129173105
LGALS8,0.010564364849283529,-0.011321817602483263,-0.020511466526928816,0.032171859139617856,0.025776329686634375,0.05338456486866541,-0.041745246567405726,0.011347612505998448,-0.020951519774064533,-0.0009998529518191657,-0.03683809426568485,0.05669292503431252,-0.005752987547263619,0.12206895586975401,-0.05199918548779892,0.04527820164299376,0.06146667649117549,0.05731157269054888,-0.009031049338170689,0.040798121819293785,0.04323429228349318,-0.007144591315092422,0.06757826391269915,0.01837554241536162,-0.019114698119150533
DKK3,0.018210210821511027,0.006423905490004172,-0.052779567748767374,0.054290986795602854,-0.04161066449885698,0.05608995551392622,-0.06885366996674461,-0.16976228597393245,-0.03995598305437942,-0.04478599459765625,-0.001039381372367341,0.017594960842421188,0.020583453126482697,-0.013533699468017784,0.1267131530856336,-0.008221138081435497,0.027694199949648755,0.057808048740274294,0.0960666487519807,0.038917842704037656,0.024183195873833926,-0.009758508021322396,0.08775502534198894,-0.08088706481453323,0.17764553095156663
COL16A1,0.01641685407963604,0.05383061622517642,0.05037735879149825,0.03430397787538659,0.01743722011492025,0.04824935428281051,0.01136775980339194,0.017822838081666483,-0.03242044054761387,0.02719598419427091,0.04147806191290912,0.03612089680101699,0.03263317725666738,0.06679839810138807,0.17112920051538597,0.1384643080404902,0.03563454038512299,0.049200546441602606,0.06565498127641616,0.012971896958563557,-0.011473600619419941,0.002783638085270004,0.09729838840454275,0.13524990659280292,-0.005750450001414253
TPH1,-0.0020605435892341027,0.03246325421606758,,-0.012998913705998308,0.038992982493651115,-0.04815204968773725,0.044886958427312613,0.06820764663896983,0.0013981302255357641,,,,-0.028902686682311232,,-0.0665190734013191,-0.011938905241302467,,-0.0265030862426707,-0.018290506243233,0.006345446369149655,0.038394198338823515,,0.016427103229040573,0.12339706057457363,0.056063237377080216
TNC,-0.03192965652421778,-0.0490967358712316,-0.009869597747785373,-0.03630805774415592,-0.0010528448624283972,-0.15800334293788984,0.06747478946728865,0.13977259898072977,0.07660876318865213,-0.021420640279845363,-0.04846673349281351,-0.014560701052428246,-0.0015173798268358883,0.1403351091161558,-0.15130091632210435,-0.0703075306218914,0.08126135917970372,-0.011984697831389737,-0.1117231189278945,0.025441652375013214,-0.06407979360086165,0.02799252336633257,-0.04464248432591189,0.005864660166235455,0.011674958924828597
TNFSF9,-0.03498823270999517,-0.06534330682106602,-0.04758178349481564,-0.0311403589458499,-0.05397727355890835,0.049375608880139144,-0.018396952685004634,-0.09174824252788483,0.045005840708777445,-0.03237343550878075,-0.0014354868912745396,0.0455882912291278,-0.016339603233941454,,,-0.03452615443227305,-0.00529749886699473,-0.02603952665032082,0.027515223166795187,-0.010574448411331783,0.011436339507417051,-0.021089072476592575,0.070139465663645,-0.04832559634315494,-0.05191432664343124
C4A,,,0.020038135901675996,,-0.0025616978666781706,,,,0.02725194878982578,,-0.05337175341830133,-0.026148955478197903,-0.023135001712818244,,-0.04114452951300635,,,0.029076732878195732,,-0.012979956716569025,-0.0015099343777427569,0.07205227510604738,-0.01974511218982345,,
CNTN2,0.029600185519211272,0.07232153983776908,-0.008463316751745983,-0.016085467148403903,-0.013697072254263266,0.05014903000904534,0.10019834843315707,0.010724437521323581,-0.0514063627396255,-0.053763445017466084,0.027521335495998476,-0.027687572111439032,0.04263490497788443,-0.05681547744685648,0.012604580652085522,-0.044473054750699174,-0.09627333791075846,0.06201014542575697,0.10840603189795776,-0.026273098370037967,0.0418525708427566,0.0491986422965665,0.040068776615213686,-0.02873254621542552,-0.11031097983378896
F7,,,,,,,-0.00196087603271347,-0.009884049676345064,,,,-0.023839403403836276,,,,,,0.017425405450129876,,,-0.029622174868386423,,,-0.03208170809495273,
LUM,-0.015827252253553147,0.06455510686232682,-0.00909878973702537,0.06161137400159038,0.021103462316951815,-0.028414797302051133,0.04075834588565337,0.1448324430770728,-0.019710767699829834,0.008526429756006355,-0.0665712361457049,0.018437153890954187,0.05707335464255264,0.07586151877907396,0.13414864917325947,0.000917265670039829,0.07189009307102336,0.07211049077843906,0.11368401373553133,0.032513344025706416,0.03807740545219499,0.013095325209461417,-0.15641658945629205,0.04938680716171606,
IZUMO1,0.010089812759366453,,,,,,,,,,,,,,,,,,,,,,,,
BTC,,,0.06707912571757911,,-0.049629008310569274,0.048646922076260944,,,,-0.010043396766494257,0.05619898121533859,,,,,0.008029113614927672,,-0.03250822213221988,0.008614730394927174,0.05479935418720307,0.06564068925890588,,0.11666036364637523,0.08960075252556723,
APOC1,0.0464916416593807,0.027391843478694704,-0.011214038871843,0.033069936916550406,0.036639457877585636,0.10652870795626733,0.06613768331568964,0.1826080470669172,-0.027471753039434086,0.0301941794811425,0.020722155697264735,0.009910405208213305,-0.037395133801086264,0.21367010367229272,-0.0737768562902035,-0.07262133804298906,0.17360558313873933,0.010681018406334257,0.13217511571953222,0.0400143722224885,0.06311408066054586,0.1465707138429576,0.21593412426755995,0.08468906542509826,-0.1383891607362485
PKM,-0.033389990382440664,0.05522643567519999,0.0013248735972158144,-0.13693838056680221,-0.010115676448646355,-0.05966313752039985,-0.009763150150284857,0.02993877421529827,0.06256454831756442,-0.016549133488442003,-0.023906597778751978,0.017496619683709594,0.019845280906188256,-0.0003993548888639089,-0.2880692115329321,-0.07450279780843143,0.12510664309506356,0.0015218162068911271,-0.14542619897133308,0.024024234876044385,-0.08474158334807812,-0.06837231837723298,-0.02865839542901181,-0.006224644976185164,0.0831329452041749
TNF,,0.04430215224590692,-0.021089526754857736,,0.06486638153749699,0.024327534405420966,-0.025122083285822442,0.02007920952391398,0.053422044160443,-0.011228886800771306,-0.012343312268418019,0.01580079129157212,0.004641819350597123,0.08951364867969333,-0.0579633718445184,0.020905053942696185,0.0005569895733935914,-0.0017265191395453379,-0.030734790209842773,,,,0.18589805356464872,-0.0016566471592775666,-0.028422157645020252
GNAS,-0.04875025096308719,0.08838507112660172,-0.026169663603236908,0.01273134570703961,0.05193057002593795,0.0625818700817721,-0.03275995494079503,-0.0937701508119364,0.02105063231561785,-0.05072343270728422,0.0077023593256025785,-0.015982680996862317,-0.02113437026102151,0.16574707122325705,-0.10772348670629418,-0.024016528181696934,-0.04073656540832776,-0.0562172052421721,-0.08186193719777884,0.02973194908302125,0.02228114298592801,-0.037529980766723585,0.09046624328779036,-0.048231333656888815,0.05541322462724675
BMP8B,-0.01025813357622061,-0.007424886895457541,0.048715621157418926,-0.06506232635398856,0.01448744782273797,0.003314682263069903,0.08199414905097693,0.04898051829257946,0.039699936379322384,-0.034457559313370446,-0.015438617686641537,-0.020090171677352813,0.03602040156499908,0.13563227519685606,0.014163828563385761,-0.01276171417625588,-0.018478246266149027,0.04081655372107152,0.00460779395846457,-0.0012761278996345723,-0.002727361935964588,0.1385416748180225,-0.0856176662048585,0.02739454720955437,0.010855358950995838
LIPH,,0.0638716631846417,,-0.027922979143615235,0.07503548153999004,,,,-0.018526432679767935,,,,,,0.005602294131913449,,,-0.0025119621706958064,0.03829546847287701,,-0.0007802638836073348,,0.08247058845314131,0.10525313054568008,
CCL28,,0.054739190052238554,,,,,0.018853485848933527,,-0.028527658538399593,-0.026364987067837214,0.025381002622750524,,0.0032236774274789306,,-0.03064944848504529,,,,,0.03930244313696431,,,-0.016691680590167374,-0.000433094778455837,
PTPN11,-0.004820087738461541,0.08237122627795844,-0.01451367474509598,0.03498034850026031,-0.006016307638221416,0.009945469106175737,-0.020677974307119415,0.06014787684655985,0.005767279688744944,-0.012429643312336824,-0.04768369933222764,0.050763251418496726,-0.005726551366686727,-0.04525150851957042,0.01712162949492507,0.07596625885849916,-0.06304372147200604,-0.057808210333089326,-0.044557028830611904,-0.07015582419181925,0.06385999116795311,0.01742386578440107,0.06345450826842197,-0.06803509590617006,-0.07698878895979187
ADAM12,0.01359534250048667,0.028863964722745956,-0.013160293266402686,0.026726211861228782,-0.03328945370451945,0.01754986603408446,0.006848923545959213,0.12292516935747638,0.00538639910582426,0.025833721712852486,-0.07541331853515304,0.07685990219818067,0.044459582860160766,0.03339093374734131,0.02056474964726703,0.01456564941843888,0.03479138407532289,0.009477639201704424,0.030151975905227803,-0.021998511658431738,0.01160758592005731,0.00425365442527059,-0.11214020627300696,-0.050387184040715294,
EPO,,0.0839919908018973,,,0.01152651834324326,-0.03500877225481076,,,-0.004593113056825179,,,-0.021675705477622154,0.007955315313692236,,,0.00647798291408326,0.030048533051526834,0.016862687334252356,-0.02406095584889595,,-0.03809100174871743,,0.1396363231038988,,
EDN3,0.0500054666749408,-0.02955732732344138,-0.003579949470329368,-0.03293783635091476,-0.0007538366359325425,0.02159452127649235,-0.015103944971630574,-0.03486853119956489,-0.030043062670746915,-0.04291931397031294,0.0232430027876502,,-0.020985941009217066,,,,-0.0345340369315776,0.022419343947110457,-0.017555955304105114,0.06633448541222149,0.03374503191728528,,-0.024699953346107095,0.040006191531163436,-0.05066406550914126
CCL22,,,0.06450345924203466,,,,,,0.03602996009570429,,,,,,,,,0.009337973784463594,-0.018916461681255107,0.046707500326062266,0.004531548369318125,0.061087452307447596,-0.0199149392219527,,
CCL2,0.014561282341203317,-0.09016658583136376,0.00044739476913841934,-0.01731373439250466,-0.025826255068510478,-0.12518079360343679,-0.04990840645121793,-0.03939299613661025,-0.04521695873576912,0.02129542646713862,-0.038173263265090455,-0.006805818148556562,-0.040088618669717364,0.11098284268132551,-0.058218621299394334,-0.04277192293116513,0.01837383936240802,0.06849910660906418,0.011076861945627103,-0.0031278332777965948,-0.08455321762613588,-0.0853935536539711,-0.07751984461076851,-0.007113416883008052,-0.01705924132250957
DSCAM,0.03018855146796231,0.07738847519220432,0.0007801163204739755,0.038034426225291275,-0.06323159405768262,0.030502217846390418,0.05389656053242213,-0.009412654052953754,0.027544565698678174,0.012000102381671929,-0.06649205896839101,-0.006212624726261816,0.06610480399371435,0.13919364163320153,-0.02258203863480503,0.028403243218456293,0.026973071740034014,0.02663776522140009,0.12610925815209512,0.01982763461968903,0.02063479737628715,0.03337577871241588,0.06529822804476683,0.03868980549744649,0.08500088198302383
ANG,0.0471098790554392,0.03981980644210411,-0.0022092499619498366,-0.08262156543829807,-0.03699851442838656,-0.01172000942219633,0.002155387557366482,0.04218640410242511,-0.01755904516888585,0.06478856828054229,-0.04717444437659342,0.014869271725619557,0.03475745868290803,0.037922943958402094,-0.05242946566960899,0.015911569441348746,0.07685329951036214,0.05955871397441793,-0.056283438622262975,0.08752510085768607,-0.03014360270374573,0.022007822916639476,0.07533032625943044,-0.02495522574724921,
FBLN2,-0.0015296153681508275,0.04248915752384594,-0.03829346248964172,0.24728786226661748,-0.009717015293857241,0.06187174399411639,0.04435124901281621,-0.04015157820350471,-0.016783828800611706,-0.024185571069502698,0.0290103755889981,0.07774770964551866,-0.03229901945191791,0.0506681959122517,-0.02479823169533821,,0.03680508028203115,0.0783632761297909,0.0548698091237326,0.009412777587646881,0.08483040737436746,-0.020974457646727295,-0.023828421056385125,0.048548186508369916,-0.05130525386695452
VTN,,-0.05173445155597274,,-0.03257733075240278,0.08049089150629855,-0.014366274998170095,-0.023037875096048547,0.020592904677292353,-0.0052838258292212175,-0.0008220156150161184,,,-0.03192780014965572,-0.0432423451383572,0.042658598602854196,0.027823978168110875,,0.0555841560564829,0.00861489023124903,,0.014960035741232648,,0.07328955469803991,0.018590565859347482,
VEGFA,0.0204470302999228,0.039474224089304344,0.027224344480737468,-0.1149220991767575,0.02346127150760622,-0.07034265422060663,0.04229187034405662,0.05348657291405721,0.03475125762277882,-0.035908198566173666,-0.05781711920416809,-0.06158074719606891,0.012700692099100954,0.10140906200980557,-0.22665484817174963,0.04738061175186072,0.1258721073281729,-0.06927923287912555,-0.20879824763834284,-0.03901589493469447,-0.08407891384595632,0.0690022675895639,-0.0812361186138497,0.017189342881844576,0.004077751703999285
F10,,,0.036940679438606454,,,-0.026889433088180356,0.09158605128086043,0.0896161752980008,-0.021253301350524747,0.0010566770944171753,0.01749264435740504,0.05415058090715014,,0.04720104142185169,,0.058275875548878225,,,0.01768404272217311,0.030925815514993637,0.02180642214664195,-0.005206676364939112,0.013612401462633069,0.02257134017539568,
SERPINA1,0.0007869240714457262,-0.005827450058968696,0.054502828243087394,0.0794366730275962,0.0017779826459830002,-0.05605621669673179,-0.03180765801318808,0.12158488715797723,-0.031336606463146795,0.025396558386872704,0.03468779429248515,0.026225171925109442,0.018845623523564066,0.09853000351718645,-0.06071287634729141,0.03364570685279044,0.04070387190761909,0.007664927426674905,-0.07865820306634995,0.016964234043545707,-0.058859483125404816,0.04048186186597545,-0.01472364168009563,0.025508513361045804,-0.0022774930460728944
VWF,-0.0033561287180148367,-0.03540018405166255,0.017442471446177384,0.06904826470037706,0.017188921678877346,0.026290724846563505,0.03844271395098388,0.14982477379286693,-0.04040841393045869,-0.06107710396906379,-0.004179395211741582,-0.016853810456102073,0.024082247249951293,-0.04472674591896656,0.1050630889733239,-0.004163274413056255,0.09997610669001253,0.13597275278891915,0.07587663557578601,0.016724574273383266,0.06642915812171893,0.06623596877005872,-0.10050520744436259,-0.0463583654249368,-0.014754870214635707
GDNF,,,,-0.0027526243545685208,0.005726196149669827,,-0.0053075529311324915,,,,,0.006032924148746646,0.03574172290661949,,,0.023168056051187904,-0.009047175466629743,0.024141685191149332,-0.0027166460833301155,,0.022996376402833318,,,,-0.037756728377262475
VASP,-0.009117351463906555,-0.11918211961822382,-0.03634337087214184,-0.019893266071696038,0.023732575398107865,0.08089160843031606,0.018130827673370955,0.10853553971971187,0.028142390760615817,0.013404668825668107,0.03834145660086297,0.029641820604918427,0.09095017942928933,0.06697084524885324,0.03161281928813138,0.056119731883134696,0.139667060004708,0.011362220492277732,0.04241227210706737,-0.014666871168419708,-0.02255697175206291,-0.006177211574391252,-0.08034814595153711,-0.026364577742917426,-0.00816068318240363
ADAM15,-0.02230671405029401,0.003900304841686105,0.05363080546957956,-0.007439360924786717,-0.014317661472857056,-0.021308041369695115,0.07033827247690207,0.01712342573529358,0.02278868577577174,-0.016530163824175072,-0.04796772139805569,-0.011018522441396254,0.006202718256590202,-0.05329023596742973,0.06732123473057199,0.03165394859922403,0.0036798396752548736,0.003542310669575019,0.021013625831162643,0.04412257432265742,-0.004440910264801192,-0.0035526093706307158,-0.012069956360804128,0.10342297306493936,-0.05868991743400398
WNT2,,0.03189238760232376,,0.00884738335782984,,-0.033567470413585876,-0.037910972587437586,-0.08776035954728903,,0.04542063811038129,0.014956849261041339,,-0.0038413517270160335,,-0.044478231089550034,,,-0.043152798332885975,-0.03655119795786684,,-0.02029683082612149,,0.018352667950746297,0.07620375387166152,
CALCB,,-0.04423753095038679,-0.029787817124856796,-0.049709816468695274,,-0.07540543274776969,-0.023351350953317408,-0.026275634059404387,,,0.003562284897074456,,,,,,,-0.03776659140236787,-0.0013117234585801071,,-0.017671852874079016,,,0.04663585059364635,
OLFM2,0.03970479081476207,0.03316168409009685,-0.013469920014147525,0.036189833415264265,-0.049371474466266586,0.056220319279278695,-0.01341421371488173,-0.06650447986645935,0.05176554056547122,0.019128942928917265,-0.005180222342829427,0.006268984174910341,-0.016809860903304337,-0.07165125404312025,0.18338678206543732,-0.02806677522931968,0.10696498149304581,0.012681075074213146,0.05002016036189506,-0.019884626558123043,-0.02283196929302571,0.0571258159084128,0.1764928244169432,0.049919896379543895,0.05981951119333257
MFAP2,0.01045763917501563,-0.02257113216444909,0.06857940149910555,,0.060423545468557396,-0.0329482897029863,0.06346400659011794,0.13506343220831504,0.04065608830190504,-0.019814790330924464,-0.05843652252945502,0.03898617528393245,0.018915410037685553,0.08642986872221271,0.13590746153022723,0.12255432371729351,0.06624480676038917,0.016418658754554723,0.03652609332156724,-0.009428945927870894,0.06994346200150443,,-0.07022777230402416,0.032892077780473,
HLA-C,0.015771042848312728,0.07718525462290715,-0.01438792673967533,-0.0427015017821313,-0.007639338060829911,-0.03395489765746141,0.0043472582322796795,0.15795971527661753,-0.042368927557855034,0.0077273890184434155,-0.0015914801967519129,-0.011633873763775818,-0.004507147348513587,0.022358589937717027,0.012899607629261343,-0.022156021106929304,-0.04572306549571945,0.010947590498740764,-0.0791304671209888,-0.005490695208480237,-0.03219807918130931,0.08686623072357774,0.0576013657033987,0.0026339999574280628,0.06006992802818119
THBS1,0.0589973542822016,0.005155560853491434,0.010292826499542808,-0.03581182084746482,-0.01845688999836625,-0.15314380220261162,0.10202604548077703,-0.01907244193386137,-0.03195069058954584,-0.021297456241618315,-0.051667401436544094,0.0497390828724812,-0.003905701318392305,0.07907988583987931,-0.032113465494790654,0.0027817238059959027,-0.01503732071222647,0.052562387516680124,0.001713919571496059,0.00905131276210529,-0.032060916112540194,-0.11315803957947462,-0.2509291026020416,-0.009640923820298814,0.011097787171456241
HSPA4,0.021732126242801658,-0.020777225739218405,0.03467352529779297,-0.013955741764057365,0.06231339094353167,0.06177063254328066,0.08777564674141614,-0.010198695584013455,-0.015631239969184075,0.023091938913889064,0.06283552880755951,0.059539894349289184,-0.0018209418922142727,0.02344450781122404,0.004044628970542963,-0.08996194879511288,0.021227253642450174,-0.011178591113461707,0.013651989852603354,0.04493152314102013,0.010395389805209055,0.0941056134053933,0.012464177314869297,-0.06434972747125892,0.07308744144546671
LMAN1,0.02654376726038372,0.06765371269778281,-0.013036970634793183,-0.05942932168327073,0.02646113020656739,-0.06919282773238801,0.06881309227202535,0.1266291558835807,0.004793615368067411,-0.04160618369905518,0.03768780204826966,0.03383505757680983,0.020053898186554342,0.019146112864403396,-0.07110044909121986,-0.0004973036355559911,0.030876319516014477,-0.00904816859736122,-0.08101242269939572,-0.04478522610613188,-0.0006238491570594177,-0.07489704223403143,-0.14767897537081323,-0.06804315678558225,0.12448766719947445
LYPD3,,,0.06100026913138765,-0.03828892860108044,-0.026104587738229913,-0.026015748728505653,-0.028953948975282286,0.04889367162762938,-0.01680388463336494,0.012260026381294593,-0.02330033493031141,-0.047211808678187125,,0.02194641510289102,-0.05255611397236565,-0.0060135521549983285,0.06396360614065491,0.05767786697952607,-0.030996813603754426,,-0.032791322826549625,,-0.023903954311015642,0.07873784008058275,
APOE,0.020797482835347204,0.06271233566544868,-0.012065047505727103,0.05422050192655828,0.008739832627725172,0.031283090801287924,0.039970864334427494,0.05187291436202345,-0.03831124515280547,-0.017079034732805816,-0.026121747013117494,0.023553130590870188,-0.009603068868000782,0.021172144944714828,-0.08235507186362988,-0.06705890111211814,0.089365204339794,-0.015711592295183867,0.0698866784749794,-0.005153888140156897,0.03811604366039007,0.09150824138090781,0.13764813009578195,0.013132687957294428,-0.05746097472691487
SOSTDC1,-0.05419036509681087,0.053835628719542436,,,,0.04506257563787061,0.002801815980088946,-0.0048444757721218725,0.047018092081804866,0.006186903629141591,0.03076121241014376,,-1.2356465217029662e-05,,,,,-0.04647960766572003,0.06722977890984091,,0.03077452256330461,,0.0569910224438262,-0.032114844698743567,-0.05355059024366965
ANXA1,0.06353577131352604,-0.0004878477522185886,-0.02722369061572834,-0.07106375171765021,-0.010546225942914364,-0.14179965550771673,0.03299094266209129,0.1404698487941234,0.007318229751809421,-0.019563059164548792,-0.04699146864771737,0.024147948267578715,0.00021545210774006634,0.016300275431108673,-0.06912550447995301,-0.05982764213957863,0.12815206762093986,0.007307045068522834,0.015459764393588073,0.020716906283558045,0.01708787353160296,0.1257004370453247,-0.018432978075492115,0.042563167703497926,0.06222213310318325
WNT2B,-0.007430851316164197,0.048051716737877725,-0.030076005145113615,0.002739392182875364,-0.011037366052145677,0.027272228869116913,-0.030077495748923083,0.014410823327807002,0.004923406397911991,0.016911823808046594,-0.05448554201924738,-0.03727263233510681,-0.027494372953173498,0.13532900960537858,0.05565978528572254,0.02605134118298001,-0.012980926254090048,0.030288578947421724,0.06741430372234164,0.11852818955688782,0.03618738900472722,0.03543691722586612,0.02081043523866889,0.0609723511615879,0.33355633743230295
AMH,,0.003540318919058218,-0.0043782179202268064,0.026199764166357713,-0.010746373362824385,-0.027833266831788328,0.007540473490533487,0.020250412247656474,0.03279381587844178,-0.013868228697239348,,-0.015484130929316614,-0.03004230597638378,,,0.07522666165224866,0.0642243947679501,0.0699807596725955,0.00872473990163915,0.01263167059710518,-0.007067895456870915,,0.09193901495389879,0.012912623139926147,
GDF10,,0.057884530467708056,-0.03676234808281655,,,0.014418791573057537,0.06138550835357372,-0.05414213845373559,-0.026103692365809103,-0.01619889972437591,0.028505445644028557,,-0.009643805564041444,0.153968803618684,0.06647677462754954,0.07275285876354805,,0.030331781921003196,0.03341525791342111,-0.03415332705806365,-0.028362482490294664,0.0020836443080891657,-0.045021826454535244,0.09747164735453362,0.04966378374835726
EFNB3,-0.020987708487267807,0.05961848020382004,0.10093928465139054,0.027391233387582488,0.021422262596524296,-0.013018441826425947,-0.014150592865341007,-0.032201152678533324,0.07187097757622174,0.025334888896922,-0.028053346424172364,0.003649637077389116,0.013284239637069924,0.16494517471665074,-0.024658277404835355,0.05521986808805915,0.09228157528866274,-0.012053557620915468,0.015380295802727754,0.03423030056109454,0.04523161461689737,-0.03209269012912804,0.1650136544698724,-0.007201636561191965,0.16561768406468994
LTB,-0.0170789754345327,-0.004513504135776866,0.006554966209886982,,-0.012355627962746482,-0.04677562421104632,-0.02396664757011697,-0.01574272499607852,-0.024877349191192548,0.025032088179980427,0.07581384287935554,0.047237916489960285,-0.04598406028157338,0.07186885083448472,0.11830947397854882,0.06456999390631185,0.02586522087435648,0.014718253683406584,0.08111455301995182,0.03057245504140144,-0.03672708220442163,,0.051140469910323366,0.029376107218226255,0.07972318774406371
ANGPT2,0.00974000697024295,0.06426787143411433,0.015336249908224969,0.04590969611817164,0.051491581701758174,0.025590179110538964,0.08505712488708969,0.20550779249137552,0.045815860478999604,0.010984351774408273,0.020232046051048464,0.04916298282527523,0.05728763367641469,0.10095838219226613,0.16950835925360574,-0.04914669204158094,0.08863108505974868,-0.00839682728338394,0.07800266437757929,-0.0015943491027831343,0.03502396295381574,-0.0037245368332837867,-0.07977100970007099,-0.035135144303128384,0.037288105145653616
NRTN,,,,,,,,,,,,,,,,,-0.028423256852328032,,,-0.024379758056070667,0.04927711563565179,,,,0.02771714402594577
ADAM17,-0.010311043970463138,0.09206553452824301,0.028310897337688195,0.029521715934127907,0.0020994740121947257,-0.059857918407211524,0.06806149060867739,0.1393196610156464,0.03547592430978667,0.050193221882273216,-0.01862183685797864,0.024607528510137602,0.027814782261224236,0.03840459892920087,0.11922092895026207,-0.04599882047725618,-0.06847197050892803,-0.019099152226464095,-0.01361078108258056,0.015898796248351495,-0.06676900383386689,-0.01350814363093151,0.013503252932990394,0.05867107166511679,-0.04708051213134747
LRPAP1,0.013764282393821714,0.03206126605844609,-0.02290153496507118,0.024563557325092744,0.020482858968522057,0.002794088892561471,-0.034002430921686935,0.06023403537744014,0.014049477153495887,0.013522936015013054,0.005531843030011174,0.0005187409921545892,-0.027702531306250132,0.048264516226083985,-0.011412269531903215,-0.0070633337394944784,-0.011484081785901422,0.0849270672728354,0.0708097120549844,0.07473248828480351,-0.0014877523780291097,0.13681788992890676,0.10039924329310454,-0.012877923999282252,0.0490174681334148
NID1,-0.04011705120964334,0.03363338058233338,0.03951581858050508,0.042859204958802084,0.06633837547205544,0.013417667224410977,0.0653115155685857,0.16438262487555808,-0.0462620351908865,0.005590995603472911,0.01498429629425769,-0.04420350061674971,0.05934863493357726,0.025541025495826968,0.17459468879035409,0.03402155332078105,0.09951001819209157,0.030683490873228428,0.04979928003821587,-0.01761679659946852,0.004613354199685894,-0.014982317133080117,-0.1561941646275047,0.04287809347624925,-0.04030501153366267
MST1,0.026154290121865754,0.07261275827895296,0.0043481637250438075,-0.05571746326245911,-0.04748699003417196,0.04129524291261435,-0.03895503139451588,0.10885681220224759,0.06471219640256551,0.027666398842180428,0.004629423672790702,0.009418298798052041,0.01270778968573974,0.08003636907972064,-0.003458924854315327,-0.02913853030913413,0.015419382001150983,0.04961875001676601,0.12125980750003536,0.05307612918788992,0.029004873313911318,-0.02284202837325723,0.12698590149881678,0.07989586811721426,0.0649328920405008
CCL14,,,,,,,,,,,,0.036318721609866614,,,,,,,,,,,,,
IL13,,,,,,,,0.004957175395397365,,,,,0.0015914476799796552,,0.06873099006459792,,,,,,,,,,
DCN,0.06384541802154045,-0.03555596152591997,-0.10829936990045468,0.07295420096071208,0.05172019351704139,-0.0331584142716555,0.020322563589415987,0.14371070241287415,-0.01712271115898355,-0.020749781451208132,0.016478269760718527,-8.216461667879773e-05,-0.012969289604849386,0.019313239085208156,0.2026374927409533,0.018273822863486024,0.047461746208862746,-0.010875393301431452,0.0703935066072888,0.06710865944870463,0.07179663141154631,-0.009263989848466566,-0.16256675796591127,0.05363474109005542,-0.028760053679143936
IGFL2,,,,,,,,,0.06265935195621629,,,,,,,,,,-0.03526230314483409,,,,0.005520686486586038,,0.07551457662556951
COL7A1,-0.03664509038395435,-0.06009003520818831,-0.017870978926008693,0.0028167675792144294,0.016466432377178566,0.00888753763273634,0.006421594357868326,0.09757336776192285,0.0680737071389069,0.00449351615386054,-0.0034901030659322554,0.055290387073186405,0.0980424713870676,0.0996444888961547,0.023583146656934933,-0.03719269905918657,0.1375599602171079,-0.006060128945682515,-0.03722196210710182,0.08083084053811214,-0.02793890550009328,0.1053571328738966,-0.0013039970168401988,0.08269290134653988,0.0556609849532827
CALR,-0.07679813694874855,-0.08254611650753509,-0.021277364735722355,0.03456918365650186,-0.04516009448536438,-0.06440226877987533,0.01976827152110502,0.13480719471214572,0.053646794332821664,-0.03181834155432883,-0.054709938195835355,0.013451271004000055,0.016062830639572364,-0.025646315350966988,-0.08964339956193121,0.0026054348039122096,-0.08799413576548064,-0.030824012550739646,-0.07294988634905816,-0.037787274019294124,-0.08617307697557197,0.014731287398376366,-0.15370112098492095,0.029891538378491476,-0.015753249274862175
PIGA,-0.023261952513737007,-0.027628147688092925,0.030853100542868418,-0.07733173623075566,-0.03809237428845138,0.011101201770962549,0.04842356733946156,0.06265125076873945,-0.018729882138887145,0.008007565059995746,0.0012592141806428323,0.10490803705877062,0.04571838465024397,0.03632644691141127,-0.024075088893126505,0.020149983328220964,0.04647223692755091,0.020904281596864627,-0.016981585848226514,-0.030643932493910127,0.015191081779502444,0.025224524573614383,0.07374064529677725,0.06295822579745369,-0.02144298843512694
CD200,0.002907527519691948,0.03997060157350261,-0.04041500798819458,-0.059601571379082174,0.008770019109067878,0.047634597718813204,-0.0067017767322713135,-0.07995115046124228,-0.018617273953973456,-0.008052988794282541,-0.07120097172987747,-0.012875492166355569,-0.0013672849704341303,0.050696990418840134,0.12867904942937694,0.02383885192345133,0.05131935579273683,0.04821220678332325,0.07089397689609907,0.04844178850237223,0.0543344351993113,-0.0501033451367684,0.005192522927892564,0.025201941652695105,-0.023301330441005515
GRP,,,-0.019634769174650086,,,,-0.01883291871301535,,-0.011892041785805323,0.005047842145433423,-0.014600378093644452,,0.025239850822235094,-0.023545158779959753,,,,,-0.03324364994256807,0.01617466215829959,-0.006664363015872016,,0.015846307494755688,0.01881939163090366,
CDH1,-0.009792002730065539,,0.005448888422822814,,0.007356227932190319,,0.014434036279806177,0.08977083553585943,-0.04349331015025438,,0.019449267376873823,,0.04461849483415543,0.060822871430453125,0.06453263372827998,0.03524610948040093,0.009399296363982824,0.05572316107471771,-0.02671966270964998,0.07898596529654832,0.028848215114800808,-0.0321387437219099,0.0807157635824463,0.04371800582464384,0.12837131907068347
LPL,0.012637201177206446,0.060071304408513077,0.03592117229439897,-0.04470069812715102,-0.05938926188388483,0.05232964665878985,0.01462778989247696,0.1523043761247627,0.026920965691229495,0.05572717237334815,0.023035371173877075,0.018293002093318578,0.03541890533822801,0.16568470315588643,-0.15700003971198984,0.06553472604904638,0.12657406197170631,0.12962385627527825,0.14525616931533758,0.04651665056881661,-0.03325991646336641,0.04407523804165016,0.11541113792292859,0.13424997410217482,-0.046882102782326435
SEMA5A,0.011763408476761276,0.042385870397304244,0.016439992124277113,0.0944505473216308,-0.02392361432211479,-0.0055202928511095236,0.04069231967033221,0.1076489804151353,0.014799065271899446,-0.012896872701861612,-0.13046714436298015,0.026077849795907514,0.0487737098266351,-0.03953098003432434,0.0945167788135063,0.0574510251032146,0.08108686771972613,0.05450036570323386,0.11192858073193261,0.09677640482480336,-0.08715298974714106,0.09066931135549952,0.11376167038861769,0.06331374101566128,0.03250766877731552
SEMA7A,0.08797035723664011,-0.05213333695647182,0.013705811593329236,0.0026990588172639946,-0.013434142719029056,0.012619405890357276,0.09442609531016216,0.041245381104105854,-0.002541072309867477,0.008217934616839152,-0.015542365448679808,0.029189345062767436,0.09395337459087821,0.005638593463794552,0.10453277863307076,-0.09475819061216048,0.005685707866480393,-0.035786457762977265,-0.0032926588141292267,-0.02240748359372132,0.01581480536754806,0.03408934552419023,-0.010230670619263315,-0.004659781877310425,-0.09031192892046234
SEMA4G,-0.06417514934206232,0.0793072943697623,-0.010241364000833402,-0.01890831440127877,-0.039621397048356384,0.0504197745638235,0.013900511935792788,0.05164194772524341,-0.039358270119740815,0.039341887124038265,0.05693880943255773,-0.006358202898457839,0.008833318938697932,0.1303664738724322,0.03973252134438469,-0.040992179575257755,-0.011216581623244121,0.04773578213782103,0.11619801547814144,-0.09628009286628612,0.004847286384590792,0.07399355684706024,0.011605082750056107,0.061044965025837755,-0.06372680662631254
SEMA3B,0.005707755003706239,-0.018818584874317097,-0.019059109092630946,-0.02019420404520775,-0.00651512103618943,0.0220287091156385,0.03135480757077756,0.007842170211260165,-0.020069264371196587,0.02973759356792593,0.005551137941529363,0.04047802865952306,0.007463453550886672,-0.09913052701084825,0.14922982596004347,-0.017693535749044854,-0.03133456480960176,0.06481025094556661,-0.007929822483086412,0.041201983783381746,-0.017109451714648612,0.10698606739887696,0.08692610128949764,0.0688092111479981,-0.044042804757724506
RPH3A,0.031751733795149346,0.07153917740514618,0.016922208481137988,-0.01104837629033305,-0.004705793073341173,0.010954546177643092,0.015525325285894788,-0.10819286796774692,-0.017815361200459047,-0.01587621123306597,-0.007783071162195098,,0.018344051712019784,0.11903900699526686,0.15842163889465485,,0.0670396091810538,0.07052819149411449,0.045849985080968825,0.007493320889700116,-0.004770462463598982,-0.06335908753202107,0.007576731093606017,-0.06067176371752353,0.05927644386044577
JAG2,0.004146214359280195,-0.07420598841683589,-0.05515722086228694,-0.054217604178755915,-0.001259037525423815,0.02162160357258038,0.0058287523448538004,0.005366921499332573,0.029666142076445762,0.021434676419247282,0.03824233212755378,-0.0038460215054248303,0.0436750935599246,0.14628417169170257,0.05356130939541459,-0.06425712347433127,-0.0021988088377881266,0.07289561606885751,0.0973011820900038,0.043136629879795836,-0.02712405659429617,-0.03383419627031968,-0.02729058002811732,0.040281861672318585,0.05764954465761609
CGN,0.017215105437917762,0.0389344913397523,-0.018261547292768205,-0.006680926422751176,-0.021851726228896612,-0.01725220614913446,-0.037910984498705017,0.19467497231513875,0.022338192413074005,-0.019822199559165105,0.06995321934512609,,0.024175252980250223,-0.011560206411142708,-0.03179816611903978,0.013059682513258673,0.011229668211915575,0.016492683091924837,0.034504985730500676,0.06419413854930472,0.0010920050274506644,-0.045454087209508484,0.08065777300519537,0.0075703230133969636,-0.035605986588618556
GDF15,0.010091946965959449,-0.04704349475290036,0.0019642928565127096,-0.12021396513185578,-0.006070547347350327,-0.07024000206016756,0.08865800601937283,0.10574770051700508,0.059047895389469675,,-0.00805336871879322,-0.01885467893680415,-0.0020398630211408736,0.15613078275044967,0.021072149131473927,0.020092326447517298,0.08318569270401235,0.08469850938192884,-0.008922760543254258,0.05756124383409696,-0.029614593018433312,0.0005094397971336196,0.08816613514173316,0.06312291454343427,
SEMA4F,0.007309201675815075,0.02956513677263208,-0.036557805441829766,-0.04800275640944526,0.002171030035858923,0.03098175120778099,0.011900020430117404,-0.09640200415433733,-0.005821427086132042,0.055409826490297104,-0.0015136338829985667,0.003275709510715129,0.020748652836937453,0.04153024427404824,-0.06409970311121359,0.012550856351958389,-0.01718824761230973,0.06634197048258568,0.12053171137602882,-0.002418790289747565,0.017731979939097715,0.025971692883290393,0.0952077613685347,-0.01561520104607846,-0.006041190365348418
NXPH1,0.05289634473597436,-0.009183814009462946,0.04086308032900719,0.02252869988877353,-0.0034692579797979575,0.05198512985045867,0.03417067802014044,0.057453266933074176,-0.06011834395068449,0.06968869537735252,0.02242488211526109,,-0.027795253993880303,0.11964810583375496,0.05097648507624923,-0.05909011884404271,0.09928942978819011,0.08213343784247658,0.11420013031935394,0.04148666378187594,-0.06279339350573152,-0.07304320513622298,0.19557581220825432,0.048539641897586895,0.07328307807463184
ARF1,-0.008981898922875832,-0.09850531789468732,0.005151798391162567,-0.004073815587903989,0.02460755658664411,-0.00917795155722161,0.013726722581522603,-0.12137455496756946,0.012844592522574137,0.027644377884209016,-0.017611584723705186,0.023959130553442686,0.0052601101592708605,0.08291820981475438,0.01876123621206947,0.1616758115985629,-0.03318168387207362,0.04581304933099799,-0.019636973877354733,0.05071949497666658,0.006553941321512088,0.022391750788429164,-0.1262863629478475,0.012068209624553594,0.011871379790784056
DSC3,,,,,,,,,,,,0.008697559066324502,,,,,,,,,,,-0.019402209295331405,,
EBI3,0.04698846671739878,0.01110131449778991,-0.006679385858946578,-0.01764850570665216,0.0251047586833903,0.05601554622283569,0.011935172981065478,0.031176432366683195,-0.03876684440470784,0.012457943716470672,0.036633461893518016,0.018633109702631497,0.07178037277450346,-0.0013187566724693987,0.08464505197778721,-0.03999148450311815,0.03569067884118522,0.061461619009542716,0.13539025522778647,-0.05442374992135162,0.003947137030451928,0.08605244403144703,0.13772180850424448,0.03427457208335147,0.022372606938854185
TIMP1,-0.03879895069216615,-0.06659157617681928,-0.009629971986875515,-0.04321326434587201,0.008118501575505869,-0.1506977052192508,0.05593422656657327,0.1340090770548638,0.03662656737181383,0.018722890087630055,-0.05454995989568976,0.00753294707467882,-0.025405309191822087,0.1555027330628189,-0.2167361826771519,0.007184996730412287,0.07689308552066818,-0.03422417754321063,-0.16293402879124952,0.05667786104061499,-0.040491055745682375,0.038300233546570764,-0.24139274674513372,0.011289044966352595,0.08707058812565209
SEMA3C,-0.054681267957672294,-0.04908252513924322,-0.007866451267253893,0.05389157647604385,0.024747612900311897,-0.026451888429815128,0.04086763647912508,-0.04386960227432554,0.019627089712474344,0.019334320589418617,0.013034722013367807,0.014014162857280925,0.07594976765304087,-0.012753392079090157,0.16182405613000972,0.16229373754832133,-0.024344926825369574,-0.04035304700213607,-0.045130200036320345,0.014602122947577623,0.0227431526652874,-0.019514593984933444,-0.012741683096342611,0.03844800382937077,-0.03777411473864536
GNRH2,,,,,,,,,,,,,,,,,,,,,,,0.07294686363384904,,
GAS6,0.02194261010324326,-0.028147144350836276,-0.02029033359202822,0.03588310280737724,-0.06047235984412428,0.07434113654373871,0.006562273785601445,0.10274770833150008,0.017172129168008782,-0.02387929090412256,-0.027606043430235507,-0.011568900623194588,-0.0034464376762987532,0.11516324924428252,-0.025145044088516852,0.0006809821430526132,-0.03889762250924925,-0.02513186640724043,0.059399985266742915,0.0395436348840139,0.10438112842684663,0.12778231779915403,0.11732148480945015,-0.009680225929649146,-0.019834242041610467
MEPE,,-0.03995191616809787,,0.01945490981340215,0.11798214975998474,0.06134366550588349,-0.02218215104480565,-0.047795318516361845,-0.0046606840292587205,0.0017641221038313896,0.02160838514329164,,-0.03489908514416492,0.06189540807005357,,,,-0.01616070930122263,0.027642366982251834,,0.031845347247875015,,-0.07104432190407721,-0.037522566224517356,0.13046800986438925
SERPINE1,0.05556206728446201,-0.0919707604112849,0.002906432320379435,-0.0715526292980301,0.010152870435561305,-0.1540408679278379,0.040330954266506,-0.06531256540858896,0.055066330549888395,0.019927927176327943,-0.040965683163123184,-0.05766132470715385,0.025210316987093532,0.27290238997718985,-0.07800590758468195,0.1411260819660201,0.05265104877040453,-0.05738573070368596,-0.15298357267873416,0.02986189557441193,-0.05170753303094964,0.10176691477966436,-0.2668085862284142,0.046654270017410716,-0.03946455095260357
RSPO2,-0.008561851345014651,0.0047256525451097285,-0.021819437278579774,-0.028337786573464047,0.10268405027402733,0.04254462381562553,0.014658726912952261,0.003736603024893805,-0.019564306378165166,-0.053917535888786526,-0.04868896491981332,,0.01854435644236669,,,,,0.003884722342783015,-0.00206082138816584,-0.00242133945086714,-0.012872025917526562,0.012941003061988369,0.08765821406114475,0.02621302794700731,0.013345633468998183
SHBG,0.06179444450319075,0.08418543771327253,0.06397810643625709,,-0.03334162914627763,-0.042615375848007585,-0.025729301623351568,0.09058167361733553,-0.03902856930507553,-0.0010762417391693383,0.004104035273432596,,0.014177529721844237,0.0854870215203318,-0.003926769684659513,0.021812949534356727,0.030189299814157168,-0.035075730014630276,0.011352572932917592,-0.02486845572082842,-0.03895034765880981,,0.05973286132628034,0.041557037334538596,
LGALS3BP,-0.02457942741793058,0.02803920360461369,-0.02825230853366635,0.04799215668147883,-0.059441214558855204,0.0006795019654969451,0.022517937745303904,0.11085226260312411,0.023700280332028523,0.014542554840593575,-0.00814829524361612,0.0051170896715707695,0.014264016684313187,0.06891030007305649,0.002144526665155053,-0.009808943918424013,-0.03091884498494634,0.038135531464720256,-0.035938959672854494,0.010976543629513474,-0.023739106357727184,0.12886821731701129,0.03595306162680741,0.07482785327960934,-0.03818581349317265
LAMB1,-0.02565153974444681,-0.017793784300263706,0.013159426335722061,-0.02103757091974312,0.03033516924782361,-0.027933513083025965,0.03554479939417143,0.1394535616575854,0.013000034242526994,0.0018776596357369985,-0.12170199722380239,-0.02485463994548074,0.06435303242358109,0.07871994102263559,0.060102427649021205,-0.1440950159568599,0.12516852047332552,0.01367801952922315,-0.020242054076328158,0.0381564486021704,-0.04431236660783443,0.044589123293782916,-0.15873798743951387,-0.017095436692286987,0.07765854564015126
SPTBN2,0.03708646431762112,0.06560073392535104,0.00999017649555668,0.09151232928296986,0.04117325789501793,0.07996921566494665,0.029791705896043127,-0.12229070597377499,-0.01825421708239774,-0.012851726257904976,-0.00803828203099239,-0.017186724721370675,0.006469811003975468,0.10736728462088552,0.14680904994832145,-0.06994214344618867,0.07906110650676043,0.005691586696384508,0.08386418707068774,0.11780686582229738,0.02090663026920394,-0.060617175311708064,0.025159176912350808,-0.05697980397233639,0.1192207467202277
COL1A2,-0.020775101802722445,-0.03099675734035706,0.0008900839708633023,0.08546291188167346,0.02272830869748321,0.009024273626431165,0.08379171313483298,0.17247240321322133,0.01832518765441029,-0.013604852965315332,-0.024068611750854133,-0.00492637382632424,0.027306571315839814,0.038504199924213216,0.22479362454193857,0.008053061662104035,0.039491728768389904,-0.01684877036996225,0.022174159992803113,0.03847032017581521,0.039822020124480835,-0.054631797696777215,-0.2578494542710922,0.04714656356749754,-0.03545245915612759
DEFB1,,,-0.02762046496435923,,,0.008121536974659534,,,-0.020471917911849685,,,,,,,,,,,,,,-0.029902291460970985,0.046033755628861514,
CEACAM16,,,,,,,,,,,,,-0.04334273442391681,,0.045623546443397,,,,,,,,,,
SCT,,,,,,,,,-0.018816215351148743,,,,,,,,,,,,,,,,
WNT11,,,,,-0.02328226720362112,,,0.007015781119436349,,-0.009597829877893187,,0.11569238302223743,,,,,,-0.01005928553598025,0.11106513353834054,,0.025984700295612548,,-0.06159958594743528,0.04785408198400036,
LGALS1,0.021235208535539684,0.01293581304652974,-0.03854558654547542,-0.07927604483057754,-0.011715053061938577,-0.1208182245976292,0.07157490017085551,0.03223609941315819,-0.004108737678207371,0.02280402132680425,0.0050884214203802255,-0.002472063624431143,0.025231810951006458,-0.013212969526238402,-0.16917583687336418,-0.07762434664403102,0.10313414632218065,-0.044986755297666436,-0.1884597750731173,-0.03479281193877469,-0.06395102921647959,0.14032872748468875,-0.19521669816907805,-0.010139446396344625,-0.0013956617696675526
BCAN,-0.022533834696935647,0.09171107191064432,0.08526317924543286,0.12574203841288673,-0.011647399085657957,0.10847000546865772,0.07586697352352306,0.20808750480347793,-0.04541071984424823,0.06516744872193618,-0.0050689269343292,-0.03082084811971888,0.05868907998238965,-0.14555544411969545,0.1671354080417373,0.061711564081177034,0.1549899226498853,0.08462066757123994,0.20919609412355694,0.023666297921002805,4.575357300900442e-05,0.044730740527510214,0.2527897229065866,0.13986900689672607,0.028872760923389286
ANOS1,0.0001979004535507132,0.05580709602437426,0.019003590539877446,0.015749785031065524,0.03419146992696702,0.031222326880460265,0.08596495889412671,0.15164628990233897,-0.0009217480568166157,0.04008545652274797,0.013559838131013068,-0.024573705196122758,0.05981193866485849,-0.018714217646451887,0.05824601155639519,0.07383072402939725,0.05461450330539673,0.030826435105667502,0.15866409428417694,-0.0006431147735531624,0.07163978880585964,0.0841967710493539,0.21970308760460897,0.057705217498604425,0.03672371862228157
EDA,0.030557675881167368,-0.0089527442410836,0.024195675534403584,-0.03287717452701561,0.08995640635398747,-0.0014190188819942849,0.05750412372242074,-0.018735632007851534,-0.029483157017765185,0.037709696451045105,-0.01710064445765005,0.05212166094670342,0.006558440558304994,0.0885210512114068,-0.07132805404154084,-0.1194208482513944,0.10225770825244664,0.025778069476803184,-0.01522533035673869,-0.017221505941197424,-0.022511893771191765,0.08023029712552876,0.07929482464553615,-0.03388786272452148,0.007222767637223622
FGF22,,0.02820178945244595,-0.003247699565588706,,,-0.033330363354694865,0.044512483479680044,-0.03418995798835202,,-0.032386668373545674,0.06952675011363772,,0.02222197036558746,,,,0.06452495097945357,0.05599335227212548,0.014005763850159838,0.01771722285916033,0.016089306620252177,-0.0257036272512256,0.023467195518927283,-0.024676988827093568,-0.001828563028808012
SHANK1,-0.0005668083814948098,,0.03735386626203886,,0.008434107898647892,,-0.02036631859706684,-0.03252957353929359,-0.0070593612537761035,-0.004380421935993164,0.008023486497897225,,0.018206193192142943,,,,0.07852662911168524,-0.039525890400182895,0.02668338849728378,,0.004208341388566048,,0.11372264815536592,0.038096762752089904,
NPVF,,,,,,,,,,,,,,,,,,0.006208175472868107,-0.030360651802044402,,,,,,
RAET1G,,,,,,,,,,,,,,,,,,,,,,,-0.022294025569018175,0.014633879405025963,
TGFB1,-0.018790272649086948,0.1200071375761199,0.09769291576298313,-0.03160397107143722,-0.01900029078639667,-0.04667915353736547,,0.0007059387901397239,0.05021303250847115,-0.008626375420516813,-0.020346204860435885,-0.0076464570323083346,0.06425130168886097,0.09601141642030082,-0.021836590016790752,0.09667655183791331,0.06873952242631559,-0.014931819328365218,0.03742083299639414,0.16187588734138647,-0.025214889336971694,0.08219709253891376,-0.07653747130798255,0.07884528612803096,-0.033666027339849164
MSTN,-0.002050489483457426,0.09460134217033504,0.032897851426127715,,-0.003743964977345131,0.09316497377923452,-0.007912094666042634,0.14606445608338003,0.019187031633115664,0.08450344587259057,,,0.10222433342877908,0.12272733538152808,-0.00033192989214344854,0.05617066501369121,0.12831641141883518,0.006755303957586878,0.04222059175785211,0.05939529194540532,0.04280538404219079,,0.11478532504804777,0.07038382927681346,0.08582622869105148
WNT4,,0.020781879909306408,-0.018430058037364114,0.0017983247803573545,,-0.01719980892561169,0.04882663966104989,-0.01904695019922917,0.053407342344493694,-0.020124245542878307,-0.015190887876613723,,0.0582706921742805,0.06678510668575094,,,0.03454776653100293,-0.038065167261616475,0.07921436441405569,0.01897658634781815,0.02977860155166911,,-0.049812472338054394,0.07773464804766458,-0.03726225676249665
TNFSF4,-0.017027213987477828,0.053562716207353395,-0.030157579053517552,-0.01586137265712623,0.010140716422677581,0.027844287847931127,0.03467967974242999,0.037340078836826864,-0.04947106967160406,0.017878946539253468,0.029538363936578608,-0.030563081943107695,-0.02210256051499261,0.11352715935388374,-0.09459871715119506,0.003238778947810039,-0.054535212800264424,0.03779264289153941,0.055111729550216454,0.057463089768134745,-0.022743174425452716,,-0.014089229379850403,0.058296483642830736,0.00796121427306575
NTN1,0.010502939830376123,0.0759122354828747,-0.01836428703300123,-0.0020439460800131316,-0.019816714929150686,0.01816766604193093,0.08960162746694839,0.15524594804150071,-0.0078065264992822105,-0.014242647609778412,-0.056200844883514775,0.07128245654182468,-0.02193269047081016,0.14547172858105809,0.02354262853407006,-0.003807570884825869,0.046968627598828555,0.05609466780783938,0.09859189059573852,0.0504105418191381,-0.07496268917958115,0.11994030611480132,0.09786021327529631,0.11908603359377344,0.018548422409976173
CXCL12,0.10079357830036985,-0.012620155881311247,-0.011122708234745449,0.021091354241875485,0.0039605155435009495,0.0489345411676202,0.1030367896972677,-0.0174824670690546,0.07411167658710138,-0.012551385526846565,0.02580098561924854,0.07140465950860281,0.0254255178265652,0.08085176961898632,-0.04801552772967019,-0.025782014138979098,0.002850358727857234,0.03290261913904772,0.01670825081177312,-0.022706009726816963,0.0050337002819874285,-0.0033307632125564837,-0.062000446138077085,-0.023069556517236512,-0.06267917008557468
GNRH1,-0.026954099961383482,-0.011526254214339246,-0.0359306135210117,-0.020997797686341965,-0.019233592867010388,0.03941468123538977,0.04944015245396942,0.009505614658515765,0.05519081949599498,0.02319323057984045,-0.014253254966921453,-0.006391400050836903,0.019032740523403154,0.06908976955661549,0.01532896758327536,0.038430225335417775,-0.048257373538264876,0.013912064133945813,0.04454283453466902,0.029188680003245687,0.020401508246373816,,0.044243530262495855,0.010804021425151668,
FGF8,,,,,,,-0.02895394355076848,,,,,,,,,,,0.04300608113422911,-0.0019827403844372227,,-0.0020019234344979394,,,,
RIMS1,-0.05022171153574105,-0.031312787588500625,0.04086486909254332,0.007012905078224673,-0.009260223028559403,0.0262892798316626,0.010681622197394337,-0.066494055250311,-0.01887480988423767,0.01926962176352436,0.014063987299494334,,0.033996208659488034,-0.017652878434215962,,-0.07698211453937528,0.025365412248652245,-0.0025807934192277537,-0.003674693237102057,0.09278984244546248,0.04326668438643992,0.07311476405594014,0.058538927299867406,0.019845167044386203,0.06546907718789982
FGF14,-0.015923399414474976,0.024317461095981967,0.03460110692200419,0.06684942430899173,0.029735886590848273,-0.01921929345328346,-0.08300305974086614,0.10293645589051637,-0.06225525891890873,-0.04822710657710794,0.024770162563694145,,-0.013848495916602147,0.07892180485940438,0.14333666191363,0.0054066186944719315,0.014381980717870108,0.08604203453295767,0.04917670637281279,0.048045086283042486,0.018436687148235622,0.004561392174106892,0.09571850592364971,0.05555748604103419,0.13536303758516857
IGF1,0.011700649151523839,-0.04976340531913348,-0.050147332641084896,-0.004873985289653738,0.039170175179649665,-0.014655106643595902,0.07418519652676066,-0.005239655267181839,0.04170656266389086,-0.0036269470932960585,0.0018254816267531035,0.06622719512117002,0.054776503289280014,-0.003448262628038232,0.1528265586744631,-0.04472029595741737,0.0015418608319588498,-0.026203778124740736,0.012722179854133755,0.016937044771580603,0.03696609600596264,0.05002111212504364,-0.0037025726170133153,-0.0017129184816655676,0.0705396612250991
TNFSF10,0.04830123731313715,0.036958962677121565,-0.04976537520064842,-0.022077944091483476,0.04424377982928818,0.016030431046585438,0.0029639203285837822,0.0961545682058203,0.014055919289104893,0.04116843014064803,0.00086621150673239,0.05346232289742691,-0.027456109610894133,0.07796163790516673,0.04112928379671478,0.05872221485874774,0.03187320528352142,0.058356100804438024,0.07220755363880904,0.06708609136350613,-0.03119433881326209,-0.031781092113744525,0.06954465819657109,0.03924159955991945,0.0010096934734731835
GDF5,0.01482338729532915,0.06514937227722233,,,,-0.049439265227986154,-0.02396665687827628,0.022701443233459816,,0.019922212928257,-0.005489912267622881,0.03882875331752003,0.013786804814054195,,,,0.04402963168839787,0.01422336104902184,-0.03007567317267101,0.02820479120598289,0.01592038577574421,,0.06784624310016739,0.005207574877928309,
CHAD,,,,0.05364738906548453,,0.02743827054031381,0.03994010634078627,,,-0.02776973770401965,,,,,,,,-0.020958922432875077,0.056060431529937185,0.03923818199743636,-0.016834227793479754,0.046596082280690905,,,-0.0760136198369424
RGMA,-0.009775242763459509,0.07573766708257552,-0.01979240278403598,-0.02095177597099778,-0.02002011972163396,0.01728202528416248,0.03362318813865069,0.1287103480174139,0.006769703604471969,0.028229809367718583,0.03061588375490706,0.07625267794649362,0.020196245785864254,-0.05955361165938893,0.04664479470516588,-0.07503637173262531,0.04668473261574903,0.06908162576377411,0.08940803915368695,0.059664529754565925,0.028169978758925258,0.02587538053332073,0.24007179532482775,0.05936136100205757,0.020109602398868047
CLEC3A,,,,,,,,,,0.035506901527298344,,,,,,,,,,,,,,,
WNT16,-0.012744713357226546,0.014963644627430682,-0.02804025773648126,-0.028337790916920985,-0.014595806171583897,-0.006578946601023847,-0.0016925470089799756,0.008850397259446327,-0.02339445780270159,0.046109490113214205,-0.006235976910190533,0.050430139293114136,,,,,,,,0.008658941210242164,-0.03391729942418751,,0.03474431832254147,0.04278614978143893,
CX3CL1,-0.022162802488650712,-0.02889952147944417,-0.044118525524021505,0.04384217581178909,0.04378481853142481,-0.02747185906578465,0.06069072670698356,-0.0025195467240891147,0.026401335140747523,0.006684381772501659,0.03783336246048835,0.043971620203009085,0.01288438416911077,0.07816008718405469,0.042024043740359375,0.02194567226865691,0.06225294102663156,0.0702297311503658,0.021419224039238235,0.04763432315626261,-0.030429842211211873,-0.14487589775129286,0.10417006045548334,-0.03802454018427317,0.02837773526818061
FGF1,0.035805719526153953,0.051313831290267724,0.0023580914862923927,-0.025910188588498223,0.02604790117545916,0.04325249134332261,0.052475174754235895,0.036505121828534284,0.022012015220090202,-0.012802676795956048,0.03373257529492701,0.006905784919141373,-0.02352458515547886,0.0013437671259399855,0.11677701261756161,-0.0018567885592162667,-0.1295059629806519,-0.002388417567527036,0.13599464285092122,0.01488711314913109,0.022004633602291063,0.04431443106263833,0.11286480223518368,-0.06413771680527777,-0.03210040313971868
ALOX5AP,0.06778110514108623,-0.07290386944844535,0.005951156662957368,-0.04241324783200891,-0.006940376983407571,-0.0566601538420103,-0.028401935208755377,0.11555430143793545,-0.031124999693797565,-0.0013634908858179235,0.0011756047186232599,0.060004794323482956,0.010558244611529459,0.19389667602010277,-0.08120948592588248,0.00785084904094282,-0.013087733599355708,0.09168622945610858,-0.08764737155588877,0.08786750700604647,0.02489402614630375,0.05026163912053374,-0.010243613180613806,0.07441992244920376,0.06525418847046832
IL1RN,-0.006271669750206794,-0.0673987039392636,0.0235738947640903,0.018169037057374313,-0.02429278872395896,-0.07946572411018579,-0.0021853982974610366,-0.02328904949217457,0.08238635593035729,,-0.020522739607149395,0.07860600522450546,-0.03377589943475127,,0.020902911392373807,0.024151920637700698,0.015734509605004013,0.008978862423098925,-0.02038691020499558,,-0.030827525486722913,0.10695063644904552,0.012937313807301995,0.01591627496243911,
PCSK9,,,,,,,,,,,,-0.0150411028451646,,,,,,0.04473015474015757,0.07133999892437211,,0.03522399717543272,,,,
FGF23,,,,,,,,,,,,,,,,,,,,,,,,,-0.027062181960888176
NPW,,-0.020428154050572165,,-0.07991923341112322,-0.029361672320308722,-0.020896526899032628,-0.029459607980698726,,0.017007075530601903,,,-0.018413384280423713,-0.037618998148805025,-0.03573896699537264,-0.054070992069882175,0.006632335422917909,-0.07370970518586187,0.06643660626368457,0.009663145274469128,0.04128503803186257,-0.03533840180398643,,0.12346728001531612,0.08986813274499296,0.029245070732224314
CXCL9,-0.0006147646800093461,0.07077257917172812,-0.044423998853196214,,0.008447475947104557,-0.002448407717453656,,0.05576110173988705,0.014818943804665259,-0.04418603925611412,-0.028564994241875776,0.00737739314314734,,0.05496099118070369,,0.05765660768952689,0.055241659545470154,,,0.03886100772077261,,,-0.01232305347698547,0.033620496570850034,
ANGPTL4,-0.05505209986417363,-0.02290221441849772,0.015817274738398456,-0.10012589433619534,0.007046221369192256,-0.10347763875672235,-0.011196467827958146,0.040680439213670865,0.02976736319764932,0.030572275001524492,0.014316553665738547,-0.05860386088132851,0.026257756838508395,0.027032390791323798,-0.14826717607836923,-0.047485259655944634,0.013781528598328438,0.010966608180119766,-0.12055126503687388,0.008818553161626188,-0.08813846556875372,-0.06028217719729447,-0.15563580897710114,0.04225665418006791,-0.02320163947639522
CCL11,,,,,,,,,,,,-0.031889828895248856,,,,,,,,,,,,,
UCN2,,,,0.03445423487643336,-0.020681997224683422,,,0.11864740028038984,-0.001712178919398289,,,-0.008199690352548531,,,-0.10117727118163955,,,0.052663302657933654,0.021937427619987827,,-0.03720173858361407,,,,
OBP2A,,,,,,,,,,,,0.0043236365889819,,0.041897588807717864,-0.02726469927628367,,,,,,,,-0.03591606052948844,,
COL4A3,,0.004525115655509775,-0.026723457879572782,-0.05843085693300097,0.005538318002050925,0.08382585257428173,,,0.030307287124935033,-0.008315286429939717,,,-0.009933118536939047,,,,,,-0.0254731411877218,-0.03609712555857426,-0.03802530905074718,,-0.024820870770714428,-0.03953360348419192,
NRG3,-0.037516489297486744,-0.024728177948619465,0.007948562589012888,0.04329447931896375,0.036666318331245805,-0.00790979922689952,0.03689353881688005,-0.12179200890032654,-0.02137026237611035,-0.03845348561358912,-0.00014276484307987057,,-0.024405028563214345,0.01914603885846162,,-0.07263120485905349,0.0022843692320236647,0.0057021716197555306,0.1446791714688118,-0.018253491399095663,0.039798779503844424,-0.06621352739027517,0.1880109343230064,0.01523045509991246,0.14396937075489322
IL23A,,0.011319112782330151,-0.0277947313844915,-0.0007757986207281511,0.01955934591962764,-0.03943243734380582,,-0.010269690677127134,,,,,0.017465848195834008,-0.022189364107192664,0.08131259155175788,0.009427242663488284,,0.04700422451395608,0.06035789458534651,,,,-0.021537564793505493,-0.034473102052675536,
COLQ,0.01564232744551535,0.031817187518605274,0.05884455055400632,0.05597336503291275,0.029698175181874547,0.04994885830971068,0.03339644169900736,0.043035045431199646,-0.01692747064592902,-0.013949101706642146,0.0979701317186183,-0.0494592228224558,0.017217330297266083,0.06902504482386455,0.06242203848900738,0.03176385929336059,0.0647351740676307,0.03968051008723154,0.09942308484843942,0.01385055085320909,-0.03269296446137588,,0.05362371920106519,0.0450859364117376,0.0006404728471724574
SCGB1A1,,,0.021189341151088135,,,,,,,,,,,,,,,,-0.007341291403253479,,0.012423450979042426,,,,
TNFSF12,0.037122381467097405,-0.0002462180845585823,-0.012663584992270072,0.002491289423426227,0.025810193283373594,0.016509806669270172,0.0065711563149787565,0.06259420889938219,-0.003873439783741192,-0.029088762712882518,0.06226357285961936,-0.043878607171504436,0.03728855232069648,0.05898153732453085,0.00517754118829226,0.05240972788854917,0.11676553952972618,-0.003870146635300053,0.030551834649444252,0.05285021764330803,0.023006745665887625,0.042010173098363815,0.01360563887310433,0.09755637981049928,-0.05269078294008147
DKK2,,-0.05377355206574157,-0.022869248393829332,,-0.031163395088270675,-0.022743595265742475,0.044670888997953184,-0.06553604296915777,-0.030227589290919323,-0.03445755542777646,0.04090194207512606,-0.0028736117560180657,,,,,0.026735544879661913,-0.017915791396437772,,,0.02758736782167523,-0.0075522720708279525,0.08401708661864152,-0.02244491941989076,
FYN,-0.06492589080110356,0.061998239943980675,-0.0144576114999129,0.048664076821521685,-0.039980847269184404,0.03233341653748313,0.06296650498418004,0.15348313806241123,0.010362702348902101,0.023349259417450478,-0.05360403703755613,0.037756788289609024,-0.016170993657446116,0.05558195614370649,0.18787225843587452,-0.030022031606956715,0.06939892287628271,0.09436880999841299,0.13994671928712962,0.0681639921550624,-0.022447468984760098,0.023459736712692348,0.17481759917992498,0.07676996817658545,-0.14381493946339627
ACE,0.00014623155407069246,-0.02821160095872842,0.007722569344699237,0.03786261964597207,0.08258826945253926,-0.00727621877106688,0.13313574177512147,0.16947296740810597,-2.26724094483819e-05,-0.019557573156157568,-0.0008486459742247136,0.04006862737436282,0.06630294603933673,-0.0016004260500766137,0.16515486383775035,-0.0022611035381289316,0.12975583173776428,0.021160481671028523,0.11930546237004089,0.05566910397712863,0.044685899862450494,,-0.033357071171675794,-0.07223996930862937,0.008195227938450527
IL18,0.05750957530959167,0.04882755848523341,0.01890510890049291,0.07176009431170603,0.0007662754049897118,0.060756594682367444,0.0018403949357104498,0.13153332308258237,-0.0005457394100970755,-0.030083510592018758,0.05711400759124784,-0.042443540181728204,-0.019448389407537486,0.07363493804668034,-0.015078740819584782,-0.008032162112919412,0.02073805010255638,0.03854966446473129,0.1532282414993101,0.03602292696643025,0.0621820792622227,0.07557337586519719,0.11015912654752655,0.06138139976694552,0.03121520498906083
PPBP,,,,,,-0.04964100026624086,,,,,,-0.00774166628093876,,,,,,-0.042051574005977685,-0.016183826523350816,0.023206640984992987,,,,-0.01498371821547161,
CCL27,-0.014609080260948473,0.030913021847239236,,-0.04361411333524811,0.05556494037628699,0.020707746736075318,,0.1338725645252111,0.051853986996891276,-0.03549623970150829,-0.009411189163518806,,0.03585341179404436,0.051156921545945,0.08719178367872277,0.020098425586149903,0.038456452755346156,0.107036376887012,0.01084800952736798,-0.028558314269306273,0.006364145438395712,,0.08945205174669299,0.06542604909831495,
SERPING1,0.049785923104708224,-0.03639805089061307,-0.004882681391730176,0.11934608863679631,-0.028902271058154138,-0.07939399446580518,-0.006131552727954782,0.13875336826495072,-0.0479108223461527,0.0032596663739494812,-0.07381204426037036,0.010979343613542884,0.0028270960855063705,0.06439194904051772,-0.05576695272500211,-0.11842131730798518,-0.025403670192296172,0.03925396731932837,0.006540377980147135,-0.03438577183365113,0.031865964945397764,-0.003168956165889521,-0.07015140522096473,0.04582277554014074,0.003635880747461714
AZGP1,0.05142221296976747,0.025612453728058038,0.046658062777052124,-0.005685158872280545,-0.01873503655956202,0.0725631398296591,0.006060136733038252,0.0535592887792431,0.013928936378743706,-0.035112401522020616,0.03384767813034299,,-0.00627083944044227,0.16856162534489033,0.06857843333339117,,0.04265904122912819,0.03972502945139966,-0.014888046564498504,0.09318281853643516,-0.04269556741372603,0.12312230419339161,0.08241042212782543,0.06521060963508132,0.00351368315005565
INHA,-0.03414681686596909,0.003564890900687085,0.007419852029906857,0.006665439310440117,0.05797125544530884,-0.031619997682055485,-0.03750846038447444,-0.004768105958627144,0.008105381104513216,0.0961853119707773,0.0050189557706631005,-0.009443896858002492,0.021877059081590346,,0.010623316720810431,0.08276495344333093,0.09137662367976253,0.09349467672842661,0.057419139453467,0.03444442247641573,-0.03048956528310321,,0.0855306469132953,-0.02061695865956411,-0.015685645370024145
SEMA3G,-0.025001466221268948,-0.04528409392882866,0.02156344155594774,,0.018552550226467103,0.018509916448966608,0.015285870461090976,-0.018699066314451798,-0.02142941368013676,-0.004874558269134158,0.038894839688539004,0.010375285153816262,-0.04070775364271142,0.02599243159836172,0.034017289276098955,-0.06630343022394798,0.039238991324082505,,,0.056522202783591005,0.01814240948502592,,0.06540135538225544,0.025245339009755095,
OXT,,,,,,,,,,,,,,,,,,,,,0.003112657303452201,,,,
COL6A1,0.01630995579269729,-0.030945809431808722,0.05803685463589397,-0.10325898573460193,-0.022740419614568408,-0.10587255322646819,0.05807330196556921,0.14105093355723963,0.07358972443709591,-0.025784676745362015,-0.06091341802885711,-0.017304841844985354,0.058592797757496824,0.1007671057000045,-0.14223646470360463,-0.0494497410893386,0.05482090484120555,0.02320564439061507,-0.11329587424466475,0.028104420952840787,-0.047349389427084616,0.1531417141589076,-0.2774462775740566,0.060626964079385094,0.07394736685107228
FGF17,,0.03226037390394224,-0.019836463935443863,0.0254274935270714,-0.00338783113131345,-0.008384227430361102,0.016158007701943602,0.008834480806539834,-0.042833179812989834,0.01875122993515802,-0.03748996394636601,-0.012698182745145949,0.041817133590593525,,,,,0.028372557619198872,0.015536283549052197,,0.01991721426106846,,0.04541720913975459,-0.039682100096487226,-0.04896766366573631
TNFSF8,-0.025739071781787675,-0.03754748959619617,-0.027620467807882562,,0.004250193225982586,0.04979918063913932,,0.07877428511932293,-0.024137992164013303,,,,,0.04403324934418473,0.03485105107011675,,,0.02262130530819406,0.023646246849248546,0.04908918360955471,0.06362134614056995,,-0.01655343228900599,0.06044360521426292,
FGF20,-0.051031603702099956,,0.03268593876563101,,-0.025906863977535794,-0.011498987663637914,-0.02486265500479475,0.024448700196091928,0.0022675577192516065,0.003426540335266971,0.10166399369322959,,-0.04112407547959795,-0.031117109386662758,,-0.002357589011882959,0.031437225092032145,0.008451754099990787,0.09233611096099029,0.059893128223939496,-0.008714821796382183,,-0.02350959571421919,-0.04975572585662617,
ICAM3,0.0024555772808603138,0.06281002883660579,0.01169902646018229,-0.05262461515900992,-0.04809763168853118,0.03580126190393209,-0.02488758633956448,0.11356353471825599,0.042741270495831374,0.03848365089842103,-0.035839342727752896,-0.0019317952118344354,0.06839309790461205,0.1280947665956999,-0.0006908034589954689,0.011109666911286231,0.08401807095283743,0.04814727235547975,0.10360687111505591,0.07410160843242782,0.06487493177989173,0.0324494428679285,0.03734541417317199,0.04457057441029744,-0.07682988771580762
LAMA4,-0.06769011695932323,-0.006340573427981409,-0.0028985817047439645,0.03464023995789727,-0.003022942100603184,0.017836324801841223,0.09117327073055571,0.2073258524416043,-0.04683750477373666,0.04736536861310478,-0.048292088418825825,0.036788363992362044,-0.005050604366744275,0.00019442982335728047,0.2118305828678372,-0.02984151175674075,0.04705061015791468,-0.02576419988310967,0.11595364290187268,0.0475610572745602,-0.015216737418322863,0.03512651508232552,-0.09150057807184679,0.030732869796781772,-0.012154944281625793
INHBE,,0.005992173764369896,,,,,,,,,,-0.03135949851026973,,,,,,,,,,,,,
DLL4,-0.006174882478629683,-0.05934688517310487,-0.011585004566941538,0.060582746096480726,0.033454044236784636,0.004113328335988038,0.11226056912561314,0.10155628410687828,0.02105688295683355,-0.026362376242044117,0.018335244310801316,-0.021918781462878713,0.010951057163297397,0.08704260587314655,0.0868385108270799,0.03541678456708645,0.13338411966307595,0.09120668551880423,0.029844021420892142,-0.0019819309247676767,0.09198500828574897,0.0017097763681769625,0.06294100672131012,0.03900169628038939,-0.055294142969097806
SEMA3A,0.0201002645557471,0.031124550894513492,-0.005017583955484644,-0.056657675722787966,-0.032136737030817805,-0.04731602764761616,0.0043094840393441605,-0.044178452891937996,0.013446494018199705,0.004436373126474563,0.011877999109704024,0.04552842471989582,-0.0023032574749263747,0.10165193899414528,0.021010572400925742,,,0.025536081815506127,0.0216163690554513,0.004709741612476591,0.010295114967259468,0.05613190293614616,0.04101743560301052,0.04991755842005118,-0.013970166409542554
RLN2,,,0.10624595022436809,0.003297928345636191,0.03496988281191553,-0.03735625061439701,0.0716895693785701,-0.025941202881056696,0.020119670975390858,0.014554298568498826,0.08498220757147837,,0.09886877919709937,,0.028049225342687636,,,0.0529852945021925,,0.014102134204442224,-0.02585293679192147,,-0.0012015144870904993,0.0434883535495301,
C5,-0.03596041909371999,0.08287113636602726,0.030071054762685095,0.011005812628432485,0.015225017849907128,0.04141413962696874,0.06654852939238179,0.1288713157611303,0.052262323571983536,0.009403675996335362,0.002742526991685887,0.0698510764440104,0.027474090013530576,-0.0019147950428015424,0.1507451889165762,-0.009292666111194737,0.056305444640952745,0.06353946503902841,0.0646496058128066,0.02755496419524739,-0.0331545251347818,0.042373000998149675,0.0829106929831646,0.07719975287614472,-0.09477943159775602
COMP,,,,,,,,,,,,0.017258859988619406,,,,,,,,-0.02773023623865827,,,0.027765097940332554,,
EDN2,,0.04891511791810103,,,,-0.06528619722932369,,0.056108464982397854,-0.0021886381243934414,,,0.005758973897945531,0.023118623239472884,,,,,,,,,,,,
C1QA,0.06444519651796732,0.03079544112609147,-0.027119571308153692,0.0861966078016137,0.004379942186307243,-0.056687029481286774,0.02628419037745691,0.1364359359978067,-0.024353033686660953,-0.04344498528275273,0.0030739148956259177,0.03703299684317479,0.009694033815773918,0.02297385896508488,-0.05119011640670736,0.0396785235528178,0.02311856868238939,0.00959114757231112,0.05379590017208075,0.012930793125571022,-0.0016236961937752725,0.011250303629993774,-0.09301576014237571,-0.005096831914094969,-0.004909983177356011
UTS2B,-0.06107463233558977,0.01662029568642543,-0.03374189436476153,,-0.010057816264973795,-0.014694263363928836,-0.02174124307844274,,-0.021253300834157125,-0.014695880695108977,,,,,,-0.01425673801236867,,,,,,,0.08602809897829233,,
COL9A3,0.015523865296834005,0.07447114630192868,0.0008565781144360601,0.07209638498354512,0.023487323605236272,0.11739350123869455,0.06169088054315225,0.11770625837232217,0.04868406033002747,-0.004862105899375407,-0.01569926811868952,0.006221506722773953,0.05541837612835444,0.05546096687735766,0.06365406487603009,0.1712230313743784,0.03871126666787399,0.09705375284314274,0.10209648628374629,-0.04995044702649322,-0.07531037806847779,0.044197081210840844,0.21497702858473894,0.06985777394027683,-0.06920550447970641
DLK1,,,,,-0.014956521300667259,0.004112668878982734,0.08840401284053906,,0.03657335542085244,,,0.07179953260482648,,0.2596483824464978,-0.02375728683062638,,,,,,,,,-0.006727971349427937,
HGF,0.021670759439744468,0.00029719632166950235,-0.0395044246973164,-0.009667987057376306,0.01809689568370988,0.02925915560275372,0.042047461421869374,-0.052555461528839734,0.0086534457466434,-0.021720315004126307,-0.04322340045021178,0.09015849329254237,-0.03530623624687929,0.04126091744083285,-0.01197138027461204,-0.08884309455293064,-0.03893842285672723,0.06559789654756133,0.0008853585615494924,0.017236513801163082,-0.02846351626945039,-0.012570292929885462,0.007872273865115175,-0.0471860176377385,0.060058257630196094
GIP,,,,,,,,,,,,0.038441295463069715,,,,,,,,,,,,,
P4HB,0.018032814298146183,0.008276052890359865,-0.04776412611717447,-0.11952222554356329,-0.00835164601319586,-0.0483443143968847,0.06180067004444974,0.13999921922240885,0.0724007880615218,-0.009179020026898665,-0.03608611054985127,-0.04271516339250277,-0.024552696074853164,0.025273041994112143,-0.19174586283006706,-0.05023728980190319,-0.04622834422732072,-0.03618681006566539,-0.13751893441026766,0.04125145201624703,-0.07217035573295394,0.0016105871466893542,-0.17881544946561692,0.015540841495985475,0.005936659797729541
ADCYAP1,0.05528505140438243,,-0.04191688041406115,-0.018500175356653575,-0.012571138224420094,0.02779474965164741,-0.055083027152868,0.006072778239582529,-0.026872046412707035,0.026481721845745924,0.030923119761326147,,0.014525082566962303,-0.002403718178215729,,-0.06076285029445259,0.026317943072822755,0.049320335023126154,0.03431917302071891,0.048613686051335155,0.01761990302519716,,0.036180369516749813,-0.02791094639519051,0.04445448138596223
GREM1,0.036578537130721,0.05911257788139659,0.010432764411294036,,0.002386643090606374,-0.03811922718914871,0.1212936316416768,0.0283110221115031,-0.04986311484578859,-0.025099097208963174,-0.01666296262729123,0.025491007605228093,0.009521614790797732,0.08098389394689601,0.0031041012422577713,0.011209761857416099,-0.023431180181875653,-0.017797598865461662,0.008009862699008703,-0.013016872511233964,-0.006303418032997369,-0.036212856557493074,-0.042210435014016605,-0.036863341073520406,-0.056975933410572055
EGF,0.003961022499476703,0.05588966759469496,-0.04978677112001929,,0.02515537399228871,-0.013758081055301257,-0.0019690370736648384,0.035419775646911456,0.025854874219798832,-3.0018529507250593e-05,-0.06767705505406167,-0.032412244199954934,0.053015262206976554,0.06317005495632279,0.027420106336861816,0.03709101803946319,-0.012473084483253143,0.05418698468031196,-0.030734797079184008,0.02156042845209894,0.025751651557110806,,0.14261512662154752,0.09856138349628812,0.03664583096773088
VEGFB,0.06651649220298499,0.07475482505694299,-0.001896415393605029,0.005493679128660097,-0.0485916403792596,-0.006840255277923036,0.03252130773383342,0.11346621897263309,0.006022127362732692,0.0166176658692601,0.04952006172555022,-0.038910722373522715,-0.022990044237342473,0.0017603783425751223,-0.09244535840108309,0.007997504027213099,0.0046945913924599895,-0.012537067072137297,-0.01078680913609189,-0.021100543223397234,0.016208563490149035,0.016451832862812082,0.06741734317547887,-0.04616883223425767,0.09768929438735664
FARP2,0.023802866382458716,0.06913274363325157,-3.6733996200555515e-05,0.03899971059870329,0.005597056868439237,-0.020398124018554887,0.0717468604933435,0.08743901059976993,0.004671905607015894,-0.04092859320144882,-0.041723901815610455,0.05781487129255875,0.05908972535091326,0.13999690082213337,0.020498603744594963,-0.008039329031091221,0.033050571030188984,-0.04764268628735719,0.08165005170635285,0.04273078847607475,-0.011578960249895685,0.14628226455123405,0.10129504118037462,-0.00037848240472571635,-0.054215236648208355
BMP3,,,,,,,0.009333694821419766,,,-0.030308115889390218,-0.0345377626307668,,,,,,,,,,,,,,
IHH,,,,,,,,,,-0.0016269806638660107,,,,,,,,-0.008814114136486225,-0.03749135730473943,,0.015742557684931487,,,,
LAMA2,0.021291946231266397,0.063515581218016,-0.026353335271206146,-0.020357472902747593,0.021631416860846166,-0.01983269986065829,0.04644646313175752,0.11494230666347342,0.03132609543646706,0.05556150118564786,0.014322573181072978,0.03433374858624657,0.01992009946130255,0.1344840876394806,0.014231306691406617,0.19137125093402646,0.06087086999569664,0.041956925922909574,0.08925659275038231,0.016125653467034585,-0.0006336879767520803,0.04936532637819365,-0.09406154577543571,0.02902195556324141,-0.07282325714288243
SERPINC1,,,,,,,,,0.026142606088163305,,,,,,,,,,-0.003886363561319961,,-0.00465429003518085,,,,
NRG1,,-0.02389451451037471,0.0003139965933129678,-0.027502346621526213,0.01927097094511196,0.01769296939822587,0.015139649456630003,0.04799059449030373,-0.03298930413623608,0.02956041099068914,-0.009253744216920469,0.06976144937527509,0.005968662605314205,0.12347801562054989,-0.07341284453454018,-0.03813521778405921,-0.018113631203941966,0.07965478173720615,0.004644352329632383,,0.0036037110655562955,,0.08336847895084099,0.0704174322560506,
SPINK1,,-0.03895878846675256,,-0.046890835599582355,-0.013065557226888515,-0.030642249532856825,,,,,,-0.042249625170443506,-0.032399260004095674,,,,-0.053179952467448034,-0.03300669492528186,-0.08392617337858696,,-0.016906850200608576,,0.032297422764067205,-0.030344147801072432,
EFEMP2,0.040122585507920236,0.019340294778289895,-0.041390250723449956,-0.03019267344303011,-0.06861839314590326,-0.006413657289300937,0.006769334563752158,0.12748395972525778,0.04806787361004425,0.0016798328583336227,0.015348525629804308,-0.06680931511333472,0.002381661211431378,0.09483886829711166,-0.14154611323165048,0.05002420605012662,0.047721278383855266,0.06961184856600153,-0.11122971337637279,0.03443097359448671,0.016925181467165974,0.013432248242060955,-0.07149943111473676,0.0517465864965066,-0.07171712140649059
SELPLG,0.03498657705907489,0.042010713303568946,-0.03900760537733709,-0.06116103587935623,-0.026242169710309023,0.08733440003006107,0.018384095062438478,0.07443592513574791,0.0006131108518565556,-0.04616550801005522,0.00131187299849518,-0.034224233755389695,0.037155598290676814,0.06827675246833753,0.08725274454366742,0.044360585193173305,0.08033640329748222,0.06406171148074331,0.13191585759107557,-0.019057380757284997,0.05123047900618144,-0.04502333359683349,0.13954597269925417,0.05965983774803939,0.08431762088207986
GDF6,,-0.04183665415146092,,-0.03511860836995177,-0.01708599867753888,,0.12172807431447394,0.06462397176702857,,,,,,,,,,0.05862951483284894,0.04077581434963573,,-0.014201973863336364,,,,
HLA-E,0.05796773810870717,-0.001591109784053303,-0.01892262224682597,0.06812875958405332,-0.019718890035272767,-0.05513469784031386,0.016255500829764777,0.13256184613744681,-0.011132465742516348,0.0032893963853425404,0.010175700645595004,-0.07305319580283196,-0.038652399689676514,0.02533881775956824,-0.07246999502511373,-0.1329892540201344,0.032847615716124295,-0.000748869947289129,-0.05881004555371663,-0.00729313450153218,0.020483648656919772,0.020199090989695807,-0.08286404090872944,-0.06009881629126706,-0.024996752516678763
PTN,-0.031151507015974047,0.062566900588648,0.04933168014503915,0.07278886001303411,-0.09835264058801678,0.06444768464762865,0.07153117322214536,0.1996084221054609,0.056630769029336336,-0.013114450031465693,-0.019969208741281035,0.026003112507287544,-0.025834555103841132,0.23979265364125976,0.0665119783568618,0.06259741886765455,0.18832167316348652,0.1086079943585888,-0.04726284175646889,0.07824622686687281,-0.03616475266528959,0.10979818468244867,0.137635590780958,0.1644669044789003,0.01042762423481213
CD274,-0.04745556891677735,-0.05601745581660424,-0.04641799997623605,-0.052900364461140846,0.09635164521842852,0.008631558746295898,-0.023742580817533884,0.09530252529896883,-0.013580507306906547,0.03182618427694105,0.007541327844970301,0.055409359492601507,-0.02658763084283092,0.1692955558817132,-0.004724919424076366,-0.01628929802947579,-0.0011204534549915034,0.08359963453065059,0.030493973953633666,0.016949058587796162,0.03507399080376679,-0.08141185702214049,-0.001395139122123786,0.02872878034644642,
FGF10,,,,,,,,,,0.00902075371589475,,,,,-0.07408643548327243,,,,,,,,,,
CD14,0.019635602863542854,0.02462162236762965,-0.0010969580771667325,0.06401037869417543,0.016965146735400276,-0.03935843007967276,-0.025258921016643246,0.06285775647748598,-0.016625057186403145,-0.03801594015843992,-0.01651511025525067,-0.003816095061925602,-0.07079463771815478,0.12138035621726526,-0.16583189536338014,-0.04502334224203142,0.05050504052255741,0.04489333075733985,0.007071164013733972,-0.0010646057344495172,-0.024751064736076103,0.014917990684431157,-0.01842542365615204,0.022523552211898574,-0.010000346453637971
SFTPD,,-0.02332649684467239,-0.03926261934449435,,,0.04575150630468484,-0.03357420179578678,,0.024879983516706995,0.048734390682699656,,,-0.013441762200233279,0.09787286971302289,0.06274762531414718,0.021613616582241372,0.004166549246250517,-0.01514254571633876,0.07031752952611915,0.029007092979466746,0.03354616591835666,0.0017885823687878296,0.06671698152416788,0.07088176673375604,0.03636571021838794
SLIT1,0.027116851305730726,0.10430778992694203,-0.024244732439166052,0.05303870349205856,-0.0365543426923929,0.0962578329151885,0.0300908819887837,0.0854324628198856,-0.010058406427481986,0.0004648000872285975,0.03127312580085832,0.03672248003798554,0.05335977535543573,0.15507485856848827,0.08232012676764736,0.05231281265560206,0.10273021060539361,0.025754244740011038,0.030090571592515967,0.059017469141429614,0.018014626004855847,0.05283284595865655,0.16145587834674774,-0.0028614210280801695,0.09583562179263463
LPA,,,,,,,-0.021741248529059023,,,,,,,,,,,,,,,,,,
CNTF,0.00807557157648269,,,,0.010518873601448908,-0.03201086090664284,,-0.02837350995109432,-0.019383235984666448,0.009556717631805694,-0.03579039958675298,,-0.03761899832322222,,,,,,,0.04491978676344514,0.09856630510147123,,,,-0.024541473788413603
BST1,-0.0337233273985224,-0.005384603678021109,-0.03539503243019131,-0.05190348461378634,-0.005777698036926578,-0.029830644585752193,0.06207206638182294,0.17013890793681075,0.006938394788471567,0.02871752871245656,0.0006503121405192922,0.022878354162609648,0.05209636042582701,0.008632285758142537,-0.0032835906374417546,0.031157270819436353,0.04801742958602015,0.05080265357243445,0.10759651861541261,0.035213837601211606,-0.046103689532410605,0.12413609356200077,0.05515627498854468,0.1320344699489843,0.03560869569351619
AGTRAP,0.003734159168793955,-0.008041973204142261,0.004075671766817533,-0.04434127771086343,-0.02502919012227146,0.042027186143264,0.09910736741003118,0.1017269503981616,-0.031087014354515604,-0.05876408545921738,-0.014238657085830659,0.050613013371133296,-0.019587484188308187,0.08832171863879995,-0.06075741977085568,-0.06366099110868016,0.15750309174202307,-0.006608267724819499,-0.032235322428413885,0.005728279761516422,0.044262552268400236,0.1406596968208598,0.09570198597919438,0.050641663838824104,0.005818241643371475
LAMC1,-0.01930802266924253,-0.022989158020539257,0.0114912406591153,-0.013560619619106496,-0.004347692418658307,-0.09789524880716675,0.0553955819141272,0.12180641194371909,0.022702713042382982,0.02190256262574424,-0.008403534194013662,0.04637942826859482,0.032236169995967796,0.023671704987490147,0.0995172282359979,-0.05617771650394662,0.014154725593087935,0.012185707905648034,-0.018179736542569006,-0.023827767574587166,0.031297382242346725,0.09151016163936761,-0.13404040118514246,-0.008359803255815004,-0.02860073992948548
COL6A3,0.03411064868925649,-0.004340295426995136,-0.010385590333863668,-0.0026816545777349193,0.01965879247164527,-0.023646139540490663,0.008696415177665642,-0.07199300765437795,0.07247527728526783,-0.0033984685704289337,-0.00919326616470538,0.023270195440350434,0.0538437572830018,0.14083937959610726,0.1156654373111148,0.03203312059722014,-0.03530973679493575,0.025257300459481057,-0.0034157285177707163,0.05546677170838009,0.029381542528983482,0.13341036905648018,-0.18684134806220307,0.06597840813567764,0.05718922515418938
FN1,-0.009311569631416756,-0.024953023831242278,0.041387598589762625,-0.06498153579783329,0.042731362982096156,-0.10595147269902054,0.0723415589647342,0.16847722976846438,-0.001588047867516715,0.05895266161719696,-0.02195031181881317,-0.004654773909689882,0.03297830801726002,0.08682371678764067,0.18599171443113413,-0.05279809587707603,0.09756177562010332,-0.06755341163723065,-0.09237724638945113,-0.013090457574837762,0.0011146955475355258,0.0010346891725729526,-0.28370295003536555,-0.11744081323720384,0.0032077134462546635
MIF,-0.03844065944891681,0.1378122182013036,0.04284537645830519,-0.12457685271625829,-0.014968578091692525,0.03231184707996377,0.031218099725017275,0.001387431423548917,-0.0063388404560292405,-0.028555304572124702,0.0009284537207335702,-0.04596482459900845,0.027832755054349758,-0.05842429643545988,-0.21263711517034622,-0.025173131859174528,0.11504257657662156,0.018952241583458894,-0.09606313753258412,-0.0527700118126412,-0.0035478523699472866,0.08597932761762066,0.18094155410236037,0.029899017063576113,0.06912330559470896
JAG1,-0.004444811990061616,0.0708747034068448,0.02154236848762438,-0.02689509416608374,-0.019661949133082727,-0.032284800227728026,0.09590570771334936,0.18010952862502014,0.07251718987671793,0.00016341939252933978,-0.049615647344185144,0.07214697390646492,0.06624403663935723,0.08759793005675535,-0.06076801770555344,0.011650940637431776,0.10415513663491002,0.017269439928877584,-0.022826659818155907,0.0652881317487066,0.028124728780925926,0.06656035184886612,-0.1635627816423481,-0.04551980483281289,-0.06911805120917648
NID2,-0.09609547770696195,-0.0009610410574961595,-0.032287946538748065,0.025997490005760023,-0.01772363986454864,0.04656620647051095,0.04591220182942881,0.13191224835242285,0.016450899932553543,0.03223587832686877,-0.09184452701877281,0.042694687927124796,0.06445032952481283,0.08498733135847868,0.14268122289880925,-0.03543366765837922,0.06119722438708761,0.017033336834218937,0.11452597746575258,0.06658631495887891,-0.025395672590134144,0.041781360366922024,-0.0740004116593032,-0.017499443986967872,0.01468989568901518
EFNB1,0.0751649671515577,0.08916672178979652,-0.021142809001455813,0.06648529673929905,0.00023768933572986263,-0.018259778138090106,0.023668938453467382,0.07049213986064538,0.007219291139955312,-0.06641021991343142,-0.014584271946894035,0.04559466988625962,0.03830224169751572,0.05890473114297455,0.08535820517410508,-0.09123497736395692,0.1337734028039928,0.013770407262253623,0.011198375479740792,0.05629448058659764,-0.033620261290143325,0.03362922520709571,0.07020238916444091,0.08434939207301943,-0.11127991093061575
COL4A2,0.037681798983520136,-0.008689317829485371,-0.021448017068025394,0.06982049309040098,0.003678737693078025,-0.030113966321870297,0.12203618395605997,0.18023399849618854,0.02883478755421808,0.02617774297380439,-0.024800286652252406,-0.024373747227322027,0.06833946238945907,0.037053298987201076,0.0736134703251295,-0.037070120002896514,0.10889796437423183,0.014056697976831548,0.047074056388328095,0.015461830417148463,0.047696760289131085,-0.024310540751165764,-0.19890253715869147,-0.05513125757390823,0.020176218393852023
SPP1,0.04994587702600071,-0.08445106036114094,0.01667761981703996,0.06833178741263188,0.011533967925335134,-0.1314725684878381,0.0453649815830183,0.15361668535904988,0.040269750650933744,-0.03540446262666189,-0.014725507544095393,-0.025418595942189166,0.013464313096175877,0.21166563461441806,-0.2081050941252832,-0.007714659874602459,-0.08218969688518817,0.01176106223344669,-0.15118841101154473,-0.0467509909463647,-0.06948971768449948,0.033683779434128154,-0.1338116996637104,0.02403549150450322,-0.11443610508614385
PODXL2,-0.000613417741315994,0.09989231047947018,0.0029334670989191,0.09351914985105542,-0.004424718811893426,0.01906632022336065,0.03271779061878955,-0.00863390692594576,-0.005321293685146184,0.0266279426223536,-0.0353759203078371,-0.022419069749557877,0.010506546942431355,0.03612540542258811,0.03718101879020344,-0.029031879003020792,0.038466230435069644,0.008688666208287699,0.08842582790058291,0.035244653972658434,0.026271848105223084,0.061601260003408854,0.2157563033164938,-0.005995370642424894,0.07290412397427984
IFNE,,,,,,,,,,-0.031189265832287653,,,,,,,,,,,,,,,
FGF9,0.06483736500131623,-0.010321926507996744,0.08734150315917796,0.08281181915801498,0.013927212873365848,0.03246378068592562,0.008446039520830978,-0.08390018242360495,-0.030676632245683025,0.011227448688637828,0.05312617236313443,,-0.003058900554684523,,,,,0.06047967182485212,0.09908437133824112,,0.03095816979667973,,0.06545284401777537,0.028164684754002904,0.08999796455902696
ITIH2,0.008111944771653268,-0.025067877740672852,,,0.030062388104606475,-0.023060963840902466,-0.024035156371147993,0.02355238369577384,,0.003764751994014896,0.01688655247052477,,0.054701549200229786,,,0.02598277541725979,-0.06908200243304427,0.0465244840340132,0.03471353270552237,0.0045951861585328425,0.042685879314089514,-0.009354655070668433,0.07700758157111066,0.12571752464444041,
ADAM10,-0.007279459638021472,-0.04812359832611793,-0.02338219099903857,0.07698483995886604,-0.04480910540889396,-0.015835626737152716,0.03623789833464291,0.038908201452520566,0.05479480048595556,-0.016233641326317508,-0.003262770531410904,0.007024948266967479,-0.01398898346060452,0.0708788903430779,0.022654331386331585,0.05789187959892373,0.07057640462191188,0.03056904989427653,0.022343530313416286,-0.0058122266774373755,-0.03576669613600454,0.03273631106029611,-0.08269489010113558,0.013796889113516033,-0.02604667248171096
CFH,0.05262186888124739,0.0509384524092038,0.029406619829412076,-0.004264306672989293,0.039411831639910785,0.03655128728006803,0.033933864925908205,0.12032731086449612,-0.0016264045538010893,-0.01241921460723727,0.018048284248800714,0.0032901939235853,0.019823251903549107,0.032008564010676595,0.09154678798764669,0.013118078232539748,0.09931189054324795,0.05263808527272716,0.12038326005652394,0.004832085021932268,0.06301237298248696,-0.02397924924541972,-0.09864412034132107,0.009750615159225748,0.013422374142497773
COL4A5,-0.03640028218409443,0.11510693092301234,0.05815911441320179,0.03487874901598116,0.06665090859237215,-0.009430965085985548,0.00011963910602965002,0.03324828584109099,0.005337594052432574,0.07432844676196827,0.01545248944579047,-0.023793506907087314,0.030066740155742,0.12306583304210747,0.0108176955454429,-0.035843292380934665,0.01260984884700424,0.0625431990327886,0.08554790696416081,0.047252587209174905,0.06926747822686419,-0.001105784035271643,0.16866028243891829,0.14543103923525927,-0.0465944073005352
LTBP3,-0.04777584970766175,-0.015815107988814865,0.016987890090970494,0.008161382607750435,0.039232734874163414,0.04891220491470079,-0.029699552086577062,0.07011187832460729,0.07438803651158561,0.028243441451694346,-0.025178533309854798,-0.03666163790045991,0.06544109441085948,0.00368849009395082,-0.08075206430486215,-0.008529442710285988,0.018969825301155083,-0.012490082798276174,-0.041324399646064526,-0.037802771003970385,-0.05430176615422134,0.007382333290536095,-0.059537892467456215,0.03808545547719856,0.06349949984246435
GNB3,-0.009044325065486115,-0.04330391034578967,-0.017699327226329,-0.016118451538334817,0.014322793625895367,0.08493210787114396,0.012123166452671287,0.08520351838524652,-0.02689351644547742,-0.03309089542004468,0.024072334805272582,-0.019374394961849742,0.06898377795783857,0.07972291688222803,-0.036867563457711944,0.03576151746469249,0.06545083120710234,-0.0005562284760024786,0.08495115839832285,0.0072116053628480436,-0.02321494367156924,,0.0910232944259145,-0.006780772624696226,
COL6A2,0.023745712891945353,-0.025704806820592334,-0.015996811624418062,-0.11501226432478799,-0.05572633124321571,-0.0495305721680111,0.020031495122813183,0.1264476430065381,0.07429236973400587,-0.0028948461676179347,0.020976880386507416,0.008931549359507083,0.07381509658277603,0.15006664509221745,-0.07655779612301504,-0.01732173121703985,-0.042053935481069456,0.005711756953290645,-0.09013077522262343,0.05701780537537538,-0.020235770324181612,0.013417944173852218,-0.23023366608881105,0.03829730545325411,0.011587632614507286
PLG,,,,,,,,,,,,,0.025574661761954134,,,,,,,,,,,,
GDF9,-0.05763659161812457,-0.020361787715166283,-0.035855876179276686,0.01804085771372409,-0.007459182045560378,-0.012185169866816179,-0.00805107786355671,0.10265297130580982,0.03480093837786091,0.008377929957497742,,-0.0346748180138653,0.07423354161664235,0.0561279780595964,-0.004805476928727755,0.06884310490922706,-0.016407292164319697,-0.016222303088245547,0.07079758193134456,0.09488213036688127,0.007681721039081543,,0.12871786007981098,-0.0217464376978012,-0.05001231304204576
NCAM1,-0.061166234787457044,0.03933495062715503,0.05924166152968127,0.018544485628030398,-0.026494431814716682,0.02215026788119623,-0.01431144678324036,-0.04064545323289569,-0.0295647942510065,-0.01532491490887786,-0.010565124066841389,0.03700273961268369,0.000258697848115738,-0.10256652825589026,0.018145644843610007,0.0161749496266848,-0.18014159077231565,-0.0189980353163495,0.008426399325223793,0.002997515321458487,0.026669459910156127,-0.07938051711905018,0.11992423923130055,-0.09413406739947057,-0.0479732635591183
APOC2,0.040163804811955174,0.007979296058446059,0.009681540198938602,-0.0016816250524545918,0.05606595917470738,-0.034887863133373165,0.036981880480008486,0.08446001167314705,-0.06155651933050597,0.030704963440547194,0.030584661291484037,-0.004511442414179508,0.04684913584458231,0.11534885371210819,0.0939632075940359,-0.005053916228764356,0.17102923966151937,0.02826918769454661,0.08828244695493627,0.010706879356810218,-0.0004285231531227596,0.031241189462800866,0.14447147072520655,0.022900779729119854,0.014419536245157995
BST2,-0.017063887258193036,0.04529989691203143,-0.020138096157869607,-0.03497597809151326,-0.06336758875002302,-0.005693972584579502,0.055136339003136366,0.15505540860005357,-0.02709572574432424,0.014180641611112132,-0.0664459401895404,0.0483569578144101,-0.0031238959042868917,0.07876198896136699,0.020007006022786815,-0.10167575486086691,0.1273456932278393,0.022553707185944835,0.11203800292985631,0.006561876140428297,-0.008078957217982394,0.016927146332416772,0.017511746894256452,0.02342391683012011,-0.1001459387110295
COL5A1,0.04365984194367989,-0.005011266610833998,0.05418969510603785,-0.06579316007348324,0.005680798037715735,-0.06557328150367375,0.03639607412585986,0.05659132410531152,0.04052155041251074,0.03570504825820947,-0.021337188628031883,0.002616398088950123,0.060337301496227416,0.07874371054200069,-0.09510982829812785,0.07865749254612397,0.06901976312890254,-0.004500507133687627,-0.07667689046276646,0.053283174556218366,-0.028920125744978206,-0.05183436426794736,-0.22025052820256588,0.024089480062301636,-0.0524384817069237
CALM3,0.00217619939725109,0.0007985952096946663,-0.003918487196449278,0.03251547831664084,0.0354419326577703,0.05425930616646913,-0.03864997740373385,-0.13432451885003027,-0.03288987006740356,0.001271757772523701,0.020323874069840264,0.010013659495740686,0.005513382593233631,-0.06902310887387256,-0.0980149572746007,-0.030649087829083103,0.03525442225843425,0.011693273458083337,0.14926463344036975,0.019830528397990068,0.0498955706396388,-0.10101310401636478,-0.022389897161425962,-0.0985920904990768,0.11229978888590819
THBS2,0.037766587437136644,0.025923012359076385,-0.007489788174353368,0.0294700401176952,-0.019461383609714132,0.01929597956516286,0.03014470505142848,0.11304326358369395,0.005803622244835177,-0.012389175443158743,-0.03085639467818741,0.004721860367957511,-0.009884986253089504,-0.05776458242660599,0.010939781817965774,0.014289248672465341,-0.05132330648584062,-0.021171550611157545,0.0028323094904715994,-0.0193347834107821,0.0011304102504660252,0.12994891392371932,-0.03859607564137237,0.14619478608201936,-0.07439994274746314
SERPINE2,-0.050204059270156066,0.0965225504162479,-0.0217377176373717,-0.013370659124811448,0.01228376442466389,-0.05594601402089664,-0.03314657565662885,-0.0025343977403803823,0.029394100872498018,0.06778030944091827,0.027773339320349023,-0.037456386603754166,0.040457946786959735,-0.007838127809063487,0.16820621750223955,0.010619503871462618,0.004848369016885893,0.04272491163987207,-0.023800122985336722,0.04364642573627686,-0.08409534149218852,0.06181646952328562,0.12298399913772447,0.02786400904667925,0.030023955802752605
EFNB2,0.020798045880932026,-0.0023832885627738686,0.04247740145886067,0.00016096883993827827,-0.02289229813028987,-0.021922225896935193,0.03142410165651724,0.03830583195431168,0.024003575932342078,-0.012713698415804713,-0.00492102200060652,0.03166405935183637,0.02645766757850588,0.1196633557331154,0.030262169059071392,0.05225974005791128,0.09020782567189152,-0.05475077501776129,-0.013508778781101292,0.05657510404783665,0.039572793419886565,-0.01427221988474331,-0.034293810756938416,0.04363261097921707,0.08945050507041563
PROK1,,,-0.036111545998741654,0.0036680429447272407,0.0014033697509613927,-0.019700947437979868,-0.007991311573326111,,-0.0223672713396821,,,,,,,,,0.057651297128773184,0.017409001939269423,-0.03249133078236863,-0.011293981878026245,,,0.011979929115234475,
LACRT,,,,,,,,,,-0.010751059304624094,,,,,,,,,,,,,,,
MMP9,-0.01703746390276713,-0.006080415661449138,0.018578508918189542,-0.03973934768610054,-0.01819093225137753,-0.027372907935005363,0.06758394231068174,0.14366405569829377,0.0028735125028424803,,0.06489425946636812,0.058253869302422254,0.05665438759969363,0.043346338225561505,0.11834912988649052,-0.03958482709092728,0.027719542473867126,-0.012840981156094281,-0.03207686562774684,0.07634793628700404,-0.05148650888493321,,-0.20746383835684265,-0.009648511327931234,
DMP1,,,,,,,,,,,,,,0.10256971058014558,,,,,,,,,,0.022658544528825385,
NPPA,0.05176385385014228,-0.028317611556556963,0.053221225513862915,0.03540806523445924,-0.048489363985127126,0.05220974639334928,0.014906291372328141,0.02710097225599412,-0.048401780908667875,0.024648037031050715,0.01812369367948435,,0.008354579887918972,0.030546757364535743,0.025844304181105948,-0.001729811720470444,0.052600138483292605,0.15073085717442078,0.055202286438940165,0.026675355295613153,0.08224181449814563,0.06678281930611366,0.05447436868978244,0.006499385650435822,
APOB,,,0.01871599973512923,,,-0.003952184345807014,,0.06942172802198801,0.005929759214450299,-0.01167723146018336,,,,,,,0.056524450441772005,,,0.002094050455739498,,,0.0339484957992236,0.024397431109147192,
C4B,,0.11806312338386594,-0.03267717097601762,,0.022011422593309647,,,,-0.025464280607597898,,,0.03399209361930443,0.03231963277136295,-0.013358233558160602,0.011350084371423581,,,,,0.025362048023226974,0.002174405246400062,0.08016379603006822,0.011996094530406344,,
NTNG2,0.027757237993979694,0.09978767160845273,-0.038794444979966904,0.006096116595609169,0.006013455737369006,-0.049980281148298916,0.058414234964034965,0.04125051279280085,0.006271957362109649,0.016914835963657854,0.005621703210698884,0.01269018645837961,-0.0005233853712223096,0.056759428558137634,0.08081487292378324,0.03831859825340568,0.022966236931277178,0.019314336082381967,0.021147450894510093,-0.018971903799872316,-0.012864422251722324,0.045910046049222476,0.01726135481341777,0.018565818415963848,0.08311115976567539
LAMA1,-0.06036041780697106,0.0777010062101987,0.03171097410887427,-0.000976284746608737,0.010505550056592702,-0.03188041432202072,0.0893997967219217,0.16521585483803308,-0.04024144669194511,-0.018151687703338876,0.021031640415037724,0.11068601941469929,0.03851109272167444,0.04994471146866792,,0.09291588161263876,0.09568553602716195,0.05135469739531594,0.11215169298706498,0.01825992470428265,0.010935589306601283,,0.11819982263501402,0.09087384823566708,0.14829077604763244
UCN,0.054650448971477084,-0.02797788937137217,0.036893835837776064,-0.052945071189657966,0.04060708657987477,0.039159715564509215,-0.001563143746510263,0.026741574898781012,0.02918691832167051,-0.0024212155535586833,-0.04738548848213911,0.039835249561709044,0.02960889239292688,-0.006129408434940716,0.04671775331959609,-0.01652029542631579,0.005052197647549232,0.09689052741520511,0.07958288026137521,0.0717098162606192,-0.028888445000258306,0.05985345868272781,0.09726012732379848,0.06971189388786161,0.07396088937075043
ARTN,,-0.009813928026896556,,-0.0018906225756245823,0.011552128119067896,0.0454913573472549,-0.035648513419099526,0.08404798782979535,-0.032367166059101754,,0.05389131444503439,0.11909555335560783,-0.0016858816053621922,,,-0.01350761188102808,-0.029373412828273385,0.07062174807723183,0.05833785288872688,-0.028523307843438987,-0.0009457889459650877,,0.0527418125021559,0.02890298855459978,
PDGFD,0.021398647450618265,0.04244411007350682,0.01829603466353356,0.04406008898601165,-0.019154744049143198,0.027728269253614563,-0.008095936858452763,0.03598146588193263,0.004878416157832205,-0.02719539647005013,0.014315924416184385,0.012230097456309272,-0.007838334410920555,0.08525962601024502,0.04748478439514536,-0.0570105129405918,0.006854425436495282,0.08841408391299016,0.05379943275167951,0.019820713178429275,-0.03177418719146621,0.021807340302906965,0.008064949291929918,0.04168115638435114,0.08736856774430884
EDN1,-0.04758975065787037,0.02436783867503915,0.05029821350824184,0.06060277500102804,0.05470047662204198,0.031758976278663,0.15832238186391345,0.09323214604146296,-0.0028781282545485625,-0.009408116889297363,-0.031406279894521195,0.0629843785089875,0.012669877544414013,0.05305144023955587,0.11669226238119904,0.0739815760863878,0.029677212114416332,0.10385903091617235,0.06853613518394833,0.000527492751548675,-0.028926258107955943,0.08803114281303305,0.04109239112785573,-0.010509051641261626,-0.045574568970083655
ARPC5,0.01689391947515685,-0.04171017113624101,-0.03286213536989493,-0.02560874893793184,0.031258220259047946,-0.09738944879577047,0.01967985854851235,0.07765342319720428,-0.01620826585498822,-0.06071680986919487,-0.03891941155025416,0.027364958732638153,0.0483089337804428,0.05122175285371881,-0.07814239154417071,-0.05233647832847097,0.05185932885365633,0.0094494504673292,-0.0012528708293549776,0.01799006051585027,0.04730938678592754,0.07967020959510568,-0.09654325689152664,-0.03022584086827577,0.05175610388615246
GSTO1,-0.03522025019796373,-0.0834775988134536,0.014102861918807328,-1.8154095737528513e-05,0.02168975234015071,0.006978038223156283,-0.06206527006812511,-0.1605114433047262,-0.02249982806215336,0.01586082083851835,-0.007346591837666381,0.0014088978546361098,0.016431592088543716,0.08709177250533819,-0.1130530682461361,-0.09032018793221809,-0.0172584547937762,-4.2836215354946855e-05,0.011046883666427322,-0.002669792358375303,0.024252536658120622,0.020555509957876725,-0.07006789106120426,0.019884772924404808,0.027313252400376183
PROK2,,,,,,,,,,-0.04109187236327765,,,,,,,,-0.027416599009753576,0.015227412825368611,,,,0.11731208762994388,,
SYK,0.0011066864772007893,-0.006675521659190996,0.014575258022630933,0.07746734622064083,-0.038813611314231465,-0.011092795102822333,0.015685782415265123,0.12834542546948666,-0.019583060779255073,0.03617031258222615,-0.026735223988443114,0.012293464067758449,-0.026881276548846998,0.07034244115296148,-0.07963978679134495,0.05162020042766906,0.049348602954083415,0.01731365456337223,0.007996764638380834,0.004503357397091603,-0.0009106220429670801,0.06379219244696661,0.033106911003282356,0.022517496287352987,0.10563145297957706
CD40LG,,,,,,,,,,,,,,,,,,,,,,,-0.024409543539933968,,
ST6GAL1,0.05375211778575805,-0.017609124991417893,0.029340837426649346,0.012539845406390684,0.021111788683885142,0.028942143074642407,0.026075067584072922,0.07838902343349483,0.04072524907871345,-0.010462416917826716,-0.002133844588385883,0.014200182182720737,0.057207757255543584,-0.03170783882790019,0.046011875549955804,-0.03097112357901877,-0.01488937045497435,0.02414207478405422,0.0972481179543266,0.08459308537097818,0.009942800397455258,-0.0438058171739752,0.1098036803600221,0.012027496472499179,-0.04800382310144866
WNT3,-0.02364858741062251,0.06501856107980003,0.04096990930167366,0.06930474538375775,-0.024764546508810527,0.021030107260538396,0.07201538427644816,-0.039068346861226615,-0.0021815762182919784,0.0020552529589584353,0.0017576808246282845,-0.02922919222465618,0.030110827293934064,-0.08335695623641685,0.017030060368681786,0.08446509878136879,0.12196883133078465,0.06140057761268231,0.020717223606534756,0.008244236336917513,-0.004204932777753864,0.017347678963066684,0.08088628747859343,0.06264207373576905,-0.0919675450568744
HSP90B1,-0.005835018206674378,-0.1417729765599478,-0.04746806296984868,-0.04396436995903137,0.007812594470233216,-0.10135530122860445,0.029030832106734867,0.0009540071920022158,0.06216572359711057,0.004660313599367575,-0.10846048833180362,0.018228529052978993,0.015775888894127,0.0064625602574850385,-0.02988933515940595,-0.09869751229743635,-0.0646887698216627,-0.05153107428703531,-0.1657371459373347,-0.0027620203251765723,-0.07938187874352837,0.012348473374288347,-0.24386911515495696,-0.048309122724005324,0.031133340719103723
ZP3,0.019103494357247806,0.08704466967478158,0.03459417952397935,-0.016525966694701362,-0.015337914464144486,-0.012707842903732619,0.035429135477693365,0.07677535456224034,-0.012632646149383074,0.011209188225342602,0.01538625818501707,0.049943877686789005,0.07017966523127407,0.01498053642161455,-0.09412836455298008,0.03989676127962887,0.03413621130257433,0.03908362019083034,-0.013236791338654524,0.017016045312993153,0.019967445590423294,0.07986522050125643,0.08796849744881728,0.06268067512411438,-0.029132632284741306
ANGPT4,,,0.06952830272779792,,,,,,,,,,,,,,,,,-0.0005838271238425258,,,,,
NRG2,-0.023349212116090447,0.03548089237957823,-0.028457063563095804,-0.02768931423794641,0.05586180885101115,0.026179900227598873,0.06106170381118672,0.0030600454451422724,-0.006363819798899037,0.010628886258627696,-0.016473833312745444,,0.0382348009506532,0.025358426725777383,0.019081475102342076,-0.05699395090191879,0.07486345465327948,0.004593457113837214,0.03212475157122276,-0.016907883643781017,0.007581188738139317,-0.012406008079978447,0.12932878794322683,0.0839786593673771,-0.006262260137682528
MELTF,-0.04805609423707919,0.03329487996113152,0.048713335492012684,0.011595486692016111,0.032117346971167096,-0.02485954538083746,0.016709472873581963,0.05618909469730746,-0.029546911234320954,-0.004091914825923712,-0.025257540510864863,-0.03949521550963834,-0.00823582014950194,0.13792578839701503,0.04645502857095741,-0.022376913466793737,0.08178539511453006,0.00574733825779117,0.0204797757508069,0.01620447548336969,0.005669048479350048,0.12313893034269108,0.1686180954331797,0.041291034016669864,0.11053032365922039
NLGN1,0.014255864376731845,0.045164010739828925,0.13710169531745353,0.011184269399155976,0.04028859415301667,0.03182966590949413,0.06668599089407488,0.1205616682064274,-0.003633072676114384,-0.020952293235767326,0.02315668272994865,-0.0349180648729984,0.022154474720164036,0.05596729887683901,-0.03276815323800762,0.09381417510423654,0.06698268254508633,0.017331601299426663,0.03851953595475711,0.045323093955434234,0.023614922368712578,0.042632435225017556,0.15661351242507637,0.07704868437007419,0.04926973738539836
SLIT3,0.03351375095542708,-0.04353730832242233,-0.02063042996048298,0.016521236993428244,-0.006187435611555539,0.010953520985699496,-0.024882482373830526,-0.0971496363108158,-0.009181283523576831,-0.018719961995312947,0.0030309162593424818,0.003040078006738126,-0.004506525738964252,0.06928241888319092,0.11019525782194257,-0.04611705917785556,-0.06108638602315255,0.08217045718057463,0.03897364901035325,0.07160956080967475,0.020502904504176363,-0.12700752858321848,-0.04911505334120896,-0.035089405094504506,-0.06881133346961368
CCL8,,-0.01905861698971744,-0.025876110508252902,0.07353800830004191,0.035275136648315504,-0.02208772464102587,0.0024293206469374867,0.031491062901678815,-0.03072850247569087,-0.03797346526760528,-0.022966986293921302,-0.029996307402756495,0.045776671467011386,0.08933159996145068,-0.09406299772228545,-0.008644047691355542,-0.03573974677184997,0.06917700714720301,-0.006053579633961702,,-0.009725978298222518,-0.07027418094378322,0.03942526821123655,-0.03362366251261334,0.00692380973346427
S100A4,-0.018266988570056018,-0.04231208578194672,-0.017158544919520013,0.042840459105479976,0.05374518081564645,-0.09359282336317397,0.036705347214843274,0.1529686319449956,0.008995523598758,-0.030490120702342374,-0.08089342461929444,0.04718925562082797,0.028827532354997753,0.11613135103563703,-0.10673505624086804,0.0919180414207717,0.0956803238055277,0.03277022856831916,-0.0022423764682284173,-0.033475611491416035,0.04382819707600281,0.04411207486682008,-0.09479518105466266,0.0005900846855865674,-0.034403251746499615
TNFSF13B,0.05540616255020864,-0.03526396579527813,0.0051957641194643345,-0.009529278922598803,-0.03359001214203896,0.03880290545836911,0.011439953201728434,0.17181512663127307,0.011922350504262916,-0.04231050382277871,0.09121050722551569,0.009117059723234563,-0.014381865168122931,0.08973917795492059,0.017419226635588397,-0.06296029981628973,0.04352045058110587,-0.0010820427209334437,0.08001029373344642,0.026009138431414728,-0.015823529231293872,-0.010884567743319109,0.03795490214016055,0.09566892607591335,0.0793548070313208
HSPG2,-0.024247350126664187,0.0802754973693781,0.023950613693219984,0.049053842632273296,0.03961053915031348,-0.06913042925632588,0.04390940353905845,0.17197161505643058,-0.03827413435930622,-0.0005218455848475076,-0.0035375989301399237,-0.066090784662236,0.05953515789681108,0.01600863504733646,0.16299790627221786,-0.07076184170737562,0.10735391027394994,0.0384775721763683,0.05876537368131989,0.037412148874067214,0.016217064445727177,0.013984212669500342,-0.11522847401197879,-0.0018286445624549634,0.07262664575871557
FAM3C,0.015738413593352242,-0.087313757293301,0.027110383981566566,0.010431148401540993,-0.02206950688464647,0.0015361806829063713,0.04283259643725726,0.08366003394891106,-0.024643374293925834,-0.021041944484906826,-0.04260123927456212,0.005653476617890048,0.05584247902622717,0.004124737962445719,0.0936639596453488,0.043680506793459764,0.058488252460032066,0.028895633101935374,0.013728285607987062,0.001651769619896906,-0.035715987349589515,0.04070393343899142,0.028788327484175688,0.0302101275876997,0.07589836367177726
FLT3LG,0.015781028895325008,0.04230359586462189,0.020502193017165934,-0.05731205538718994,-0.0019072116165224297,-0.01200116800820693,-0.010281259411050415,0.09048269826939957,0.0010832134734938645,0.019742155147381844,0.02625112084846743,0.05998632644056327,0.05995149211960022,0.13738041195424738,0.10215312392453908,0.030263355490535344,0.041501435928951405,0.03943102157176521,0.08159100441779027,0.01362981302255417,0.018829890239619347,0.07897574835669545,0.13018403877076065,0.08429978236905167,
A2M,0.08968226460112945,-0.10331783499732265,-0.04738453095412614,-0.07596069199068195,-0.0037629345371649183,-0.07779773966559139,0.03595575247808423,0.1617122814095208,0.05047022687752981,-0.02868396807257582,0.02757231502749315,0.006359525972964336,-0.003975704732013159,0.06310046143017542,0.03678690046497923,0.029243899865729107,-0.0035780821155249522,0.08233198159810419,0.07905785687801903,0.022637056098877072,0.05851004417626542,0.08936056481261931,-0.08946563032518651,0.01075136830360231,-0.06622810935803491
VCL,0.06473064807300082,-0.009118159748425203,0.013636357999466235,-0.05714825087601751,0.0024331766305462545,-0.03175215058793381,0.05993402599587274,0.08922428229826139,0.053843146238311275,-0.02125202815852774,0.00304771225119668,0.056650509506552475,-0.010125784652405871,0.010901372134590503,0.0035516415630910507,0.08252761927736091,0.06116705691058709,-0.007238078258528564,-0.03392520488023176,0.04237187738498214,-0.04644762522318958,0.005999440166012308,-0.15630703531319995,0.002132072558169474,-0.03415454470988556
FGF2,0.016191377235523254,0.10541408118560766,0.012636580911260235,-0.058235333621274685,0.012911962699370873,-0.056447715808715604,0.03918662153251694,0.08752656301938991,4.3976930625523136e-05,0.009563646609543583,0.04205458326623915,0.019086768183937605,0.06526811700196997,-0.04757806497555571,-0.04337058291847848,0.0817505881312951,0.028976589873103167,0.005506982715523971,0.003428138263035615,-0.0025235071444455774,0.008087360569417505,-0.08399698675573096,0.013114853830410817,-0.0008161605095025939,0.02690990431746656
AGRP,0.07568990126357766,,,,0.03388976791177217,0.04177814580834103,-0.00605437193126868,,0.02491964843424414,,-0.051841141666686616,0.006241814955594321,,-0.0018849643432525373,-0.11338758725553066,0.0043575495435089215,0.07797715470332141,0.12857752329361252,0.0043179253915968975,,0.03109420575830826,,,0.059282204590272225,
CNTN3,,-0.028888209833490462,-0.02926503682022376,,-0.0648700229930273,0.006242328837962005,-0.004735520816627691,-0.035299833293786796,-0.012669639666789526,0.029062069690759678,0.004161153013068289,,-0.006044032337538989,,,0.025912452374438254,,0.06516546494531672,0.12967509978024194,0.016586326468356245,0.03186637210306763,-0.033476888739381816,,-0.029651388241386106,0.00040976704046433003
RNASE2,-0.04753362564616109,0.08634518993032146,-0.08068573480286251,0.048949963487968304,-0.01717283495402954,-0.07661401170465984,0.00968796312032995,0.15449869609441166,0.0083544827746833,-0.03281696435028214,0.026813677632969463,0.013046072618236279,0.016574770877289088,0.11160481754350135,-0.034634697906793604,0.07071929117947946,0.04045841148707717,0.062372566026017276,0.0616732381870413,-0.05523317377388096,-0.019308401897916248,0.016395430924627644,0.09181846957266623,0.08775219392540634,-0.023082510203809404
ADM2,,0.00372437341843925,0.008868051610106389,,0.00729064685907915,,,,,,,0.032001641081010536,,,,0.07914789928855695,,,,,0.007228979255609069,,-0.016247119351988092,0.007508362902699119,
GAL,,0.01684902120288279,-0.04506588811650739,-0.018162482134140834,0.03215356560235289,0.009332463469899993,-0.02299878976947429,-0.025138774550430298,-0.015916432474030157,-0.0018288658345209164,-0.012180528639437565,0.02603938501843733,-0.013330141282048107,0.02131581331334993,-0.0304494460373646,0.005717032958614086,0.05401650193523669,-0.001982263065894058,-0.01979626725112844,,0.06203779792257551,,-0.021641527854955468,-0.014267145362324101,
IL36B,,,,,,,,,,,,,,,,,,,,,,,,0.019990287617622247,
CXCL6,,-0.0659521953961716,,,,0.09751545625020844,,,,0.0404177879769566,-0.06377328150422051,,,,,,,-0.003540141253891358,-0.0896498996335899,,0.011365476093807192,,-0.06479920877157404,0.09557752865130505,
PDGFC,0.017836267920549667,0.044840743975292294,0.03704607948775603,0.023608463907588948,0.011628721220779155,0.020245575755684718,-0.01212259105035941,0.09058784833535499,0.054003692957882474,0.04672679292628946,0.029876925395978516,-0.005464043172510734,0.032692119879619244,0.1493192629716181,0.01245440661101216,-0.009187799254221814,0.07529183540056758,0.055704415686395434,0.023376651723229287,-0.00043066592245023176,0.06681520144878755,-0.01005084636601823,0.029390613049020926,0.06600570604054733,0.015174836687081802
COL8A2,0.03537856641518334,0.04352398121606896,-0.025749327522595507,-0.040466263492790824,-0.003369472345699898,0.015797251113979543,0.09610229603505857,0.14480428203331203,-0.007307222575086378,-0.01544830445841389,0.01664485070766448,-0.002621055449551377,0.004319337410672708,0.12906848074476965,0.011719507377025496,-0.002087293690509438,0.04452841249822154,-0.001562028581463048,0.052710581641946044,0.05955819520044285,-0.031033850202382397,0.13907495244986562,0.129286694025747,0.0402810550425571,0.029373006445708956
SPON2,-0.057069084478615625,0.008474469461131957,0.04860068536227833,0.014471219005250498,0.007650315629789962,-0.04254188030951561,0.018887501790129844,0.11239824843558867,-0.05029593226267436,0.03452630378560874,-0.038802205692013,0.06591122677054416,0.08790173904350018,-0.002601416938985525,0.11337291632737564,0.13383523959224272,0.048936036985485695,-0.008141465394479156,0.043445967284454455,-0.02833509269765214,0.03826448360288435,0.14354603120791395,-0.10917949138629246,-0.00094262567904936,
LCN2,,-0.03159446823597895,,,0.010551973426729195,,,,,,,,,,,,,-0.02567985886400348,-0.0009598970262101365,,,,,,
SEMA3D,-0.06660778944001869,,0.00016422874889946817,0.09777675952652057,-0.01051266340066239,0.0123756237066179,-0.005536304378763481,0.07271570398325665,-0.01021459073781325,-0.07964912153913205,-0.015099250524778104,-0.03027344327265828,-0.03802334200829242,0.0076896496111207606,,0.1271243071245994,-0.014304531209168414,,,0.023517157954390862,,0.012276544805373907,,-0.05435674104879405,-0.011583318604229693
BMP6,,,0.044372376261504684,,-0.033338587417985135,0.022765545114211826,0.019514190339738925,0.023954754991617467,0.0067770357566496655,0.029375005923774716,,,,,,,,0.04967429382543551,-0.00020269679326138191,0.07110184907340436,-0.015767052430545856,,0.00862600247493711,-0.0315217324066864,
TIMP2,-0.015096927060137759,0.07500374437821088,0.028516492114851744,0.06307071584311198,-0.07216095954553164,0.10887110309598509,0.060359461555567,0.10263231048032158,-0.026913589362666298,-0.008683835674794839,-0.0011241327232104404,0.014309358742560877,0.008187102705968835,-0.10511209638695534,0.013226756565276873,-0.06316483393102612,0.009505919128176672,0.02724128458147356,-0.11447791459990221,0.03190742378939955,-0.06623545595704483,-0.00923410965215592,-0.06029392441062735,0.037925486519308715,0.048431845304420365
EFNA1,-0.007269021221476635,0.0010416175547618368,-0.0006493497496250762,-0.010372250202494698,-0.06630867919865265,-0.026821354190293068,0.023139441467740194,0.05189018136261847,-0.04030494856952493,-0.013373466455525443,0.009658883509256486,-0.034735051310562544,-0.004022447499857558,0.08050093937713647,-0.07217951680407007,-0.055034604578402875,0.07170096504792026,0.11686015482952819,0.0446421437872301,-0.044534624194337,-0.052400869630466036,0.03797248205542389,-0.0326783817316407,0.033419241506413316,-0.003222037772540433
S100A12,,,,,0.057494627551891365,,,,,,,-0.0035715453706018077,,,,,,-0.034789399330442096,,0.01668475667897104,,,0.046646769009747825,-0.04678054168711174,-0.07844195618241853
TFPI,-0.040573302657519156,-0.024802830885187907,0.010988968899831452,-0.009317458315599898,-0.008047098928846344,-0.006963788196579124,0.033084052054517636,0.16950417093926917,0.007416693694710244,-0.0008755419055024919,-0.0378846077399767,-0.013258247728375987,-0.02654203042795997,0.0478897228848584,0.039927996349249276,0.09411569844970642,0.048104336830515355,0.030991997677090252,0.050361608049575866,-0.010057772142361796,-0.00010265660931076767,-0.02480222307643436,-0.060499681282672385,0.007774608017636959,-0.046468826930024555
GPC3,0.06142635574885935,-0.024222557482801287,-0.029300942428386514,0.12347946713976321,-0.026887227285656182,0.051762917094004816,0.07312742338011347,0.006655994727012323,0.01316860624195155,-0.048091670345169146,-0.023395302101884702,0.06771345524486143,,-0.021533851584581532,,-0.056363681271810864,0.0576065447963217,0.046032010214795915,0.15872875623550398,0.049472194836080986,0.013832786765415368,,-0.010194023817477495,0.06500374322278216,
NMU,-0.002027066108815784,0.058755951706361775,,0.00662619938941838,,-0.03275186927334565,0.05977154069765111,0.08575184258497055,,0.04177446168080076,0.026583166686240934,0.02943888027137021,-0.06342590456768586,0.014735725514885669,0.09822109160063461,-0.0818354428624007,0.07283192881821741,0.015280778801459595,-0.016000928357867004,,0.005047320545794787,,0.12388688793023007,0.06859635907640604,
SCGB3A2,,,,,,,,,,,,,0.026987120036915804,0.12129151576902794,,,,0.019465553852906544,-0.003926254757777776,,0.0580603366690037,,0.022540093086446916,0.07107842991019914,
LAMB3,-0.02267593671092982,-0.055969865557623365,0.027994780894832868,-0.01847109784278477,0.026823410382983057,-0.048080475570478926,0.051159157199401076,-0.13502319228903176,-0.021236665879366914,0.03022072752885025,0.046771656581843804,0.027719033972167757,0.06109467074796747,0.03928420013506753,0.17195899027473288,0.1179833741751316,-0.06468420996531875,0.01826274508715416,0.03383860519957843,0.01415531542700234,-0.04609407033690425,-0.015415199479191113,0.026212372046579516,0.03997857394190107,0.08194038970729309
LGALS9,0.09453512348865273,0.004030714155134618,0.011329388342827753,0.05634120101424045,0.04003196647912218,-0.029593479473619483,0.0399779515638287,0.16576192439177737,0.006703962170133265,-0.03350490710893641,0.012391518640374511,-0.007170526765270443,0.07280330789309739,0.04547843348005709,0.0013855735016639547,-0.017274548833756325,-0.05881242240178917,0.03941800713385945,0.03725891478388412,0.007795413240332981,-0.0011160808965401713,0.09621567803235022,0.05222161136883295,0.12156659885484748,0.022489903701230968
VIM,-0.00233924560221185,-0.04116556131212451,-0.034475907838350105,-0.07355014239581585,-0.011997114380251564,-0.15846044949489946,0.0601096435398173,0.175744848376697,0.04828577765296737,-0.0632770839895289,-0.043078468299840286,-0.011495664910357958,0.020232339567653173,0.2045826906136024,-0.16274502996550233,-0.04235047761842541,0.13955017687639945,-0.009948390581144467,-0.18327275486885747,0.03885945314321258,-0.07283412523615417,0.1722794216423834,0.03484506121977576,-0.028162268840086133,0.10996146734349103
PLAU,0.00196391814175519,-0.1143618341512403,0.018577666853395902,0.00014789078058388762,-0.045537650067965986,-0.08445218360101028,-0.019108408035540477,0.13275035319383985,0.0006154269463725954,0.016823759782204985,-0.027500520118546593,0.08110521823531022,-0.03227156885660071,0.1471435625006352,-0.13103222816014162,-0.06191637095396216,0.06514525211698335,0.03985394497753975,0.012072412776159303,0.016621756646205976,-0.06817432646615515,0.057830856738406766,-0.01824471337219437,-0.02773726681725605,0.0701664543660476
TGFB3,0.00314920856418528,0.04924241804486041,-0.025618835708297216,0.0038578872134991415,0.00889522607162026,0.03296655445269545,0.027762608233276566,0.06935556482823466,-0.023971279546213434,-0.04809848568921793,0.06100558338135943,0.06727041666362522,0.053865579138625094,0.06313488107057466,-0.03298429894310155,0.015039485621821757,0.005281103669859315,0.09465477373121736,0.037627850199339896,-0.00837279313797999,0.009524934316569528,-0.01762524866376772,-0.08314919721644014,-0.006197602770308519,-0.007647072449476062
APLN,-0.02029472202209239,0.00144279737372223,0.05015823371197406,-0.08595648835720224,0.05400509244990742,-0.07671506160424972,0.0416245135415422,0.2028836367012408,0.03629188323495483,-0.039956941643513585,-0.012634537545752195,-0.031853235420185394,0.014672926663661106,0.018528140937128575,0.05868935655505336,0.0199362317353632,0.00692326381546279,0.056991008620695775,-0.06765894844154927,0.04082208051549299,-0.0414661430061312,0.03754118855824241,-0.11211937288171989,-0.12061207500434833,-0.03535907051720368
SHANK2,0.023061361359659114,-0.062295450351565924,-0.04214790813577542,0.025987436311456526,0.041122278532129804,0.01637844752367197,-0.012812286453479323,-0.09933266182257089,0.006533675783767532,-0.004249091663247993,-0.012689029432690986,,-0.015271659926360964,,-0.0323360733522222,,,-0.0063457358616467886,0.12008548913552465,-0.03193318526161329,0.060350642410441746,-0.015360839655112653,0.021302105421649824,-0.007492271802669764,0.07483961191570032
LTF,,0.048934334084985535,,-0.03489904916935998,0.01078251435172465,-0.13935153885827634,0.00480074386469318,0.1401577525387749,-0.03505345485144236,0.002435587255125645,-0.04267917077611476,,0.027357783730831857,-0.10719221579487247,-0.022726489262933986,-0.024036800471880525,-0.05192383731390502,0.019947963623817858,-0.011219844514652683,-0.02876545569812004,0.04100222266149249,0.15848446668266608,-0.06784652189185891,-0.004233092436781933,-0.06800317085407974
PYY,,,,,,,,,-0.004629111897316872,,,0.040964008739321954,0.025498028583793467,,,,,-0.03629607978836746,-0.03780003087419907,,,,0.093139568652079,0.09850723031382495,
PENK,0.008061903621558925,-0.006402621856731088,-0.025519891066241907,,0.014663192871817844,0.051036897751271335,0.014507792337614699,-0.1173821945843005,0.016964986799698184,0.0005958359238320461,-0.06544680341378788,,0.07463536130616621,0.076078118952108,,,,,,-0.06210665953548012,0.061135730728871594,0.031793188365667115,-0.05592795528804219,-0.07423010077411415,0.07722168188076826
CTF1,0.015958053421674164,0.0031191624882767983,0.03840095439039059,-0.019232522028032863,0.042626130469336075,0.056663727180824554,-0.03347376397370286,0.07159102670136155,-0.004373502671664022,0.02432315053454785,-0.00632181097714591,-0.0028674043050339357,0.05157500539672016,0.05484921316155574,0.1447614352044603,-0.024410902647231232,0.07381782260741596,0.10156445811771787,0.1255738955684407,-0.010815800456737142,0.06959398522332978,0.12219536057399652,0.11875600246019914,0.011574698787678556,-0.008839985712134934
COL3A1,0.00899605049757761,-0.03629546328247013,-0.005456168328665645,0.037857631714227534,0.016460880961144248,0.04046924562601446,0.06452719397834994,0.13700648815120958,-0.010395488895514582,0.00016799004543273082,-0.06601004563908867,5.179008473520349e-05,0.06416538131128424,0.06853237317737278,0.1501877054015137,0.006506136200941939,0.041234425242580024,0.01305867404654117,0.008785109600185395,0.001975414197679252,0.04060799607958757,-0.023680224239767775,-0.2262033600213197,0.027228037960903485,-0.02471417579504391
S100A10,0.04651602078777666,-0.05702644635458187,-0.06185249768966248,-0.09054881868241417,-0.06446112466785152,-0.12386191554214487,-0.016549701979904324,0.12329615336000598,0.021785051582399302,0.02053313751798522,-0.041536221837758736,0.0040140746694500165,-0.01700220597136817,-0.02307282669604491,-0.22715896229171992,-0.07717067282816924,0.13728329879975573,-0.008678449723505613,-0.16030763344674978,-0.019703656992643516,-0.11029488140505632,0.10246473620712701,-0.03164621792458226,-0.007574450069642983,-0.022600973021699545
FGF13,-0.003966288167107036,-0.008817120226343875,-0.0040105148814854035,-0.0288375081583063,0.032658552298241404,0.07357465226267156,0.023058084912131103,-0.13794154314090404,0.002993604338660843,0.01895164325060595,-0.048801953775164345,-0.001058262906894944,-0.026475501900141515,0.0376378625471947,,,,0.020199411013910606,0.07329089952027158,0.016592879932344592,0.012516936560441587,0.010466540060361275,0.03235125069518059,-0.038438658335798945,0.03565124977458791
SEMA4A,-0.07126563454384663,0.031672102906505024,0.037372687817103754,0.0208395526682134,0.05872473525882007,0.016595967137067773,-0.023889260570192975,-0.09055545131934709,0.004235355336903218,0.0027122048483570315,-0.02398755281278744,0.007241200323600207,-0.024933248492033554,-0.05508996917986106,-0.027910642693735586,-0.0711762711043179,0.008189690581138732,0.06865333315812154,0.08009535004333533,0.01783219912690267,-0.07720262910720725,0.0842228185085527,0.04886987155448035,0.0003638011860133094,-0.04832206519123355
EFNA4,-0.012813867517885142,0.10593228330429094,-0.004834584912555499,-0.030331355205217403,0.04687348793296935,-0.054425213445303364,0.11356187932390935,0.02952151558345422,0.04291041366479342,0.0035565934824001062,-0.025859424859472364,0.03025933015480965,0.01945964093444668,-0.012407323554596299,-0.02883241656697901,-0.027544672075079477,0.05701728236882473,0.06092507186559169,0.10880953466172427,0.022954086673923704,0.02689862769663772,0.162570717302571,0.09381262239822301,0.041050000165669065,-0.011763917381394318
HSPA8,-0.00901065225810841,0.01758700434372151,0.022467447605381274,0.047194097021117015,0.03384943805484328,0.03079790249296485,0.0212412042134168,-0.011620782012650443,-0.07194989361501603,0.005027043484729291,0.02044558204601345,0.0697321964356259,0.02316412361874242,0.14638620758501011,-0.004657639400119918,0.03304558055467045,0.1310689456834143,0.014861036253396622,0.06823440240320601,0.03590387497269066,0.04796861353237698,0.02152766101945528,0.01551696758282622,-0.024661141924327386,-0.0399716736463379
NPB,0.01049950977591049,-0.028416143734129245,0.006072534576318111,-0.030717123415952115,-0.02369361909427137,,0.0161213801994327,,0.03160231680182491,0.0322099081528759,0.029135647239325553,,0.026161494798472282,0.012331679659287546,0.037569061584012575,-0.10162691198320767,0.13067095067401038,-0.0088479386470842,0.017538454971181637,0.08508241035822786,0.05018533205526912,0.03930493116499387,0.08960199897877956,-0.00313219229749088,0.07710159665903875
ULBP1,,0.0270184050645292,-0.015035843569001965,,-0.04700353448695011,-0.046685009630718415,-0.03211053981609455,0.005784271847642981,0.004541427624763376,,,-0.041211831007662784,-0.03510115985642413,,0.030732082609716896,-0.05656997490192667,,0.10161227407228259,-0.0064302523548070084,,-0.0572903587898791,,0.03284892546252613,0.08797297183751308,
SEMA3E,0.03260549487323953,0.14213081322757729,-0.0015602926737700166,0.027004854770903048,0.0015311804686845385,-0.004855081738271951,-0.007980076990890818,-0.011994470690950056,0.016743751689638684,0.024836043299727637,0.03465289015955319,-0.0006234274256377215,0.023068722243903307,0.1046864840677335,0.14670734033954405,-0.021704437880470207,-0.05849665766373622,0.09438944313598364,0.061379102229482806,0.011088102237379485,-0.048844534320661805,-0.04802561676127468,0.132066019435525,0.04513989227451382,0.057523779084177495
FGF3,,,,,,,,,,,,,,,,,,0.02394397058361202,0.15993822645571462,,-0.018276873586540256,,,,
ADAM9,-0.06622876384106956,-0.03331553766915867,0.010386418293332275,-0.0009905484572521872,0.055579692956318316,-0.06795804728158564,0.0004128390638180714,0.11871414954320153,0.07012378531065594,-0.025682289843269108,-0.03522993486162397,-0.016295019817679775,0.0538680914359281,0.21129436457787856,-0.05370319581676824,0.021273227980000562,0.1372543270359809,0.040916292605897187,-0.10356501549600315,0.030252040829919176,-0.041913973886030235,0.012684311317872971,0.0544787969619997,0.11712853647478814,-0.026459048658991877
ASIP,-0.034355951721327396,0.06692797564670169,,0.046236051742701505,-0.010463222663062712,-0.01680642243910863,,,-0.0287210969747507,-0.012310000947486514,-0.033470830878605994,-0.01952674565218969,-0.045063725298294874,0.19289464631646192,0.054383352218486,0.05520165066207308,0.09014146990033041,0.059524110445098775,0.016477927137164394,0.015916825886592132,0.08010526695737122,0.017560736788519368,0.058008601614768965,0.1256580158934621,
IBSP,,0.014899553600631912,,-0.02789343897513878,-0.02764142692123549,-0.015037038366440493,0.05039839814678735,-0.011173767584729214,,,-0.032118462169609154,0.018301688424108755,0.023845580314568574,0.0988893211523761,0.12895642967720714,-0.00868042238583559,0.05368616176267916,0.04679577692484804,0.003344017619700547,-0.010729728278496468,-0.0073694092920831384,,-0.14545620317054564,-0.06669074084313274,
MMP12,,,,,,,,,,,,0.03219834528366411,,,,,,,,,-0.033917303900925386,,,,
FAT4,-0.051475361386921034,0.03982030601737052,0.022683023661231403,-0.014639172823592492,0.06240826088221827,0.015457819648887339,-0.023724203426086492,0.068020657286414,0.013980693011795987,0.004192932213849118,0.05974786579646466,0.051622298365485556,0.022320879494127522,0.020755068526537312,0.022220354172211194,0.04252820339389732,0.013419612284892163,0.007295743555692095,0.06961372866206447,0.026021057083774245,0.015749975768537785,0.0038186022750261407,-0.013418761674700212,0.03236130956593616,-8.078578199322036e-05
MDK,0.05502046961139578,0.018355013565561094,0.022517110418445337,0.01245749505215944,-0.004501551583248509,-0.006957903825432597,0.04633584603001835,0.1897953441635524,-0.019832602334410608,0.049211614687521485,-0.0134827308069171,0.0191627530778824,0.05402005699820191,0.0042654063408748,0.10003437663709705,0.016515583206036705,0.02692295481770962,0.1119792154215617,0.02857654761223512,0.08944073175839609,0.014527007362049078,0.023879459542713772,-0.03341727537969573,0.05464974065035168,0.12798473523255738
BMP5,,,,,0.03949237911833395,,,,,,,,,-0.05373539608561312,,,,0.09943954890275203,0.1319331756011527,,-0.038024037459947736,,-0.024474716801962317,0.027899673326280256,
CAMP,,,0.06997426792240519,,-0.04868717647094634,-0.03920578622360245,,,,,,,,,,,,0.04969530045890335,0.02079382339021925,,0.0054570907251896734,,0.014853213509391078,0.0071157281386132875,
HSPA1A,0.024528937661597323,-0.07441315361633109,0.019896517129609152,0.02429140190793082,0.01699025989651359,-0.10023073045404038,-0.04770343623452357,0.08773149421741488,-0.0642592214320773,-0.02680936470948092,0.023587840998771654,-0.05650435143686171,0.010460460404451944,0.01325222442877136,-0.07764143950496691,-0.11520225750842347,-0.015429363102022638,-0.051524218435748954,-0.1080150210259794,-0.0621786429010561,0.03950506229789037,0.0013786182499898405,0.06456601749380095,-0.01220277880657209,-0.0015818177907934914
SOST,,0.10810975617964282,,,,,,,,,,,-0.011099559312676512,,,-0.05911570976110789,,,,,,,,,
SEMA3F,-0.07360663712762561,-0.0009563798349570156,0.004014711849070323,-0.014503491297767086,0.0029114765758953207,0.005870492554374828,0.055354888146215864,0.07905776240150184,0.005142556796990057,0.0018408198241510031,-0.02551422085359795,0.008416477549429395,0.02587349608841633,0.053164504330580925,0.21583518437404448,-0.003646169243147096,0.07505339132184223,0.06618577944456511,0.11166212934171106,0.008547246864929026,0.04826180229691563,,-0.04636471862191017,-0.03828647836977742,
ARF6,-0.0013260700046221709,-0.0035819752076801923,0.0090155666948479,0.006263369689349211,-0.03410671922856301,-0.05368682884887384,0.005211603431349572,0.034540818443173416,0.011022471675065652,-0.0020752504257256655,0.007081210943887266,0.004325795541492974,0.08336893073413124,0.1561622987475533,-0.02933202306790699,0.05152244789385158,-0.012209444721094616,-0.012057316897508124,-0.04763267876759142,-0.010157158344290729,-0.023905634238395396,0.023552707686639505,-0.0635494265907606,0.05760646042794571,-0.09201533585886622
IL6,-0.01417989090082341,-0.008103236908571669,-0.03708378821701497,-0.0477807829351884,0.0671151284286123,-0.0028170464724904857,0.011392946381762824,-0.036110358925889555,-0.023007688849282157,,0.05143291043336029,0.03176743532747593,-0.013444163727879448,0.1158741176186056,-0.08480391920674148,0.06493758879175342,,0.0839607472278031,0.026530276685373905,,-0.017697723004468115,0.09618237360405384,0.07155158540257281,0.040422812337329916,
CALM1,-0.008855356890381208,0.08534702648543975,-0.0033185429445043825,0.06577722881874301,0.06563778853981432,0.04633916904615997,-0.048338785367544594,-0.16862794704518352,0.011656149237031425,0.002579891956443151,0.01415168573475059,0.01259857580690046,-0.04972798099619213,0.056939356155937024,0.05548907242447093,-0.06347548708156896,-0.011642805543750707,-0.055001413308396044,-0.02351236097689803,0.009305979068312884,0.08848601161858022,-0.04792099001293669,0.13836465203990517,-0.05841926483796482,0.08797027031506544
VIP,,0.007131428561514843,-0.007112700644560547,,0.0889232147162,0.005754161818194518,0.03245927846093321,-0.05867125090042349,0.013752091616009163,0.0984732228257605,-0.024772340565143783,,0.029461719550430882,-0.032410612293038495,,,,,,,,-0.061280159416603315,-0.03685667881912525,0.008704795476177408,0.007698915097525118
NMB,0.07267852676312822,0.016729023845084092,0.07301584894982456,-0.003297411731003659,-0.025021745005303894,-0.028381795405654237,-0.01669178303895525,0.1498938539349739,0.04901526164979711,0.004874875719175613,-0.04929948969427808,-0.016773736289056478,-0.053524196920880854,0.09035207096382376,0.006128397934663659,-0.06644032340538779,0.21637296437175665,0.03794437471723442,0.10938582784422925,-0.049068704176226566,0.1063847608461258,0.11867477671121915,0.12392575863560891,0.09138735508360896,-0.023417928020548533
CCL26,0.0003025539019253069,-0.0029076748217949848,-0.007543281548954937,0.0057894948975338615,-0.019279204662145777,-0.008877991497912453,-0.007176563435028461,-0.007681112053709806,0.03678621394038604,,,-0.06640165916653107,-0.013916834054386916,0.02142540689548128,0.14528425664089867,0.007701215759195895,0.02613406167759833,-0.008115501090630266,-0.0010781832458438257,0.018091750081503846,0.009775535646739452,,-0.004889123217869476,0.08440817600056025,
FBLN1,-0.011801296815407952,0.04236841603472842,0.009746731866155834,0.05036831759750153,0.030094060515841153,0.0420793496848056,0.03133061067565077,0.03806811901314388,-0.05320081963535577,0.023274746709101506,-0.00047362697223170833,0.04322610073533622,0.018370641009348147,0.04889395414818637,0.1588069778056017,0.050491053487355574,0.1080284633946544,0.0050915896927937535,0.01058891042663279,0.008498070388119854,0.04583120105654508,0.07736828909015696,0.015269498847162425,0.054801875100971675,-0.07113378506242748
SAA1,-0.03810317974669687,-0.01188076599845224,,-0.043050439063962914,0.004053791491672681,-0.0758645331195187,,0.01736544547225504,0.005999404609050827,-0.022749690810440044,-0.002895468651294956,0.002742939477385539,,0.03590071714475173,0.028214287599137963,0.005575128037144531,0.08830733273850604,0.002602280467710544,-0.1445858867538287,-0.02669215301556675,-0.07783090840881364,,-0.013813280423150196,-0.03321780121989079,
MICB,0.03715725360050306,-0.022719722963810782,-0.024855995134308233,-0.027546972027419257,0.014810320980661587,0.00118017149736426,0.02229632266459718,0.0267920492692608,0.011861888255698297,-0.009713613437247989,0.01872211388886474,-0.03709663019940292,-0.027745051513262505,0.12149648237616213,0.03520170996362066,-0.10488228075624428,0.0707151705346968,0.04090602486635685,0.057475491380708954,-0.015644666196155576,0.020593852467952443,,-0.04539725233996133,0.010498079701815538,-0.04252586602848988
MMP13,,,,,,,0.013220324166523441,,,,,0.01919868907679764,-0.02997123148651112,0.0554277341194515,,-0.07962692941331137,0.028633188163314265,,,,,,-0.005535199389470157,,
F13A1,0.036833854461811685,-0.04361647880223293,0.006509998381567621,0.01663004311123478,0.0072946841097498855,-0.057301051850848245,0.01122737871076869,0.04371005682644567,0.03729215141159196,0.02024831019734031,0.004708254962174455,0.10055833711598848,0.01278223782611264,0.15416831260533995,-0.13421164887126602,,-0.023987769289170652,0.03152463757427553,-0.09001509797923128,0.06819102669808867,-0.0340914450054776,,-0.13018787693121103,-0.008391731145034687,0.05327421361010826
CXCL11,0.02616425568198681,0.04110168319883083,-0.030704157672553658,,-0.010646469075637632,0.1260167553920303,0.03169447019688512,0.03902499567091171,-0.004652525927207499,0.012465347403751572,-0.05261162872283972,,0.0035613262016138715,,0.08406177915099684,0.04177947048557979,,,,,,,-0.0022079409421191408,0.022571047445433933,
COL5A2,0.031321248914891624,-0.019735597596885954,0.017014907818207314,-0.007243409857820947,-0.0001279558673929085,-0.05315738910178461,0.06712133950461731,0.182177027675615,0.04787619236816559,-0.013331441714931586,0.006304183007959742,0.005306876713273283,0.054162622703875396,0.08235173904471059,0.09629277939003737,-0.052026556437137474,0.11621447015010193,0.04616842161480405,-0.0029580222101585237,0.01078106432283942,0.036938505685567974,0.09798056303163033,-0.17686682596046924,0.020337357427849312,-0.019166585613624842
EFNA5,0.055019944003459074,0.06462913554174726,0.054396504861841125,0.013845915170201017,0.06751309170773677,-0.00522114529437585,-0.041295440918101785,-0.10522379890967813,0.04086882002181858,0.032765600729733856,0.04547770576556768,0.07300306537875348,-0.06639446151144665,0.029717118903532905,-0.03920560078348864,0.09137607673259511,0.01863477298677976,-0.02380632217279626,-0.07247979792936936,0.11119696423223131,-0.006672038374630225,-0.012230953781202744,0.0780256651209901,0.06488169649794899,0.20682818020019458
AREG,,0.008273490860585443,0.01736035934692098,-0.09831449910059636,-0.03792881581674815,-0.03755968063157931,,-0.07470070521737769,0.03583764853859465,,-0.05019472980505327,0.02606831161925773,,,,,,0.1464994770925154,0.08394246940589759,-0.01669805861033265,0.07988644139674582,-0.06338004832896027,-0.060325336180732506,0.029680971756277163,
EDIL3,0.013712247222057146,-0.02130899883212191,0.03441814471731652,0.06197890195256238,0.08284466931110297,0.04339474294325055,-0.021097678812846868,-0.14307077919409536,-0.04257112782389148,-0.01821719929418894,0.0441276131227683,-0.017007793600068696,-0.0062959098821259,-0.0842721492694685,0.07035802817022407,-0.039990772728697686,-0.09866391826153412,0.012496900000334142,0.025290324069885465,-0.04276747211755609,0.014353756003086967,0.005127115676741273,-0.05648497854061431,-0.056038924046515025,-0.06286049787542511
CD86,0.053816809779626364,-0.021570676599160857,0.07750887005775339,-0.00922427863966611,-0.004522488752731449,-0.027321348430638992,0.04552427133077443,0.10755679086747404,-0.029132240847577272,-0.003374367842757256,0.059038882681908385,0.024283038927878076,0.03925047971434631,0.054312449811332965,-0.010891518574887685,-0.0022927916759949403,0.08698272341153225,0.00589242565960838,0.05192678200684356,0.07543741310733401,-0.0008626825053063302,0.05311199282969318,0.035017861839283335,0.021599469512761312,0.13412714774346474
AHSG,,,,,,-0.0384373511719867,,,,,,,,0.053974642950804265,-0.0372393306914074,,,,0.07123760543284902,,,,,,
WNT9B,,0.0060558008159130134,,,0.031930664829412855,,,,-0.02297785764716018,0.020789619136803,,,,,,,,,,,,,,,
HRAS,0.032872239624948923,0.07513806107394086,0.025190726905401847,0.07397936202919016,0.026544878664433592,0.00965919912323107,0.02664043731379213,-0.02550396751267203,-0.020378097061825126,0.022451733602806324,0.027654314435588728,0.044871745770545896,0.03990538632835769,0.037758526680465136,-0.02276785275350409,-0.057985122505552565,0.05659930866127007,-0.06591501327808182,-0.04693184799627767,-0.003002753614597274,0.07651259293015905,0.11180636653581655,0.11284126630426297,-0.011443524616586442,-0.09026020273226848
C1QTNF5,0.0765530126599213,,,,,,,,,,,,,,-0.012951940063757914,0.047669501726690815,0.11075623821278442,-0.0034358736759032508,0.03348789404231106,-0.015977729553573267,0.004176752250598482,0.011372085267273463,0.07818558256326638,0.08979267427443655,
RLN1,-0.02421884739248293,,,,,,,-0.013341635358274203,,-0.004062190408281752,,,,,0.003035835800113868,,,0.018293827294098036,0.07345181618585571,0.017061061079606178,,,0.05754997144791092,,
COL4A1,-0.022333240501229215,0.003814587277572997,0.03327814598066216,-0.0524344321576642,0.004993997722743277,-0.03857217523122084,0.1232175639521425,0.156575224395022,0.026465853508247667,0.023319329630150452,-0.039756078427177065,0.004534415914019041,0.04463176697620324,0.05458704863423555,0.12872211869555056,-0.004204955161657781,0.11769526524895244,0.018840095076263077,0.07875089480707737,0.021421871732757735,0.03651015796383884,0.08426236058909405,-0.21628592099416352,-0.06375425308677099,0.11871094725405386
CCL3,-0.03199775248994527,-0.033307450398839,-0.005096681225750495,0.011415928021806406,0.03175499018861869,0.005410699133629117,0.019675975179496742,0.08118076204388906,-0.037430089723858,0.008732964620973411,0.009716377089108115,0.04663402255737859,0.05380610036722942,0.07174752631243224,-0.11377059165503564,0.05396978071879026,-0.02145597455058281,0.08360643634884811,0.002127585367144786,-0.07258091232194727,0.054986264699318,-0.06334302965523575,0.19151958902056385,-0.011677299943751777,0.042654100002772644
BGN,-0.018795128034606916,0.07242330923200758,-0.03841922686332107,-0.014571320417128157,0.007847371637840557,0.010765918046435343,0.12512035756467535,0.09803918037139601,0.02217471866032623,-0.0032848643732086204,0.0180984651805663,-0.04268833771931307,0.036629828277474095,-0.01083537210604062,0.13596041353430557,0.007139677616417773,0.043160253506525956,-0.03909513366873919,0.02177017720704855,0.0184694520312579,0.07432728741025325,0.08277255595392453,-0.2003803100864098,-0.024523973454531046,0.041895304000438206
RETN,,,-0.02762047240770158,0.10613355761131774,-0.006842866437939767,-0.03904636536952297,,,,-0.05607206980947269,0.01001315260827997,0.02905228376396465,,0.10400331593834804,-0.08081723799733483,-0.0987073950345016,,-0.023432423908084102,0.009588101612820537,,-0.02310607945994579,,0.004793307511271574,0.02456848776696362,
S100A9,0.017302887097945092,-0.039543340874378385,0.009456629101590465,0.0048698531280042265,0.012705939869354716,-0.0995444367434565,0.07106623321568305,0.12464054304721107,0.052718274075498374,-0.009639256709977435,-0.03936318325922127,0.03714031688518091,0.04241059792616921,0.21769378630598188,-0.07326884797793848,0.04601314280435111,0.06331453590031862,-0.011862738758193872,-0.09740060712287764,-0.0209598645666732,-0.055903362339841084,0.03294653035594598,-0.073970203389379,0.008753409423694791,0.06125772197320976
HCRT,-0.011603023624874568,0.01583713229372973,0.018916406340078868,0.008620627777737129,-0.03367068413412027,0.008867901937123635,-0.044448133154484516,0.0327895427058029,-0.02754173017861299,-0.008236180899519585,-0.026538620258824697,,-0.03201739928946168,0.06398792084480733,0.06845644347087738,-0.025593793701134362,-0.05509071041607629,0.016166002735720043,0.06568883449112858,0.022985028854547267,0.061701190729856054,0.013013638832143952,0.08271758966322874,0.1285354220372997,-0.07923851919399627
FADD,0.010055268363277248,0.053802303968615135,0.007894101621158,-0.01684658563140628,-0.001523226812687455,-0.03245045621112104,0.05847988086012304,0.09420509250804307,0.011708439721827675,-0.039080607729898395,-0.018187020899095952,0.03649168528208163,-0.007878459052374148,0.08853634587630667,-0.036491443876997307,0.023713461460793537,0.10606647019839331,0.06458848197625554,0.02821313387173488,0.009030861405262604,0.011297972503925184,0.021968330700959573,0.11895040106881344,0.12230281819184005,0.014369493442238515
ACTR2,0.04976925652752881,-0.024849570805063618,0.013424803640024954,0.04193799324170813,0.0005452271588934703,0.04062602728150744,-0.0340853000887596,-0.005881909567213641,0.003065704186224692,-0.002893883102289706,0.02399834287849063,0.03831642706935734,0.01908607705113567,0.011007964633189085,0.05719931386173979,-0.032428903200047016,-0.02381514597342419,-0.057719056426931016,-0.048492701197247814,0.03150424877090103,-0.015469074576475677,0.0075153460265534764,-0.1745862314862552,-0.1267272283718134,-0.0001767639273769286
BMP2,-0.00023589371548486798,0.049552899070670044,-0.0030591604037656264,-0.06151602141836699,0.0030093255992609267,0.024581612532892875,0.0292255787070482,-0.000287419997021166,-0.03685702883519959,-0.00372904321949066,0.028312651233775635,0.021288538536327756,0.05806069321341808,0.11963815702520411,-0.0006625001747920024,0.08889466467723585,0.10634578980187681,0.031045380146997426,0.04398406250981401,0.023242780499387584,-0.043102944453223505,0.024799976726978416,-0.009289390464251696,-0.006290950024622673,0.04947047417596451
PDYN,,-0.036428427616808284,-0.024861623887991263,-0.05182744960609787,0.006930119430603635,0.0835236342645862,0.004449578428509082,-0.14951985775281063,0.02326406468128885,0.03293241675602949,-0.039569936739560725,,-0.04485311810308552,,,,,0.04572489312632398,0.020824523600579105,,0.040575271797114135,-0.025588173470588133,,-0.03350543994012086,0.07075063125755247
CD55,0.05370403887500753,-0.03526644889985964,0.031926528153154804,0.15824918507396224,-0.03761994988920608,-0.05085219289759518,-0.027472418488717107,0.0304999420114158,-0.02040848670275899,0.0008706950113200536,-0.00700898288412052,0.006828251603634472,0.020450023034912827,0.01726204302960596,0.004975219433951982,-0.056463659012372734,0.1352880886840892,0.06502202891632516,0.019705529564849965,-0.034355091407719196,-0.020047429988703028,0.009901420627576913,-0.06666819933866386,0.014388252383335104,-0.04513530014965906
OSTN,,,,0.034945589758415656,0.06361674333745014,0.005594865116457281,,-0.04018154590764003,-0.02256113213804672,0.05276542300136707,,,,,,,,,,-0.005344072925350734,,,,0.05494090546313666,
PDX1,,,,,,,-0.03164355104839842,,0.037755113498060336,,,,,,,,,-0.008540908100107103,-0.007573885881851212,,0.0055239328408639874,,,,
CD6,0.0012297657935416,,0.19971507200211006,,-0.008279101743611721,-0.042536354174854095,-0.025443493236266795,-0.0520389874560224,-0.007783890938841469,0.029256580686973538,0.03714835015046591,0.011473087481730038,-0.02989153897616779,0.11918087183216987,0.025486353826295202,-0.13944245101031763,0.07322729276490034,0.0051745973784136715,,0.0002683923291813598,-0.008068088704878393,,0.03293989296464749,-0.03387941283520888,
IL16,-0.003775772962160344,0.04875604624229364,0.015686435219141686,0.019834026138765597,-0.06150896133038434,0.01751498991683816,0.0001613294311083016,0.1175728224611201,-0.024380605832153415,-0.04443295012156725,-0.05846276073980196,-0.0018043769661560325,0.012844458020835621,0.038817762140715105,0.028612808184199638,-0.026901747470140222,0.0371723463224419,0.06454838605082458,0.06123700078054327,-0.0539598606310223,-0.003637723639893259,,0.1014671371308207,0.058948318342348864,0.0615531210934306
LAMA5,0.02234530316643127,0.05091256060947698,0.01098973137526568,-0.04840628201849995,0.0039457466592876175,-0.025502094336883246,0.09349484820146595,0.1219835862625747,0.04959739458312867,0.012703843752861392,-0.019318801874803344,-0.04455800739199029,0.059193562679172675,0.06315984976191773,-0.05768744651298325,0.08666046982311278,0.06422954669181431,-0.002266625910535045,-0.026977328045778418,0.04180373547733043,-0.006869508014096301,0.12107899136555116,-0.01311487470394698,0.03991532626553064,0.0006933176928951606
RGMB,-0.021359953277352222,0.07385733169583075,0.04865164388455373,-0.0029179512562926974,0.017102324390322478,-0.11584419558035139,0.03299753506770508,0.04121569235104541,-0.03778694525111962,-0.01741862662724404,0.07685645179784244,0.0014492237722658241,0.03087217431696586,0.027606573692451276,-0.04531726883232097,-0.023537612307173245,0.09117525171821529,0.03655187958762419,0.018966163029753853,0.022590799295940423,-0.02046621500699343,0.031998028343561614,0.07361572890205383,-0.017551602613697183,-0.0028849984249521674
INSL5,0.009722233190535579,,,,0.012851212043980896,-0.007087921052461793,,0.0398886097445943,-0.02674143443755922,-0.038936371081940764,,,,-0.010467896867905705,,-0.01580817242697721,0.030053007457285674,,,,,,0.05698425989231147,,
IL12A,0.010607633872078718,0.07188030806315833,-0.010837717868177891,,-0.038384169890905234,-0.011069327122541387,-0.0037491221616950286,0.07739312209670095,-0.023027321947813695,-0.01246025625139545,-0.0016921056928423349,,-0.02528123513198736,0.0507048437976085,0.09829105210591081,0.12727536206169135,,0.017225323594340567,0.00200165123894175,0.057253759990861165,-0.029166615683229424,0.021838110548080537,0.11014387861898793,0.0421022650039673,-0.03277300505605567
S100A8,0.06027461303139216,0.014063699433961418,0.006913028893447168,0.01118189409008868,0.015275445084629318,-0.10118464598010762,0.054791480482345424,0.11613865749495425,0.034861764883203104,-0.0106519880148171,-0.027841023297260296,0.03644507581418272,-0.02386990284687547,0.18083479434298974,-0.044240016779112004,0.06493582987829724,0.02785112887307218,0.045993229709054236,-0.038587574008698874,0.021425982710436022,-0.024523503309073564,0.07056942275682952,0.00909788237572546,0.0005849137681879958,-0.05177552171009011
TAC3,,0.014107194501435993,0.014149140097812788,0.10339320170639914,0.03428595888001126,0.019101762266810915,0.028211019179264277,-0.11247308841105856,0.014634844223211301,-0.033225604174275745,-0.04714035340255134,,-0.02238429147093647,,,,,0.022064961563414708,0.09153384126546145,,0.07328012169396224,0.035068447626813604,0.12533278712304988,0.08636735125544277,0.036361923664794495
TAC4,,,,-0.06888735765726806,0.016454121677156226,,-0.02791744647055182,0.0947588973653075,,,,,,,,0.04174709388226267,0.04677491089570597,,,,,,,,
MFAP5,0.001524591404635665,,-0.009278727799782265,,,,,,,0.030465074933355714,0.017934199323602424,0.026716536113888547,,0.04101696125463919,,0.03766161428621602,0.0698534640389853,0.05994305199065786,0.025823537238228247,-0.02150157430116415,-0.029602359341363797,-0.022242842141177402,-0.049007788641509016,0.02699678155183605,
CXCL16,0.018238140500747763,0.06971416186778621,0.065634915565609,0.021117666325991102,-0.03623596435942037,-0.05592555569007497,0.09459810186492505,0.12447325720202068,-0.01637376401473637,0.0025178780578855495,0.039148816043061974,-0.022201835915761425,-0.031365376413635966,0.09912395083807332,-0.14742524532177176,0.028480378683670107,-0.024236078593034262,0.047266563880099706,0.06536164020615604,-0.016184320701715403,0.03879559698247988,0.09579795898980926,0.0780806405557128,0.013885275644065222,-0.015869064725029098
AGRN,-0.028189924497054576,0.05014252560310291,-0.03001403421036952,0.026850220800085502,-0.056721401521124676,0.06531209138411277,0.061533187326117435,0.17794110259181922,0.04317742826540987,0.028791686352682283,-0.08545080566870636,-0.004601225331246447,0.0593206796624506,0.06072741404521976,0.13627102226518403,0.0028881683810207375,0.09948979636877682,0.023174770032904954,0.1624534797847665,0.012829893484249942,-0.0002451667249274595,0.04016235334577946,-0.04426868146471985,0.028912726465244527,-0.028419079159716674
COL4A6,0.02185290870168608,0.09747432870160205,0.013478047381789584,0.06305040282295676,-0.009984893427911147,0.07369558223906042,,0.03737814398674312,-0.035357426713036544,-0.0067981007274433925,,,0.06555025071106448,-0.059962942239864474,0.08653910932589055,0.0019206128877025596,0.11995150018511339,0.05659055705284051,0.16790407672954033,0.03076077477129775,0.019686814017412877,0.11110775320992305,0.08976148061489525,0.11417811191765657,
FST,,0.00633462560019894,0.009336340082365424,-0.005163127930340483,0.016700852033539743,0.10612083759697954,0.013541016024846647,-0.008359645366429032,0.004184475009797627,-0.004175658846760763,-0.002708641529905759,-0.02692520935427403,,0.23871739035406692,-0.02094350136406304,0.04860744246132976,-0.028054810156876383,0.007604269842420219,0.07145432641954515,0.05709295169459666,-0.013329199288939593,0.07974829245412916,0.0010671540533084593,0.049888373929832544,
MEGF10,-0.0018417312618217877,0.015292244974933228,0.07819754102485361,-0.06667934193739716,0.012830062058118912,0.01861960606218868,0.03225454544940192,0.01478996004046175,0.0017026045384714238,0.014709457772332868,-0.0035259272926584043,-0.005289489039423109,0.0740068822315029,-0.01006234390809894,0.11537377028631915,0.038600458696138644,0.11869012915422804,0.04356151737651479,0.10100779762203639,0.04826370515746267,0.04318329440494373,0.0289826213671952,0.19049103549149196,0.06682067262061998,-0.044935442807325136
C1QB,0.03792609925114903,0.011053064705622333,0.012822306099589188,0.07334041955697154,0.03400080937722137,0.028131046935874284,0.013638816903204693,0.1344855374117272,-0.010626490899259076,0.028115190130298322,0.011201701632026462,0.06429746838792681,0.018021251590655266,0.10776972520414488,-0.026249393775971495,-0.05519853201586683,0.041915204413507504,0.04539245491582542,0.09501557613318852,0.001999127924267319,0.006909054345374521,0.10135430753320937,0.03219168578074217,0.04441332156824089,-0.09889306977445644
HLA-B,-0.010185610758200302,0.02414176761194103,-0.06561338346620955,-0.0019350459357610375,0.016095841566507924,-0.14389121116899975,-0.021415088150394654,0.1521076610516611,-0.06445383486208325,-0.006422306448739891,-0.019663947847898322,-0.028943518144566645,0.005818246165279645,0.1266697070631396,-0.10018837096711578,-0.05282388919634318,0.0019450217390827955,0.03148356020307282,-0.1135109435249714,0.03986395698567844,-0.06439820366393116,0.0776057494871408,-0.15690133297916753,-0.02139806213936818,-0.1579823289775039
PDGFA,-0.033840441900780824,0.0692999499903822,0.034178653963196165,-0.020676585319040562,-0.0049662393657086065,-0.023804497099921405,-0.009389190268422939,0.026904078887917033,0.042486647835813955,-0.00378858088820594,-0.08458667245657862,-0.012970004308374375,0.05251607334833659,-0.05094136429277611,0.04295618000895925,0.07867490998887403,-0.04130260724486399,-0.02502571021446062,-0.09386055162978757,-0.036314333920062294,-0.04251909835484193,0.11748609318769584,-0.07628569600797719,-0.01981170318422457,0.06149578581456032
LAMA3,,-0.053900569526555475,-0.005893528719301594,0.08269125278098909,0.03903964304318117,-0.0336513475869677,-0.030622074006894352,-0.03382895121841882,0.07456167588338232,0.02545471596582455,0.059421010924992614,0.05242624725957741,0.0405624724899948,,,0.0651496208638378,0.06977667447198505,,-0.028017883475226164,0.052603825475323086,0.021373251623608223,,0.03206365044320799,-0.0369396963942756,
DKK1,0.034010163623371004,,,,,-0.06185946374411571,-0.023037881646838034,-0.01001968730900465,-0.03374051618306136,0.005842312478775045,0.028721542065957662,,,0.19695529288032468,-0.10437839282103802,0.040472215571010876,0.01412615363773638,0.12421851398561601,-0.01622866593073823,-0.004699172293834276,-0.0978267037824128,,0.027295112436244173,0.09501724474946983,0.020547058527074617
INHBA,-0.010392145045944212,0.03328841322378034,-0.02762046839331395,0.05200344080527766,0.007730445619375913,-0.018227939731458337,-0.005071342371614798,-0.05827732624453383,0.021798811007944077,0.009420576383623279,0.010629436394998634,-0.0063991203685658925,-0.03312295698812421,0.16397860771143757,0.09894082865290849,0.0713094141896378,0.0008801696512212723,0.0018388381659792685,-0.035710216430224886,0.03353107454847405,-0.03147974647244196,-0.0204062836798094,-0.08232077804973878,-0.003539478431773436,0.07429178247921857
LEP,,,,,,,,,,,,,,,,,,,,,,,-0.021102070691468054,,
IL7,-0.007569292768036892,-0.005236260969079636,-0.02111173996934509,,0.0396187043313299,-0.04361624123492959,,0.02446799211656224,0.005513122878354188,-0.030875687920291682,-0.037571214620189336,0.0035667825270054355,-0.0016238854333988798,-0.0025824498592474775,,0.006529836142912722,0.018208304634643284,-0.0068783454271849915,0.0711205291275154,0.01766845417710004,0.007746655803267663,,0.03598588391840951,0.05473803014709404,
FABP5,0.020042018366892754,0.038894970035925194,0.022993403320537946,-0.009682667277430779,0.033117282112761354,-0.063750148170179,0.02278494053313358,0.07086223596923394,-0.07799468992746311,0.042076636214676034,-0.05357816172621267,0.053512019353091106,-0.030661765208794454,0.18450342245855156,0.053766783953027544,0.1607908784278753,0.034606811557873214,0.06471446443227914,0.10054681665716933,0.09675474415506684,-0.026026977591927503,0.11427196019619955,0.1281386446587418,0.060224732477014035,0.08849188135569068
CCL4,0.0699393627515674,0.02611766699024533,-0.02355217903371886,0.07481373610748325,0.039633682006559486,-0.009430781539545467,-0.02498698584219167,0.12427418439108551,-0.02095083774366758,-0.021738604295366695,0.005194300343943408,-0.0038820557755604654,0.06041917271645246,0.1961997003837172,0.00567165342430268,0.09435167210327824,-0.08077918554557162,0.07597394847640872,0.023313429549341482,-0.044049201733556725,0.058877737264577755,-0.04719297701431959,0.1500645709341537,0.04210576425595408,0.07321382582589758
FBN1,-0.04737673472308764,-0.021068298791043234,0.044816663058630475,-0.012027351355791235,0.07341680747405097,0.023130673023577103,0.0469035477959931,0.10273800498797449,-0.025142834473496495,-0.028582136097524434,-0.011712946272115993,0.06959128777079206,0.007885326539078592,0.12219382736338207,0.01679137687023916,-0.10106564013057812,0.13376428184975162,-0.03258585895414137,0.08490399528245983,0.06940483841829094,0.039080525704594374,0.02409911428519439,-0.1061115543995832,0.057757229251219185,-0.0014081346555710824
TCTN1,-0.009458110898060118,0.013728400544745754,0.021665807212454986,0.014221352697136725,-0.01570698022216362,-0.042725373842280694,0.007995644741699842,0.17949520534594451,-0.012177892701362172,0.02341011768486924,0.026922749893629833,0.024331273983029048,0.018274447739524448,0.12748397782207538,0.06509292679371233,0.07047662903260556,0.0785730119655127,0.045184288690700306,-0.011518555522825966,0.048383172320777316,-0.021555049461722167,0.03060643358657105,0.12776640800144412,0.0515250489928004,0.022228147453714292
NCR3LG1,0.013731402269270675,,,,,,,,,,,,,,,,,-0.04025954224835456,-0.042186126227716,-0.037143514127212285,0.04400839571323252,,,-0.018640315056219433,
BMP7,-0.01884934460840046,0.21979284946291872,0.05166334561329302,-0.0060426001332633105,0.007440270192432724,0.06867164849537728,0.07594715221301801,0.1292033469347562,0.0019208272861695906,-0.024138964289739866,-0.013286645863364374,0.08635825690258528,0.03147042346801707,0.004733669239941887,0.14886425085517452,-0.03305341750283115,-0.10540853908014183,-0.010227097763740553,-0.020769931677815514,0.02548473437368948,-0.01866169469387475,0.11504524491635765,0.18073282493989215,0.07473224262061208,-0.13031187440270453
NLGN2,0.07609362216372371,-0.00017224641970366926,0.05515772180455281,0.0058226097171570025,0.07893471039130519,0.06743912081338885,0.03390622930810869,0.020470168551404214,0.030664920884761974,0.002029423990950702,0.03992376165497611,-0.022092533586206643,0.0032398721734104205,0.03852174456807456,0.03269255846147255,-0.00779314294454751,0.005047124714947588,0.046754446413375554,0.11888471301507231,-0.04182497765354188,0.018494009746207064,0.014143934748139377,0.10810216149652861,-0.04311617754637629,0.015069321329431463
CCL25,0.008858639480310628,,,,-0.001362225161802305,,,0.06094771700434656,,,,,0.06952449013483152,0.01510691774187213,0.015472397870424108,,,0.008362945598606402,0.029817216501440806,,-0.05612453948929194,,0.0018183877417817034,0.00714759588050625,
NPNT,-0.004846007804796047,0.0970525440245903,-0.01986321550195893,-0.01511027470079982,0.032403239141546095,0.011302842298490686,0.07993326089695536,0.1292729299474209,0.05912703463195912,0.00737015917183768,-0.012661466651559539,-0.014921555659376319,-0.008182241055887725,0.104721862452306,-0.009522837981867937,-0.028232979329438752,0.04865498281849938,0.05791287952926755,0.07421836989185022,0.09761519530271291,0.06341962492586248,0.10527992573308627,0.15416791001631325,-0.005614736876085771,0.09314170776797967
KITLG,0.014337176036157931,0.059656024731847106,0.053945668656796814,-0.045269194995711616,0.0020609949147426788,-0.0023184884040131372,0.019525866490016735,0.05170728279773422,0.005261003691245508,0.03216128131099918,0.010607924018539756,0.09779960422288249,0.07292430535194316,0.04194042744012147,0.027627465590333026,0.043671352327668216,0.11385245335002477,0.053485395987434826,0.0766056759670496,-0.03993122401632849,0.00042735225547390704,0.10635184342494011,0.074662349092967,0.022940690245817828,0.10699280110229574
MADCAM1,0.06821902618105352,0.014968692284058263,-7.346338904195474e-05,0.008549400211860332,0.03747423383902029,-0.01856162649543976,0.03089146756776905,-0.033957515456314626,0.04297239370163091,-0.010180455782415977,0.02371787258763309,,0.030474744530112664,0.03333696370518387,0.05069065936551473,0.15236932237139864,-0.021285747092219313,0.05165969254342122,0.004807845072378765,0.0010614809225917077,-0.014917991278325753,,0.16793450008373195,-0.009717420893888091,
F12,0.13091490181078927,0.04740281975937694,-0.012123016618742292,-0.0029899951582327534,-0.002448749827480125,0.03916857667703135,0.03783701329221827,-0.05753052620648591,-0.014744197175080492,0.006684597696516734,0.03454675239645153,-0.04217936490674822,-0.012760897303019884,-0.002638675326006492,-0.10556970265421535,0.074332961055803,0.05196393218315531,0.055540643420602546,0.060876516401162296,-0.021879065620444855,0.018541007855169215,-0.018896172696254133,0.06599607526906405,0.0851835299017249,0.11296184190814451
S100B,0.012865662952838548,0.14423507561083987,-0.09417252274823146,0.09737628127499678,0.021605188291083675,0.11499750697771481,0.04837183401441425,0.13162182972291908,-0.06809719940094848,0.034448512121531834,0.026700463455652988,0.011238500482270335,-0.0201065691412297,-0.1915682145122352,0.23305495705382934,0.024335853909186585,0.07997149850155219,0.11462526936565867,0.20304173093580383,-0.007890648414116864,0.008019074731883903,0.06668103809968445,0.2640596557017785,0.08799165737696767,-0.11979157437279489
IL27,,,,,0.0195731862929248,-0.02223629543974672,,,-0.024587561939827512,,,,,0.02418032573382009,0.020239886432182132,,,,0.045876968575319185,,0.0326592431005573,,-0.016671138354209403,-0.041721081197339464,
CD99,-0.018855189719005815,0.056738355350026186,-0.003988476819464979,-0.1028638554906647,-0.07587909341807188,-0.09333980797719729,0.0371595712516411,0.1533137811435478,0.05274461345973614,-0.05966795309013581,-0.009211310349671138,-0.008131354562401317,-0.021577741442874318,0.16986702597903436,-0.07700622990600302,-0.0409061946123564,0.1980274322509453,0.1285885866695417,0.07169493715680941,0.01572792665672107,-0.035590184216188064,0.11544410214558228,0.0797908258741792,0.12064361432248442,-0.008514506260979117
PDGFB,0.00826837171952458,-0.0028810530180970223,0.011764103181173375,0.014846095556674955,-0.020834374246064463,0.0037287837278463113,0.029780767682314746,0.006611664969664781,-0.04104145251293765,-0.03772679617291505,0.037293208798843874,0.028362226106568238,0.03283102297405082,0.022052337207500917,0.0318097058196496,0.02769022181792362,0.04674413102656711,0.022804077072888836,0.04994563309454286,0.06351532200128417,0.056857765906003756,0.060900878937616,0.02887773347338345,0.029068458688208988,0.007733218299200588
CLEC2D,-0.049380399350124025,0.045792358176941717,0.09044910282832387,-0.008023369056231753,0.0343404626591349,-0.049313225031563185,-0.0037017263882907167,0.05888442738169454,-0.03872224696790558,-0.012903033610732108,0.0006170071810650888,0.007980115295365412,0.04747882518329294,0.03100818615518516,-0.030029849455073067,0.010825220953520929,0.09393117236472426,0.11832838812243208,0.07481071958465783,0.023162539178812173,0.0010736492698576762,0.07014889437324165,0.006035078268319538,0.015663414348365098,-0.01948709057529519
F8,0.03633581643195733,0.018821090264280096,-0.05083496615050464,-0.04966083144324904,-0.0074696848731247885,0.029190995788368805,0.047217893149850886,0.04139555688366111,-0.022542225111864277,0.04313002123498278,0.03668128885370115,0.024087488833016635,0.028476697173608005,0.20281559460641763,-0.01736652591428492,0.05625812168752467,0.050744161522000675,0.039870603253656975,0.10521352350002405,0.015346285772453078,0.010338432067812505,-0.016286342822658107,0.20255525395517968,0.004765467026157191,0.09205381543620132
C3,0.017304293951222873,-0.02294601578998996,-0.02635208596693458,0.02371076218615822,-0.020253701235058277,-0.027107511758497745,0.03263879189076519,0.12029009217187393,-0.04309210819691451,-0.051518992568882524,-0.026369832842707646,0.013033997968075552,0.018511970281383763,-0.060563183766440896,0.10972887307261069,-0.020517261521556016,0.017762645325847152,-0.04740002713858631,0.06613701674624932,0.007363297960915006,0.05436687139844644,0.1096547499247958,-0.03095109280667798,-0.03385866862302005,-0.03498322446057626
DLK2,,-0.02944774764502919,0.09867322244401028,0.03951974362474209,-0.033656568325581476,0.002615065167068749,0.057158368656797215,0.029783351251639556,-0.0005080820508680492,0.03872159048662601,0.004517554708226053,0.04277199025831693,0.011688911853622848,0.020628846949237858,-0.027452820427623287,-0.08047801990694792,0.05906968161694408,0.0123872708567144,0.12363362263609172,-0.014330232519125158,0.057371227414694054,-0.06502149822165895,0.019756572576807914,0.024300456530434708,0.05214688660102907
TSLP,0.03652523401016271,0.004648367134324626,-0.0160870774335726,0.0071368146869669824,-0.0004298660978858737,-0.07674716199990038,-0.002516322840363533,0.08148347368941262,-0.0026323169678118263,0.03198088039268092,-0.04458891135906544,-0.027985797096903853,0.009095564180558064,0.018266721908393325,0.06150036307597664,,,0.04787990936782142,-0.025432846313130964,0.06612330482729674,-0.014638659493617737,,0.07899468431777384,0.07275569824461675,-0.05896116385000641
OSM,0.020436883204842365,0.011251563644092393,-0.037454912571513926,0.057609076717635946,0.0028725012899718017,-0.03888848582978659,0.021906051092055744,0.059259966039201424,-0.007043192528167732,,-0.03008454737208167,-0.0022341468595258726,0.006845626362684307,0.17813294896023085,-0.04725855318818294,0.001745292063207924,0.05083745836673946,-0.007626902232256363,0.04691086269424324,0.021531586318606546,0.05436439220196427,-0.044909911483077006,0.015882730543187104,0.06796734904217769,0.20991907749767294
PRND,-0.021507096505719088,,,,,,,-0.009929534740628364,,,,-0.0006749394087738964,,,,-0.06626906637647806,0.11120761883377141,,,,,,0.04713139371953757,,
SLPI,-0.009358078854154073,-0.035483518713859796,0.06032935692849596,-0.053406321976015365,7.60200322054124e-05,-0.11971918258258404,0.03762595040999816,0.1560108729147227,-0.04947215375850384,0.015596325395462532,-0.028477805676862936,0.03806747503502083,0.03043025893113801,0.09249037705567084,0.0020110940914752737,-0.11353278807834975,0.1567300420750787,0.01611363098818351,-0.17532346826292583,0.03284946733836925,-0.10268110616638701,,-0.0364339142349386,0.01999139773337628,
AFDN,-0.062488839682589795,0.04265329559903788,0.05424972834421249,-0.006666671545132087,-0.01624288969531569,-0.03419388348380491,0.0476030562634768,0.09764264548643457,0.05680514504031262,-0.028337870850114622,0.031432848589113216,0.030035137005021112,0.006017698428285248,0.000329452762883912,-0.036403204619260124,1.698322497075278e-05,0.04669954456505,-0.0027400470623053516,-0.010445086750190475,0.014102505103858312,0.024881068343723525,-0.04499060512897972,0.0489411337036476,0.00033785700625540483,0.04486557740736595
KISS1,,,-0.03553182377879239,,-0.04861395532613338,,,,,,,,-0.018522508508278954,,0.00567885320883219,,,0.010169257190564213,-0.03147057394729434,,0.008462040734802773,,,,
ULBP2,-0.021260034212629928,0.030160898041787593,0.008513473668432758,-0.01641534415577379,-0.003672447567418861,-0.009825421866289383,-0.049506985239763025,0.04164582263591128,-0.021406081078842374,-0.03528456267129992,-0.042443675784452246,0.01979084093868362,0.011081665483338644,0.11338507210727522,0.012911538105651283,0.005219060097295766,0.09758596364380191,0.014882152328054133,0.0769075674134417,-0.029292968050570994,0.059052291044130005,,0.02611478044970068,0.054246444441355755,
ICAM4,,,0.0011405662469681837,,-0.03025136953214284,-0.029024104813443415,,,-0.008291259742775028,,,,,,,-0.002965624221097858,,,0.0039022727005802926,,,,0.04844670325803009,0.016289029614702917,
TDGF1,,,,,,,0.05283660405769436,,-0.021253300465323127,-0.0031033029498660097,0.020958879484303444,,,,,,,,,,,,,,
ANGPTL1,-0.012070479760970344,0.0021816213637645895,-0.026554669757451282,,-0.017350657952796673,-0.03417056787792538,-0.01802089423681868,0.11212354456030611,-0.03466708272397146,0.0010911705508315182,0.026809101867155988,0.03277166708595894,0.08884425011993295,0.010408849505484175,,-0.03399611078302453,0.05712443799232962,0.09214530596131035,0.139312742699224,-0.012765649781683203,-0.015694682382783046,,-0.02115197626537416,-0.03094086080567008,0.07450895134339738
LTBP1,0.01587084947870907,0.03384481070558068,-0.029838211010418593,-0.03272211491770449,0.03910981843517797,-0.06397401473770892,0.06664512865001967,0.06698131236371647,0.006351760913722499,-0.02635173325586637,0.0039014852652812077,0.007813501022842156,-0.007811719145570609,0.06850003060917687,-0.10587530941845293,0.00043624555059020183,-0.007160507609332572,-0.011183328834608293,0.020989066290475835,-0.09091691261113144,0.009988063601907992,0.06540941421948067,-0.03566309570747684,-0.005836297097250456,-0.02055291058113884
CD160,,,-0.03231491897973431,,,,,,,,,,,,,,,,,,,,,,
NTN4,0.07755767794618863,0.014002140402459805,-0.05833959192270524,0.03912096136331631,-0.026645729431423668,-0.014077033792424141,0.0037568560581078226,-0.010792307098082852,-0.07375063996931983,0.017863027156869108,-0.016255260802375656,0.10085628956490883,0.0032489168170145404,0.029018208442199427,0.08454099025662133,0.006219809064316813,0.07470270287213025,0.05611471339263495,0.13379447486208892,0.020558198664097697,-0.02151612642735221,0.04530816331564623,0.021059083585129305,0.02503660188789662,-0.026476346176014496
APP,-0.06274546227276856,0.03873353982799889,-0.024984684729748283,0.06249050987776409,0.032768658421868796,-0.04340845792074032,-0.04303071795541779,-0.1892641588421505,0.019301539209581744,-0.03478034807048421,0.03472473407666226,0.0077933977794911805,-0.007646705125850011,0.007616319800297373,0.057852304382327094,-0.15425097379030944,0.040462554406502434,-0.0035915877109253353,-0.06877918095703525,0.00959100390828934,0.08432642709995634,-0.029929537793728277,-0.13058779785212465,-0.08817892189139592,-0.05313416075022461
RIMS2,-0.02788286123363227,-0.02913348124921097,-0.016290415376300767,0.05953363575519042,0.02144730839738781,0.03072786207971804,0.0379229179074781,-0.10592954027874478,-0.03284004623271111,-0.0035116493403676745,0.0026229577580805415,-0.03674132524939865,-0.008386034938295843,0.04150150116481073,-0.03310961792211295,,0.08072495373688994,0.03790153478494133,0.062387730702108006,0.019773085109973644,0.001423733356331949,-0.008788117956576314,-0.026946736838863942,-0.005066884245264227,0.053992060695361485
WNT7A,-0.04005897193402054,0.0767948373677444,0.014070817047381296,0.005398518907858559,-0.07530659328599175,0.010901190860505741,0.04022437004504288,0.04099476983208529,0.05290174288272363,0.014733181308452352,-0.013582920854827804,,0.036435829097287056,0.11628119303601991,-0.024469057532110882,-0.05252203910184538,0.007013514462522899,-0.022754266624079852,-0.0034188409605869067,0.07614030713749757,0.004465007495008365,0.0486231804514945,0.11078866426562586,0.060613065698857764,-0.043877585666081693
GAST,,,,,,,,,,,,,,,,,,,0.011000711379311938,0.07201947690434245,,,0.07331324106268174,0.014089710431378782,
GPI,-0.01535423378996331,0.04073030853659623,-0.024562269769545307,-0.10266679273782557,0.0033983605643879812,-0.03430221405833245,-0.0679527412011752,-0.12006960376252782,0.044856305916899625,-0.030568751744470126,0.0036712940667774315,-0.054202332425386766,0.027207723676998547,0.018529958059308228,-0.22721527258262705,-0.026254703456693874,-0.055341527931630274,-0.0936181974488365,-0.09230609247150959,0.0170730060779975,-0.06519975193954428,-0.026324970538212186,-0.09308245765561898,-0.0415244466308536,0.14144409529056262
IL1B,0.03915127650303851,0.08293018005555511,-0.008389632550561838,-0.026292108469603014,-0.0032935131714266746,-0.049806737306878825,-0.015526680594847894,0.14750115322857477,-0.03402078823043498,-0.020608797877579292,0.0010441711212709013,0.07320972621808489,-0.03065259517196879,0.17711389954481216,-0.13122807807991196,0.011617720257246871,-0.024473453915725883,-0.019265119894970758,-0.06047615914935237,0.02132251640028402,-0.01259505859357799,0.006181219732985438,0.09689588757620003,0.08441713579102693,0.03525063715897942
SFTPA2,,,,,,,,,,,,,-0.03047166274765628,,,,,0.018088081719687597,0.002569581527920905,,0.017706051167212297,,,0.014542070771353268,
HAS2,0.05648330829839657,-0.04408722993275375,0.03846548045224813,0.02690866957421897,0.03838720484605293,-0.05966650067682511,0.056308268090375056,0.07995430166344916,-0.009866424225685231,0.026911700692802274,-0.05557474036843704,0.03989318784772858,0.03161174920968945,0.07416780448402116,-0.15711235076645635,0.04219310873178075,0.04069753611201525,-0.002830891502468525,-0.03219755340208408,-0.0030194785728736556,-0.08045775265525114,0.02496753557777738,-0.042982568841617504,0.031964772789098095,
IL11,,,,-0.08400991819773777,-0.011170036453031877,-0.019198456475736498,-0.02601217561597444,-0.0272076764662488,0.02410034977713841,,-0.013141874122408371,0.011351474271499101,0.029144775538609887,0.11518577906995847,0.03937354276633589,0.05132946432590465,,-0.033744157895804615,0.05608539723765947,0.03605720812582082,-0.0368596766258196,-0.00023867259367391926,-0.028123882473282565,0.057288886820583265,
SEMA4B,0.01790727126526363,0.049803994387137694,0.016850148386381044,0.010322324595268105,-0.1118386878656676,0.06119178135631787,0.03755841135906209,0.1269639084549311,-0.03021139730714947,-0.02216347227367898,0.052383140049310134,-0.010845778131226098,0.0013492427907412328,0.03785562867378621,0.16382794865094713,0.09063127317203441,0.010444770282864328,0.03121825475000164,-0.033246953068434046,-0.027322934620672017,0.00696114519740072,0.10890392312570547,0.08968822878402471,0.09629384582194353,-0.055971876865142586
FGF12,-0.0025878628214443798,-0.00877058071045871,-0.0016922651951544448,0.08996649371651619,0.04623434532580795,0.09827004308840985,0.043676417905812503,-0.14052110522448416,0.014504776702247119,-0.028775683567005366,-0.0003239751290592672,-0.014768085231557603,0.04015870198394598,0.013774897003322791,0.029764361525333474,-0.0007873400966531093,0.15487109320229422,0.017532127107728813,0.1100268713703057,-0.013963420841488121,0.03900237461723742,0.03907110181844213,0.07873112334120576,-0.04229070067600791,0.13581977373804643
CP,-0.0035814824437292573,-0.0675665076073828,-0.057059302440138945,0.01891364768753913,-0.018665739356805905,-0.09712406671689325,-0.010021832872254288,0.016964931196699135,-0.05551674562747413,-0.01369247533271764,-0.002175192185606981,-0.034904364807944045,0.06783475973928817,0.0496616503126096,-0.14211084726294776,-0.14110005418031688,-0.04020925406724009,0.025933009712173626,-0.0618523894846447,-0.02033108265078873,-0.010370494823705518,0.07801389265200107,-0.01171875006866021,-0.0030843815460048743,0.0726312764671386
NLGN3,-0.09539786483851606,0.0772120105588217,0.08848743501160236,0.06123529800754845,-0.037964167505049946,0.07108915512166605,0.03318786983725067,0.1593174792048709,0.012678136409520343,-0.015157841291841261,0.0601722222168634,0.0167236278674047,0.04901916384689798,-0.048290853681441474,0.08292557588422218,0.035300176831013934,0.07258180892404337,0.06314995191347367,0.0916935198122254,0.02986034234815214,-0.07882880811221768,0.11162042992023352,0.24078354675973623,0.11524877843318258,-0.004322532071653499
GZMB,-0.021999894500380545,,0.01864895249217481,-0.039829716401892944,0.008187114855025634,-0.001158906577716101,0.07554899691299581,,-0.02974641006635888,-0.024996425327635297,0.008640954264617699,0.09553065583151232,,,,,,-0.049296253163787475,-0.017064974493540497,,-0.022669979466666587,,-0.024088282956090192,0.04130616085317591,
PROC,0.03830396125877981,0.060218818195161276,-0.05184279067338677,,0.004578305881912997,0.007079664733006997,-0.03565739533225259,0.07934030983090683,-0.0061807445096240315,0.02822269463568341,-0.011577956131710762,,-0.022394158774795603,0.01334884479271812,0.011730032356529665,-0.030180113327532128,0.05456714103630063,0.025901020944647753,0.11723275673559502,-0.02261045608730754,0.02899724519819446,-0.05719027344696066,0.02713365816175159,-0.02993830937231773,
TNFSF11,,,,,,,,,,,,-0.007409180532984589,,0.006747902014324663,,,,0.08004996056520229,-0.03324362851023416,,,,-0.028230191149583448,0.1068558906212652,
AGT,-0.013771056427873258,0.1421905283490663,-0.0008764809543313287,0.020383510012274602,-0.012922528364260714,0.09762039491951592,0.031108768339629594,0.15073920387009476,-0.03449469980376569,0.020627076281885395,-0.03749094259744164,0.06904468688309938,0.044223707088622104,0.17922353510723002,0.006669032726592218,0.02357260305943556,0.16250651412509648,0.04077188091090182,-0.07619738517266494,-0.043353002847798736,-0.03777024017437332,0.028855571166029104,0.14662813447741713,0.1930856379147168,0.04415741578171988
PTHLH,-0.024846331184196605,0.02060868966987897,0.013162048330489921,-0.036825794903646104,-0.006944193896927487,0.001103887908665193,-0.005699737988098154,-0.012573766178185846,0.0023002895957946017,-0.010930220602816808,-0.019293300504346668,0.04740507246055609,-0.010866123869042133,0.104525147802352,0.025109258362010237,-0.008609374924733007,0.057797508675688634,0.09366414334209558,0.07947471260137724,-0.00849350491609625,-0.00797215479213346,-0.08404585812831099,0.02576940170074539,0.10055011979194875,0.15001800043692426
COL1A1,0.0342817505294123,-0.04408932370933166,-0.009361530959062104,0.022840968971079432,0.03390818335766485,-0.01124355009329311,0.03290728942208958,0.1145818930060079,0.03754373157825774,-0.019948408651122084,-0.00796056814856965,-0.01763113453811589,0.060543669748104316,0.12082495869892565,0.23169864766399478,0.09742333192026767,0.029065679639048037,-0.02120298276249269,-0.0009697510102513276,0.0304897603049363,0.051338589388694844,-0.019274529276442198,-0.26739782131894574,0.07090339216635794,0.03968729803637741
LAMB2,-0.046272896051102526,0.11212554126779731,-0.0206721354375162,-0.07668484060505763,-0.07247949332444417,0.02056668873929044,0.0474977737269361,0.1348704644545068,0.09305853464801941,0.015590075593272608,-0.005987362465195949,-0.08631240495672599,0.0080899999767699,0.08474051949261585,-0.0907724847082817,-0.1067654063454811,0.035634810823132516,0.01739428443467855,-0.010682491062263313,0.0015317467387958759,0.0037494759622592067,0.11203205819549457,-0.10238810630500673,0.025162079362097408,-0.06442416861231713
DSC2,-0.001963377763006082,0.030446487698101387,-0.021220975726354917,-0.01397849473007945,-0.010780886985003436,-0.008239894495146614,0.025957476066531943,0.0714628362063903,-0.0005211123349280504,-0.006919635776106244,-0.006606723523942523,0.08416564609666811,0.03794387408751067,0.08852109111942395,0.03696297402182267,0.01144457996143825,0.06390576921981124,0.005842460457096561,0.04349231800223361,0.011886254647485831,0.06243912157061996,-0.09708104979693563,0.07063642590169145,0.0249042767373505,0.0505974838077648
WNT5B,0.008522797193538802,-0.03343339696383612,-0.04014314377616696,0.016146620900236025,0.052389485690119794,0.03295687195089501,-0.02902334375106158,0.008599564852360434,-0.03800589903435724,0.015366853004619502,0.015533165388058134,-0.018223522785713302,0.04978338260672189,0.019222449490403283,0.0031159016434132427,-0.10333897020590369,0.04033261473817421,0.14427144356765947,0.08612778809978015,-0.07713776612141991,0.07285165452172733,,0.01731496429140452,0.06859991135855553,-0.038734466410183827
LEFTY1,-0.04558680250832185,,-0.023947984761293263,-0.03828893568715335,-0.03127814536217983,-0.055500051208945876,-0.019589276878298183,0.031248722198557358,0.016246518351536048,0.034764868852791675,-0.023354609656615156,,0.023517707968585277,-0.03416351468274099,-0.06278754551843072,-0.001476046013324526,0.03181064498887459,0.03725353342975953,0.03327993036523841,0.048010528437971746,0.02088438862568481,0.010989299616114072,0.16116252305988035,0.05323438987457994,
FGL1,,,,,-0.024215708946386773,-0.006748435390341004,0.01621748816417872,0.04973425111995355,,,-0.030473334539919933,,0.003992090999386081,,,,,-0.010858538211935427,-0.0441000993998632,0.052562966814157355,-0.0007954884759336505,,,0.001216126279718762,0.1300607107092034
CXCL5,0.06709108888103875,-0.026099083749601293,-0.059122873110322396,,-0.030251366235682194,0.05402612331041124,0.10578041528248794,-0.0011152293525439612,0.006586467797667719,-0.010575816196172497,-0.020856328361493513,0.026499117937001347,,-0.025820795018185017,-0.06505799797082916,,,-0.014618377616346807,-0.06565001054521605,0.022213577578025553,-0.04313289210944594,,0.05663142021461315,0.1214586541000334,0.048654963820772466
S100A1,0.003378388173691711,0.13023507219886393,-0.011556932685509518,0.08130323863672201,-0.036310928059297254,0.04474696485271121,-0.05520353786344651,-0.16898066660418234,-0.09339956485103636,0.03892548026192578,0.027512367634636156,-0.026774320443240258,0.01841899561622469,-0.14759086455110476,0.08137609766060547,0.07831178300912602,-0.02109362015288066,0.03322018909543469,0.15103210643744014,-0.029802842291274893,-0.0257049499702218,0.09873079612019267,0.155989797121554,0.0255051607732845,-0.13375193864270304
C4BPA,,,,,-0.016434589297040943,,,,0.02438701320265018,,,,,-0.020792472992038142,,,,,,,,,-0.03209892929988613,,
NPTX1,-0.003970236903682821,0.04022200554005785,-0.023724220764198542,0.012070039592304417,0.025626806227770166,0.011359835581757634,-0.03197185942209292,-0.13335464470955022,0.02430786737288791,0.003959497427011842,-0.02733712662629185,-0.02205037870569424,-0.031604303074641696,-0.012732413399713156,-0.09900784736602791,0.07892031463042808,-0.04004184909024396,-0.013978474719006486,-0.05141719875481,-0.026876015077362272,0.013039372399675087,-0.05347328576292111,,-0.08910974680013253,0.16026314554191737
TGS1,0.015875449111191396,0.04923026603708409,0.03338536595171568,0.0946564131743896,0.021905424921493385,-0.01601799037515519,0.037418818595747916,0.10459281604102301,-0.01912173842441806,-0.00210316695100367,-0.04530617942235693,0.11083467981914316,0.006515789976285533,0.0018496169339581022,0.050640240677399626,0.09183039827917093,0.03228264062424894,-0.00013777149403352057,-0.03551844312378449,0.05633628706516206,0.08983652563515304,0.03850166912543118,0.06696278158450292,-0.025736308527931122,-0.054236691836945745
SST,-0.003446125546536867,-0.018486105550474773,-0.021648841612072613,0.09058049908535488,-0.023573258890526277,-0.00897132977796297,-0.01733067089587162,-0.14255427526479225,-0.05542685468571842,0.03371702758385909,-0.025362630840974915,,0.04231571499394356,,,,,-0.013018351321265907,0.009584491374433898,-0.05600860166169795,0.005724611062700371,-0.09774594512368132,,-0.0407161429525476,0.038719951196850955
IL34,0.11618395259238339,-0.04660560253305854,0.03712068248430547,0.015930296699277344,0.021553199299278968,0.007501148839405476,-0.003854408348486603,-0.09541247776122824,-0.023493924919416938,-0.024734851582832715,-0.057036215488366945,-0.008705074342752375,0.04304546096501419,0.06660289937069475,0.062375737191741276,0.003915679774890476,0.04437918072298776,0.03496686209659595,-0.008513870914986045,0.007354274390455911,-0.012882087510768518,0.02524174883151799,0.0785590982124305,-0.012606624863445806,0.049517474247844216
DHH,,,,0.041770138875773404,,,,,,,0.010659243458402613,,,0.06530098610219605,,,,0.04347525955610369,0.0760018544067344,0.09254438446354012,-0.032023184942168284,,-0.01661470963799166,,
XCL2,0.026473618346427943,,,,,0.021028241090115477,,,-0.015871698362003136,,,-0.029150371696022515,,,,,,,,,,,0.035258320139958145,0.0011025106823714546,
RSPO1,,,,,,,,,,,,,-0.009465669645626795,,,,,,,,,,,,
TF,0.04769041197532636,0.057074517370824855,-0.0029839118301070553,0.030414452261305062,0.02290402535575873,0.06632868643972883,0.05744072881361644,-0.08779696281236857,-0.06603729768749983,-0.02654142712409217,-0.00978080606729465,-0.043266290904330595,0.0077248566956440905,-0.1565774554104759,-0.043237640876708595,-0.0343043554529528,-0.1381560616041173,-0.019862407579552818,0.11551155649788561,-0.03714528948513605,0.07072415215981767,0.014476149493548269,0.009602357319835917,-0.054657415109559966,-0.08378939627156098
IL33,0.00326943365858032,0.06686081628242806,0.01589710104022273,-0.028937257803101333,0.03457660212149131,-0.039343607903522,0.037931499720229245,0.06237082210802433,0.0029419908355408577,0.008473522905557137,-0.05323346224492796,-0.029486476080205177,-0.0010604823749283388,-0.002543325550471686,-0.1294751657179682,-0.05592684716433808,0.09699156114560677,0.0673439429570955,0.11353747947391075,-0.030574536109978786,0.016612921629265674,0.08251335639556209,0.009953564089668025,0.043122061974268835,0.049902173228616196
RBP4,,0.05301378092999716,-0.028413439754327263,-0.01775564819029899,0.05928411586248531,0.026789569774740483,0.028114017345970698,-0.10022779461080673,-0.008908145600344714,0.01617434321936356,0.009796115958606405,0.0007848740850982676,-0.0014482639281428976,0.11015946369501194,0.02569184028929613,,0.07787067262199064,-0.01476933664732444,0.14708588291716845,0.009114553347079333,0.018147758096960363,0.045590345093055894,0.0521282960395218,-0.05042615517259243,0.06930972867575311
CCL19,,,0.07057255982305626,,,,-0.026012183286117575,,0.03558268359419403,-0.0017175279380542156,0.01180357649220821,0.02265467624771108,,,,,-0.05301819599902347,,,,,,-0.02910745080677431,0.08501008208680426,
CCL20,,-0.06003595882745137,0.04074833874350845,-0.04395459943697708,-0.045340140923999406,-0.08365512487292619,,-0.017749813558793504,0.0048035068086402346,,0.0015595411506850651,0.04810534040945704,0.02381429762118971,,-0.043267681401973804,0.07729136458159783,,-0.05466987341210363,-0.09615110994526635,0.02466679599492656,-0.04542888758651627,,0.039899592797859554,0.03303297598414413,
NAMPT,-0.04686639187122633,-0.11391659252653125,-0.012791354921159598,-0.060189962213744654,-0.00942470122195766,-0.14594323941731652,0.011664214340342866,0.0682425275504231,0.03214574453678243,-0.031088134244616667,0.018324780238451823,-0.0018790286343634006,0.027523302440696503,0.0852550226469447,-0.24250284222773183,-0.09134229802391557,0.041902836555694406,-0.0707997215524452,-0.1280641847619645,0.01800319724145478,-0.10137632028762444,0.03267610330011798,-0.12046043677556995,0.008029447709050726,0.022519054234634857
