,MGH258,UKF243,UKF248,UKF255,UKF259,UKF260,UKF266,UKF269,UKF275,UKF296,UKF304,UKF313,UKF334,ZH1007inf,ZH1007nec,ZH1019T1,ZH1019inf,ZH8811Abulk,ZH8811Bbulk,ZH8812bulk,ZH881T1,ZH916T1,ZH916bulk,ZH916inf
IGFL3,,,,,,,,-0.017257035545283433,,,,,,,,,,,,-0.027608088485522785,,-0.028094031765844404,,
BMP1,-0.019427797551635984,0.05150434927726641,0.032425415826470586,0.01006012966324432,0.009420383225766596,-0.018723189795746727,0.11956995645665512,0.025858715667530896,-0.011556774173310457,-0.012383529118117392,-0.04611681560923789,-0.03482399765014043,0.04874901795226055,0.11738210443531971,0.019807798886368817,-0.04224384968506881,0.09429882693242754,-0.007983329813921091,0.030528292600942024,0.05890587438766339,-0.040253584573819834,0.027014691022729003,0.01136760814741091,-0.05988440814205836
NDP,0.05636874483228001,-0.03534261717767472,0.015417987377202513,0.055599753302450976,-0.08155984226560813,0.08044588409451152,-0.030790613516524148,0.026755225977804258,0.057518864212696426,0.06216329011927661,0.08059182032918635,0.011478083101345375,0.007297529091765076,0.06518841353534084,-0.10603887344774549,-0.09891109978319185,-0.05671038066937005,0.06007242850370938,0.033997044686226885,-0.008684553522878674,0.012540674655448442,0.09629047896261951,0.019203155064410303,0.14468461679369063
TNFSF18,-0.018712514416590043,-0.023357423476288105,0.0027129609265646153,,,,-0.01568268301000273,0.004064544047479699,-0.016091834962624403,,,,,0.13131126727427367,,-0.00029221003574614123,,,,-0.0284717343437405,,-0.013250559294193913,0.03070400906382959,
IL36G,,,,,,,,,,,,,-0.01273573388015179,,,,,,,,,,,
RTN4,-0.06686914314864627,0.045008434186419255,-9.710856507264261e-05,0.019336393089901684,0.002751206506939095,0.02624852764860146,-0.05320360616105684,-0.06171270636007449,0.027195217407197988,-0.05461890818522573,-0.031373250640450455,0.028953262754766118,-0.02755271202227749,0.03736231473800391,0.01542598200843561,0.020745102587536268,0.034161689159715944,0.020052753712271176,-0.0077768953722672915,-0.08113291071043738,0.040409606495799937,-0.03118529258578195,0.007767232532484352,0.04090661568312642
HEBP1,-0.024137981082010644,-0.0016918435208770066,-0.045828906575997946,0.050777553125967725,-0.02649244368942361,0.06155998049866621,0.003916515754186465,0.013681528468020579,-0.014593909574078297,-0.0015736979310269114,0.0011623591244291289,0.04223479456813304,0.03206146252241734,0.05679279503879329,0.012324738417171159,-0.030344201204646346,0.06668072660822909,0.02074777522179506,0.0157621212089482,0.05301613308030332,-0.013354178495317774,0.08332081042233129,0.06827532241894939,-0.06258456972085874
WNT7B,-0.016485139108766287,0.027015239017183088,-0.0530302004303786,0.01096167946794893,-0.023278855187405998,-0.004360676662648828,0.03127364602343926,0.001837682236080403,0.030267862439135994,-0.013606577293142049,,0.01732426298742181,-0.0033362489021800438,0.11388513352264334,0.014996015773425556,,-0.04182065452290553,-0.03132302720044001,0.006869304885595731,0.0698863790406705,-0.028773496276173486,0.011137623867628161,0.07414654452181964,0.08026201728008431
PTMA,0.02683223460125924,0.008300615373774115,0.08274869515871618,-0.041698900308929275,-0.02657323538339272,-0.034196134280455634,0.10481116809912173,-0.037814848281720326,0.020491822224781815,0.033750530789113956,0.0249803482101208,0.014210158497679681,0.06815394348565218,0.07531628989338009,-0.050555762217644185,0.07419083368256107,-0.01798837293315623,-0.08508228723417241,0.015047729153880045,-0.039117496075656,0.011438435970985586,-0.08264585592897024,-0.06272405358396621,-0.07920606637362083
FASLG,-0.016485143769072882,,,,,,,,,,,,,,,,,,,,,0.05658642654012251,,
CEACAM1,0.03866745114409448,,-0.02280727767729248,,-0.029843566216784675,0.035845603398693276,,0.07181751634068197,0.05001879114246432,,,,,,0.003139980279480388,-0.037257157994553085,0.060719911499087634,-0.027509528549427478,-0.024966868015173897,-0.0042074304260350005,0.0775778265497941,-0.038018182905274096,,
PDAP1,0.010233146270960428,-0.021292809767592482,-0.05158797124934376,0.02732738255616614,0.015892673162442247,-0.030256105625839493,0.07916638196824997,0.09044222519369038,0.045834836067249286,0.0007288657962749903,-0.0013234503845188648,0.002320945134071242,0.05664251714979122,0.10696584497289255,-0.04746986385710018,-0.05168565462212418,0.021478016459581285,-0.016366992894408655,-0.00956885516408911,-0.0008979969891773756,0.007506829693906641,0.05239002583597273,0.054490007005988224,0.025112405858514
QDPR,-0.02769598375421926,0.05070681697839131,0.011383341305998993,0.03039996122996403,-0.006854709694222176,0.002852524695761431,-0.06000600548031212,-0.09658335029588765,-0.017972495953412215,-0.06135724570250268,0.049164557703759194,0.0025510904391529174,-0.05105593787386698,-0.025896665266618605,0.006832323438523097,0.08935442907265458,0.004337936828983463,-0.0002125450840058901,0.02921298700789576,-0.016991347235088373,-0.03212995467115666,0.08732305495701756,0.006187867183957653,0.038696804252925814
POMC,-0.014941806594330979,0.011018249662505739,0.0011604501627798644,,0.025417907532442063,0.006552681528123913,0.02242692620911162,0.027348238179358657,0.041787609187633565,0.014846515300615554,-0.024797594658001174,-0.0266309582358628,-0.013615235330931617,0.03502487225474844,0.011300721798567356,0.06788065678497054,-0.050751776551075406,0.0198835495138889,-0.04484612494456666,-0.042989585396654637,-0.03124081794840023,0.10237209221204908,-0.004740822306857356,-0.05780825578497526
CCL18,,0.1715735638498034,-0.0031507108313936732,,,,,,,,0.00029037764490831835,0.004179077496558101,,,-0.03926714491043454,,-0.026591968526447525,0.060950732590894646,0.007200361910168029,,0.024988578354426947,,,
CCL17,,,,,-0.013824434253247584,,,,0.0071909461797635,-0.01684112838488179,,,-0.02359228959123819,,,,,-0.019516679007209523,-0.012935712111702045,0.05093842648393291,,-0.030692363744118233,,
VEGFD,,-0.01926530318994061,0.04402203265386499,,0.025176811047953208,0.04248982048627093,,0.04957846080516805,0.08262793125574061,-0.012353171337242976,-0.019515869613744977,-0.017992951899437573,0.029228372977391223,,0.12690570233367257,-0.06105436183080642,,,-0.024966868015173897,7.665035390449485e-05,,,,
TNFSF13,,,-0.02147783795926819,,-0.017641763979990614,,0.032639109303894076,,,,,,,,,,,0.07111334227055008,0.07446324027442698,-0.012890256043651373,-0.02144508671429746,0.04129366837687775,0.03197570553115679,
WNT5A,0.03960329308120832,0.06610165071470964,0.025177004688624067,-0.0044074277383609195,-0.014430272549680493,0.06292420998849929,0.06894718988138943,0.03241196165295539,0.013879499689198528,0.007591784547100812,-0.06378725625038283,0.03994992137749262,0.02867555153405796,0.005755319814479827,0.06749436720839705,0.0036554757142357504,0.038876403236040434,0.0015843196131328486,-0.006306644356002137,0.04628085703607941,-0.02696918797569733,0.020639075195491147,-0.040052606747010285,-0.030440140810733974
CXCL8,,0.07477198846579149,-0.05654448701949646,-0.00705897638709058,0.009653006876490958,-0.058014060610568234,-0.02163371780591747,0.07398850811389299,0.029480086568913252,-0.011503810282987562,-0.04447014132314777,-0.022223167550438263,0.07376823541597106,,0.0424978798875513,-0.04181926423213855,-0.04681934731631346,-0.06725912959141754,-0.020948707719274113,0.058672204069690745,0.002009881524765854,-0.05391685880730052,-0.025054912228508974,-0.05176706330870042
GRN,-0.1003239702387627,0.03167100340922056,0.029100950613976342,0.034108211297528855,-0.003394704174333023,0.044344830984914964,0.028047928921772977,0.094736496236748,0.014884285003141163,-0.027434521707758258,0.03996808243752538,0.03392158336554318,0.022954159240074344,0.05087590704133893,0.0018091639615454068,0.013980258924331183,0.025365316032930862,0.03290177417035121,-0.029035680225434343,0.012125551332204805,-0.06568527836818838,-0.052250452253729734,-0.012683814841211099,0.08014330711292768
MIA,0.02159111695344204,-0.005866184801149848,-0.03594519387433592,0.008377155064962508,0.033642589941848385,0.05738819487982907,0.1214367353310648,0.01571699802968339,-0.01096209600637233,0.006721051321735788,,-0.024401675261972542,0.028605386272580198,-0.04325645905405346,0.04784938482051666,0.0333707309163545,0.13824725305597504,0.10685441300297496,0.06596194303486282,0.03109099118120515,-0.04174068910819795,0.07506638638529933,0.0445795217988259,
COL4A4,0.07744092706867339,0.07496025551048577,0.0740634819270735,0.010899581415980178,-0.019889425731125284,0.0544049776238055,-0.01447062584060051,-0.017005527623529287,-0.02095333676279879,-0.011465935268832233,,,0.139728956208506,,,-0.05827394596760073,-0.03362055696499087,0.03700262825566668,0.021027567148863283,-0.018018685945093205,0.040257561245631186,-0.019426382814615846,-0.04605306365974365,
TAC1,0.21130945516600075,0.022786601988086883,-0.004012521174274149,-0.03199373528204358,-0.00359624576736734,-0.022023753820035498,-0.013511889704611512,-0.001645546888875281,-0.012905085923589079,0.03128401984532161,0.015716083447818406,,0.022398413063240696,,,,,,,,0.023545715341003512,0.04025094320640425,-0.026301210414404825,0.044425474089987066
RARRES2,0.03348429311004852,-0.10337405537089495,-0.04946413497698824,0.0011377685099141816,-0.006882409064937919,-0.04537810815308815,0.032651443200592094,0.05834633686075539,0.01993271454164615,0.02774341751929138,-0.010939510381269198,-0.008317187144805211,0.04034952707569958,0.016599646720081553,0.02460498785682493,-0.002265451724177313,-0.07374880159943173,-0.018617324227079773,-0.008924772346996443,-0.0047103573590393764,-0.02781937612995011,-0.012614574739321087,0.011478500745579497,0.05049063608976743
FGF7,-0.016240069356225264,0.03001310704136605,,0.007625334738095507,0.015400977828504034,-0.02648246734025265,0.03085776228760378,0.039602485111768115,0.00047475873818361166,-0.005979048008576319,-0.016495249728895166,0.021730757792887724,0.029044730422431678,-0.012502782144884608,-0.06966868888235568,-0.06392369744668433,0.033394091827981996,0.030605459032962117,0.012982523645606765,-0.023072582503090806,-0.008691541968666226,0.05603015857552023,0.03547665089110375,-0.04959430007084947
EFNA2,,,,,,,,,,,,,,,,,,,-0.023729337188787728,,,,,
HBEGF,0.060277828844789154,0.027876232990486787,0.01202571030309754,0.06360719022162727,0.008593753128998358,-0.023977332810878268,0.04372477826501472,0.016360376780953676,0.03806028759621029,-0.022836360975129193,-0.04163791618527145,-0.014899742109394312,0.0092161671999551,0.06630014185782605,-0.036082868842346724,0.0251974524094212,4.835177301725356e-05,-0.019579377650286684,0.09612381267788248,-0.0359463811741762,-0.07753546510384016,0.008321527456473434,0.060361709545125514,0.062079524966932836
CSF3,,0.11852665140263188,,-0.028564355840941556,0.08356366543526286,-0.03371559720451408,,-0.01799152090993239,,,,0.018293668525530007,,,,,,0.026848555665819358,-0.029768225657767905,,-0.027378714306344747,-0.006186569811898745,0.02483063068296651,
PI3,,0.05428772924667525,-0.029942516633443116,0.047654575053085894,-0.035186925211554566,-0.023844761798514188,,-0.020258690006956816,,,,,,,-0.0257174691123265,,,-0.045510752008012315,-0.06669768051664973,-0.013509706871326368,-0.013845937529854658,-0.022758651473290217,0.014807272704701856,
PCSK1N,0.05557635291738877,-0.04398001966223223,-0.011848709946438123,-0.014545116377809055,-0.015585898495451042,0.003305439768581301,0.0194037390113533,0.010231809501241066,0.04182909707266474,-0.0005595673167556199,-0.02471323426596869,-0.0065538015985962565,0.016758507128696105,0.06227028410522663,-0.03528637585211218,0.04695708915927917,-0.005720110906020213,0.03801196397584704,-0.0275099555361213,0.0405159500144936,0.07146917299435461,0.056114429796608516,0.001441493786251593,-0.0022047110612154943
NTS,,,,,,0.059765518594195884,-0.017665346306844947,0.08171404132624303,0.010690722104370097,-0.03467459104358625,-0.0175705516785129,,,,,,,0.02640681905050231,-0.028909694404267737,,0.037043233095178735,-0.010293086312433771,,
SFRP1,-0.023986287545261206,0.0023306631132491594,-0.02420039379524288,,-0.022316063262258518,0.0013664278893279766,0.10912434505566673,0.02557036997486108,-0.031736939721550846,-0.016841128554485787,0.03776119311666419,0.016901337059853375,-0.015209363565790664,-0.09094157357307757,0.011659537849295703,0.11029268594599713,0.002179561157978237,-0.036458306072481676,-0.023263101763691275,0.006934631671893329,-0.00045266692256509854,0.02747297120082277,0.002647870769140747,0.08465347843206515
CXCL13,,,,0.1540433323989081,,-0.012113972961137765,,,,,,-0.02162905248945991,,,,,,0.020239734414945074,-0.044979354394316835,,-0.036162997863373215,,0.05129270444877275,
MICA,0.04314544122985204,0.03648699600490619,0.028554068075603862,0.0023061022937091043,-0.0011996955917422366,0.0015820632799137479,-0.01659269771219375,0.08577106514922721,0.01906107886503802,0.06010775066281277,-0.043733181754928,0.0095837066820247,0.0014295105010933406,-0.032152431882091895,0.132918001410784,-0.05465001409995664,-0.04697177505068677,0.06539927375936605,0.012117757031310596,0.10017537522827835,-0.009588827051850494,0.04657403318396087,0.039063246964362495,-0.057407560080722404
TG,-0.019091800886243245,-0.007611165507438393,-0.0299151349103783,,0.0890450596195912,0.0157626217902926,-0.02039046645789083,0.030974120303197294,-0.02021941406058436,0.010723346439684821,,-0.03840475997158947,0.03376264671050553,0.04931087321337677,0.03374978245265296,0.07689401685755276,0.007420596734559209,-0.009210523875114122,-0.035605448963327284,,-0.02253310259134783,0.0037780318728413468,-0.03181912389844666,
ADA,-0.015195760620633755,-0.02771063024037824,-0.0037334268570556346,0.11071451995054254,-0.007143212103972331,-0.04950383480762298,0.00647240290936874,-0.020872993398977777,-0.02010369095833648,-0.019794050947126565,-0.055690694300205776,0.0850602270641503,0.04391598403622636,0.023335582068803325,-0.05195955441820299,0.007459429328069094,-0.010188329865706855,0.0021621454110868125,0.07758901320965393,0.04490721332234606,-0.04103809268695367,0.0039595692891163,0.00039556565586328947,-0.05413078006473592
LAMC3,0.07373713169252032,-0.017245066777791147,0.03871573635565809,-0.0031216915748153605,-0.03187398515382067,0.02107911432927261,0.03372709187264091,0.1293384297417217,-0.0341576857715605,0.03976521350588358,-0.0394935489281452,-0.03549783086661009,-0.03129478360867826,-0.022556194921016404,0.05394176290865407,-0.0009136664718987878,-0.007571212718571724,0.013219999348940505,0.014696700374715587,0.00814560878171096,0.01958789967050299,-0.003264175107407239,-0.005542894982446245,-0.029326737530395285
CCL7,,,-0.01810380871428428,,-0.017411658106018142,-0.03451531849290582,,,,,,,,,,,,0.03451468363954006,,,,-0.02053948617080657,-0.0020825663923408817,
NGF,,-0.020469142334170055,0.03704515996623477,,0.004579500473500307,-0.036841510091040724,-0.01945797407105409,,,,-0.01757056324755539,0.03415679432616576,,,,0.00536938840605363,-0.039517344118463096,0.04630319864344699,0.046580812961801055,,0.03863545889783397,0.026012316848071242,0.025338540630591495,
TNFSF15,,0.08941958459306253,,,0.02489834143062688,-0.025555024687086012,0.008505993185464496,,,,,0.07411720247609423,,-0.03276622371966161,,0.01082629266887193,0.013624866787093352,0.09201371468024933,,,-0.0170017115497109,-0.03730871507488221,-0.014454016496761275,
HMGB1,0.023505777308879847,-0.002762962205178345,0.055345515735588414,-0.07006881952257289,0.0038935055843518644,0.07381121629834488,0.05184367618108492,0.058618087084286126,-0.03817538322040603,0.056406974923059836,-0.01582141558230798,0.05124935354167016,-0.015924909066701066,0.022027184554237675,-0.10129557057108,-0.032632113874088514,0.037432920250613705,-0.05204222952150135,-0.05217282206579667,-0.06486959938306026,0.002748800147272085,0.015336336391134162,0.04970941981706217,0.004124128717434028
ITGB3BP,-0.05146357969668005,0.026579201535588817,-0.007878075323694125,0.038967662464324815,0.01567416243090281,0.05374207532262941,0.08494658970445208,0.04617106612753085,-0.01653748920139949,-0.0030575819663699612,-0.05533793070582013,0.017061411433762212,0.028167930759417235,0.03450412516862265,0.012195945972425962,0.01432852322745285,0.03147489693420218,0.0573175975154012,0.011978243862786843,-0.004408158541742369,0.016062862332286893,0.06600632577895864,0.021645664299300413,0.05110313027184586
AANAT,,-0.03668770106068198,-0.013467127536564642,,-0.017641765862862507,-0.006603749844749641,,-0.016228838745868723,-0.018183437227307083,0.02685390336251525,-0.016518913488610048,,0.0012800963388770509,,0.011075115971272956,,-0.027696649906163478,-0.02566138343566119,0.08994073835291026,0.0351085088209765,,0.06154639316989214,0.03794790060784449,
RELN,-0.015827609099428788,-0.002239271279904214,0.019990708544387125,-0.03216782909847243,0.0187433567607172,0.032859317444646985,-0.022995886762927718,-0.0036941862328865325,0.027699778725106164,-0.004306558880887184,-0.007788196124246362,,-0.03503573899209242,,,0.008611383768472387,,,,-0.03774066320714845,-0.02053622503699074,,-0.0051642249336111236,-0.01086649703428887
IL15,0.032545988169096665,0.09713771997765351,-0.03334914745809238,,-0.02258839680548063,-0.013241641601202272,-0.016811478844566897,0.0035958406031033124,0.03395158295362109,0.02137459843234011,0.048027682101332084,-0.04047686441280033,-0.018039342173863653,0.0034903908745783224,-0.004038640936612117,-0.028988055360643843,-0.04681946968283305,-0.028745966338269775,-0.04407555732477793,-0.016589385909037337,0.033899802413728794,-0.004060998961698419,0.10485540048125849,
UTS2,,,,,,,,-0.0005115090393478843,,,,,,-0.005804114323733324,-0.017507523574952902,,,-0.0025578154222391397,,,,,,
BSG,0.07174619270406264,-0.09359079212429205,0.0059003662703673194,0.020853794634706477,-0.08015693219201041,-0.01759154744488619,0.06045889973482513,-0.0059562902222011,0.013269448643124602,0.025865721088680637,-0.05829984184853795,-0.01614386142496761,0.058242519321505926,0.04618358297134631,0.09675626432054445,-0.05479289250006107,-0.09152293945677549,0.05626685221598581,0.011089319053586181,0.05774302194711332,-0.09336419557039334,0.06419777897467052,0.052236808124034334,0.03173468244726505
ADAMTS3,0.03251815593937241,-0.029029719854816772,-0.04200871599839178,,0.030946752948847106,-0.014110972278630595,0.026889860754036335,0.07168119478759602,0.023935263624742468,0.00030990993592396873,-0.02652549354435537,-0.00934590525198578,0.04446692575876171,0.06564747103329553,0.0012521586245957629,,0.2211738564667499,0.033238122344814276,0.037076560300164804,-0.03301788132932376,0.0237500347694068,0.0737803544612301,0.053677268859469066,
CD34,0.001957616553185101,-0.004196950812772236,0.069560864258689,-0.04736284524122884,-0.014085701350511624,0.05398128441048334,0.0632170584280692,0.06493274056072978,0.008064755300821283,-0.026285543805000287,0.051814101121946676,0.02932210093275578,0.0044605710026973215,0.08185581009891542,-0.009429229395143178,-0.027693928257867432,0.1122415702958852,0.020178056625401418,-0.035084063347406845,-0.012608040112801316,-0.009629904493655165,0.0003451580504870932,0.047286786688120745,-0.019197564572992605
CCL23,,,,,,,,0.001889805889428228,,,,,,0.14355211383226074,,,,,,,,,,
PLAT,0.05777574769756454,0.010425710851507236,0.0342019683972187,-0.007259665769745428,0.048244143892888204,-0.010123675800107711,0.03347503631866794,0.0701513992390469,0.03897444479525173,0.030095926403852533,-0.018527894833667187,-0.059340711998242486,-0.007737501375613801,0.032956818408345315,0.055634444054749085,-0.026808186110209877,0.008897787271661718,0.059692564098011554,0.09594189629161154,0.08569155267476168,0.033584052239683505,0.05767002344000726,0.0372136427200413,-0.06462074646853182
NTF3,,,,,,,,,,-0.02267864992486747,,0.05327642999624059,,,,,,0.021909676272597902,-0.0011581006047636066,,0.06020476228552381,,,
LTA,,,,,-0.022316062218278,,,,0.04684023684893053,,,,-0.029350947801737255,,,,,,,,,0.007910815032921077,,
CKLF,0.03660116939515455,0.03879442050485302,0.023456992245448047,-0.012700770968767768,0.003214841338856479,0.07233574289148537,0.06422291698264429,0.05386871377682431,-0.00645698192880396,0.03806909599253715,0.006155808541157079,0.04601291523812868,0.011826281115300331,0.07081314815656699,0.013279607811407405,-0.06002381858954425,0.04575964824268146,0.04913636875372492,0.01051549253630105,0.03396684092765077,0.016252954356177494,0.0311472927572609,0.02823612732833217,-0.025951126566801055
APELA,,,,,,,,,,,,0.020877811686130995,,,,,,,,,,,,
CD24,0.06774272275098601,-0.009115496383303152,0.017799222532283512,0.019576337652568845,0.00791465769423071,0.06383874820030298,0.07351100711568867,-0.008271035121041038,-0.006849140988690775,0.0024925934028655196,-0.024151303020974492,-0.01744689677558283,0.06832786970911071,-0.018937310688270047,-0.0748990579766485,-0.0966686429975009,-0.0016426885019992974,0.08516020284866373,-0.004750922105064454,-0.00020022992607026,0.057830581710550055,0.03319708986663877,-0.023243060075259385,-0.054962667667224956
HSP90AA1,0.003220962100569938,-0.06120621361361302,-0.02953804365533352,-0.005257109966949521,0.016949231357801357,-0.0390591967304593,-0.05007146247649086,-0.09941217653874854,0.04835114804925397,-0.006747748922266243,-0.04022550870631836,0.015716613216421437,-0.04685590287779255,0.06802689185293798,-0.0591268667723894,0.050666802020908126,0.016400816429726236,-0.07183007392718908,-0.08210435939606088,0.03219208578194886,0.09700955834152908,-0.05541419695878581,-0.03897239353344393,0.04225864028484099
BMP4,-0.019648234771492266,-0.002838484579390807,-0.04419198194821749,0.026074529381233214,-0.017051823382064797,0.020664664578136902,0.09308948342412603,0.03601014066550886,0.011867824885761333,0.0019170450462927492,-0.026348025456180972,0.024861758345014504,0.0027216643053483577,0.10127367007906377,0.049299387226521024,-0.014015429246424417,-0.02705534716189516,0.00633109719145018,-4.9764684774220624e-05,-0.002054367896885523,-0.032562336570390635,0.09990843640920154,0.019733235972950874,
SCGB3A1,,,-0.0181038069039276,0.004148353222995922,,-0.027421844621216496,-0.003955223019120808,,,-0.011850579934955497,0.08964810311204473,-0.03603906471520401,-0.0032461015473054414,-0.01815521829852091,-0.044238785072570265,0.03716055950976952,,-0.015705342442172046,-0.02735834072094881,,-0.014040951024342947,0.005325881075796493,-0.008410934895258019,
IGFBP4,0.0872044141554614,-0.03971200955045419,0.056597108376477266,0.023391850817012744,-0.006602097233110749,-0.013555300180705129,0.08689347853891062,0.12067439464408516,-0.022209167943293473,0.016156452233432442,0.05544402727699734,0.009718012769764339,0.04663125466846734,0.022895382631788787,0.04049329427453194,0.05796670789287849,0.14635126343214105,0.0019866676009767993,-0.038783410589800234,0.05244670459765127,-0.06013492823400116,-0.004490668803322531,0.051446846076639186,-0.014360205947816338
RSPO4,,-0.025005155934931658,,,0.011401152102977749,0.08726839337838033,,,0.033850092074272836,-0.011850578201540103,,,0.06796836269085077,,,-0.043387921191732265,,,,,-0.023777889941094567,0.002689826100658407,-0.009964070322507344,
LEFTY2,0.030921007237222062,-0.04188379794118357,-0.05292206827286985,0.0629862118415971,-0.030185608145474965,0.02775498040197261,0.12648922564771567,0.0958034528823329,-0.02608634675369324,-0.012994303933744606,-0.01757056324755539,0.05975072000003673,0.0017470020190443521,-0.03885547350516494,0.026279007051238906,,0.06637104908283047,-0.024830789323625754,-0.027284474384612838,0.017944025491323186,-0.03233635941341077,0.015671851283588063,0.03294135979100211,
PF4,,,-0.018779793576736314,,-0.015191328667382034,,,,,,,,,,,,,,-0.021749580392070884,,,-0.011641806890572945,-0.029217556761766253,
ANGPTL2,-0.012541201881411081,0.07531630940828016,0.031131941432643227,-0.016889239345995056,-0.055806648336137375,-0.008519197853032722,0.11767149520850805,0.08660508238824244,0.00715811348836095,-0.05651826267358493,0.045268738612680284,-0.020340113577596818,0.023286222626680994,0.028384119076454526,0.013548912625690185,-0.07235500216392765,-0.06592426763227993,0.017597582405921915,0.047647966426472406,-0.0205233828900086,-0.011885751704226745,0.09559131188576613,0.020748384002561102,0.058249740123647815
LRIG2,0.0714496809006458,0.08661161719316679,0.02741074098446194,-0.062043944188071604,0.028829180996446477,0.012820028812245395,0.05243352648632855,0.04514123709932987,-0.009474497775433119,-0.021288449888656018,0.012873878593126713,0.00544718886521562,0.04456900397074893,0.07105340847059105,0.038126137881492064,-0.030652804068316226,0.05190580003008978,0.0422672501721233,0.022838143620252695,0.003397291648835591,0.008174948228952617,0.0018251909845241167,0.007741996247387279,-0.08507684594906997
ICOSLG,-0.025024649808118894,0.11570534281353127,-0.04775214116559968,-0.012232952470045742,0.02708521713667105,-0.032675492604911774,0.05303121533211773,0.011003188112140298,-0.006757250072317319,0.0719062770186289,-0.009427042534248182,-0.04246769128504947,-0.04332386598206371,0.04424604514737316,0.04532147520495681,-0.10262173835342465,0.001653845060297875,0.01380487412357416,0.07949008659033255,-0.015262761263759505,-0.0327947341789911,0.03164759662122434,0.026252953578938972,0.01988617743141458
WIF1,,0.014883134948530812,0.007829494222724399,-0.04951188836840079,,0.009399557747309915,-0.06362788818345574,-0.027756880494850627,-0.015717623583836556,-0.022300334569222084,0.005035166411591381,,0.035769500236389064,,,,,,,,-0.02210385187198957,,-0.03462595989120819,0.13678479629572252
NPPC,0.15348566261599755,-0.051031887895749195,-0.016150825605382682,-0.03830551305582453,-0.02356549704237064,-0.041294578093505244,0.07155496028587825,0.05912656308281086,-0.030660089545363072,-0.016469403611966676,0.0005791842026718318,,0.11030729384368783,0.028778959969719072,-0.03386421550159999,-0.007019943431857698,-0.033163854933499506,-0.04366647287513264,-0.03070102332427651,0.016070856484769778,-0.011025292487788002,,-0.04154524678585391,0.0327553060730061
LYZ,-0.06909329536619407,0.09954237880190393,-0.0512343843971728,-0.013356333513032677,0.025907902679512165,-0.0005742443060727804,0.01452085236076845,0.017568617800688018,-0.03555231289695094,-0.03743695559633983,0.020584807071053226,-0.0136653331698407,-0.03220519657724694,0.08564306416807808,0.0062625938926048575,-0.11637907005090892,0.07634175182416686,0.011235247769062578,0.030489613059601385,0.03891729516570299,0.034221235810850306,0.035705539295458236,0.00015235004118748709,-0.040188299996354614
EREG,,,,0.15396249333535372,,0.032537590346299626,,,,,-0.01807497478910033,-0.022759823548186297,,,,,,0.03656053689688438,0.07392081417327871,,-0.029615762818533554,-0.016841186115451292,-0.03363806303114953,
SPTAN1,0.03630519281449566,-0.062080046160167116,0.0359236760313005,-0.01313458543213348,0.021776323023674944,0.029820119835037618,-0.006991008023999319,-0.0108005097704781,0.024338428327170633,0.013635461388767834,0.0023541937129966726,0.047400693785605054,-0.029498435079817885,0.028584867078747304,-0.009395740100151963,0.04451924626672736,0.05447728115324386,0.08527685516199882,0.07271485103868336,0.024476461832718493,0.04409227115096197,0.01712760975449207,0.018945281499974816,0.0623735274193481
PTH2,,,,,,,,,,,,,,,,,,,,,0.054067671360429226,,,
LIPC,-0.02444322024632572,-0.004583355381946389,0.007050471724556645,,-0.0272999490252287,-0.03064169890635083,-0.02607029299984172,0.06343770420694787,-0.0016009246106324655,,7.293256891934364e-05,-0.028458235634109336,-0.030324857413579757,-0.028967490827455988,0.07279484869742527,-0.07096543208966033,0.06837368398174334,,,-0.04290102224160044,,0.07698846360418463,0.030581129148913585,
COL8A1,0.024092492224578186,0.05614489828031364,0.007972459994415199,-0.0066201488526892,0.05174033685397916,0.10318894205819193,0.03962628232821452,0.039799323848729334,-0.05205650232136867,-0.007706622288728165,0.010227524571462131,-0.0059439943606738625,0.021431656043286167,0.020827673393749215,-0.06645614022065477,-0.0677008950784599,0.11202622600908231,0.048638008262891316,0.05047371154082621,0.034756406174375636,-0.011813154249880152,-0.013976694323107197,0.052080515898300185,
GSTM2,-0.037412078483896556,0.09998199824713894,-0.0047728807727539105,0.08423852814094919,-0.025367995181975387,0.0358942988845729,-0.014216369072607747,0.0389192933858553,0.01786356506776974,-0.02623995092854044,-0.028748470087332067,0.03320698123143541,0.03401252064985028,0.0007524675770573847,-0.023763963046330813,-0.09966379498441255,-0.056152897808224835,-0.025854175512502905,-0.01656317588000153,-0.002378424354967642,0.004916004579553721,0.05953736330453831,0.0314564400435791,
IL4,,,,,,,,,,,,,,,0.07721286753656684,,,,,,,,,
SPX,-0.009218356791920075,0.06228987207071601,-0.008921732775308777,,0.017399849960730292,-0.014109043852830728,-0.06705846432314538,0.04179895718085578,-0.004472990000211291,0.06507469092143622,0.02133773758277483,,-0.013605931470204278,0.006425307957211912,,,0.07156753125448256,0.03184551255045104,-0.012029058143471147,-0.07560029011237775,0.032867874673631226,0.09314608120705135,-0.03961641361894188,0.04003371323349856
MFGE8,0.013384501644781235,0.04244973118764316,0.04586274997843348,0.040938053931866294,-0.030704816877447926,0.015002408718623024,0.011107371038770469,0.00593758125754236,0.027109814000348353,-0.011784456973254333,-0.03309256613612973,0.08837639498452535,0.03312755135128644,0.12165560640736135,0.039271111572834486,0.08205239810791941,0.025712883550988223,0.006235739557412473,0.06577238235380108,0.0932396352218586,-0.08124385538247021,-0.010063621860177665,0.03907814042187424,-0.023164790584429256
TGFA,-0.05326708549389809,0.011106107209515664,0.046143570222355774,0.05721888176009555,-0.03078847336339582,0.0164716462277032,0.015111375748777845,0.03761404847102298,0.02220326353907683,-0.03954560276034418,-0.001746308612467208,-0.03067322418940099,-0.010063886270500212,0.07626044618173039,-0.002684285664969891,0.1225771799285162,0.09057192861028346,0.054761727210375866,0.09091385487079537,-0.006038116145696971,0.021988521896022826,0.1231403174228923,0.054744805359154124,-0.05280434472053706
SLIT2,-0.01964823162748005,-0.0010207884167936637,-0.02955431980501693,-0.022693875821843446,0.01535822476155608,0.00732217159960535,0.005902338190784457,-0.024720228962131295,0.05033249004946807,-0.06300372499108603,-0.031551279823867656,-0.03769624316541422,-0.03109491505393247,0.0408048756453215,-0.04158309789896024,0.0685237264328336,0.03790080751539564,0.08315905213386164,0.07974761213088151,0.012447730937320201,0.024055105557289423,0.016726894500486474,0.02357316157277616,-0.006302474744463271
PLTP,0.03477253170042171,-0.017893651389644452,-0.010152632143205177,-0.03432291585060455,0.007342168442846777,-0.031542171748043975,0.043366168482558476,0.02620303796862522,-0.037307766727638865,0.020223196257541834,0.018273180232478564,-0.003124698281294363,-0.045479766583856364,0.060023847389466374,0.03566368430071512,-0.08899191750488439,0.013826815543559344,0.04116209831936211,-0.04252925458356214,0.034405941892558314,-0.010914613231318338,-0.005190360513491554,0.00850623524748506,0.07186936737619634
APOD,-0.10595189268644238,-0.05501442746132908,0.012449668103320356,-0.0732353416534941,-0.04254002298184426,0.13025568222903508,-0.051322506316827624,-0.027769795548514577,0.0018843524095448886,-0.019163130025695224,0.01994357268325591,-0.014889812392292591,-0.029362397336023943,-0.056872194588511435,0.1346571205309902,0.04316813665275933,-0.04575971287646565,0.050336608356384295,0.09274809022092279,-0.02780026282758519,-0.08072042240338598,-0.0503479386833229,-0.06695977222742121,0.02453272095435014
B2M,0.02595134158690769,0.09802154574175509,0.006224876481296848,0.012190901677848623,0.005618440607822514,-0.0016327550168945867,0.03902842051579097,0.05941660980810549,0.03148746508771969,0.02918326871393631,-0.014629124576253176,-0.03447040848201961,-0.038276970888975276,0.00199253868122853,0.05405415486267174,0.02632064586128687,0.10451135319253349,0.026407920646611856,-0.07137405842549571,0.08617729329686556,-0.028229721933246674,-0.08554493774128238,-0.018824596129023707,-0.033814594130495326
OMG,-0.0588985046435598,0.05602399291470797,0.022087407329345835,0.04441600236786925,-0.059892211635651935,0.08228363782714025,-0.039080257418967375,0.008671211852992598,0.022304561074286987,-0.05971217186479613,0.00568421515520107,-0.014413921304427675,-0.018805089295241124,-0.003053932015009738,-0.03411958030747489,-0.0036355701953359717,-0.0971152658320591,0.04019346702460555,0.07328753239241576,-0.08100794298169907,-0.02250107089772805,0.1334829323951128,0.004568435936161307,0.06615364039633691
CXCL3,-0.015374687806007353,0.11262881427334302,-0.029832590362383525,0.015733339324791845,0.039011430079107644,-0.0893583596387751,,0.10366537898020908,0.0059471207692707966,-0.01267761373967822,-0.02544495172247483,-0.0006804258315657647,0.04505232101239935,-0.028153499428064364,-0.01928114074755529,,,0.0163540138823359,0.027852058259534646,-0.03170678433404438,-0.036841966351234906,0.017607215446735304,-0.007131730801005123,
CXCL10,0.03181023312360182,-0.03512516332461466,-0.021344278374852525,,0.0012711175034735092,-0.01741353361410666,0.009234406323468492,0.03238763811414398,0.06508581382170084,0.11574470071752317,0.03285779251039861,0.018940463226829275,-0.03359083605996637,-0.029998823836658545,-0.05421604510851958,-0.033667505925051744,0.017484331426680252,0.026248890740213277,-0.029172492432749778,0.029526383287426277,-0.03249029850179314,0.13078970628457062,0.014797247025288089,
RSPO3,,,-0.02459172140829878,-0.028564356731895668,-0.017641764559335745,-0.03064168001424033,0.01411717888804142,0.01723822798644141,0.0527248338341403,-0.030785094955301982,-0.038819648063292654,,-0.02208879996576348,,,,,0.10231151414416398,0.024552898932032337,,0.06252890268531172,-0.020838451742864805,-0.05074226264828874,-0.029516760065140916
CORT,-0.019091804881339828,-0.028035185422485658,-0.005647101877896315,-0.02262937213064502,-0.03956301164964544,0.004485272677881609,0.03329194117031251,-0.02980575689003466,0.04887649981224327,-0.025750031972369792,0.011805110649901676,,-0.01588126533311755,,,,,0.06344051007480948,-0.022759830433868356,,-0.030325388145665343,,,-0.03151911895166802
NCAN,-0.03081447977765151,-0.05136386415111282,0.047590157798519876,-0.01980808415864645,-0.015739731383162977,0.03769752296749636,0.1001691841184233,-0.028293951929182087,-0.0022266425669994734,0.021531667509647377,-0.00415971572784329,,0.017100973359702353,0.028951858427732804,-0.008885725073073246,-0.006736049687430373,0.06807797036260378,0.07807163695784869,0.0587189931463379,0.06766279680987881,0.0348801067623491,0.07136307879095928,-0.0007870932355434336,-0.03353405654216216
PRG4,,-0.03826144571433683,-0.0011722319161522193,0.10130954250651662,-0.017411660819366598,-0.021939332880914313,,0.009403953236424649,-0.004661647714258293,,,,0.013532958410829885,,,,,-0.03203794310693095,-0.02055999626339348,,-0.029099215814218087,-0.01715973953243691,0.08974696205698532,
ZG16B,,,-0.02510451609801208,,-0.020208361822484804,,,0.035851709330328704,0.0062017769408709775,,,-0.025676227742572486,,,,,0.10518716924744198,,,,,-0.013670975788664061,-0.024925572464906075,
TGM2,0.08118076763572522,0.12461236033560955,0.04564516422971147,0.06834488397739169,0.011162889619925924,-0.026918294547961876,-0.0011971020600472049,0.037850109059657557,-0.040980656921554934,-0.002804235064659279,0.018856057613062433,-0.01122508436933964,-0.014029898239103038,-0.02971334911964605,0.07213356976840378,-0.017853844646339875,0.05292771424641399,-0.02737117390784095,-0.06861976431362937,0.03602411317559908,0.008329376497865843,-0.05588841948083285,0.0019500808448351316,-0.08663852793249058
VEGFC,-0.019091806110600816,0.014727220775715021,0.08017608367320986,0.007283732421663785,0.016875880870348678,-0.03377190329589342,-0.022921790791828045,0.03263693971766364,0.016952946660816624,0.011691246379620672,-0.020424642810873996,0.00415141432574565,-0.02635590987331107,0.04106529696128855,0.008673398910793089,-0.0689273164376608,0.029033460777506074,-0.013124360869760491,-0.036147323592942586,0.07933688906426171,0.006490300441561237,0.024674043502318707,0.06624351960336822,
WNT6,,-0.03481816315098264,-0.02921009513966045,0.04983575975743588,0.15598840876828565,-0.030230288510561507,-0.017243397310332254,0.01082796217714489,0.007993176294537727,,,0.028623811743843403,-0.02300210724498489,,0.04214599738943881,,-0.02928072500918662,-0.043666478766523006,0.04730199410325637,,0.014409530704380832,0.0709893323727113,-0.025755594567605608,
NRG4,,-0.025947730305444,-0.01667424340596049,-0.021410520859954554,0.03291650458202335,-0.031249710626641454,0.11696136408015517,-0.028753756717505567,-0.005504286438301505,0.02051332105320561,0.07272789370102538,,-0.019745690865840274,,,-0.02422322971729573,,,,-0.03358227804424843,-0.019349034091490653,0.031190341009100276,0.017175833655720587,
PMCH,,,0.05361798872991394,,-0.029361900879471922,,,,-0.020368155058891762,,,,,,,,,-0.029731631270952276,0.019241045156187003,,0.06342797420717396,-0.017700401425466257,-0.049602494251860314,
COL9A1,0.04458639692426206,0.0034488164094196175,0.0006780994022965895,0.0035935894815654523,-0.02213223115768841,-0.011072177971163553,0.11609627123298324,0.07644356673896535,-0.0001643157006663515,-0.025103239289846944,0.01176050568617633,,0.003762692928828454,0.055598852231623065,-0.02099390232253322,-0.09391928306330673,0.039004764176415976,0.04149418847117422,0.04406028489427456,-0.017904174042885967,-0.012818364847963554,0.046982336268831776,0.12277662371251603,0.002146988006445878
GDF11,-0.0016392896114915871,0.017915934366188806,0.018521904529201612,-0.047755285096145565,-0.040292825390892094,0.028205102274366966,0.04652777583741256,0.05203691834226379,-0.026465099535685342,0.0443317378768848,-0.01754887992104348,-0.02845731215864251,0.10023824972922614,0.10069381262442952,0.004816547778582962,-0.001781430679679273,-0.023387374098656873,0.01571389653218849,-0.03952409853043194,-0.007478595175926598,-0.020170370750533018,0.06088670696997456,0.011154993268622996,-0.0222351827855344
RAET1E,,,,,,,,,,,,,,,,,,,,,,-0.014906275839490514,,
IL24,,,,,,,,,,,,-0.016191341315544734,,,,,,-0.022167187834575403,0.03861055162317978,,,,-0.008376116073185462,
SORBS1,-0.009576771927601846,-0.023850185603338996,-0.028444704750798792,0.05469659424977619,0.023916075671230767,-0.050527636289911755,-0.034705664782040936,-0.0006951681755204549,-0.007315458697079975,-0.020521521352485868,-0.008364277608172951,-0.011553838298674287,0.010460064234965438,0.039114228888787635,0.04986867622077721,-0.009761935111146489,-0.01134334241781849,0.07935657115065209,0.030469555400437838,-0.026435768605476674,-0.07490317687517689,0.028525669245782988,0.0185036272787723,0.030492204655306207
DLL1,-0.006527865579454417,-0.0070736018607072525,0.04884606748074867,-0.06942196625605852,-0.022399168818162132,0.01282444626320698,0.0676946224037477,0.060820652055050564,0.04798524136585941,-0.02223928360870442,-0.06324721098845959,0.026229045365981377,-0.0005179472056127299,0.039461779503714926,0.0642462579366067,0.052291335385350884,0.005623567145312563,0.05103315903483921,0.06340393558532627,-0.06153232537591884,0.058361442290775306,0.06126050439252045,0.03647513417890358,-0.03812638521183223
TLN1,-0.03439258251514224,-0.08982091612428597,0.02417674283132172,0.09071939808408794,0.0017091660851737108,0.03126333580008551,0.10401394941187332,0.03811380600910567,-0.013417001342938948,0.02633071086707619,0.034247217210844304,-0.07743393196631443,0.04912159787149168,-0.00886247697926244,0.01380819591560667,0.01580779609502908,-0.004954286881656416,-0.01705023749223112,0.02978276001196841,0.04707688630504952,-0.02226673893065385,-0.028281389292179784,0.033915809244315906,0.0364511004788501
COL2A1,0.03378323362928245,-0.026559210673523542,0.0649906016289122,,,-0.019595152498820035,0.04079804990706805,-0.021307696744165768,,,,,-0.021459407131166636,,,,,-0.02869209869859709,-0.055782229457068844,,0.03506594070410424,-0.005680122165809693,-0.03489587099659886,
SHH,,,,,-0.018093574343413382,0.03439870697393668,0.10387960545234608,-0.0167504386614617,0.007061134749982083,-0.013606579226385198,,,0.04847321510012146,0.021505334474883304,0.00485145928875576,,,0.04041629839970221,0.042412489523765105,0.03292804037800713,-0.022423047675876318,0.00085627384893104,0.08822587617585759,
PON2,0.039582680696381115,-0.020384551565245608,0.06275929173905653,-0.02944136756070824,-0.010240399764197449,0.06189181472020676,-0.0023503894916581526,0.055790641642316265,-0.020315882370856915,0.03061815830346972,-0.026871400575643523,0.02953856451933097,0.002757922808524378,0.060939273895109926,-0.003187080255380654,0.004968602237389442,-0.016490833577292845,0.0403835965815242,-0.03187676506627449,-0.034012885837570665,-0.046202284508414175,0.06263491452314891,0.08542238388880283,0.11626427086006598
ICAM5,,0.053187237960255214,-0.019931091314034775,-0.013673818478268478,0.012499548180251927,-0.01343888246634868,-0.016965843458750792,-0.04163732168742386,0.00039887394369616256,-0.010765815787198353,-0.015017527898623559,-0.015327093964622425,-0.02235855055410734,,,,,-0.015759091263370467,0.016809259990670282,,0.09148136325598709,0.05774432544222519,0.0397387966603703,0.04583023576177848
HPX,-0.020368737195051462,-0.02743210492803961,0.026868427917778825,-0.00984808619495591,0.034525438902854616,-0.0005143445356606854,0.06673290689439147,-0.018086380583907918,-0.017121249608911232,-0.011850578726817414,,0.018697887917645546,-0.031146046123806052,-0.028153484698758526,0.025380624344428938,0.0039146035903863535,-0.003558465480218235,-0.006747819991959805,0.03788152027642499,-0.03387744163859327,0.05273810656627055,0.09950690079710088,0.0008943668134684204,
SFRP2,,-0.03457855550450553,0.07942542481644732,,-0.020606620379023725,,-0.022358831510763812,-0.017005522616019262,0.02583489333650737,-0.03249850089939406,-0.05689411842116173,-0.015979423688460222,-0.040177894928784964,0.014133700774176514,0.10857362212403598,,-0.007711168680975316,0.04780227363277077,-0.04629982541885645,-0.07615367741866143,-4.953826411850569e-05,0.0622324416420463,-0.03256613970821505,-0.05255111031395325
CFC1,,,,,,,-0.004308767815865231,,-0.017512546118793944,,-0.018566691833704692,,,,,,,,,,,,-0.034272136255837096,
CD70,,,-0.02648358507969423,,0.025160478516224487,,,,0.003794298257161329,,,0.0037085496689782957,,,,-0.03306602833827441,,0.04342892283952728,-0.005840481052016195,,0.06867681794999073,-0.010955221493362944,-0.030300045795430438,
HP,-0.03558125234091245,-0.02559779620508308,0.011404955070400177,-0.076604739181814,0.022759581005715863,-0.026815111836976224,,0.03226897447095113,0.05238992284310717,-0.024280437516170563,-0.041895648670569434,,-0.02231821120228043,0.0359370751430688,0.0632636727012464,-0.10901507404946892,0.16680368292432357,0.06846912197182124,-0.07464432943617151,0.015247278601249534,0.024047528799316712,-0.034711777152118775,0.01574419565873332,
CXCL2,-0.010510662719441564,0.11176858354038822,0.022484570074330343,0.04493963514074397,0.06587226654426523,-0.05549053189853292,0.08711565250114636,0.010407666217926763,0.04002473076268102,-0.016469402323020296,-0.04811185031669683,0.01186301811696764,-0.012845780395123378,0.01493002728477387,0.030430651876164703,0.046565267734809575,,0.016244102379904778,-0.040433348076376434,0.058707549401860105,0.01859500044163425,0.03144901031080404,0.005235054601008929,-0.028805368265444834
NPPB,,,-0.023355663075982896,0.06935618922028605,0.033920642157503074,,,,0.0029006588177763076,,,,0.026839855913411648,,,,,0.0036929018502401775,-0.02004319745100945,,-0.012953185649583619,-0.008763475616725552,,
CCK,0.025860886400999743,0.032098367599024895,-0.029315391616438126,-0.03301519523757818,-0.021980762544027206,0.030748166619956534,-0.041813325654788264,-0.05997648091626744,-0.003309886610190679,0.000191355603937186,-0.012001772379484549,,0.004198403307570922,-0.028967514208186645,,,0.03488482313596942,0.009244922640208087,0.02635509191714524,-0.035281516115529835,0.03711818401345564,-0.035316051683023146,-0.06908064982419011,0.04380991285221648
SEMA6A,0.048954133103991784,-0.042314334354542335,0.0386306904265446,-0.02285652897140492,-0.024660948355313038,0.06864588360654163,0.05945648799029426,0.0425364962467116,-0.010854527304777595,0.0436649117910134,0.015258514354981278,0.03027588603984538,0.04661796379309057,0.06332119270840389,-0.039226043109330914,-0.024486926631648427,0.029676087674601163,0.04281825520593896,0.024770189932046473,0.0668091770457624,0.0006849374838012085,0.050885358907303224,0.07671659669916861,0.09391021896065946
IRAK4,0.028812108165554056,-0.04664600258901607,-0.02615330556251392,-0.04282934493357313,-0.043275294097293825,-0.01766986944885096,0.043869846368180705,0.04357945285431729,-0.016042770424120383,-0.018629894214870813,-0.01712150588064081,0.039595276955634126,0.05731672002449956,0.029795468485131264,-0.04637348629202575,0.05143749746680853,-0.05820250492118177,0.020927813587873354,0.10075018674088691,-0.0037520020375874865,-0.006840291834868288,0.10039950836554594,0.04545581749999263,-0.0058514957480969325
GSTP1,0.09228266092258094,0.02977828784967187,0.006986277139574946,0.02479700214780085,-0.023747781586763987,0.01981658966930225,0.029345901434816468,0.07170800572853164,0.04720275133141115,0.006210444899986496,-0.008807861750177818,-0.0720465895370599,-0.045633876734063016,0.0018084646155623319,-0.011220833095395798,-0.07200491059732403,-0.041859606454995195,0.04766591021560361,0.060324018280856574,-0.0006782472643360209,0.04150213480376704,0.05524382547608425,0.06243856064853624,-0.057855770659991965
VCAM1,-0.010001039301095624,0.012835621112565202,-0.03184652955026299,-0.03441977229341289,0.024226362131654213,0.02533078646787399,0.02983390573878225,0.05528824409327745,-0.0202861202326385,0.05528980540376055,-0.02015554133582764,0.03678323412447428,0.003439010206783846,-0.11371555244533027,-0.0533889143378562,0.02769896829834983,0.043196597329580734,0.047911834662765614,-0.008000006972153376,0.024351407612202752,0.005901185302288629,0.09488451209374425,-0.011922326147482445,-0.023809152544245937
NXPH3,-0.017022641280243847,0.04582441424720284,0.009829549445331785,-0.04480438435542959,-0.0035371747083778296,0.012531335500964453,0.09582929946777537,0.09919821865272178,0.01527919800511048,-0.0455656619896773,0.037273514929239186,-0.03055362069970457,0.029566180799944178,0.05187163507014535,0.02073956718455574,-0.10077441717049258,0.017987706176581846,-0.03483168874428278,0.05461934478047039,0.030946865717799997,-0.03355427862301516,0.07586345753609003,0.009858842112960078,0.1413382872367746
MTMR4,0.03462498778564217,-0.03372792606557604,-0.02092552915614112,-0.01959702878419622,0.011145631235961082,-0.008401797781607443,0.026935025311970392,0.01962733336364105,0.037014709412598865,0.009621766945187188,-0.10523528210995042,-0.012271994199013252,0.010495451811203338,-0.004392644375871759,0.09099017625180195,-0.036514479286876234,-0.022874776220504753,0.01554711459464806,0.023435599300177554,-0.019612643695770562,0.037805447577769886,0.06068612537086833,0.0657761524468293,0.025217989848786797
LAMC2,,-0.02369538241910489,-0.018331753372608266,,0.11871493408608932,,0.03919742382494199,,-0.019304673467663507,,,0.10610743510249265,,,,0.06486580424756247,,-0.02725253529578881,-0.028107874543739565,-0.03246887175232299,-0.017547938476871777,-0.011542736970543581,0.004983440662952777,
IL10,0.027620748097413054,0.06383542364992187,0.02606043179998958,-0.02980783588608316,-0.012159824852054633,0.04568114739300451,,0.026208166472412274,0.028561195263681793,,-0.04605340198581485,0.006268803671552097,-0.023592288089515197,-0.008861128142468819,0.038631235197519743,0.049482964059092284,-0.02430644284172024,0.012082574088793006,0.005499841781998289,0.08319511469063594,0.05058560888364343,0.0414630840274667,-0.01847995026936896,
SEMA4D,-0.018834127922390993,0.06380616721693344,-0.0015101512826590133,-0.01085545619898647,0.00930104080349146,-0.036985378651719705,-0.018113782100708974,0.0017875516521626928,0.019058360767297604,0.01761784217148218,0.06227150415355963,0.05037301692295549,-0.006159964442885058,0.01959016836005568,0.011845395164798914,0.1262622048479813,0.025764131092688616,0.0418154467117338,0.044337730042830654,-0.052101569947321805,0.02139348351215158,0.07811050386352561,-0.027619898968676587,-0.02856887389106319
TRH,-0.017529941623036022,0.03300195731287708,-0.03808715677083169,0.1379967827228762,-0.02964440240837582,-0.01928311569322591,0.05172129478456632,-0.024581778382447173,0.0022206713540611476,,-0.02891356679572189,,-0.021967523810855174,-0.08158045415667657,0.08086755038176194,,,-0.008310026180906156,0.05041066138781797,0.09027777202859343,0.015724990421654886,0.015615690719687818,0.037828502727979815,
SEMA6D,0.08834356701444859,-0.040968364261416194,0.0005726806278398171,-0.007870478101968547,0.02254252106781035,0.0033307614394935325,0.05525430599991946,0.04302925628766225,-0.03475332055671084,0.02247542338695975,0.07618577896491828,-0.021818343013446734,0.03399951399610715,0.0888475152064806,0.05265258613132768,0.0834347368287346,-0.04724941894865695,0.07353718416248804,-0.0021029702908550644,-0.06483244418122296,0.04354771190119082,0.06550298156380695,0.07373092350267499,-0.07854039364061835
CEL,,,,0.01866016646732647,,0.0030199002966968262,,,,,,,,,-0.04878694297721496,-0.10314514539645646,-0.042564749946476674,0.0168328383172979,-0.0232389647153247,-0.020143468794658604,0.008433370086594012,0.07728594184895,-0.01322360995225318,
PDCD1LG2,-0.0001231339932403662,0.0687708434040318,0.026483891119255518,-0.011442171975504796,0.020393521845376957,0.018200259116421556,-0.01659154564545731,0.08092037797895184,-0.04484044372387665,-0.015591971406000642,0.025754027532913618,0.012325238097713622,0.09208481672779285,-0.00018321578029282653,-0.056219075412033165,-0.12993110753548134,-0.01562833360934025,0.015738800005040944,0.015780426486526184,-0.041803877036919034,-0.0349289604605433,0.03437849618764982,0.03335724835450331,
SPINT1,-0.012478786453000202,0.045500274512483306,-0.04637614709748982,0.04301167728910072,-0.018999242764965667,-0.05143385790800926,0.013474147320737309,-0.031802228891184316,0.01840027395043747,-0.01936645282905561,-0.028080088476194438,-0.00685898297531357,-0.01390173595018701,0.07299522278882357,0.05261319199491141,0.066096702312533,0.022800583981544744,0.1577390263971681,-0.017155835950247878,-0.006741530264269574,-0.014966247358671431,0.048962049754028444,0.004611337255418274,
CTHRC1,-0.0019421002797949142,0.0012187309549984238,0.02712916726563824,-0.02591992471062736,-0.020849614165078353,0.04411946941733901,0.07537110906522906,0.06858302530798178,-0.028308415294319714,-0.03078509142565627,-0.0556164543488776,-0.009263111511447923,0.006930087590480604,0.004527142521816968,-0.11810455726797045,-0.06771059980402672,0.03765120944097001,0.019529095782056936,0.01955833727622598,0.05706073083121983,-0.038536037228479154,-0.003550069895615527,0.004782936889542414,0.014704908005774626
PODXL,0.023144724096678258,0.012176137005991414,0.046035369495264135,0.028269655047797985,0.01024522858125039,0.029499085249470383,0.06478452784349091,0.0779196734800265,-0.04220858699686627,0.06640183585316854,-0.019312059722079222,0.05319406293658874,0.013214568405430541,0.09029802201763222,0.015768015905672818,-0.0165216983398221,0.11926265511623714,0.024607837826395234,-0.018703789008885745,0.0010717512549747526,0.015010102115905985,0.00731399778876927,-0.0021488767694171824,-0.023184383256143172
JAM3,-0.0494716413307567,0.0008593660300301174,0.03530115413772346,0.0022616083829992573,-0.02536559800019609,0.02018045481052675,0.04695358102703567,0.026814994558924863,0.01016115422160613,0.016782824329356957,-0.002977442570813533,-0.0014968231688527501,0.030914353260247628,0.06594424302992168,-0.03945338785682589,0.026429145184205846,-0.04585621710457685,0.022327171132647684,-0.009150811478583983,0.013019492269014072,-0.0551107147115731,0.010025846545335051,0.0119848127361932,0.08302453701766302
TGFB2,-0.05713275336211737,0.0036893932928525725,0.0287865791351747,0.03762952568014839,-0.007789999994535404,0.013360179512279165,0.04778985099723166,0.03934633315426661,0.011143562179484147,-0.01827521268048007,-0.05300003166625222,0.007823721164536505,-0.02710669969570458,0.0181585421103135,0.018210265066435024,0.005046719989523131,0.041896052162308295,0.030506532857753257,0.004934898602233813,0.008879468364610505,0.04696795947801433,-0.011745045508688571,0.03139057769411849,-0.01498909027456601
COL18A1,0.05291729996004309,0.028954038512443575,0.025431382399348425,0.00820530076446161,-0.007686921689772281,-0.0012153841701666086,0.057838520058266535,0.10678654038562825,0.00898436315806018,-0.019614345024442217,-0.012703607290649259,0.04079977537350609,-0.03563491013160508,0.06329585231602952,-0.033408555991670134,-0.09063463293756456,0.06210377781363122,0.018236457161707652,-0.020117959834998967,0.07806927371945058,-0.05743056095649374,-0.07269788627757558,-0.0208863365168779,0.064543788442818
NODAL,-0.02773326822723992,,0.00047628524195962867,,-0.00354203462516397,-0.0127424875930355,0.0009291913588140636,0.07991602275845777,,,,,-0.026405542602162557,0.10169034802207451,-0.017639195835786384,-0.035461797146902965,0.043886061957937865,0.00784551437220014,-0.02643749277090358,-0.005936330732203055,-0.02006738376801314,0.04775755436937609,-0.06491472472475013,
INHBB,0.001998806953599359,0.030450566301995417,0.02097234133230847,-0.041373914783538454,0.01934568181871195,-0.05107754983916312,0.03827907769732576,0.002052051229062108,0.034248195900100635,-0.0059092617685645886,0.11362210349214222,0.05663197862652413,0.047727080220077295,-0.002127395771093139,0.11261357320911608,-0.017459947103757405,0.009349631148809281,0.056388450677610405,0.0404633065524654,-0.007018262461509631,0.0005654596259837482,0.07304829073443593,0.0719146542594,0.15199791367938098
LCN1,,,-0.018331757497327412,,,,,-0.018698739848206546,,,,,,0.10070967328500982,,,,0.05546174229228511,-0.024966868015173897,,,0.015207463938882301,-0.02616131014696094,
ARF4,0.014905583872179584,-0.014377268829575619,-0.020615231707145885,-0.025178375661041863,0.035603047108428536,-0.025723415384796666,0.02864682505330417,0.05798540686003678,-0.030922214451320807,-0.04426196343981162,-0.028489547138597287,-0.003378781616367851,0.013601908110299732,0.08839565907456651,-0.007376300020368468,-0.11836899606180253,0.019542605202889318,0.007409011914436478,0.06470632015515497,-0.01336950336429114,0.03264396073384535,-0.03331296662802326,0.02840444659143583,0.07288169375779645
CXCL14,-0.021938761354374125,0.05083789822402121,-0.054438898401909935,0.05134712432248705,-0.037532001277163794,-0.03522074715418332,-0.012892282864619783,-0.029591402162278898,0.08721035385139714,0.011630340468250469,-0.01829163349024607,-0.03507866284162578,0.008589076762450111,0.009924688829039864,-0.026531512199799184,-0.003689523367658889,0.11480713250661807,-0.0008785134291960639,-0.0817241520136978,0.08916653263051567,0.008265536806888131,0.005110384121425546,0.08509459822121702,0.03029181602782466
LIF,-0.003535959618410429,0.10124698048943513,-0.0035232048181464853,0.10333267849324385,0.03123493136770993,-0.0095123509427212,0.049209715524424213,-0.007178081581485279,-0.016380661653996948,-0.014049131623902564,-0.02526102760687489,-0.01660128044851019,-0.035611359104281336,0.11088742135168253,0.12285586397877744,-0.05154421437190644,0.06519931155694807,-0.03589833768367914,-0.00450490306435762,0.03290498188117041,-0.046927958951839766,-0.008804789752999658,0.06810429386978202,
IL17B,,-0.028322124648848625,,0.142199303845556,,,,0.1408401851673052,,,,-0.0389051534124332,,0.005504854677464555,0.018910414619473917,-0.055644362759169536,,-0.030672639928114573,-0.018825883943968925,,-0.010091081997271734,-0.03428698092028342,0.10627544085293927,
MMP1,,,-0.025273354865065396,0.03866019095530942,,-0.019283111486669845,,,,,,-0.016766389137662596,,0.12912247311443983,0.04782625392037783,,,-0.04846038315771405,-0.009030039104220422,,-0.01807843096654321,0.057032720323174566,-0.017087123283782833,
MATN1,,-0.022315194619811674,0.08996172133151283,-0.03524222728274866,,,0.015765359913501115,0.06049784486718485,-0.015527289370935447,,,0.008148041775480713,-0.0214594044606461,,,0.05430191061150166,,-0.023974632824957855,-0.034535275704702106,-0.017876515276848377,-0.010523051979763748,0.034616155962913314,-0.02695560119447876,
ADAM28,-0.05388452191850292,-0.0144600480460253,-0.046140212403443216,0.005058121207999662,-0.006714170698115159,0.06622751986913063,0.06624642314195502,0.06344006774029212,-0.004514235507450213,0.008738883918917098,0.04635618979785722,0.03156756452771251,0.037398209200293776,0.03713101878821893,0.05981796620823396,0.04679977393165666,0.08009331123986192,0.04400904966950663,-0.0664735067862715,-0.03604906926034209,-0.0435389195842691,0.09522272854048223,0.05568913388554311,-0.08735705085880689
TCN2,-0.004428739980675313,0.006848348715221029,0.037997324337512045,0.04939089399459453,-0.010903249797979755,0.02899881922030724,0.009861316031604374,0.12052604703083682,-0.000984003206750738,0.0011763565353270983,-0.0016171343928200474,0.007523468664591344,-0.01601213254979761,0.05885498712154718,0.08236195141453544,-0.08439290697580941,0.041868263015582864,0.0538308741746439,0.0017363355428149845,0.0648176908370193,-0.005206319711626974,-0.008683308884202144,0.017958994231346902,0.014154290593431061
THPO,,,0.012711051179513141,,0.004169145188764809,,-0.02873544070735939,-0.004189301470152753,0.013980187315726283,-0.01461945559792325,-0.025075944129082088,,-0.021459406925741945,,0.023196996028435057,0.03196012963592721,0.05573674523018336,,,,0.04530058519932888,0.10370061591196972,-0.0026725020383970466,
CUBN,0.03425103713143551,-0.02400434828652579,-0.00041653222064479725,-0.034602874131736155,0.023304390645310077,-0.01635106578850083,0.057432799453613126,0.06402490914620686,-0.024002354633963923,0.015608158074857206,-0.019282598808798623,-0.025813530484846782,-0.008287148125348257,0.0851015145130415,-0.0498504882075156,-0.033117674809579736,0.02676383707469679,0.012451622875193294,0.0050277661682904765,0.010299093370943814,0.07331409887341714,0.07386911146588421,0.003701450229296419,
TIMP3,0.005637489354542226,0.014207487111720938,0.028239744034847424,0.008602643463559939,0.04964414144859884,0.015535434508058409,-0.017472729687922753,0.053463772832263036,0.050577340802353904,-0.011660066984910924,-0.0024784994443574028,-0.061628489168439854,-0.03430641239377446,-0.019406198034062044,-0.056794493261910765,-0.12183700160043696,0.022358529687402352,0.0175936824524032,-0.007713710109967202,0.11124101150314677,-0.046933400063367964,-0.05803732543112069,0.02615532896694101,0.08215639016644709
PIGF,0.027738755787167165,0.0308480273151634,0.010169342945699806,-0.008764892913895605,-0.013721497105857414,0.01618628678471912,0.024294997880645104,0.07092159865683695,-0.05944036498736366,0.0028806831171587755,0.011721897431400397,-0.0310555614897328,0.0056282075305653005,-0.07877902171478292,0.07040055897099554,-0.009816511497407771,-0.03090194308092505,0.08153414099360196,0.052660097078739865,-0.008313913343891009,-0.0578706591786609,0.12047724769097005,0.05330002232030459,0.049273403095379045
CRH,,,-0.021477836459806176,,0.03793883077035201,-0.019595156094215443,-0.017028728254321474,0.012286819283361722,-0.024443577951756234,-0.026450859895636527,0.029440017636081006,,0.015682035942522186,,,,,-0.0094054093032729,-0.029783262895782495,-0.03652570356293712,-0.038740798512022286,0.05635615174460411,0.04034937306021522,0.05003660310481793
BDNF,,-0.04042329713171092,-0.011744372199771109,-0.006695803860293302,-0.03218299500025145,-0.006357026947356951,0.031199757434411713,-0.03183376727877289,-0.032014156557813145,0.0594744765217171,-0.024889672545445097,-0.024975116888746107,-0.024168803768297074,-0.03418139572358217,0.03330311684965252,,,0.05559282899354831,-0.0254763867176605,0.07722131702850342,-0.04757328168872554,0.0697807303867881,0.05787037193036927,0.003837823622111873
CCL5,-0.025595994752301888,0.08325131928134011,0.06479178646858003,,0.03325874428309244,-0.04335552814518211,-0.024874780904135047,0.04022297554020753,-0.018538463247676697,0.02181194395077659,-0.010812146197726802,0.0037558597635356634,0.03173297398111713,-0.07543422036576428,0.016054794512704508,-0.0832180961007577,-0.04784701612860053,0.01747111662861285,-0.057043883962222396,0.113404239660976,-0.027057969489052085,0.06941648141758124,-0.08042683016607376,
GAD1,0.011809149341780888,0.020787996184519854,0.007106044074255056,0.0344096369528873,0.03192471035896116,-0.005517106732141076,0.011412505126644108,-0.038655870748904544,0.0034608747244116974,-0.05765428784832809,-0.07161685487624629,0.025077529058133357,-0.0011056946419882357,-0.03156804228681477,0.020808960679897355,0.08519387667643435,-0.03787490563707188,0.03232319181142688,0.0903008214792035,0.06127954823611937,0.05724653220493925,0.022867733153129236,0.01230287788999739,-0.01961745570516863
COL14A1,-0.019605940308678106,0.07144479076812339,0.09480906105821856,0.03411664198087837,-0.030740451596423586,0.04885894565146225,0.02915264936530722,0.09486771017862215,0.042689878490622196,-0.019149440927372884,-0.017607965004238675,-0.08825471234552461,-0.04115220223882356,0.10744751751047574,0.018490078805804604,0.10000874488626511,0.01698600466537852,0.04021363430253141,-0.00986266240122842,0.08914573594684706,-0.011334671385279407,0.056014707267584514,0.038867427866488974,
HLA-A,0.06431482640038916,0.03637039839643272,-0.03506480878746431,0.0949184859731839,0.014828442382485268,-0.038588675749073466,-0.006443656977121069,0.04538958524933009,0.08263757297274761,-0.004064120954735494,-0.005760554533489239,0.002466439132874741,0.005505972831411125,-0.057541011545188626,0.03968607469480139,-0.08623695906286398,0.08982722141464622,-0.02408945792271012,-0.07803263800867764,0.05146775901606363,-0.02666878567524069,-0.038064353276704904,-0.04438398465733636,0.053132605435215925
CD5L,-0.033516509934214546,,-0.021477833974984095,,,,,,,,-0.02616953918685135,,,,,,-0.03625157166812841,,,,,,,
FGF18,,,0.053907924174156234,-0.022060875624090412,0.0014130283133574912,-0.02673583006742539,-0.023626240589704795,,-0.016638102288354818,,,0.0760844766454013,,,,,,0.10863203666648205,0.005226316807847425,,0.004702491629596907,0.0035725897383150026,-0.03700517441173727,
ADM,0.056022912201121364,-0.012948629664486665,-0.03035727863377588,0.05368486659507879,-0.01677649200681614,-0.12912765653722913,0.07254457046104468,0.06713844945075444,0.012451401317450414,0.01166359803632403,-0.012635802293237708,0.003929943131313423,0.05664369239237878,0.04573916896492415,0.035318128893060345,-0.007345493774952079,-0.06924273030085255,-0.04306941723715275,-0.023168358927278063,-0.08785821385093517,-0.04184095807957767,0.006269973815736193,0.011784287914677642,0.06026620158862494
CCL15,,,0.0032288712672165908,,,,,,,0.01349515539610349,,,,0.10220831110732144,,,,,,,,-0.007966714641799011,,
GNAI2,-0.00814730246077897,0.018294795832703825,0.012949828863214394,0.001793338756611306,-0.009500879372873368,-0.006912447286617563,0.027853482119395468,0.044830993902376,-0.009602688902672555,-0.020182149785819965,-0.01755621749339517,0.014199330081107124,-0.001444360416920094,-0.047013509884626506,0.1040673527271726,-0.037580640564213896,0.039351959592943256,0.004590175334771682,0.03471083183985714,-0.07926448926264096,-0.0695112234993583,0.005873714490495765,0.0395470274884635,0.01468971900531413
HDC,,,,,,,,0.048303383725854084,,-0.017797306803173228,,,,,,0.06776864180251507,,,,,,-0.00033143815441172964,-0.026955588986542097,
COL11A1,-0.02207769270577673,,-0.001631500288831724,0.007710250759022257,0.007533951191138879,0.05743614177995894,0.10472186831447168,-0.010059201659712936,-0.022309738033427215,0.06303856052842266,-0.031765508519865704,-0.007597935873891728,-0.022496560044404267,0.06399508097112175,-0.06270435279209718,,-0.05718592474598042,0.01303161913750466,0.056782756223679606,0.08518610553089295,-0.03144163738512554,-0.003192182931827365,-0.0214620847788957,0.02093359670284088
NUCB2,0.03726485070344469,0.011919028323276862,0.035593513808893355,-0.05259979279919476,0.017995527629168583,0.014856552838683606,0.0382005013459839,0.050793640432833985,0.04612975217263303,-0.03732898340096554,-0.019968180598359298,-0.0328321039875082,0.045125641755123035,0.0459889096693659,0.0435801779991258,-0.098679450521747,0.021097106993458174,-0.04670369461846122,0.01670839538804665,0.003156860441328321,0.006064311134702784,0.005270317666912414,0.009615655991762324,-0.03885804181587081
FGF16,,,,,,,,,,,,,,,,,,,,,,,0.12886153545712842,
CXCL1,,0.014155323956884321,0.02679193479820853,-0.02173797260387693,0.03751096960670827,-0.049518354998739335,,0.02837907970785814,0.02884609401924755,-0.013303791873199555,-0.035703378482239964,-0.028501456541994232,-0.017385263948898617,-0.03015160236465431,-0.006461612137879535,0.039037795151107654,,0.02694189354686861,-0.05600577087785768,-0.049369076925676075,0.011845140735884723,0.01678075986418341,0.09787646317798501,-0.0340251789291012
VCAN,0.020843811366966745,-0.007200907127980064,-0.021001994744649838,-0.07512719386408967,-0.01786688615676894,0.05821335920815865,0.10994896904527693,0.0247135804101293,-0.0019675077820960674,0.03960425395191025,-0.08142383199306012,-0.04231413393365413,0.03944568911606896,-0.04150319753274115,-0.05058839791359622,-0.008375747347109226,0.0006301540655678699,0.01585274864998918,0.04280711839847171,-0.056413112957994026,0.039611278821506966,-0.059596455816385674,0.08734869695325852,0.0047463668611221685
MMP7,,0.06485974846384988,-0.017438170849346638,,0.03197977483277622,,0.015376702361124667,-0.013648538014811034,-0.01533469751010603,-0.025700043812562374,-0.015400398636010513,-0.03332831962637981,-0.012675735880962784,0.060537124913030135,0.03298354525524308,,,0.031969083584529545,-0.055677145001105835,,-0.032892566209275824,-0.026564446181706343,0.0057252288422252285,
PTPN6,-0.04794101761985505,0.042107804741346594,0.0026365183903614745,0.04975753822602787,0.06951206514647296,-0.03237166677740222,-0.0015049291804215413,0.02805539548550739,0.01347283870443584,0.007935153325742128,-0.04098165000092638,-0.014042645488621969,0.038221118840797444,0.08391567824558029,-0.10369683174069239,0.05095669512787228,0.03690697817594493,0.01625492384032244,-0.05272295541812683,0.07440740918400988,0.00736606547646662,0.017256205233486057,0.03565448275970314,-0.09516208725994613
PTGS2,-0.03799450637274383,0.06799093826902328,-0.004274387486361026,-0.0023344262534671055,0.04914549273327439,-0.032167067597498815,-0.005331639692285162,-0.05241657774587385,0.02301516080945102,-0.028372931554433718,0.001964811906407666,-0.012581014370904059,-0.015917595027274096,-0.03909631445322351,0.021124794045329718,-0.01951475936733017,-0.04374021088156249,-0.04183006171906336,-0.0025348605199781546,-0.028178923124860356,0.00935928909526587,0.02893884733405171,0.06473087509849085,-0.027203375866761727
XCL1,-0.017119120800142454,,-0.009319042263098192,,-0.017641767528480446,0.049453285743911383,,,-0.01393777402761166,,-0.02020094111208227,-0.030192532070022773,,,,,,,,,,,0.01597076356286116,
CD58,0.034896841154104706,0.09421178973600841,0.02287131161990491,0.009426201141377136,0.04891199451102578,-0.034532219688900724,0.14741432289690223,0.045884167937320405,0.02084055354379356,-0.02018049253959778,-0.007763361258865729,-0.013655865509951598,-0.02330738976261166,0.03140908877366416,-0.06559713041675833,-0.04414630523678851,0.0497456594409633,0.06237322121589287,-0.027505379252618093,0.03682119722634986,0.013445586967053903,0.02775224900038973,0.04674222362599425,-0.08470272560644768
TNFSF14,-0.028004124901149254,-0.05981495083184073,0.032381428021491736,0.0813644538400323,0.02123066723910161,-0.05118925310119096,,3.0030048866088322e-05,0.011386486143251185,-0.012994303933744606,-0.01911721931751722,,,0.0472420872915574,0.026527442269543712,,-0.043297951869450464,-0.029008018689867646,0.03703241078591686,0.06334761443385434,0.004226567463030667,0.03335479596259383,0.07662521698115314,0.0614310565773505
CNTN4,,0.010975271146687888,-0.006690335278210328,0.07752901119981469,0.005205411408542576,0.00986852561924622,0.028460812023041154,-0.03202123914416577,-0.02916742537122661,-0.023552670158932764,-0.011824648550836155,,-0.004585750960785569,-0.03348030745275297,,,-0.05630471832580887,-0.019738891574274414,-0.00665557311464379,-0.041216469788960486,0.0477036698601122,0.004631400536476423,-0.006715396242397315,-0.029353413531344612
NTF4,,,,,0.05712090378850343,,,,,,,,,,,,,,,,,,,
INSL3,,,-0.021083790843127965,,0.0578274826243214,,,,-0.017682519066385915,,,,,,,,,0.06901705203059383,-0.024662942412569465,,0.029476736706244726,-0.046365157972011545,,
BTLA,,,,,-0.014720653320561527,-0.004098440722352753,,,,-0.016594170561597083,,,,,,,-0.040683027633817745,,,,,0.01912646287085826,,
MFNG,-0.019006318548786393,0.08803432613232046,0.04609342285958027,0.008536391182659964,0.03547061065783128,0.041017240206408796,0.048929114672614876,0.11782324662819517,0.01763055964055145,0.06263289050741168,0.1029583469304914,-0.032146832371588906,-0.07375684600716702,0.11918558471314916,-0.021623001905449014,-0.0263298400914526,0.09696408079158783,0.049742625089915844,-0.03991588784162662,-0.06520594734322865,0.01145731597891487,0.03819099292057193,0.04014426283169616,0.017796012115746683
ICAM1,-0.005225028642894881,0.02435873199912433,0.022697287217681727,0.05369228004951536,-0.026691350821712517,-0.037518707176286234,0.030352815882948025,0.049999505854276864,0.07635573431821532,-0.017465611862456442,-0.011649356895873162,0.035201027461249805,0.001532942569840124,0.06027485381926785,0.1263704578574431,-0.04304595238636072,0.025497941116240975,0.057415372523796214,0.033348858037212506,0.04759650674204921,-0.027793692528241917,0.03974307965068254,0.016599986579390942,-0.04933031922527502
PROS1,-0.01778238267620951,-0.00802264016304178,0.007883006184098611,0.09591287158048217,0.018551671370178144,-0.0011102807465718382,0.07839885668013291,0.06946097245142506,0.014653205155328534,0.009228675758357379,0.021882606345214405,0.054582597783822885,0.018879677533833905,0.06595470677275829,-0.03426710640084313,0.04498120107849171,0.03591596320608115,0.09766979797946423,0.014826569076072134,0.044462836813958274,-0.023867518014616593,0.016323686153295942,0.049022109821532045,-0.01404379943481238
CLCF1,0.036859600422590615,0.084811773569548,0.02097284974747381,0.04122904804722069,-0.00557654020273265,-0.03685572839304404,-0.019457979068381613,0.04726771483272655,0.08035102393532863,0.033284482251708665,-0.0354231023628642,-0.007687843054290963,0.017345544047664932,0.09344053263206399,0.058611436820335774,0.0041002339560016685,0.14105788214564563,-0.0005675373181287973,0.030607472646373663,-0.03383233887683661,-0.013531937564371708,0.0035092090566893044,0.10437887518847795,
PSAP,-0.12422630973236176,-0.04105181880057422,-0.04467233133549091,-0.001778792061352717,-0.020715238091422686,-0.0057224468538290395,-0.1167453828260863,-0.020654774437288134,-0.0023200150570931413,-0.04462051478340187,0.024373349786633167,-0.006562026312496779,-0.0937697590507226,-0.008248452336514046,0.07144231955624931,-0.12212873942568611,0.05038311554413813,0.045639114276614406,-0.042508595841921994,0.029321434516974047,-0.038497185925369104,0.03037601910602201,0.014564374575842191,0.029116029078550775
EFEMP1,-0.04845878626536002,-0.0011177699738170537,-0.06793443547723542,0.08381287606004614,0.00822089632496387,-0.043588797288184246,0.021599895030501772,0.05594755794425675,0.024638061256798734,0.016124540368449885,-0.004195379098363091,-0.041658290580377365,0.0015581795353176782,0.003856296730878233,0.051925537497748635,-0.07394725263724485,0.0902424581194758,0.019293402791265592,-0.00443741565037931,0.019080139537378877,-0.026220236242233266,-0.04151908355978912,0.10729187026439063,0.12312543382636423
C1QTNF1,0.035468434706916345,0.023422117126569664,0.03148513069347001,0.06616033839965181,0.04525092834022812,0.01858568584220764,0.08892162055319597,0.0192931979546573,0.06397359557619925,0.07458231885554364,0.009711313605875358,-0.01975887068890393,0.02454156873483655,-0.018064827249380716,-0.04615987575422945,-0.012872655717965907,-0.05035543381060905,-0.01778698906383977,-0.013412440002897692,0.07986715181017222,-0.060065237036807204,-0.003554657933095078,0.10710220139066484,0.03255452128685764
ALB,0.08393475925426148,0.09587281835908415,0.030670217116602252,,-0.01893759592056375,0.0800928994667594,-0.020022283335363857,-0.0228937053247794,-0.0046772552272122,-0.014758784776632597,0.02981145795869679,-0.015327099003576016,-0.04642738961240702,-0.00036338985580136227,-0.053928228071355194,-0.07785190723107557,-0.003913524544074283,-0.0022923105039540682,0.025256399597826728,0.024855557236451137,-0.043697955634250274,-0.00955831926582422,-0.011349278941120186,0.005298308276902353
CCL13,,,,,,,,,,,,-0.029211894272757714,,,,,,0.018405547881437896,,,-0.002825627798917113,,,
EFNA3,0.0037212702492276585,0.009351301932278549,-0.053332658161871244,0.014596591228652587,0.03745836307406664,-0.021469870589727595,0.013576256072544073,-0.00025176989326703586,0.044021993582643575,0.006845422758939432,-0.02120847691007362,-0.031411220892121935,0.02900069176671658,0.0542529147579122,-0.03530945720123075,0.07898779954095951,0.026098076866485964,0.06372269995855352,0.08339676848659529,-0.024312760270796555,0.04584143262945847,0.061844050766623596,0.011469933455653785,0.019082662240245164
DRAXIN,0.04734215546774983,0.031249258818110692,0.04332730142700028,0.03190007119556504,0.016971191596696123,-0.06866514125318039,0.07848226482234796,0.05117981084845328,0.026699957880432626,-0.011850579934955497,0.030094179542205717,-0.009586286762090557,0.030353885989786646,0.06273479670325906,-0.034325425609532646,-0.04549770881512648,-0.07159383831573625,-0.031110753184680744,-0.0031008422705383633,0.06454312745759827,-0.006131135827828516,0.10799480955107223,-0.025682825562937554,0.02948074259667497
RAET1L,,,-0.0164244778301905,,,,,,,-0.014193736460820713,,,,,,,,,-0.024966851652934056,,0.07222936765584995,,,
NPTX2,0.0010009894590670566,-0.012961110641305092,-0.018266237437250837,-0.027662932100605577,-0.04642368174530847,0.01947589317831742,-0.056722309981395755,-0.0545355856739932,-0.019505932822799773,0.000752722804962198,-0.002459436498076865,-0.035296043200950304,0.003016159098396621,0.009211014454636296,0.04477343427111809,,0.0727293881437486,0.008082744484651459,-0.057465162559156964,0.0003725221300036166,-0.029605347371387293,-0.06394533297152927,0.054184361648450245,0.04578877120335949
FGF11,-0.012502357376804609,0.0168442341170775,-0.06576090998658414,0.023958682112864532,0.014418262214336109,-0.11918780559879792,0.09497109471445062,0.08845498676374856,-0.0034835430829771546,0.0504963694022438,-0.04114121693729493,0.032125808735536956,0.046879772620817675,0.038704760783330905,-0.02795370002319722,-0.07717896677120742,-0.06412666530253569,0.028957190438619957,0.11175893712298948,-0.03568737474598322,-0.05027147676817589,0.06475007905079505,0.05926001147590551,0.06446134241104347
CD59,0.058773541683126755,-0.0019234572441815436,0.0335529086467329,0.09912096094001839,-0.016447530960086245,-0.012325379261848813,-0.08223077509756539,0.0010071288065022761,-0.029474685389750815,0.03249159013828209,0.05206609874655994,0.03272302052138973,-0.03595550207766082,0.03234216288562113,0.0232028761902466,0.021835764565510632,0.07112116164293997,0.07021246635196475,-0.026043811082508816,0.006187102749131609,-0.01653969857416033,-0.09170497620778699,-0.028963460551661498,0.01395571652179491
COL9A2,0.034097037663428274,-0.0399705313222006,0.06813672243213786,-0.017761641442867033,-0.06238231114638198,0.08168158455948342,0.04488618945410935,0.010742156614324587,0.013204629238204665,0.01657245344123079,-0.04843818166832311,0.02886225707751008,-0.0395323652171883,-0.03056119998060552,-0.04961501240637092,-0.01778681331673842,0.05058569195471007,0.05154716144410708,0.045375460527811905,0.020266658547071326,0.028362460310520345,0.09869093645496745,-0.022227096927071397,-0.01218308519924586
DLL3,-0.07941916584096767,0.012572337921914253,0.03762305159625249,-0.0695074685960193,0.01860841254207034,-0.0017952139290785944,0.07807872981798612,0.026995130547783734,-0.05475770261210193,-0.018805441226873627,-0.015423584408301334,0.018564586627421352,-0.016027685468702552,-0.0196081289677178,0.042809460243746975,0.06761447742747344,0.016618327098280858,0.0034461173796319026,0.100064651346938,-0.11525809421961473,0.05008445463457811,0.08137304130667974,-0.0005860740249615373,-0.021728517921077564
FGF5,,,,,,,,-0.018230128671062582,,,-0.014811370949785666,0.06598365504839052,,,,,,,,,,-0.04113578899207064,-0.034519464135458935,
LIN7C,0.007729140471034197,0.011179855535078394,-0.07087070459063885,-0.029166529358341672,-0.007767785055140659,0.03151885898863843,0.04657967525907589,-0.02127279522242762,-0.02462973176057271,0.006265676249915637,0.007546570690296813,0.003004347821823264,0.03653998072977987,0.09485301118916688,-0.048791664405080655,-0.10439476214178771,-0.04982603861449152,0.022296485426967588,-0.031344302837764376,0.058375532346390986,0.03644129923810271,0.05411676789997466,-0.010458488427945835,0.0033339320308149204
GDF7,-0.017732064388848258,-0.022315209806039658,0.04603606137909701,,0.033842948955850355,,0.08707186347332609,0.03745308383592627,-0.015083935351250072,-0.012994303428785933,-0.027225603565704682,,,,,,0.06433195501575158,,-0.021402801171451193,-0.03292393824702791,0.052331154786751564,-0.009131530143689929,-0.02787602587418874,
PSPN,-0.011874644282213916,0.04593277577251514,-0.02310645170281638,0.017845237556642714,-0.01655665889649774,0.028703621120742824,-0.017125266871550113,-0.014087320895080952,-0.019031491929953397,0.028011374395223235,-0.01303053854621644,0.10833489246685915,-0.04918077322046057,-0.03052526721740698,0.0008224796855423138,0.02054796418595567,-0.01294759443040914,-0.04940620766686442,0.09885107939881053,0.08035498190970597,-0.02481415500149452,0.10287218422286228,0.017913665211736388,-0.06017426243314321
ANGPT1,0.02918268020454109,-0.009289208498885666,0.03645313538724159,-0.025919923183232448,0.050298149006174006,-0.010071302948163833,-0.034463737526308026,0.015966707479476063,-0.010029350582916124,0.020520395902401945,0.10559753021861046,0.03548496021771478,0.025479708103153465,-0.012760312008159549,0.007573243608449957,-0.07961747888854954,0.04450302483512065,0.05802993377684614,0.06581017828783194,0.013948639913135564,-0.017813429587008843,0.07303673723222334,0.06500986394784729,0.04700820346013781
PNOC,0.07274148473016218,0.05225401020549992,-0.02542544743536733,-0.05776682983525641,0.023902093183423657,0.01012397020685443,0.0015729865835481071,-0.01774023247117337,-0.034209401001457806,-0.016607781302728875,0.0012138060553376464,-0.015327099003576016,0.01688485266639337,,,,,,0.013684801121165026,,0.037290275185853275,0.046112107411399844,0.026688470845471136,0.02933311594526286
L1CAM,0.00841956627421831,-0.020942484988618358,0.00923194032745697,0.07836228782286107,-0.02096535825869953,-0.023834208012665684,0.004308698349000365,-0.029901405958588038,-0.02334297456532335,-0.010610919609599753,-0.02316530515634496,0.013269990289185225,-0.019787342724265012,-0.0438325059881535,0.1496580592313425,0.025823787971070062,-0.04967562609454594,0.063536991068096,-0.0157590974028893,0.0005660565062559536,0.05108885995170371,0.11209132304396803,0.005746308214766756,0.04584415629245281
APOA1,0.02874943210496751,0.006412813660762495,0.050398879161414716,-0.031368513341950066,-0.025251129617352663,-0.034543983071542654,0.040506517518387394,0.03095994795359938,0.013162150184725482,-0.021030032513142498,-0.03947385700861901,0.004563927605840726,-0.008674997956244724,0.009943279904026115,0.10051699877253077,-0.04884857513466056,0.07276487558776057,-0.002446867222782442,-0.04172501583031348,-0.033319952184268184,0.06818282862146492,0.030290413211075656,-0.007624112132165284,-0.030864746174523457
PSEN1,-0.03615670462650198,0.024506973260624634,0.03367777564185876,0.04513221487127002,0.01538709728373227,0.06081572852545269,0.003515618967602752,0.03421881282564925,0.025122139380986792,0.0008543361151178435,0.0029595375755071705,0.027380037251685516,0.0638863358861032,0.046784906446013026,-0.0028760246152453018,-0.004442827350233709,0.03174242012651494,0.037573363739125905,-0.01528027725192089,-0.04777183632299946,0.019227423851562415,0.008478772898868859,0.004528610656620629,-0.02349454936262696
CALM2,-0.030751068038104592,-0.04288210762549811,0.0012516471515617545,-0.03811064029145322,-0.03767324952675602,0.060938977475080675,-0.06531282057295977,-0.05846619620530251,-0.04809493808230106,-0.0319723683071332,-0.019477079015675244,0.03958643979267182,-0.022520890640293233,-0.00234599911934139,0.003983471136754577,-0.11079090245628057,0.01399462974994396,0.08664642321447089,0.0021844255375071883,-0.05111106991874429,0.0458974777850055,0.07735267203403404,0.0011482938043611412,-0.047563922346574423
CLEC2B,-0.016971060399523716,0.0649180570324688,0.054468259000937116,0.04340689123737365,0.006633983445150235,-0.0390609322882368,0.032356462265983,0.06482657920937213,0.03478367004899723,0.018415203961987234,-0.044489801957805226,0.013421075471235276,-0.01253334405294302,0.0007151005946214704,0.05390487431969661,-0.014498750456069924,0.012345097424881985,-0.005561822367346627,-0.0076468796398775655,-0.016967034536370117,-0.08610106340913341,0.0608085399452376,-0.035007887944151855,0.0592779263081234
NTNG1,-0.02056619532491595,0.062191299448514634,0.004375742444310783,,0.02444871619761645,-0.00572587849498693,0.07738280073580212,0.015867081796017497,0.01481445979681801,-0.03345195051435077,0.01355878427321624,0.07225379977377862,0.04035737617085675,0.010498622497194812,-0.061227190241387605,0.06355684135010146,-0.035394007267617135,0.11497411830813194,0.06049683896348367,0.05499173153927433,0.013518877914940082,0.08220359432018293,-0.014892490295227195,0.052949434508499
LRIG1,0.11343685584174515,-0.0672030556641978,0.014359665584735172,-0.018194766711314193,-0.01866989220841622,0.0773738735321357,-0.016751263649940586,0.02066489531514341,-0.018272426934060806,0.011876201893237424,0.0459846391998796,-0.03967941432280274,-0.010227814691288374,0.049184495843742314,0.01255692793466118,-0.03538014169619915,0.03696758131668714,0.08540481099804463,0.09837247823985346,0.05145764265240174,0.007811344630200875,0.037788039369295874,0.06813809859340367,-0.001531696227301377
CPAMD8,-0.015602694886295626,,-0.032998474260202804,,-0.019178651283508253,0.029804148824942922,0.05856290932213542,-0.01649160473131897,-0.01961399628783069,-0.02405138119202787,0.06618173086571441,,0.033251344897278934,0.019164648233237016,,0.15696683302487355,-0.012723842441172646,,-0.0074015035744656585,-0.012463923479053143,,-0.048581777929247276,-0.029217583024724346,0.03979521978601423
GHRL,-0.024892978001775447,,-0.019838766085517667,,0.08869603315207766,0.028884842096005087,0.046739408717847326,-0.012359506954689186,0.025685245964314575,-0.011850579934955497,-0.016518913632781414,,-0.027388012782626845,0.0893507956328482,0.088460629284834,0.04648659744448308,0.07101475158321352,,,0.0061911202545570304,0.07579951098484021,0.05590554583748429,0.056998977598266776,
NPY,-0.02288976234256903,-0.05575714931077869,0.015125523632096264,-0.02039870276071183,-0.03148674981017631,0.0047580906391689335,-0.03779777788969141,-0.03290178385649786,0.056322662774957954,-0.011651846925532984,0.016429365432118356,,-0.05355260182050425,-0.03521053757315052,0.03151057863198593,,-0.023548277663308366,0.01651156404649407,-0.0019962363969076064,0.053089245223141235,0.005869472555213435,-0.051482364011405934,-0.029009568990272933,0.07792332372634117
MMP2,-0.0434961754427255,-0.027311960043383814,0.049472074446134114,0.01625204021614172,-0.00622838461695292,0.00030138601300414226,0.0893818668137756,0.0616587342054427,-0.005544104012437383,0.0009680441094153879,-0.0318165598239367,-0.026367005166003862,0.004740402492416115,0.07533272451711763,0.07544541904491259,-0.03671308255588744,0.04224685171798842,0.030257413780280816,0.016728229301587842,0.04006610527840829,-0.06019254838595732,0.0051298764799360165,-0.0034074483789024775,0.051782400495646995
LHB,,,,,-0.016703156891160833,,,,,,,,,,,,,,,,,,,
PPY,,,-0.003262871177603871,,0.013420775452884937,,,,0.004533354484629749,,,-0.014176883107408148,,,,,,0.05996157107830958,0.013318890595817642,,-0.021302345751799165,0.0005549306334996021,-0.02380140726137562,
ALKAL2,-0.023365163982991825,0.09063560465766238,-0.007315735262912996,,0.05631544078229302,,0.01564987194529846,-0.018698736817679057,-0.0014485023302517035,-0.031509313255879495,-0.04854722242746591,-0.013206860111495251,0.0057253268299267595,0.13394325432897983,0.04247887143623494,,0.045655987110998913,0.019485657987590315,-0.061550446268985405,-0.05793876617812148,0.02844712967438397,0.01553081271401115,-0.01979185351628838,0.02689758084354403
CSF1,-0.012257883176708216,0.08868807207198716,-0.003746197054766323,0.07579885993693665,-0.000469135411685701,-0.04419569379539905,0.06361118538686379,0.02580632370526754,-0.02964874833791023,-0.02079334003533255,-0.037231740204298674,-0.012005359709104648,0.032954115999646254,0.042892500791490984,-0.05217404452350002,-0.04445704172208381,0.01624207440910357,0.05799546717393268,0.022969516103511594,0.060146788073405816,-0.004559028415398968,0.019594758174933568,0.04464639478192311,-0.010519694269606278
SEMA4C,-0.012710062307967115,0.019058878400361808,0.0729866628868159,0.026558229988112705,0.05228745076032698,0.013713320667877574,-0.0182810777900101,-0.01609478066289434,0.019159867417542848,-0.003973741004618723,0.029619353594348655,0.0039646922762299665,0.06685594346720375,0.09138768659007489,0.009660576588732248,-0.08631831690980117,0.11434499095100172,0.008466388360800587,-0.016611987245129113,0.061578120077439895,-0.016623938748745102,0.03919247478962147,0.03235123762671483,0.02223849567630064
BMP8A,,,,,,,,,,,,,,,,,,,,,,-0.041615225079522034,,
ICAM2,0.020475452281165582,-0.02389627239791669,0.038402169501084514,0.006259468871597924,0.02209528234894914,0.016004804283042986,-0.0012076552134280165,0.09565894303949907,-0.03353572954532157,0.031173274647376775,0.04385805481461537,-0.012071025597557664,-0.016904513730308848,0.09762326677492833,-0.004164869720817255,-0.011079307101207275,0.011936671739784329,0.010150348966168043,-0.004948567639427649,0.011451289700018586,-0.03294771000848432,0.04726855181425196,0.012187175647186329,-0.07402642658538972
SYTL3,-0.020903590700928273,0.021081307320127068,0.009223010546410794,-0.021934332545473754,0.06021629390064583,0.05762330431882762,0.04071205932088364,0.0806300537800408,0.04021923642987634,0.015206044710449866,0.06557771399731191,-0.047627154036545535,-0.014459842344056553,-0.0060615954354653915,0.05210522478212299,0.06674351337719671,0.047862515567941556,0.002261993323810774,0.015347509287777337,0.06269540752035706,0.03946343154493643,-0.008390717462674288,0.008491975938033785,
IL1A,-0.01813008069578562,0.006086951210904278,-0.016366619145732123,0.010266581581808045,0.0006657888601028553,0.060512233894884866,0.024145492541596925,0.034837018589756893,0.056267097213787504,0.0017129284189160785,-0.036534705235563646,,-0.024117079467872258,-0.029372025169413448,0.0004467268098021451,0.06126193534780157,0.004970411509998591,-0.05440178187264337,-0.005320304715634443,-0.055246247946160974,0.011337758774211218,0.06933098504485258,-0.002209934931875418,0.0031421177954473857
HLA-G,,0.0672842785042042,-0.025273349511452815,,-0.017641765935280666,,-0.015447536270672937,,,,,,,,0.007905262960525,0.0024135778056294595,,0.037583990956770216,-0.0032093296220372844,,0.004770193987146068,,,
PGF,0.03111315415116705,0.018574019273983985,0.04366056985832144,0.06964860528186113,0.004402371652964253,0.0033454258081530865,0.05289327019686632,0.058004374717549656,-0.024582653651476327,0.07392206713800434,0.034417813609729064,0.0029741305460182386,0.027175551204193803,0.022375021812287784,-0.021486095049184684,0.017221929528218487,-0.04503937717477936,0.06105718152151162,0.02432561996537807,-0.00830924651784022,-0.04647049693174353,4.72626105757701e-05,-0.00794953219957128,0.08225306419025305
LGALS8,0.03835397355356807,-0.012546507659115155,0.023128240230462862,-0.060582335112940595,-0.014276635813123382,-0.025405196603192882,-0.004227315611628844,0.06952174532874689,-0.024123474279549622,0.010535968549511237,-0.06047695651156996,0.03926880790933378,-0.011968890517367603,0.02435877404697702,0.01111903257623692,-0.011222964842425033,0.10529210814499813,0.05990204585961411,0.026459901001600977,0.048429734701250046,0.052781105310005745,0.023399073625512034,0.0500918885750674,0.07117906911829092
DKK3,-0.05422716289832936,0.0008033778394172713,0.05827238605689118,0.012084460427957808,0.00012240208218405595,-0.00678407851179554,-0.09113680805214279,-0.0524324289729953,-0.04373417723296426,-0.0697641096661849,-0.027992639532007955,0.011267071599880963,-0.06154552150260885,0.004702035961894644,-0.05684105687549685,0.05411971316219857,0.04665898323551407,0.0931166462800844,0.026417669453884546,0.03439125963438524,-0.004464687329188604,0.08092126655607766,-0.027783593250794346,0.04237444129552789
COL16A1,0.04399867245821472,-0.08773964240318498,0.030569851882405817,-0.013716700069091517,0.038224185799179806,0.03271791010637703,0.012212098500434638,0.00642905277103186,0.00605884683774825,0.0003801124170076355,0.02700967446542015,-0.012140749414308928,0.005811818072571836,0.07691362507932709,-0.04335293473878656,0.09202861196787337,0.010862659758233941,0.03130176265559033,0.07712370974291598,0.04421313118950978,0.008637255391809451,0.08358895507907431,0.032842854355678776,0.024893136795920267
TPH1,-0.02906700433025283,-0.029719775929206948,0.01801569989976086,0.09465220747682639,-0.022463687950115368,0.07571859509283355,-0.016368818846747964,0.01903385436905816,-0.016657115750428282,,,,-0.02582545679195736,,-0.016277304340008073,0.1942454801301503,,0.014400737513629316,0.06193840368415859,-0.026894830284839178,0.03201893023331834,0.07059455021125675,-0.006436060218936224,-0.029516855780324768
TNC,0.13031066127017474,0.05495258653352993,-0.07737236171517693,0.11715880279302812,0.010820792984602746,-0.03505522305053409,0.07647229197339181,0.030385437392449907,0.031891666541771536,0.003383619764157957,0.023557882175814067,-0.025459707170529623,0.04022586689031128,0.04737403055861134,0.04726635809264271,-0.06933321816579045,0.06787512968252472,-0.006014481400367192,-0.09602905627757541,0.07686281990981582,-0.05156867543635894,-0.015532489374695034,0.06043566555670533,0.044014948472939644
TNFSF9,0.10273731457229171,0.0008516328996585784,0.02168780407846315,0.015122876670971662,0.03102412830311972,0.014470947433860874,-0.003471287987668387,0.05869364059463608,-0.006333761635315526,0.08387591263088388,0.007277318706275609,-0.021487077004133874,0.005677306534039175,,,0.17540758978200952,0.08200013179590199,-0.01186015500740787,0.03138066200639877,-0.041223252834826016,-0.032796339047736996,0.004420356930021217,0.02621717453583798,0.015570179308373792
C4A,,,,,0.010565714217847997,,,,0.06527794280565802,,-0.017824410231596387,-0.016811984717304163,-0.022701557575219883,,-0.005892321075084699,,,0.04685475693784855,,0.03792551475696227,0.09941871021102962,-0.015712093489147903,,
CNTN2,-0.05751209087874922,-0.045331789346649914,0.011344272744585984,-0.004008272281408679,0.0056005769849297084,0.055362445838021225,0.005273476268060322,4.223298099945067e-05,0.027249313587607914,-0.017975761054078585,-0.002913387577438889,-0.01780120967297809,-0.032028121815964164,-0.06996003335515733,0.02457145406878042,-0.027507400309757027,0.021481737208304773,0.02672856548090612,0.06187975122466459,-0.09650931680923419,0.04909401122776232,-0.07580750645524426,-0.004212566101715153,0.006937421749241923
F7,,,-0.018103807809105872,,,,-0.014216365877973109,0.03162865298880179,,,,0.03470571205617107,,,,,,0.04281199180130422,,,-0.02122127671011744,,-0.03611458372646056,
LUM,0.07566045433482355,0.00335523372218657,0.03906442254732321,0.03828893545520568,-0.019421494077811297,0.07068594497205459,0.03875725192682849,0.060376780361605854,-7.679242594710301e-05,0.002870985229239915,0.021032915539974953,-0.03864819961323005,-0.04219558470418132,0.03862195239023689,-0.010007062914340023,0.026514200820162474,0.07983673290562858,0.05604821541101119,0.026543023961231746,0.011045689534191922,-0.04506188987351843,-0.04078717647108332,0.049803888316814066,
IZUMO1,0.015715976195237045,,,,,,,,,,,,,,,,,,,,,,,
BTC,,,0.1323263991220347,,0.01577553445728044,0.10406152484699999,,,,0.034324478928251835,0.027079645494339052,,,,,0.12240085847251266,,0.05619244873447581,0.009010919619598136,0.057663664194895076,0.03493804539449966,0.06385239873900078,0.08014226630750096,
APOC1,-0.07306364691704233,0.040216979738698616,-0.0280249860039032,-0.11470164115796531,0.015136088331127836,-0.006334083232367524,0.032265646939200365,0.0797781796108879,-0.02679569797875067,0.01686813235868521,0.03553420582928783,-0.006790042938265876,-0.03964912304631142,0.03416404891599516,-0.06034322855609279,-0.005969258164061368,0.0337055025890831,0.022138204804061923,-0.00985125839418387,0.025752399154629638,0.03984976632910077,0.06011783243655441,0.007316091262588374,0.08809116216542026
PKM,0.09930623029275203,-0.010817711318275776,-0.05723715929136525,0.13101747987860973,-0.07268879485329015,-0.10382997220999234,0.006737876603506784,0.028374307654632183,-0.037178143331551505,-0.006596654757434134,-0.027010133206393668,0.0037732062271393307,0.08211460484673982,0.10346477163594116,0.0055318096165343595,0.01074023215503635,-0.008634061557090858,-0.03151899059435768,-0.026949368720128,0.049094427744713676,-0.10861634560471548,0.008287015224987827,0.05854255040318906,0.0506447131971402
TNF,,0.04861723608872842,0.03506414867860681,,0.03591658743091553,0.0005838181061724502,0.05025015112748016,-0.024203462216518444,-0.03876830807884252,0.016346551651342408,-0.009255110691799065,-0.02181834478605259,-0.033707300172616715,-0.009948114691123423,0.09651203292362177,0.08044023471254944,-0.05077968628545336,-0.0011428812113143385,-0.024966858462648463,,,0.1428204538141089,0.04549948115595082,-0.02684292656729672
GNAS,0.026658133757987815,-0.04022625103285036,0.006670861839790729,0.01210204484590114,-0.0009652802443848934,0.03389140420711604,-0.035359706369035404,-0.043279764822301725,-0.03264860430052402,-0.022243706577651186,-0.03571058915808225,-0.025026850992998277,0.10124409168657358,0.11580172946779942,-0.027737364261646094,-0.05568627714139667,-0.012605861820164222,-0.07612684627253515,0.018292300501706375,0.02189232632616823,0.07660604719734103,0.0680292731689546,-0.035549278853032745,-0.0635989149501453
BMP8B,0.03000432166098703,0.030474990171108086,-0.03562813724919794,-0.007643693914591622,-0.025576016313325466,0.05331222391073174,0.05890529413121388,-0.02145143261710864,0.05080256622604459,0.0854827154123072,-0.0571220587058368,0.07200824410509787,0.022612350948968508,-0.023547046193722814,-0.025113078439921756,0.04284288651345212,-0.03765953276718708,0.030938051202309056,0.01887162176038481,-0.0027412170467017555,-0.007480104789316955,0.008313653815112234,0.05352400051219866,0.1616019296005029
LIPH,,0.0069413771167812915,-0.018557052557838655,-0.02173797031845072,-0.0019975762071127103,,,,-0.013701000963760602,,,,,,0.11403066475299266,,,0.05913047673676078,0.03083781591043828,,0.013578795733899134,-0.00028809814931932305,-0.022622541852674788,
CCL28,,-0.022315190218012256,-0.026102802787568193,,,,0.07157442541292439,,-0.021097287528822957,-0.013606580239036698,0.051185728808756645,,-0.0204807090976667,,-0.039267295205203265,,,,,0.003966298612775553,,-0.03231431225965102,-0.030300798888600582,
PTPN11,0.05730625158050831,-0.009443228468287533,-0.039104546668275314,0.03572271115257736,-0.07011211730559509,-0.03533538260923529,0.020899412243486577,0.04468542302003555,-0.02005640017976775,-0.030370729579303264,0.003910997820058308,0.046329554078746636,0.0052264218758784784,0.047683382751187484,-0.09121234790357902,0.032743827263268556,-0.01610432073410674,-0.04709916849587228,-0.039177412291905724,-0.05753173801796833,-0.032965503472929356,0.019794167740429854,-0.054615765398257715,0.01478813106275436
ADAM12,0.03750446855676471,0.06594625773755661,0.0011911300651976696,0.08889787133469833,-0.04129879782432246,0.011806804112132965,0.05975083017807588,0.03378260204021024,-0.014433113390802237,-0.013149913941991918,-0.038024359640393045,-0.033901226282044956,0.029649557439734627,0.05961959695119347,-0.003596044044644577,-0.02965284680304616,0.04438222842029785,0.02901988399283667,-0.007673884989740465,0.040157378812287294,-0.08212934190305073,-0.020716051508582304,-0.02205875854007061,
EPO,,-0.04304666443751349,-0.024934645074109387,,-0.025576017029480855,-0.02742183977092154,,,-0.014334640936520296,,,-0.013935991803971046,0.0007361382125028901,,,-0.018224330505914554,-0.04144439981107985,-0.02338599528488136,0.04389108522785434,,-0.020303076037739266,0.02707011899718005,,
EDN3,-0.02191213393787227,-0.030797525009320106,0.053616613995021,0.056747946841681524,-0.03183858624103698,0.010625189588379583,-0.0018046164222903244,0.2100542582146333,-0.022217986469448017,-0.00908364194086926,-0.02652549467581861,,-0.0260919409036257,,,,-0.03175853246714692,0.08450898685308574,0.046970351794921296,0.0433058235710171,-0.030914037444538713,0.13728676149000252,-0.022410737390278827,0.25718062324408125
CCL22,,,,,,,,,0.06676235179238658,,,,,,,,,-0.00966409992467451,-0.010255308140447532,0.014489893343887505,-0.01781506537565721,0.009663089268269,,
CCL2,0.01701128707447356,-0.009283385682359941,-0.016853947038307445,0.09795590204894422,0.04235267001656839,-0.03541611973932546,0.005157438504787415,0.01704074339815898,0.03975804091371031,0.03626409035989682,0.02250750710739095,-0.08063362973416678,0.0034362675431732974,-0.042842875032741236,0.027124861632966967,-0.04056334347480637,0.060881613908110685,0.0015814691574621736,-0.028221910272275493,0.00296291980345665,-0.020317540196650982,-0.0687683722613483,0.06745278963563386,-0.08939691447153023
DSCAM,-0.07216778351936917,0.053061228603642284,0.04959236182104356,-0.008859713985898347,0.002674747262090141,-0.04310150556198015,0.05649390783859252,0.011820483702320762,-0.012885899732865164,0.031168188119059213,-0.044349714864195346,-0.020502975911443237,-0.02578061510584621,0.09055664994016034,-0.011602000853067045,-0.006053106727275264,0.08919860852576617,0.012895952894514643,0.07608324155338883,-0.08601509862481717,0.06155131189605948,0.033918326637251264,-0.017653874502651178,-0.054949383541609935
GPHA2,,,0.011827217351496012,,,,,,,,,,,,,,,,,,,,,
ANG,-0.0028170770190700726,0.05229446673730015,-0.008190071400908541,0.03128173787880655,0.025671599004449343,-0.016893833712221955,-0.010397958705428584,0.02369589648360725,0.0025635588107205884,0.01199794288802418,-0.035348766731323714,0.04049249486827549,0.0460291416887186,0.02294057647869128,0.06829218982919803,-0.028086151575375688,-0.03176819532630679,-0.007178956391041795,0.01798127037605089,-0.02303512821010165,0.017475314172626988,0.05574722405023251,-0.002630616552727275,
FBLN2,0.02377394695061632,-0.01684006036974859,0.030346492410068166,-0.029807809161797254,-0.022770456491779965,0.005856214280433169,0.002011619916937882,-0.003379609001081052,0.047357539699186664,0.03008894588702648,0.022718848933825777,0.019062866132502475,0.024504989025779297,0.04046278677983344,-0.05129051479133386,,-0.05718586979028299,0.09812602697763916,0.04755118956369265,0.09096924420027434,-0.005862601342446293,-0.011114936469982468,0.05173381331161736,-0.03019760340805318
VTN,,0.011559681811887195,0.0032381792781418298,-0.025361371553794605,-0.03288702367957661,-0.027647048824450824,-0.016368813494129438,0.13189285350891383,0.0008195294074435975,0.16958782964831526,,,-0.021459402885724205,0.06230205723261529,-0.03748682804809552,-0.06423439553137957,,-0.026731792992422832,0.05944515696205349,,-0.02628974316300553,-0.03134199951249858,-0.010966400024123338,
VEGFA,0.053131049732597205,0.011202971832144401,-0.07725307670332587,0.004506318753907572,-0.03200777156262372,-0.12509733808501064,0.1397812269028249,0.018699438579685895,0.03956275040918899,0.01881390452374174,-0.02558223797157108,0.02970489267696484,0.07907839409558833,0.1123871131741769,0.013010164644482815,0.013212815447620341,0.02476728583490739,-0.08997811409621866,-0.02968876174574201,-0.017750703889188847,-0.08362834249530705,-0.047307293145516044,0.02796332430347179,0.05221259027676216
F10,,,,,,0.0303273647640116,-0.028464994781936575,0.02966837302494028,-0.015717623965710033,-0.00838248124421331,-0.001643858658271538,0.04292127724329513,,-0.02773836847553743,,0.01956915743339381,,,-0.009103752219703744,0.028710234749933474,-0.013007806856643272,-0.06066872925425131,0.0034159101439506126,
SERPINA1,0.035386555047816584,0.08881647479263796,0.012627743302948453,-0.03972962842975891,-0.0261821293583644,0.012847857283698888,0.04206861113095004,0.02536902338034898,-0.00014619364484645206,-0.02028036000378986,0.03828552955411196,-0.07428050453045033,-0.004788370486244449,0.044363022908848776,0.05537039289307387,-0.05172925745482588,-0.007809239210582339,0.024732634342989043,-0.0661158420918751,0.0428793643008171,-0.03919960639451114,0.02665315438419772,0.010935919197313097,0.006988401832101085
VWF,0.05497254477567051,-0.006495121547350293,0.025428876785978098,-0.03999563484494698,-0.01881096220945752,0.03452059422219161,0.0005622675616962906,0.0679060010181062,-0.04036155183515476,0.019631678528906033,-0.04994130100233703,0.06932123125402849,-0.036999608354903304,0.06609887401780949,0.07781066867670379,-0.03191851512901174,0.06301827742517326,0.04829785986648456,0.023226376014268916,0.07999348773454552,-0.04125539551256669,-0.058855728970186476,-0.02197226268748099,-0.04197964019328179
GDNF,,,-0.005155014940790946,0.16677143329786828,0.0351605837231603,,0.03353603530404124,,,,,0.05736419644620618,-0.02582545857330912,,,0.02946360622922217,-0.03539399738464125,-0.005886001135876588,-0.02983466246971957,,-0.02843046836783989,,,0.04079758818005112
VASP,-0.05658197409756335,0.05389038305210368,0.018039084864462318,0.013727990521182381,-0.03314602111220556,-0.058759479743175615,0.07571902705878394,0.049406605825511575,-0.005329504845421019,-0.00013222613613581694,0.08974203496283446,-0.017986855181530776,0.051422657880885965,0.10466963998089687,-0.07437806303175348,0.02069770625380054,0.060915492478738315,0.022949960739496067,0.012203464381241274,0.04154290654138817,-0.08030775769347939,-0.027246254165172998,0.0238734418457724,-0.010041180541546664
ADAM15,-0.011298750597630178,0.003116685556166573,0.03489060931151307,-0.03640895142731079,0.00294110502372388,0.010573014999955884,0.04458355914621181,0.029973955998011212,0.0321510148764905,0.0035160515321225497,-0.028965842642996453,0.054196603004252844,0.0289846475931766,-0.04321431412533203,-0.0645861402085247,-0.010288309725509063,0.042117684787049685,0.06207973770532737,0.023070994606869576,-0.04600203730362769,-0.0025761043996243823,0.04278219697544319,0.09659737147795347,-0.013968413073583414
WNT2,,-0.02594769638731159,-0.021723098751314264,0.013434222643048714,,0.044305231916640084,0.0675934257470418,-0.03205215583811655,,-0.01543768574905286,-0.025075961339184445,,-0.0241688002822007,,-0.024319308731574726,,,0.0003600684768676098,-0.0017659558736400143,,0.03672662586942923,0.053915805204045965,0.06746599920074811,
CALCB,,-0.027158235269545306,,-0.025129107067890084,,-0.03339478369746314,-0.016591543577574783,0.06842680679346419,,,0.045580347252648826,,,,,,,0.1112739319657524,0.03952316450512337,,0.01819514991576466,,-0.03165414927784256,
OLFM2,0.015818165703271214,-0.007151402709717559,-0.01109193342970771,0.05791369288006068,-0.012564723658795383,0.01737641516050811,0.005103216723838112,-0.05279063454860032,-0.027401017190657382,0.027258044906695908,7.694716741449471e-05,0.03557452148821761,0.011120655065338858,-0.08634758522423772,-0.04952857558350407,0.005350254365736743,0.0850711190311089,0.024089762984730898,0.056554126440386675,0.02683762817330494,0.02018094060051928,0.11750241467576607,0.12389991034595207,0.04908523766188066
MFAP2,0.05046003693589722,0.03264649973422218,-0.0023213992850073207,,-0.0036997934447583437,0.017142786999792263,0.06420427556640382,0.14033279061057147,0.09344691126634015,-0.03271251499795337,-0.01951587653321812,-0.0038278614369578116,0.005357084607065287,0.07122751352243928,0.07367856763087788,-0.040986446369739256,0.006391113408323449,0.0031683019893143753,0.01800641289386018,0.0560809749872461,-0.018605030247222428,-0.009211383452422076,0.03490703924772097,
HLA-C,0.051212388971880136,0.027915037866465348,-0.007571404014475523,-0.020533157466861404,-0.0025606361177726426,-0.06756628448873347,0.004042622616480072,0.07341340304404141,0.027960932279185634,0.010889771265515739,-0.05405302473102403,0.03524154782463765,0.01912973947148564,-0.0565121825808004,0.06488220251841206,-0.016608227555960507,0.04444310466902067,0.008274214991599735,-0.010262119993575795,0.01097367681603932,0.03176060935222689,0.023990463514760387,-0.055327864372648625,-0.0175931076839225
THBS1,0.008350704560541124,0.006135446980427368,0.06396134062240003,0.08225359115390846,-0.006503347590823378,0.009750771961688064,0.07249457750297222,0.05783602933149413,0.0028666814694805515,0.021357706303209677,-0.000852329491024494,-0.02220013696866299,0.004888318916283155,0.02838312758710877,0.018667583824306618,0.022091051337501128,0.02915339148122051,0.017565090109889995,0.008685485377521769,0.05362711721277509,0.001916561917692016,-0.10162459310762814,0.05853314377748296,0.0967373641781694
HSPA4,0.004122930109846553,0.02414561857914582,0.029315256464122166,-0.02316994371818296,-0.0010006753025250301,-0.006070471338324631,0.005631338933412044,0.004578023326653945,-0.02904367092667049,-0.04450209471216624,0.05409584547398279,-0.02353333807135961,0.06010784590574464,-0.042545004415134736,0.051892405821794295,0.050941634591622834,0.07618178119567917,-0.017295192554652897,-0.02155072849962437,-0.012210136384163118,0.0036205071434459286,-0.004866491270120393,-0.018974764847302678,-0.04039978352944587
LMAN1,0.016193538426633812,-0.03719419176001701,-0.06746377773520505,-0.04251175145247208,-0.0249876477625096,-0.07932000749225647,0.04806356839441179,0.032502930861892564,0.0005947340385575107,-0.04060488453256853,0.02637615154558365,0.022094443341029408,0.0275663711183692,0.05778405414026748,-0.06287988928080429,-0.027923792173291842,0.05947146236369917,-0.006345056268656795,-0.037951527768261925,0.022660180356160305,-0.013394778816486215,-0.0482276448628045,-0.0041961741949302685,-0.05692913377947741
LYPD3,,,0.03392250863211036,-0.0298078363764377,-0.01875179091926082,-0.0001484403709111213,0.03370300619187738,0.1766897259669352,-0.020069650315882263,-0.0019041147397024158,0.05960895911506643,0.007336011137260935,,0.011949718079803575,0.00022290223086934068,-0.052488550300252616,0.015924263067515,0.029615656879391092,0.02457960537064251,,-0.03233636436121514,0.0030261255056555445,0.04783298053614604,
APOE,-0.029455572332130413,-0.007887247606717867,-0.037222816289241165,-0.07474568996729694,-0.02187183930039984,-0.027409573142970482,-0.028678819259514488,0.009300723227893484,0.013099669955881759,-0.024563681509924593,0.05269572196530972,-0.02140083651765697,-0.05635190082374846,-0.04284519411351582,-0.04532380118027473,-0.019486912433449452,-0.06934005099898134,0.060455563821986205,-0.026142455587415663,0.04788569599855736,-0.00559661047393988,0.046269975974464306,-0.014893359817758006,0.07535219762578674
SOSTDC1,-0.015602693590368616,-0.014540495513313585,-0.006629797056021154,,,0.009756918091370989,-0.019151953437905846,0.06706842326860357,-0.026318774268828657,-0.0071438266790922085,-0.05294212122884932,,0.006202877847520115,,,,,0.038223548498797257,0.015795459020652415,,0.07541009681577714,0.003088520566423001,-0.028141568823612358,0.008185684656897667
ANXA1,-0.00017320076778713946,0.025187030551576617,-0.013452263662162806,0.06083169607452088,0.028722355923385026,-0.02246112696725295,0.07046775895296221,0.08620630605386848,-0.006270778299612539,-0.0268790929435274,0.010339314538743075,0.013723366399898015,0.00981895175108084,0.0017542371288307504,0.036483631190257916,0.009818154653348798,0.08300242784868456,-0.06334664214749458,-0.024146390128164726,0.06030439917674453,-0.07439805626646373,-0.007167187364957023,0.11299454234305731,0.08595875949351403
WNT2B,-0.03478891100624393,0.0584213621197624,-0.01567756670340419,-0.029807841892927962,0.016382574891759982,0.030016540400552467,0.00953608970495995,0.042283542874982365,0.0017271037496797185,0.018306389155081027,0.03149241236630026,-0.023963745921475627,0.007114723460835145,0.066196794168325,-0.03008130068719438,-0.03762930096242907,-0.04601754144691061,-0.015556624663200003,0.008256740822232782,-0.03384799235503964,-0.01889324093015222,0.138835852612393,-0.07530987901777883,-0.051144274870039225
AMH,,-0.055196001506801505,0.005603107259163329,0.004920186200051592,-0.026056417091661843,-0.012233766361878153,0.0738146850291245,0.006351289837864736,0.07391394566227515,0.021745330968405474,,-0.034213581479066495,-0.010579302751983653,,,0.0962411767606675,-0.003136220593935857,0.05859010890000222,0.0010630793419998705,0.036684789098369405,-0.005457105649419578,0.06294671238804024,0.010892677703010462,
GDF10,,-0.025322885449300926,-0.02147783496034447,,,0.04349858336693063,0.007932107625665713,-0.02937502998966568,0.009981392382337253,-0.031581039618783086,-0.0280375318372812,,0.007219969928806547,0.07941590123762558,-0.025352580330789628,0.002573620383616294,,0.039040581026467666,0.04013340720096835,-0.03903391808641249,-0.043940015737360505,-0.053529373362417455,0.01245519463485983,-0.052439230832605314
EFNB3,0.11309651401469487,0.031988303273456024,-0.019018213714311494,-0.06208150022804535,0.03916521068729865,-0.007941587805084032,0.0016475704831468052,0.02520585681900824,0.0016502766460258656,-0.00933643856189574,-0.04190806526334262,0.057394719529045984,0.021854616532763223,0.038362693518907816,-0.038756497047123445,0.035756769546560416,0.12831703434529107,0.052786386254182784,0.05699527465016919,0.04515864231451533,0.008393252894014415,0.09456104846584716,-0.03794885044421551,0.03686122344496844
LTB,-0.04303453249066874,0.00688625049030007,-0.026514138395857575,,0.0019980122711336316,-0.039379415325805134,-0.01702872259352007,-0.029833692960308265,0.019672559317631316,0.030581009073693204,-0.021298403656313938,-0.02755737741677805,0.03955661222151539,0.029631072926176998,0.016858374361101568,0.029766438815838837,-0.048089992676873416,0.04070043265086542,0.04792644406671155,-0.01351165984500417,-0.007174226990293954,0.025477819261681158,-0.005552759507264643,-0.03694763389349401
ANGPT2,0.07598649449104701,0.04344402387377809,0.059586318049418475,-0.06461450107187908,0.038175825020877935,0.008220313806777716,0.042568210435819535,0.09454400753082935,-0.007508824917489139,-0.028484587345412957,-0.027854097355716048,0.05365609916936791,0.015843526769213113,0.01059401931078687,0.01228197486904764,0.025417145948583436,0.06272987810959492,0.05121832223985167,0.0022009771290189286,0.031614383971859186,-0.05031462927262305,0.0009087438528157687,0.007862093077474581,0.03889872752437072
NRTN,,,,,,,,,,,,,,,,,-0.015125665846391842,,,0.07769066180028045,-0.018078432398244436,,,-0.04376737168294998
ADAM17,0.050941197703286235,-0.09352624660191003,-0.00811131986663174,0.01969450203868939,0.038714997276461896,0.008150968126409117,0.052174457084639095,0.06588681446024776,0.012805867349910098,0.02515003523271577,-0.02143987470593142,0.06286401535862643,0.04307487875431896,0.007163192011094771,0.03622387874075608,-0.010929203681972432,-0.019885268684384352,-0.04144515439814588,-0.016070558468870635,0.0010323105829563404,0.04972037280811795,-0.042896201073661815,0.029395293627198005,0.14234234320441846
LRPAP1,0.013125522714010717,-0.02464760103704491,0.023760253580075188,0.045337955308706546,0.030758600707452902,-0.0012736141133301991,-0.03755605429555027,0.0066303721365941135,-0.0028577252881970116,-0.026631181400088823,-0.058164741060316945,0.01578714890813694,0.01610629777393977,-0.007989090629297332,0.030834665119320485,-0.009033297633613286,-0.056522514537776555,0.07879223532181662,0.06635070668613642,0.022462468916917406,-0.027020317345403444,-0.020759450644045063,0.03394034759187313,0.09195583910201012
NID1,-0.027970980516428177,0.07145932709341987,0.021657332980501435,-0.03411766194692244,0.02916073487376819,0.00804585254358632,0.034437844736360614,0.08737033071341538,0.03492664153380313,-0.014739796017154671,-0.03945161485308944,0.018357071611376903,-0.003223247843451797,0.08316229197854692,-0.0020181214567421783,0.016309496887819165,-0.024390904474164952,0.0014436283381377762,-0.04364532590055284,0.05143961222820901,-0.05448837418594087,-0.05414651570356846,0.013791432265658727,0.00401146234981207
MST1,0.018390377500181968,0.04722687771785186,0.021975590117879105,-0.025246767662205388,-0.035162649987855614,-0.010332464380571884,0.12475552700364145,0.021334378824521365,0.024849803344415552,0.006267438614513915,-0.035842930788289484,0.01868331486926047,-0.023456775861100173,-0.045248532256883876,0.06152084203649007,0.014461849797896272,0.024747188047899493,0.005577760776703845,0.0314914511453151,-0.01980774591143195,-0.04914682703473262,0.05902919247559734,0.003229706737906687,0.14033307895215272
CCL14,,,,,,,,,,,,-0.021496330298048833,,,,,,,,,,,,
IL13,,,,,,,,-0.018465839006780647,,,,,0.09459693449259968,,-0.03868169741416261,,,,,,,,,
DCN,0.06526021083787716,-0.07270367201326582,0.0719814068123708,-0.029476550423719723,-0.026609266506022508,0.021252145407022853,-0.04360692594418945,0.07402463135721032,-0.016185726964211538,-0.002871620205693569,0.016129988631435468,-0.06657240602268176,0.03216022940221315,0.01725043014869029,-0.00997419815582275,-0.06565875445828902,-0.044348938279674795,0.030766780768211568,0.021243661195351114,0.1100248968956066,-0.04063057900440802,-0.08511128251222372,0.007946290539171234,0.043334687540016376
IGFL2,,,,,,,,,0.015256213451713605,,,,,,,,,,0.027144344485106754,,,0.015862614567148936,,-0.03637950383184924
COL7A1,-0.025189002404054476,0.07148277101895577,0.05256105251667743,0.010091397796589881,0.004468361989087728,0.010927085835459403,0.04960417763224605,0.07129616750585344,0.04063159043284632,0.013868142760764321,-0.038951115066148075,-0.026043981957324092,0.014950310836122794,0.0679066909476839,-0.03710074833958131,-0.004862010267387982,0.013215184183883918,0.02072539840892024,0.05175590709728246,-0.006243823514258614,-0.042257761031910944,0.041342051033925235,0.039448869585234095,-0.058603926946320765
CALR,-0.0057974805053554995,0.03253036032622173,-0.04415055972629207,-0.044651763273018744,0.029954013061489836,-0.002780299783927226,0.046847600175087885,0.04606327486635971,-0.0029439735792836912,0.05279693377818857,-0.03507287580976456,-0.027055538311996623,0.06940993504450428,0.07445953981537899,0.08558504600944185,-0.049896710938271686,0.029135831764086753,0.0002774127890613806,-0.07383078041068289,0.010919578047455475,-0.047577081976498785,-0.05718946384380423,0.02302538926031706,0.07077550267192892
PIGA,0.029529734554001763,0.03972887610449554,-0.0284835529859067,0.05754469574786424,0.006038833049232233,0.01344732693055299,0.003022648501932972,0.08060470971150747,0.03333632396785127,-0.006181043554032159,0.04615948573596092,0.03941468019267504,0.062374526262562235,0.04025239338191763,0.046271869766635304,0.027875333979253677,-0.05081407911068697,0.0619016829313377,-0.013338849614408566,-0.01919568362413661,-0.00694000730646346,0.07396194078216843,-0.0031073527797829434,-0.05950333264256478
CD200,0.007894033178970798,0.07640444177852124,0.01992711239521472,0.01150221247555222,-0.029121442847923326,0.011665657181560471,0.0004321310510843231,-0.04243994707998351,0.035599107381599764,-0.0015277525978817936,-0.005348818115511074,-0.0036225157471817845,-0.008141877286950379,0.031235547819828003,0.10179722350737654,0.0023230577043689407,0.050877492878997656,0.09151656117842225,0.024773602488515775,0.05890367549512589,0.019951166422645387,0.06955694878354961,-0.028168416667379927,0.037253306578410326
GRP,,,-0.024224165836178077,,,,-0.022147013438063693,,0.00552714201183026,-0.0033939643713451154,-0.018566705543743275,,-0.02609194483065743,0.026280930134994385,,,,,0.09285170150569455,-0.03112926432326915,0.055626796291138925,-0.03007953634285609,-0.018444164003758808,
CDH1,-0.010532947002560628,,0.041561531813996105,,-0.023006384738884497,,-0.025627717868081865,0.050680491709633596,0.020985363323438356,,0.025612564140259808,,-0.025447637473124406,0.07367200148908759,0.11546457601660726,0.02799610430927412,0.07330184001291795,0.031137816422392165,-0.005860470959382965,0.00989349027351744,-0.022429611265246497,0.10169782191809373,0.08201411279230617,-0.05286572690675528
LPL,0.08820293486845794,0.005345864056110752,0.04475050997325724,0.030975287252174976,0.03308233832347198,0.09440798311711521,0.056909636483753,0.07172748006380261,0.0034254856271701403,0.009909112152363331,-0.04815160194556599,-0.0383832749658723,0.0477163174020959,0.10890519170619666,-0.04064827781175041,0.0254512233492974,-0.022002524918858235,0.07680165982814194,0.07116963783182281,0.05212592528601781,-0.03242334221470562,0.04174174277663288,0.03317078769217774,0.05246425724888989
SEMA5A,0.05303106859610167,0.008391628907455885,0.011656443670130105,-0.0028454782705491406,0.007740098575759927,0.0847159532935054,0.06586993210565455,0.059787276784775814,-0.05522736707745547,0.08418493385508402,-0.0005160398156498869,0.03709972722593068,0.007992754396431339,0.009577308309976407,0.09053687896899269,0.05378262496946442,0.025001155614502692,0.011861159751395034,0.04510781498047121,-0.01637273479280884,-0.03378967990271913,0.06841625962512746,0.009246159579232348,-0.01176361110788371
SEMA7A,0.011974733348945273,-0.017919832852774886,0.03278445329446386,-0.06092359518404017,0.08414200994417352,0.046916400689128945,0.026989745696573954,0.03889658032304532,-0.015751873077645112,-0.037109309043413315,-0.03748484970795037,0.03419042945573725,0.008946121122597827,0.0037337462759324553,-0.030051702810172786,-0.052407571445528475,0.038448724751849635,0.025083147620547634,-0.01143937012250517,-0.027954241832866853,-0.018359440566118185,0.05201143052566876,-0.021089136052240814,0.04587224999730475
SEMA4G,0.10800926134133701,-0.019593486877104067,-0.016420663989912168,0.015635055039248027,-0.015347407742140185,0.04762692243640726,0.09165281918167123,0.017330464365423248,0.028995498408654577,-0.03340514744792134,-0.03735250635498204,0.008121362787353257,-0.00472802364203494,-0.0021052427046517152,-0.04583718755246294,0.01276907502981319,0.0149772805275434,0.05715874951760152,0.07233931673121081,0.0310748183908969,-0.007978498050944811,0.01724863646286175,-0.06063396829214605,-0.03750876738576235
SEMA3B,-0.026977366352440763,-0.011494006254306613,0.03133698491843055,0.06964722158128424,-0.0594095271253301,0.04730837445188597,0.05247616713022297,0.01438266834075764,0.029071905093794065,-0.025103654882695888,0.011985893713164796,-0.04841035711537757,-0.010110063795060353,0.002278674653889125,0.07230775591245621,0.11383665945653147,-0.06110780227051148,0.08566361524648078,0.021151166463362802,-0.009520395164421063,-0.04202889412351922,0.05429283941416923,0.07864704915360717,-0.05883819257843178
RPH3A,0.07847377968431654,0.004195074709777019,0.0236894980112657,-0.042472764946919934,-0.04139298639169253,-0.01400171000610851,0.02695447863894675,0.02076772207880973,-0.0012898351443474138,0.006154094961887088,0.008603410973966325,,-0.00874521213009497,0.052498515862460404,0.011566205401488573,,-0.02380886138160709,0.10984142769253472,0.07109873708633997,-0.058510192846106396,-0.011632629837646187,0.023134024920896803,-0.019876672584001862,0.04578335679953448
JAG2,0.016432470898227577,0.005412797345848644,0.10656144564156693,-0.013534101103066321,-0.005784964526819699,-0.002619868362543178,0.012142568964238133,0.08605575138864491,0.009668401257247827,-0.011269283799094752,-0.03204120711369213,0.0319629543981879,-0.006090726145713316,0.1536834459500091,-0.015804951421016965,-0.06734777514221509,0.005177182042080708,0.01502465210902602,-0.02539362454560786,0.0033689725058721953,0.013321783063264505,0.032645095422910275,-0.04974303789628524,-0.0457533806071863
CGN,-0.028672152443848336,-0.050853519038477554,-0.04950457124567252,0.04583583742747114,-0.025573594434501606,-0.026792455616848176,-0.013447141159118589,0.017942483840505643,0.023612621398895643,-0.014336969714087844,0.03480922580739044,,-0.043085094020782914,0.028168637812783927,0.08580282886163816,0.0954259745220618,-0.003642622236991376,0.05905208777784575,0.07960006560287446,-0.007732205704045132,-0.010469449934542272,0.07785755390625554,0.10638826711269976,-0.03341431122097977
GDF15,0.05660379268986933,0.023024440838392495,0.06769101225201993,0.023397324136627203,0.05711178573678326,0.008564073290750936,-0.017189261739038855,0.020565795111245476,0.011203197098659244,,-0.011622589004255378,-0.03413275776737038,0.02791487414170781,0.10479754028405967,0.09658539790633515,-0.06252805964339846,-0.010605113912807952,0.03174654770442821,-0.08170268978177671,0.011117842124545663,-0.03424242962058931,0.05268498699161005,0.05431439416851338,
SEMA4F,0.0014626402467141446,-0.014499092050864457,0.013093789266742938,0.058534119421632176,0.01714375719417945,0.053228063056508707,-0.0433613043095892,-0.017696000591523625,-0.02162907340773313,-0.010402184311832718,0.05163622555027487,-0.016403839717127906,8.300645744191369e-05,0.025369765980410918,-0.026805936471339383,0.04253475275142504,0.018203560872187982,0.03500015618331893,0.0207692497090672,-0.01799040472649473,0.04297353326229998,0.10169655174174334,0.05338457127099432,-0.0068651418459429155
NXPH1,-0.04674752204957716,-0.005657829234813531,0.020509218842419834,0.017513346866352947,0.009074395869561614,-0.06179352957620602,0.06862368772874565,0.08382494749611953,0.037744479365165146,0.032437022797771234,-0.02878532272593572,,0.030457847605567575,-0.03284633967938617,-0.03872981881827763,0.08616343170045448,-0.010586063071184827,0.0454210839577561,0.04246443704650548,0.04586476847789971,-0.007850513522589801,0.10470493796241553,0.03199085841790355,0.07414390518020615
ARF1,-0.005162674077558458,0.022035035438397306,0.03808479516849537,-0.052091799294589174,-0.040623614894079056,-0.026961558659732487,0.008576717901200896,0.01394062336474369,-0.011752026574664039,-0.01544204119029783,-0.06311684695636482,-0.0056724006859891225,0.01525869227487239,0.09104606736008283,0.06691657481854066,-0.017493975504174072,0.05652156507421944,-0.019495096420477344,-0.011265056928537954,0.004462265211729442,-0.04235210924515895,-0.005906280349067485,-0.042330385019423315,-0.031102171109674344
DSC3,,,-0.01565231726619876,,,,,,,,,0.0416500018854357,,,,,,,,,,-0.010686898424316716,,
EBI3,-0.037065549691233955,-0.040785640734709895,0.014594672649557043,-0.040431384945032546,-0.0010661054335815955,-0.029863096969014485,0.09413439152856132,0.09268758754231105,0.03310191802749834,-0.008811867346806368,0.020634175375255845,-0.02083885676369313,-0.006324187285613008,-0.01082501183012375,0.07114676092838931,-0.06323836190898291,-0.0024380969054052836,0.1094890021458292,-0.0004211357454721993,0.03494390639638867,-0.03450597306544752,0.04437840301964508,0.0029161603090298053,0.025052696640966907
TIMP1,0.10082904808577224,0.01107123999314766,0.036806747770580385,0.08803195510921696,-0.010880300122329578,-0.061617466660892524,0.022808454552088908,0.09497666856216783,0.002694688132381517,-0.02827064970918892,0.030570686949321704,-0.04839093257741237,0.006687546368894378,0.09307732481250368,0.061815265354209475,-0.15119011206497968,0.024390121063534647,-0.03153181575162747,-0.07339264279314049,0.08062130304246463,-0.02879052633602618,-0.09542998993237997,0.014560210276864608,0.007822694166148869
SEMA3C,-0.04508444519808345,0.03562819867957278,-0.03775099717112062,0.050144846798717925,-0.039117463007741334,0.003871076285784799,-0.02162651024920793,-0.028777358260426808,-0.004194759079584085,-8.377973527520186e-05,-0.03385568444794064,-0.014871398827659595,-0.041143577451983056,0.08547324414331997,-0.03363308178258586,-0.05579022994875654,0.02818497769782748,0.03735779018659615,-0.01521985106751883,-0.00517155574113375,-0.02029145595381928,-0.020506547515473497,0.04634744424530733,-0.01867357377415087
GNRH2,,,,,,,,,,,,,,,,,,,,,,-0.014153893777988017,,
GAS6,-0.03277161012600378,-0.07373343074250921,0.013222202460720422,-0.03526374827427032,-0.034029700450129256,0.007137518633172606,0.019834283533112566,0.06600220836901105,0.0019219767311989511,-0.030373384242021743,-0.01885684615578359,0.04511227982799458,0.054311233265432045,0.032045011364748285,-0.056288159543363615,0.0012449214183246394,0.006450878664476568,-0.007207292695668056,0.015643222120348552,0.0749857798780866,0.007881255115399863,-0.016202874898750677,-0.027764746751202333,0.02353833677864485
MEPE,,0.14914155090482162,0.015512698009683175,-0.02536169218171926,0.04233132159518253,0.0054050823610557385,0.043922920199104126,0.027554338512278065,-0.004166883576390386,-0.03041805935184719,-0.05604196095943053,,0.014845506998203183,0.01994834073261306,,,,-0.0404721146632591,0.019464540107886508,,0.09546590448465375,-0.021214869904489706,-0.02890824340770545,-0.03341406834059341
SERPINE1,0.04072111499483609,0.08051157025004502,0.012275407064080819,0.06696890932178502,0.024181011995154624,-0.04391187310389582,0.052448573291983255,-0.018578337719832447,0.019131098309178675,0.029680419642741804,-0.006777500275261446,-0.04531285513605259,-0.006505343601536371,0.11931981458960901,-0.05532627914741391,-0.028905005729105124,0.02104878298577836,-0.06479891501879469,-0.05134703445188253,0.007750914757215668,-0.11132514278214581,-0.08280242569438372,0.031669077536575226,-0.06660784988902231
RSPO2,-0.01648514051565088,0.017014555410269524,0.03614389361196077,-0.022060896878383637,-0.021190784137363205,-0.04542510800274445,0.01738808968930174,0.014072725545183486,-0.016893980318466846,0.004498843548978611,-0.0033590753239041865,,0.003862354903550566,,,,,0.035511466612336194,-0.03877024151625701,0.043496395160014766,-0.022188727161373604,0.041559237461418985,0.02262476983572933,0.08043613530994737
SHBG,-0.01852024147926209,-0.036227814458014734,-0.02027437761311604,,0.010980648486843231,0.013500901909106841,-0.01828111915057134,-0.039137270599227454,0.009333897788022382,0.03732447396075583,-0.017052298643548857,,-0.020811837296924148,-0.0006703214149539133,-0.03687677748060586,-0.01072762991910258,0.06673842593828484,0.026952305913075052,-0.012771507280442636,-0.0516795966705773,0.022961767468093072,-0.05457508875838738,-0.0015137035843092673,
LGALS3BP,-0.0060110520445746905,0.026084504626062373,0.008771972606514694,-0.04778869074435331,0.027696062822157936,-0.012980173614738827,0.046318773181580564,0.020448542722172527,0.014129368570668705,-0.0022026716575572233,-0.01890389266828945,-0.04093880848388187,-0.009072293428467687,0.02467484087988725,0.06650177528455668,-0.05041159740178396,0.02838532108221433,0.030036576173830765,-0.07013406613868979,0.07194986432314535,-0.046655839685805035,0.005118825744534511,0.10289977112471543,0.0034513377887865266
LAMB1,0.08013280940366037,0.036461653839364234,0.03178387616381924,0.07686891743114227,-0.07786331586677463,-0.00024317754420227194,0.05864630414663309,0.10057066334269128,0.030032433915961148,-0.03143140655943658,-0.039987031843028244,-0.031800630801665515,-0.017164494223601733,0.07505850529715052,0.00010641548182936816,-0.03599936898606084,-0.017748979814088867,0.019917701245124982,-0.05091547278069969,0.024671285680324482,-0.07731161937901732,-0.03883484199085081,-0.028973222983047685,-0.003633052088543866
SPTBN2,0.01910451317236449,0.023921400812830184,0.0010279589173583712,-0.0060657161384870565,-0.0056474124132131435,0.03930418360518514,0.04792254351626383,-0.013418522708033228,0.029995230124160537,-0.012860331477079396,-0.014622796110172582,-0.008415081503036161,-0.03851175296465388,0.08863514899541786,0.00956995196092911,0.0648855402105203,0.028880666965093043,0.09987194877297902,0.005834164747581476,0.08542698516165557,0.04501959132992191,0.028693134413372668,0.0020905797375438792,0.04982918204386917
COL1A2,-0.0005115464985585384,0.01083105088753685,0.022821990010779475,-0.02026114466026926,0.018097870939693957,0.03604060657495169,0.0619007193171385,0.09698380149510646,0.0025578439926028386,0.03971048509205011,-0.054075338862116205,-0.09070870175173316,-0.02229411760964517,0.06317667526297055,-0.03959576737260647,-0.0036467535941966055,0.06419913176220439,-0.014294525768337028,-0.014560328662186367,0.027519284063521537,-0.043857881146679926,-0.09987580468220267,0.013262097917564407,-0.007136561275574188
DEFB1,,,,,,-0.022489159272557038,,,-0.015139761220549981,,,,,,,,,,,,,-0.038769462550446006,-0.005276890727573902,
CEACAM16,,,,,,,,,,,,,-0.019137062328574605,,0.02905958914651964,,,,,,,,,
SCT,,,,,,,,,-0.013915306260872947,,,,,,,,,,,,,,,
WNT11,,,0.02371402136367416,,-0.017840829324190847,,,0.12985989500249048,,0.002589980419302384,,-0.019640444602865036,,,,,,0.06667920715125243,0.07392010505793595,,0.008683180893907187,0.004745798220806344,0.0016781392668252537,
LGALS1,-0.0724213627552475,0.07959423760058601,-0.021274753685856972,0.06703872642885476,-0.06144630964414013,-0.07058251486503367,0.0037440164919647543,0.05183598404016192,0.03402000987620856,-0.009939574453273554,0.06509741665797068,-0.017972966698190537,9.681920676262538e-05,0.054688111154537096,0.018504403884113337,-0.13049382111672606,0.07328147236438735,-0.06983212521965822,-0.052665634231771,0.04001333507150998,-0.0817692602946723,-0.04048519724222498,0.028819496965623442,-0.035942944367234594
BCAN,0.04663861480053077,-0.013868492595242175,0.030744868338689724,-0.07035277703029526,0.0006377968489855807,0.10790699368809464,0.1016583603183051,0.05447182199576159,0.016692681901208442,0.04115425043068874,-0.05005006698577918,0.0002801231717002031,-0.002733875966313979,-0.10017580865109627,0.03002587516079354,0.032843443257625456,-0.016305598553765687,0.027015332070851182,0.07588657861323427,0.0047474018389641525,0.012073824409171197,0.09128568962583758,0.012500616920968932,-0.033225957013753034
ANOS1,0.022234289555532655,0.012946578664124998,0.02514488477806341,0.028075652207292023,-0.015127566384222052,0.03444503590961898,0.035337585760475965,0.0350731796335094,0.00977529059950896,-0.0225328763415046,0.0301641914412117,0.0221608695686064,-0.026158942248264355,0.014667021761728011,-0.0413349741077469,0.06190911973811121,-0.0124150898777092,0.07043011207500245,0.016289869675493084,-0.005695789638905434,-0.05968325450359346,0.09304258743165826,0.022644441395489243,0.03471825870031893
EDA,-0.023207633490582837,0.022143430282097126,-0.01642447661640678,-0.035453200845746866,0.02534084772554259,-0.032117178695631354,-0.007488481526691636,0.014158555885303218,-0.008601906559214874,-0.02146954957206419,0.0050163631602219904,-0.020671538065889398,0.03439662525722748,-0.0013366374828263899,0.1931090667973265,-0.023439088660579727,0.07496234741530901,0.11070432117999106,0.020971201009449228,-0.01308706141151297,0.0659141484148074,0.0043352859055504475,-0.009499232644934482,-0.015838441366478686
FGF22,,-0.03978459765824012,-0.00836546793449868,,,-0.03262915634478366,0.0006359509582373055,-0.016491602552801063,,-0.016718071640410483,-0.0205709900638757,,-0.039975637485994406,,,,-0.0436607079248754,0.026076256514137405,0.031638482495583375,0.03229420720660213,0.029571134002847988,0.13825826119184945,0.04937199848763413,0.04746630958209749
SHANK1,-0.019648233199485967,,-0.02243485247551244,,-0.034532353860335006,,-0.01447062584060051,-0.015690712407570345,-0.020368153798108753,-0.020929513346214644,-0.02791094776055428,,0.0329349229238312,,,,-0.04578653983644643,0.032756297736622725,-0.02313873745094668,,0.0031750797689377953,0.014087669097847316,0.018991509795024886,
NPVF,,,,,,,,,,,,,,,,,,-0.010013937780556745,-0.024662933802380205,,,,,
RAET1G,,,,,,,,,,,,,,,,,,,,,,0.01928790911436071,-0.01142494144425674,
TGFB1,0.06769940721049222,-0.037357016772483306,-0.022056649029357986,-0.030680627545559763,0.0474055643461675,0.010180465366240989,,0.0501270104490151,-0.03315301320462434,0.0026085293833199904,-0.02175630412604845,-0.013106880747361991,0.0022990756804150696,0.01600192714939188,-0.08474255301575077,-0.0212679831994972,0.051401537210650265,-0.009192237863296931,0.05677910718107259,0.024167298027989913,0.04554096829642537,0.012391011980669263,-0.08335325733416965,-0.05848994073281124
MSTN,-0.022083924290576953,0.07111045595970185,-0.021736093650851173,,-0.016459283983173367,0.04096203480109031,0.05482112428088588,0.0386610816615898,-0.021602127020840172,0.03740708848528543,,,-0.03004536830312307,0.08077964826202352,0.18413960941913562,-0.05671379684810058,0.04827495489297398,0.027167054502663608,-0.00037174808895016324,-0.006054812475263708,0.020281206772337416,0.10435175095603245,0.011437496186879852,-0.038062676703603145
WNT4,,-0.02888835120119154,-0.01511655446417939,0.10279804048990034,,0.015339436002970344,0.05944073880561829,-0.018698741266751834,-0.021382514451437715,-0.03408744169476064,-0.026348025171707368,,0.05483330879815018,0.054461308346638544,,,-0.03625159140612093,0.05016365258163808,0.06583115377300691,0.03852830976395563,0.05593772178702513,0.03480832614841174,0.04281447290957484,-0.034025132053172306
TNFSF4,-0.026907394747185554,0.041249711095090354,-0.034568792894991394,0.05029534665503399,-0.025296112719252806,0.05256544525188261,-0.017665345981973987,0.008578731365076106,0.04129948402814884,-0.015570133505474995,-0.028415898646032167,0.03667040281572454,0.003947300665144524,0.1002715003417659,0.04057252639960885,-0.011464418963543502,0.05702921635783898,0.08293681484401386,-0.03252203243760479,-0.046418939133172236,0.04756488303123233,-0.014012899333053469,0.08677486065225727,0.07896348904001294
NTN1,0.004186812649092202,0.05115863743253991,-0.029342804892664488,-0.02482813655337153,-0.01173633762027514,0.0970159476756408,0.08496811991143231,0.015628450506438615,0.036998665701307755,0.03488836793813368,-0.006395396423593608,0.02584544579464759,-0.021755258952622664,0.09326973802726696,0.055767674222882535,-0.021324389879820518,0.05312161911789343,0.07562891887225924,0.05149232038216319,0.0788317061699304,-0.05602967504227673,0.03904074132461461,0.0943840567129675,-0.07264026425201715
CXCL12,-0.012775719148576522,0.0040602412910464925,0.0167265322758398,-0.04407030598642688,0.005024814360482666,0.08980452119395915,0.031936214378989566,0.058371843835580986,0.005706084143622596,0.023214098091106923,-0.027526348714803937,-0.009637555036876005,-0.024523553013428886,-0.004845342158169126,-0.001703369850047186,-0.07966252098953153,-0.01865952552597957,0.06651646860630475,0.016725636224432926,0.048505817701092496,-0.02586357904757394,0.038079132124877145,-0.0300730556223031,0.065896862995754
GNRH1,-0.025335924234204606,0.021726011915756106,0.04588492754547251,0.04040753734073192,-0.006486661008093459,0.027457905458909013,-0.014720661596415965,0.04915763074105504,-0.023715301960459262,-0.023143996550732293,0.03413246785208253,-0.014061379147128874,-0.024777580108119514,-0.042106375696389635,0.08053031547357435,0.0034406393561877157,0.01566107013189173,0.030438526162401263,-0.05516822741763555,0.07320581208356222,-0.002128233229730749,0.026883023631375694,0.009843881747725441,
FGF8,,,,,,,-0.020572283681812804,,,,,,,,,,,0.018451824599297516,0.04025663483027006,,0.004386760172492813,,,
RIMS1,0.0012640955999818535,-0.019775593043421004,-0.051255644582805876,0.024994757380346302,-0.027120257068200208,0.0652423611505258,-0.013845548030112493,-0.007712562619302486,0.007522392110798399,-0.02489660683777795,-0.041876542592724796,,-0.02018207211238862,-0.038155896058467045,,0.06473757351115078,-0.05096252318847306,0.035029084938072046,0.0028948435699728556,0.013480902466282203,-0.0027384665427657583,0.03154506213044391,0.02999284650863985,-0.06152881222694055
FGF14,0.04325559072541161,-0.0042754084554027455,-0.01277886513989405,-0.0433654492114417,-0.052296798570157906,0.026387310592712026,0.03200116074659042,-0.0009948032952911997,-0.012388224718309715,-0.04529207139326945,-0.0538087569988529,,-0.02869222313168424,0.02370145722944692,-0.003688825759978121,-0.11483068920734382,0.030917114615179653,0.058782423446498595,-0.021568426762177857,-0.051206942737665254,-0.0076190768405565235,0.017528434449665894,-0.028135231054728323,0.01038834287061692
IGF1,-0.018574283358410392,0.001545102405493868,0.07979409141940708,0.04095712992889769,-0.0274460631660897,0.0469861421081533,-0.020371569790718018,-0.018112450161057385,-0.0213108372285671,-0.024790305920911748,0.00305828586859598,0.003843795658552004,-0.03155719114428516,0.012787961821058595,-0.07468311909005752,-0.008350273380573063,0.005917122514644438,0.012469568893793557,0.05222818113569868,0.06799615788673988,0.0848902392974474,0.05803682600082795,0.01913966624379003,0.19063252093426727
TNFSF10,0.056213495986847245,-0.004846228711377483,-0.0013491444304579978,0.023850740090538555,-0.000888681764081267,-0.013417462737899821,-0.024880544319111738,0.014473632577854095,0.0002103264678452621,0.033049877185802184,-0.02181263606862644,-0.05830799126139516,-0.00789021489745094,-0.022664485803675975,0.00830775853461787,-0.0054915897634401,0.010198220678661652,-0.02875758822737557,-0.026039952012515997,0.04234727556808227,-0.0527849323993379,0.08526922375121208,-0.06756437796332865,-0.06385089882635937
GDF5,-0.01648513400881265,0.01666477086866463,-0.023174191926055958,,,-0.01738581396909033,0.13198424682658605,-0.029065828904313654,,0.05008106279245096,-0.025444939024312194,-0.026496377547821446,0.04130646385548311,,,,0.006047565600889739,0.15372525390295666,0.004693514721471176,-0.031515977224768316,0.04046763313247765,0.06336995569512255,0.000380598754199572,
CHAD,,,,-0.035208671825243704,,0.003401451493630081,-0.029137115501845702,,,-0.014049130395912079,,,,,,,,-0.02027860172958567,0.03631869466545914,0.026371757280258992,-0.028257579744420294,,,0.15843650980287016
RGMA,-0.02055864649979511,-0.07164268505148241,-0.008250918135796936,0.0367715851087073,-0.00038363813745272054,0.011767353465050678,0.0710611045703312,0.08421261994312788,-0.06648775293743102,-0.03039249581329534,-0.014229703140811189,0.028179816816885715,0.028014920016276642,-0.0659768638792728,0.03226749924049383,-0.009057135741317592,0.035232702207598665,0.007257543638753617,0.03836749264017516,0.022434863575677883,0.009779980101869524,0.0930085889226227,0.050498026010012416,0.08416536984106705
CLEC3A,,,,,,,,,,-0.0045651917388570724,,,,,,,,,,,,,,
WNT16,-0.030731161172485522,-0.027504119693699796,0.013817901475766942,-0.02206090025975414,-0.0238060197137586,-0.019595147574694757,-0.019835831545045753,0.012960255166396558,-0.0002532057206942031,0.011846343513303631,-0.026348027447496467,0.003567703964802445,,,,,,,,0.0070077022224416625,0.02309140511414409,0.006709509598841258,-0.0438125124039652,
CX3CL1,-0.01670844916743226,0.01709475594614703,0.05202220136387789,-0.05825641033041751,-0.02402570040133927,-0.022099319783775856,0.02823317285967657,0.0004910941004889642,-0.00772798127893402,0.006513028463362768,-0.057517936195254395,0.041685144251567365,-0.012140396052809515,0.11178093120455673,0.0075779340623340465,0.018798486338886207,-0.021698912527204194,0.06629277245530021,-0.07565253416474026,0.06165278168784979,0.03518462345925962,0.07321353737711665,-0.012369476408475388,0.000793558240153339
FGF1,-0.024345629237216122,-0.016673645216974536,0.017816674456260086,0.03007815224221285,-0.02426485668967896,0.053304115336114635,-0.06595408987629958,-0.010189783728106168,-0.02468640233321727,0.060072315962171,0.013828121013635541,-0.02921189396273439,-0.07515106105002177,-0.03089076704555039,-0.02169867405754995,-0.010641135987567798,0.024577479139688805,0.03153561938967998,0.0593292588789663,-0.005618994268279438,-0.004768083659820443,0.036994949587955905,0.03622599761224544,0.038081339076966404
ALOX5AP,0.020074294016317197,0.09288325645396306,-0.016944034547151612,0.02777584888321394,0.0194024313182541,0.024949947708514556,0.05471616728040634,0.06770298487632717,-0.03142128448396173,-0.011301287497508064,0.05050591183794019,-0.03665685640277031,-0.0469266791969995,0.0473463745155564,0.06953608662486463,0.08575097697157148,0.06206954258397472,0.024349980624181245,-0.09750979409666723,-0.03167443203636427,0.03358488132164984,0.010179246300023368,0.036495965323843256,0.027162993299695466
IL1RN,-0.014670725386331811,0.10332911073942933,-0.028868925618098725,0.0073370573501950085,-0.020865991158963582,-0.056555585252185556,0.05200134092676116,0.073252117493312,-0.03764550482316492,,-0.03471509779640415,0.031343933629645396,-0.022701552578023382,,0.01631722125415672,-0.03835678770893331,0.008204606921875352,-0.03869823993409661,-0.012205554582634653,,-0.02757327915767267,-0.003473391245161639,0.02647354604138624,
PCSK9,,,,,,,,,,,,-0.02716361839029269,,,,,,-0.023086953799035168,0.038423103798139804,,0.024838389126156827,,,
FGF23,,,,,,,,,,,,,,,,,,,,,,,,-0.007678905412072033
NPW,,-0.043434691624257005,,0.1009704694453244,-0.023739008011727153,-0.03560515891381545,0.10336798832795029,,0.07876285228622652,,,-0.02033314330497785,-0.011210978596758417,-0.034870390062203806,0.12505849905497887,-0.03806696044068915,-0.026766364118676337,-0.0024662250807924724,0.01806185400564396,-0.0313193345497411,-0.04033005826211831,-0.019959602931415067,-0.028773672014502174,0.011749019840682818
CXCL9,-0.04460142901585147,-0.022020566386692843,-0.028478235388350173,,0.028519987480283844,0.027584144756710567,,-0.0013937515966419706,-0.014951687083714459,0.00010053053331658699,-0.01757056324755539,0.0180123310131949,,-0.04326309582136002,,-0.02498207099394581,0.08603320528231946,,,-0.03673812792750446,,0.044658847028136425,-0.011959514928245436,
ANGPTL4,0.002818008123538972,0.05866159946016401,0.024125201941086468,0.07425440763124427,-0.013690342928517745,-0.07459387716878771,0.014361937830332535,0.03787953387001677,0.010865942207978622,0.011039537605823652,-0.00025935684706722433,0.0307227405572202,0.02206442651371725,0.07092118599617603,0.009688567398297937,-0.06025830229646899,0.05071018938043173,-0.027745974481141435,-0.051871822478922594,-0.09430024017208757,-0.06958450655047392,-0.04224364522507078,0.022788422074518942,-0.10254781495714874
CCL11,,,,,,,,,,,,-0.020502972536374398,,,,,,,,,,,,
UCN2,,,,0.05095093649587936,-0.016460487312326896,,,0.0036042243250471472,-0.021803916307583004,,,-0.010910168499373313,,,-0.04263592648133809,,,-0.01847115590574837,-0.017470806767375637,,-0.019829085414500743,,,
OBP2A,,,,,,,,,,,,-0.016400679119989894,,0.06144998196472661,-0.07321815893729036,,,,,,,0.014660797174627767,,
COL4A3,,0.06963766082268226,-0.019255806159558398,-0.021115861884448174,-0.02380001305458615,0.06812973645844334,,,-0.01844808342912523,-0.024051380409833092,,,-0.028629423697395108,,,,,,-0.020692651756875766,-0.005087575751061162,-0.027733225124384062,0.059728968227487626,-0.020194697013426303,
NRG3,-0.02662742810182429,-0.01146068167562077,0.021798376316912546,-0.023310902370616084,0.059222799875227654,0.041369306360374676,0.0001928110339048495,-0.0230222933035118,0.003091540980654412,-0.016422511018521924,-0.09512152875573357,,0.001508799067625358,-0.025412279721989686,,0.01971465895157398,-0.014979181770813787,-0.02881317469960158,0.008382511540260321,0.0294061069197405,0.12723020586634928,0.0677495207562597,0.08084244424460431,0.01728859381186134
IL23A,,0.0050028788633128905,-0.02476371901256928,-0.02619514412670015,0.04248196036094227,-0.018666516424502618,,0.13746165725188286,,,,,-0.03483260280741912,-0.03015160315623416,-0.046304702932455075,-0.016844768373149903,,-0.023086945745338153,0.027397815066402365,,,0.0052540010460224,-0.03873246279736234,
COLQ,0.10358806946410991,0.033324880700845674,-0.052959221804475924,0.00018590933591812608,-0.025083717887262928,-0.01664623836380294,0.1117223547881637,0.08011425501475206,-0.0143825728936671,0.002837214172196852,0.021076600204280507,0.04289183953552922,-0.05231505835885283,0.10232969891597392,0.08615449401007994,-0.05583800789289872,-0.04738009834084592,0.0483716781650657,0.10268537070762554,0.08059932471947967,0.014444989279142955,0.07739611392274982,0.045165749575740044,-0.014039385571555192
SCGB1A1,,,,,,,,,,,,,,,,,,,0.015745854599401716,,-0.020303075915531984,,,
TNFSF12,0.007604599951957002,0.04900311682945073,0.005183630090641272,-0.0075246524935295486,0.0461799876588038,0.04642062380011009,0.04472738774788606,0.02999447037125968,0.03698225149191954,0.047555816627040955,-0.046142864905007255,-0.044371328272538216,-0.06149106623595228,-0.07042550829192672,-0.008653292097796588,-0.025711887774164773,0.019013739020023082,-0.0019359337812125726,0.0005407925183150313,0.04043536276140987,-0.013777693441961069,0.024692604222001473,0.08179461748615179,-0.021359876449509253
DKK2,,-0.02474647400206354,0.04095318237394257,,0.05418581161319359,-0.021659488256107546,0.022745961594373438,-0.03161145661246064,0.041476455339514676,-0.011503810499191372,-0.013212448293061311,0.03198624507214396,,,,,-0.03078935457830461,0.08561892862588694,,,-0.023369732607144523,-0.017656164541223648,-0.026085042419382396,
FYN,0.014441143581156392,-0.009999412704872118,0.014753897515144231,-0.009499533798900388,0.013957305445950061,0.05774025177897952,0.09100457316371514,0.058736138390033,0.001533574968853257,-0.03312967479574254,-0.05920298143664455,0.03747616964889087,-0.016794780591394897,0.006348073659541017,0.04798871247367967,0.01981908690370374,-0.012889639738293091,0.0014495171008600458,0.10142102762569868,0.07393806566554886,0.019902504135052068,0.11808846010825803,0.09297240678949668,-0.01721513349161643
ACE,0.0036335437325775008,0.02257979614711797,0.04756963821321129,-0.0020679810628371352,0.032488595664587214,0.020870239382072504,0.02319114327489977,0.08451986982847022,-0.040537543079900616,0.046734148824947586,-0.04799694401174816,0.02194648908386766,-0.01828659777365795,0.03706554441715305,0.03306684669332722,-0.08972315011062779,0.052856253974642324,0.05140525064193193,0.02767115761872353,0.056562300045578266,-0.01141150414292793,0.0036711780287663727,-0.03632243870353191,-0.03915079132590834
IL18,-0.032756232583189895,0.05114193610026706,0.02559611171985954,-0.060977472065719816,0.022561713208993556,0.08321602859372915,0.029406519442391338,0.02091673208723146,0.02533810243707746,0.0489908442289728,-0.060138951824302955,0.0019837341832718174,-0.055121607808892095,0.020888031358448637,0.03331284065394615,0.03545045156375398,0.10951316219562748,0.07423395907234906,0.008046693714837431,0.023953563560506593,0.013278008238939385,0.06526528353131443,0.015938103840830265,0.03657355945403581
PPBP,,,,,,-0.020504075245896192,,,,,,-0.015327095808141454,,,,,,-0.028267744828033164,0.011478919319502014,-0.03605833661635679,,,0.03105645468718805,
CCL27,-0.01669895020280419,-0.00969376009085067,0.06721823399715224,0.015361822969975895,-0.03878061347987404,-0.004363907486499521,,-0.02664862401003098,-0.013320450405256893,-0.011850579934955497,-0.021511569878991985,,0.02440363932242105,0.06553127721075135,-0.008695183110640213,0.07510859464409202,0.026208489285941036,-0.01728088777483644,0.010465740128122243,-0.03871335970260194,-0.02278814535633505,0.10269901156407966,0.04366198447448154,
SERPING1,-0.02810212534887917,0.004276197505144931,-0.03129430762323903,-0.031273515476894,-0.01315426706152351,-0.021753476206349213,-0.053513216059074796,0.061685068334319,0.0340720435149446,0.01116661952604748,-0.006696126264280212,0.04000519590343529,-0.02031671818483782,-0.09451670092768046,-0.007928194572487121,-0.06889419211608541,-0.0293423461045266,0.031589085519383,-0.0790694673467312,0.08793668997642684,-0.04432383134702591,0.0032239072363669857,0.1044176836226349,0.04330770359150929
AZGP1,0.016169924153386105,-0.04313019331222669,0.008435217867741476,0.08060707680334721,-0.05965169062003347,0.0777437891446027,0.060436022515444436,0.03384370785828321,0.034642904362241676,-0.02286577029801162,-0.019318507909462896,,0.04128111614653977,0.05576374163268457,0.05511351794680274,,0.030818533908515914,0.07804310649969586,0.00895084481636411,0.010114368613122733,-0.052445974630900886,0.03524783237474456,0.04153292477259478,-0.06328526765033604
INHA,-0.022889754758400317,-0.00281903657096218,-0.03150201362490229,-0.006815984643383336,-0.009077940119186266,-0.03857256581574522,0.24043353010927085,0.165788045036617,-0.024526599258761387,0.044608142361504205,0.04568326071039551,-0.014483545289297538,0.0942429126746889,,-0.039147631590775944,-0.006352078593097621,0.01883346299817543,0.03328013568954876,0.03679073232009852,0.03219519026433301,-0.0002542060960467222,-0.04678339943899157,-0.02278023804760428,0.018159344173605003
SEMA3G,0.011797886972935361,-0.0053732771560862525,0.1264922684879919,,0.0171684700107389,-0.014571720204993678,0.06299824405976458,-0.00039127824528283474,-0.025828269438324697,0.0031407700935973605,-0.024323561087232576,-0.022605341335935607,0.009603087490511517,0.07999689677050735,-0.024926485968304997,-0.04878201943601384,0.10036489238108956,,,-0.010969572980225252,-0.0039769637759062195,-0.04689458378512838,-0.04956395209962956,
OXT,,,,,,,,,,,,,,,,,,,,,-0.01700171147742702,,,
COL6A1,0.05516150378732274,0.04302544765561575,-0.0037237684414353637,0.13323879464112515,-0.007446049037791903,-0.03899659577574528,0.12788292771013834,0.05805435636819068,0.010496479403074865,-0.023107382392080305,0.034033746693586844,-0.009309945093848677,0.08407169099539348,0.06640633152864353,0.05712426993019034,0.005933515503429768,-0.018904527754617536,-0.028755998690958934,-0.05996286070467793,0.05687593421738227,-0.08006432581714558,-0.05234861924536639,0.005500166012184612,0.1356414884823785
FGF17,,0.06068447822305019,0.006149307166171809,-0.03124241669213447,0.054820739089285773,-0.026063285267229085,-0.028192344898680936,0.03299556374345719,0.10588869203398418,-0.010483931649383962,-0.030994428655570425,-0.017411826293317167,-0.030056509450031386,,,,,0.020683221195360237,0.05242490561053442,,-0.022278000558284557,0.020544739773817145,0.011933323300351524,0.05361470296388534
TNFSF8,0.08434465753418986,0.21453760656225912,,,-0.020997761938449985,-0.02050406993111519,,-0.016750443240581416,-0.017850962439388232,,,,,0.04444769209610255,-0.04829868650525486,,,0.01168641937490385,0.0005902887550533248,-0.028043023536120204,-0.018078432398244436,0.08530891814360152,-0.03641356060229496,
FGF20,-0.024139427525039243,,0.05350617321193033,,-0.014061441560830239,0.13567299973504826,0.0028271372258045755,0.0702935305918526,0.010522054585630474,-0.02378227776023061,-0.014503689903591282,,-0.027640429340044608,-0.02601818270971875,,-0.06404003419328891,-0.0302942204161329,-0.03335389285935278,0.012982330254582865,-0.03933279898209432,0.014026824435190637,-0.00040693684385645037,-0.026955607668391297,
ICAM3,0.10127310378927303,0.05108074071290612,0.02572581512399294,0.06184124442002836,0.00457628051879209,-0.0006878142515049832,0.09246654604058324,0.037169251212684204,0.0716403528460757,0.04653738059709289,0.0054071842833660734,0.04541539883126528,0.022289528110751647,0.05101289676971447,7.614514782359364e-05,-0.09384232521997111,0.010097239882608237,0.04482968394802966,0.012604828414025842,-0.015796943431783412,-0.01782978366872673,0.050036422900603075,0.016574799880240923,0.08466618339630448
LAMA4,0.07872530093174541,0.021433685866132913,0.05713964234533543,0.006392982864736607,-0.0331869775043586,-0.061338749955391694,0.08184110136226168,0.10869041908483534,0.018583189385758453,-0.010682446237270507,-0.018793860407265054,0.007672221161601665,-0.043807349524133364,0.04036359742643374,0.010306667356187656,-0.09357902874529618,0.04403285668122484,-0.020581188366413858,-0.017410077487807447,0.010569999069688904,-0.0265807646995202,-0.03501578300789288,0.016797663693081905,0.043510310959091435
INHBE,,0.004437992317358737,,,,,,,,,,0.11316369229319866,,,,,,,,,,,,
DLL4,0.13688391345727804,-0.029707248409877915,0.017633404072714697,0.02052184642945921,-0.010168465832322372,0.011399385416015408,0.028190110830859386,0.06794765983003584,-0.030929689199465975,-0.016594169224315402,0.019639767961965014,0.009546559915241032,0.005076710699844872,-0.002809979719072018,-0.08909906670259907,-0.078553512026874,0.04274746004164653,0.018579248443545977,-0.018149158581263723,-0.04281663632170413,-0.02167646097498155,0.02788724943466829,-0.0051157506053291345,-0.04227426422364847
SEMA3A,0.0004972125121582437,0.01856750448550272,0.023889766126641936,0.11319261885476053,-0.028303031848779452,-0.00773228794930737,-0.021116359859579683,-0.029227003663147306,0.020073710654261032,0.02890798772443009,0.023668400779447336,0.06987931171504004,-0.013127209292106994,-0.035278593365608214,-0.024977747248235305,,,0.03640600929096584,0.038004172370547463,0.071583186440338,0.02301742316925715,0.11579925526670112,0.04528082994401232,-0.06767087922708938
RLN2,,,,-0.023913208770475827,-0.02119078891579484,-0.031450049322874846,-0.0207526415505251,-0.021511807788630658,-0.018183434305266283,-0.008827026554946844,0.025253715049756383,,0.009722649765802713,,0.056532542774573674,,,0.12169905573872201,,-0.002896354442344414,0.05485851217355436,0.0023838668436350894,0.0017260995763711728,
C5,-0.022632180060185855,0.08791235380389711,0.015290825207569737,0.037193060183371575,-0.03293276615557598,0.05661010050607653,0.1027867076398712,0.005408571969839183,0.023034823092276936,-0.0468125534823579,-0.005258018512650808,-0.03949967615332518,-0.02684131535976149,-0.003996310864768673,0.048935469736200284,-0.03036416636735406,0.03975901433129145,0.057964986120970834,0.015519385345746392,-0.02832520117015475,-0.04218352791046219,0.05124531587876485,-0.01160062535277588,0.13570620508314699
COMP,,,,,,,,,,,,-0.023816193618315582,,,,,,,,-0.004009365918330608,,-0.028800191733890534,,
EDN2,,-0.02715822644183139,-0.01855705540707415,,,-0.026966279755221437,,-0.006432465738820059,0.015624578340354146,,,-0.015979425342542704,0.03267029284688027,,,,,,,,,,,
C1QA,-0.022411691594361596,0.03545242604425325,-0.01772365096260719,-0.04007862767035601,0.008665776828887585,0.09977372552737393,-0.003990818772445868,0.039291958213084954,0.01594875601451414,0.0113735266981117,0.010961406868990038,-0.0075089717643949975,0.0013194330255871377,-0.06342625032508721,-0.023581435540642636,0.03155923393973401,0.06855397874180982,0.017774914843702853,-0.05175500475628434,0.03133414577501723,-0.007308404853858932,-0.02923639897937695,-0.008181175055571813,-0.03731405789099189
UTS2B,0.01443061999286043,0.16027465556771553,-0.019858141163978844,,0.01948622653348239,-0.02248915762638585,-0.015447533750306771,,-0.015717623583836556,-0.018985349658712822,,,,,,0.016625553543445012,,,,,,-0.026223332116352423,,
COL9A3,0.009568309411200444,-0.0011467868667567802,-0.015168828688798404,0.0409579821172531,-0.014463704901407595,0.03436668920059733,0.08182235390256802,0.058917282926563584,-0.01718790131519817,-0.011302212942925632,-0.026666114330573126,-0.016403046430170914,0.03416355422148097,0.045894277043133945,0.011143866914795693,0.0012816014561446685,-0.025734385465832392,0.04405093958004057,0.09055499640070795,-0.019526147864061143,-0.033949336380508274,0.11831232605303377,0.02317059563136014,0.10015984593322379
DLK1,,,,,-0.017924968155062556,-0.018316520334761263,0.010051917836622768,,0.051960885240607664,,,0.03390650189788264,,0.035079245094198484,0.07750207950877512,,,,,,,,0.05214056675583368,
HGF,0.010362751574592884,-0.020633548132757893,-0.015684851261559798,-0.030597778389573182,-0.011755154640530199,-0.012589048643667408,0.009538669908072412,-0.015491985133688614,-0.019191880082786772,-0.0252007312354998,0.02208056063784182,-0.01325745225668448,0.010684827813568602,0.0015745520756587186,-0.01316481485744185,-0.03546090681433546,0.17314972788896388,-0.03462936394272955,0.035570279458999515,0.030503896070173748,-0.009696175572057764,0.04225078326632538,0.04986317502918594,0.0015009821326909677
GIP,,,,,,,,,,,,-0.021169901002709268,,,,,,,,,,,,
P4HB,0.029268738656535398,0.03941946087634195,-0.008674157740996866,0.025831168417287755,-0.00992841889496992,-0.03763527024244967,0.03576440994158999,0.07318690496746201,0.03358973317813947,0.02477645578273747,0.008584050044104289,-0.07746065937371308,0.019989251625138794,0.0751740448632122,0.053508890667771154,-0.09419890303471817,0.011715443774293573,-0.06585095788611536,-0.07467591707367861,0.02418022946910205,-0.0740051554618973,-0.06864686043115772,0.04123033417073873,-0.01274730382706172
ADCYAP1,-0.016910235573514742,,0.04342348342965589,0.03449028280109472,-0.0427864737313593,0.015429644169981297,0.034868190091470526,0.03098464723595297,-0.011121036971655346,-0.022678649549651778,0.03729521288742979,,0.0015356259686354042,0.1664867351454653,,-0.010260669007653576,-0.034071663786356225,0.0039709801546442755,0.03524172121652026,0.05365242463671982,0.029569014637443655,-0.045137317740628465,0.03773431706608503,0.009649068478029267
GREM1,-0.009417265092010178,-0.021594485939508537,0.05181950925439709,,-0.018315484962324574,0.04087774631760939,0.02829968424546764,0.000887795710395034,0.05111364357082198,-0.01345599529412695,-0.057127191534776925,0.01784376026258798,0.04845917143161418,0.12506034979218947,0.013812551153332705,-0.08437819567613047,-0.0016929427868779068,-0.0038539697362300384,-0.008866237086829086,-0.019279660156318157,-0.02252315717275312,0.12039064689070333,-0.06381456458369182,-0.03416935743388782
EGF,-0.017782323634414524,0.11559142171965382,-0.01739115168519383,,0.008716396412083842,0.002412886028721216,-0.02472177916548675,0.032457614571293286,0.05196101402356755,0.047271273771384084,-0.025261029572607063,-0.020838849742870362,-0.030917911348659267,0.029177938199279642,0.029443923727121676,-0.0012986366067721025,-0.04329791301316863,-0.025932784001816225,-0.024966864042835258,0.03379899876689384,0.03774322864154232,0.08789734456324193,0.044516609363806255,0.02499337936269732
VEGFB,0.0142993697766726,0.031533906387461404,-0.006327899639009423,0.02547328288088377,0.009741283741048852,-0.04700174058438002,0.07424634828466982,0.024447602197872068,-0.01541732321679844,-0.0174003395180388,0.02558436856348461,-0.00649015054843658,0.06144948425879885,-0.042930763153234255,-0.050597942580892806,0.0053409955714206845,-0.03276596615592422,0.031765850904857305,0.019716331228229682,0.03207578634393303,-0.017161603517743408,0.0675558620465593,0.041028138653645255,0.01091706460585337
FARP2,0.03145119999534581,-0.02099954801672558,0.06462730557000135,0.040869672429476436,-0.05119685356087399,0.006477593165891165,0.052196173151057755,0.12318365552422354,-0.02256941271634351,-0.05081049804611914,-0.025437847922548325,0.003356533485695224,0.04027735944646207,-0.053312592953652725,-0.035169633256313886,0.033025833169870074,-0.013968484555408977,0.021082761746156257,0.05526711043184455,0.0800749518940269,-0.054381010265587185,0.0731193968086858,0.06351404356790455,0.1307134970418628
BMP3,,,,,,,0.15090025923914205,,,0.04242255761741139,-0.019282606304418887,,,,,,,,,,,,,
IHH,,,,,,,,,,-0.0197553409584901,,,,,,,,0.03561751597369828,0.01114504446459867,,0.01950916549357689,,,
LAMA2,0.0011938047422441634,0.022420740079549382,0.035442256847924986,-0.017372505475740686,-0.014872909741355333,0.034125976623160026,0.08054364597072333,0.09338983113594578,0.005412425726284024,-0.020797105373484594,0.03420776052311957,0.019712245353013406,-0.022178612757088427,0.10062761589732033,0.1106212095461282,0.013461268318151049,0.062368119270824945,0.04298708785423322,0.006999442123357717,0.02949872062436193,-0.032665218374250016,-0.01113781336566902,0.10213776283869581,0.08977892148891038
SERPINC1,,,,,,,,,0.11399290143861679,,,,,,,,,,-0.024966866029004338,,-0.019344179666584728,,,
NRG1,,0.027604400999398628,-0.03444019857772345,0.026726282663987695,-0.02862250674755073,0.07987496318023551,0.03549775656238462,-0.03689353937152061,0.025638531839236575,-0.018491834661694052,0.02061574180939835,-0.04143806599301829,-0.0204022771808043,-0.02689079495166733,-0.06603340583867279,-0.04543811074338993,0.060801829221295095,0.0654138339241595,-0.01429762509737946,,0.014399826362372919,-0.02009264926491563,0.05672419856679621,
SPINK1,,0.059483912613458936,-0.04943524697051206,-0.0018901962049241716,-0.021416602394976114,-0.03666706785790033,,,,,,0.04777112346754559,-0.021776281809842035,,,,-0.032701536640541436,-0.02871915620483645,-0.047833146849553074,,-0.023777889518820563,0.025541057732423704,-0.026091504548272294,
EFEMP2,0.03386329778337409,0.00787364953041199,0.024553404699520394,0.03972665333135889,-0.008560339017982917,-0.026478806537077126,0.08292693847437713,0.03652681214323348,0.028056265321647247,-0.032100633340985514,0.04327018646884912,-0.0023010978554110846,0.09506438356810187,0.02639623989295928,-0.05777086327626067,-0.005702902783311083,0.09648498418683532,0.0379184644486295,0.018291381614724364,0.03198259499455213,-0.058255376774192416,-0.034875304119924525,0.061930869277865154,-0.012447910477144976
SELPLG,0.00018810374669707606,-0.04855504505773746,0.027196266097285007,-0.026843075830368223,0.005632930448501509,0.06650765552169022,0.030471253073258285,-0.012521332450491104,-0.03479299094717941,-0.003855073319508793,-0.013577990817048809,-0.02391031562459339,0.02066860993111918,0.04052602282457565,0.008785241355642391,0.024817790991146706,-0.03684503066787279,0.07248265896414896,0.02308258066502485,-0.028823948862175826,-0.030279786778351393,0.07042745697130219,-0.005048870319635343,0.03421383544235761
GDF6,,0.021385741842607005,-0.00921454484222542,0.021980919602305977,-0.0237390100655997,,0.05729116987325413,0.053265790249339764,,,,,,,,,,-0.04951545981011834,0.020254291862480293,,-0.022045017898712427,,,
HLA-E,0.003567946733438545,0.011735470442255754,0.014166085507111353,-0.0764841669898745,0.021307774062968774,-0.00020100975322336233,-0.04246989366454709,0.03966120727108115,0.05021556887139324,0.02827979956961205,-0.0167289271947173,0.025163160419163357,0.0029726394148934924,0.037649796365780655,0.032414591002658144,-0.04115458618190661,0.06106511912099912,0.008184468607495965,-0.05394675082065688,0.017254704586510402,-0.025952283944501203,-0.02154628831922562,-0.031768952073278185,-0.018235716387042647
PTN,0.10082235841275518,-0.03143360420022592,0.020106693497214865,0.03126293678413934,0.01977532634932907,0.058507429724197126,0.10453776696703436,0.06339968093255262,0.007570476962305644,0.021434736074834534,-0.018570544975042916,-0.038436687312734086,0.04193665207561372,0.1145009132593264,0.03448082132281538,-0.0031832792896650435,-0.07670890937297895,0.029202372255475076,0.015534652952791697,0.074872650848133,-0.0413557876671592,0.04754957734431729,0.09894019515047593,-0.005175346313920703
CD274,0.047534281879511205,0.05972266364863731,-0.019643594262927843,-0.01534294487405942,0.0029005446505058147,0.0002899197429168629,0.007751988596919145,0.019832677653669736,-0.009594435051923785,-0.015961313487559983,-0.032221181324969886,0.057454792795615946,-0.035838124706028596,-0.01337829982104977,0.0438746516708579,-0.004018714054959258,-0.05776792278369402,0.017842331641750284,0.04628277009561243,-0.03362766581192111,-0.04153104519300827,0.06227536374402108,0.005881211832495388,
FGF10,,,,,,,,,,-0.015033800858931065,,,,,-0.039217847495066724,,,,,,,,,
CD14,0.018192442746717483,0.08165492966941093,-0.025570211548032167,-0.08793375328571722,0.0119360814929287,-0.025645990132135598,-0.0029892208229826524,0.040010395243094445,-0.02159922649470039,0.024680310204820033,0.007815466095793151,-0.018966805713331685,-0.024263899997672422,-0.03158572660742286,0.021642076902356346,-0.0144803907112483,0.06892395411007311,0.036917639892615414,-0.06281676817463207,0.10846191191239977,-0.031580515532921176,0.00962354175335353,0.0062790532276719374,-0.05070233175897432
SFTPD,,-0.006042560529501178,-0.006583806695751273,,,-0.023026597664563497,-0.014216044497795873,,-0.028863110086857695,-0.021113692721879428,,,-0.03681934368105114,-0.03452739220280144,-0.04680966923936547,-0.030826675463014375,-0.06472106843749564,0.055074434925653046,0.005529760971745401,0.05979080818926345,-0.0010927637899812415,0.17277769920980657,-0.02327850239696237,-0.037508760200271496
SLIT1,-0.0204047780190003,-0.014676669481599111,0.039511207471364856,-0.025114747506555117,0.020127587130933863,0.0611606562022263,0.04280416740840187,0.04064978247573622,0.06266743826119178,0.003982984616396584,-0.04622868151799044,-0.0189245869079017,0.022338883759673526,0.06148300719261763,0.01990971348710035,-0.020071157588947324,0.04652299625291897,0.04293572079954162,-0.016793042692559466,0.08313842628458598,0.0019019161156242684,0.016620879477429993,-0.026224802248780144,0.010642181655325123
LPA,,,,,,,-0.015447537623065045,,,,,,,,,,,,,,,,,
CNTF,-0.019830573249325162,,,,-0.016703156547743164,0.015558125902291504,,0.09680061915531078,-0.01433463956591781,-0.01345599413115702,0.04105553163330423,,-0.0252845870179413,,,,,,,0.008816650384720395,0.09183429631078424,,,-0.03750892115625635
BST1,-0.006288503442425985,-0.0030076564652449923,-0.034788691574199476,0.015075991047877345,-0.0005014769895559748,0.00434452552798173,-0.024874788747721997,0.05514047947158562,-0.05001979786904554,-0.025274955939501825,0.08556346703304199,0.026055488176390845,0.06242725111715077,-0.008599696335166178,-0.04486492348891211,0.15077775419257294,0.010490790022501166,0.1111196994556218,0.024206825884386916,0.08014463789509273,0.0611918616521202,0.05168883763613554,0.08673284218363712,-0.03860998837295098
AGTRAP,0.0046111634998081555,0.032115984359644086,0.01995674832700045,0.018724839582850008,-0.018889654030571235,0.022199664295000268,0.011853736853060081,0.05529125804071683,-0.023070714561350462,-0.01987847551496267,0.035068179850484334,0.015460308706849531,0.007522419857569467,0.016461576820574513,0.02408076096162348,0.055729648943776244,0.03476012925610029,0.05046806689874781,-0.0037875960740225544,-0.024344808318952145,-0.030072099305588965,0.05540224361683772,-0.02969858397690581,0.07654544165332336
LAMC1,-0.0012670409322323689,-0.0794904717805657,0.05181283267763194,0.04479712991869304,0.022759728396917863,-0.0026156335242729974,0.011080725766326065,0.08506142554447826,0.013678139837488796,-0.009859030678998223,-0.029366000143198186,0.0002544482297035925,0.059889850788026694,0.12154109918800791,0.06550462193339539,-0.02465982604725991,0.10686780872665638,-0.019019026065671598,-0.0006303433901204054,0.050856178757167504,-0.05223154460516281,-0.04300040128998471,0.07818940340616139,-0.017814567987265138
COL6A3,0.02450742562081339,0.008065747483964616,0.02494498541755473,0.07473417864729022,-0.022835504603158197,0.025508495803148436,0.01552754222269307,-0.03597735671428457,-0.0012763511018806027,-0.020490802972722988,-0.04028762684064331,-0.013940509637468037,-0.013989545264858924,0.057500451895390416,0.048883348993908164,-0.05656806727703737,-0.07145342040341264,-0.025615028924311813,0.014041400680757644,0.0762356535036037,-0.04879422028201659,-0.05148220258126203,0.00679375182364557,-0.0017972439497714785
FN1,0.08071613939989669,0.034975204974388746,0.035613525518617385,0.07211843126521748,-0.044917816908990355,-0.030855823713332047,0.043115663953097315,0.10473573386249553,0.005676566458819776,0.03080510667208492,-0.0869751596103241,-0.04550240608736163,0.008605973141840521,0.08270885107518937,-0.013206857460055788,-0.029250149662261065,0.025054192172801883,-0.04919910231365982,-0.06075691062418611,0.0036548456044434713,-0.04991248723374384,-0.10130719443943831,-0.046425535053791246,-0.053558160421381056
MIF,0.03961485577540306,0.06413449456747009,-0.06864710413281915,0.046104742009769474,-0.04303381958858647,-0.03686644639116472,0.06205608423007286,-0.008694129141208195,-0.004930193254260104,0.03536026906848213,-0.037778713508870944,-0.016658842029428595,-0.0036314054417969756,-0.01756818480912508,0.00890347584307845,0.00033296882254482257,-0.044138012481246394,-0.06620253729385212,0.06212949777769906,-0.012897222039988438,-0.020484881936742718,0.029278017989651597,0.022777068765666625,0.05683744224507731
JAG1,0.05451496489895272,0.07759454307583126,0.06241329269788426,0.08826796401026094,-0.03756505111038908,0.008087565387201848,0.056884493701030166,0.05940141384007587,0.012834308729700056,0.03548842802356076,-0.03271134458181434,-0.0058127106303452756,0.0924605784647803,0.14058263219847533,-0.022872207958549603,0.022440005102710797,0.04071993728430871,-0.03309061401792955,-0.07102750904261919,-0.05539622325456384,0.04916084569677614,-0.03800208348948832,-0.02022254197482027,-0.030631580064027945
NID2,0.037116623809998084,0.00010809436772625445,0.04720811910541922,-0.0030045394256712587,-0.04477045496380988,0.02549419752410704,0.1058934749635125,0.06289264634499261,0.0502758802597248,-0.040535599894557774,-0.011785563997995204,-0.004664477070238489,-0.018272310167647972,0.04801183024423422,-0.023679357146930483,-0.06427762076638412,0.02987292226557327,0.033133436524293264,0.058862312329925136,0.02197724542619008,-0.01627607716942641,-0.03796115141426751,0.015365228251721036,0.03414839297747496
EFNB1,0.0005689007278617556,0.005604058409170731,0.029188698214058634,-0.025260453577518684,0.023740060499097344,0.06631618069179017,0.01715653368493176,0.07037211289268444,-0.03422440146062635,-0.04755618292665724,-0.042885226735097905,0.01380237743140738,0.007279380674304314,0.09738981588736324,0.08163464097309585,0.10614029242023355,-0.07202658966325198,0.009645770173073146,0.07776999969297835,0.01562527014066225,0.007273055996047653,0.06738786833179403,0.027373125824006552,0.015132740235742287
COL4A2,0.031695063550119015,0.011427516003326477,0.03310060381364704,-0.07700501379347575,0.009060648577064222,0.021053966631271275,0.06900999828758698,0.10621014152551868,-0.027777908481588207,0.043021857015039994,-0.013139637965500115,0.0714351916261354,0.017597004660279223,0.06977488876564462,-0.043796957594485514,0.02499678173227091,0.04215981800020688,-0.003756938639234637,-0.01878983629245328,0.0478964138396546,-0.05268696397501725,-0.0712840355808715,-0.020020269731576945,0.07796072311352406
SPP1,-0.08526470158966712,0.04885039624741509,-0.09547671219436878,-0.11988424966137746,-0.024784397739236685,-0.06886254882635656,0.054448703221381047,0.0580566775357458,0.028603976856914935,-0.02441904302224453,0.024964936081240893,0.004295482232047443,-0.002869298879192538,0.01652452651196092,-0.009488220031675702,-0.03952933873610949,0.024346581605021962,-0.0495090810320045,-0.13479475630609156,-0.023515923463444895,-0.025183462515236784,-0.07975268566537237,0.04914828874807116,0.014018195422883642
PODXL2,-0.017633428956513195,0.07684599608696178,-0.030632258144736534,-0.03951547999480746,-0.02416718345902713,-0.03300821780768577,0.04588906904720481,-0.03013614630402102,-0.05044490676886454,0.024689754083468563,-0.06728367403975735,-0.014413924040675234,-0.008617193984157823,0.1456471403724411,0.007932270151092354,-0.015117176250089806,0.037110761368008116,0.0810157393851811,0.052777357903730164,0.04300956211910106,0.07907493893871959,0.09598805603659269,-0.04493633529935192,0.015132981863556813
IFNE,,,,,,,,,,-0.015033799685940853,,,,,,,,,,,,,,
FGF9,-0.018130083514567314,0.007616403245764197,0.027582923647518333,-0.0275339370203728,-0.012454011394092883,-0.040700240566661015,0.02010752279633564,-0.013988373557087644,-0.020192227240841933,-0.007086430317531149,-0.014731987678171585,,-0.03944552255642125,,,,,0.010568213535913633,-0.028217786624935133,,0.05318021953671705,-0.001075687839605814,-0.008765581127088745,-0.01944788739528871
ITIH2,0.07359631866257085,-0.020080890338274673,-0.03136298303776231,,-0.022316061957282893,0.03860308059775374,-0.024567927363712546,0.032110142248726395,,-0.04149450577899971,0.02941769978305831,,-0.016641632377543014,,,-0.08161182691745751,-0.054510524193098354,0.007836739680389258,0.09312439378438167,0.017226679598959738,-0.06004994744602326,0.007256360555291535,0.04756170554610001,
ADAM10,-0.043131925852754986,-0.01177014373965447,-0.027463771582594606,-0.020050983156084636,0.03446967803243248,0.0325226630698036,0.009958103638159922,0.004112145551603261,0.058269537574506744,0.014640122059218346,0.024438936206276032,-0.0006315026786565116,0.03048887132841747,0.033717272297558415,0.03838582895568219,-0.06496324279246729,0.04959450919091253,0.006516054332784182,-0.002239938215236324,-0.05473230668495363,-0.023018593363976287,0.01217463343493291,0.07010248844395091,-0.054033591989466966
CFH,0.05051556235445231,-0.03691595497669125,0.0795781370761039,-0.05112170392270073,0.01212420274332782,0.032678413395072756,-0.010337708460312005,0.08544339395717022,-0.039592640142501107,-0.006157030725819218,0.02268026240553151,-0.01435448318307842,-0.020155065923560277,0.05574127372457726,-0.018847400868458902,0.013239915506546077,0.09280189645044086,0.0413027074875287,-0.04516262987169358,0.032635649816111674,-0.04481083006706382,-0.005878326926907822,-0.014247730538429452,-0.019500959378276502
COL4A5,0.03584846936332117,0.043807781197715716,0.031354186156783065,0.035370159070021286,-0.01155139299445828,0.029217768154885974,0.00040340777992917414,0.032759382433217785,-0.018787192630973622,-0.049576582292220256,0.0019169276264571697,-0.024518009326523135,-0.018187654184297897,0.0004998599290770605,0.02995013298846411,-0.0010124333144547841,0.10397886414931518,0.044024960353073204,0.040960385925142236,-0.009646562330153112,0.019634838393235435,0.08657422374143865,0.06436102197982675,0.034253277571700984
LTBP3,-0.0013419085858996072,-0.00676443439775536,-0.08086435792515909,-0.012388922011991545,-0.024942697310956004,0.03845036803848801,0.05374602430187674,0.03792044172235249,-0.018972771685939208,-0.008888660385184072,-0.05117751140223722,-0.012132592466425663,0.019543948353653934,0.0279230906921971,-0.028719122495904012,0.04804572191289185,0.04342994206105171,-0.008804438667936036,-0.009834986365414378,0.05455966346959378,-0.05398963672509733,-0.026443055863327763,0.059452465438030656,0.06813939540539635
GNB3,0.1399688429302061,0.024020481427554682,0.07920829178314939,-0.005973708649322288,0.07423499346927627,-0.039464770580821505,0.0779468526356791,0.05818867534492066,-0.01603184364286767,-0.019899655485446966,-0.04506937281209526,-0.017002482672163515,0.021395503775481186,-0.005476443611233985,-0.05288222876789992,0.05630010532335224,-0.050893157835302925,0.03518325692450738,-0.015931943079501718,-0.027838142464484662,-0.014538725954454362,0.04500104357146444,0.13918439219171994,
COL6A2,0.1369593362063527,0.04529678139390148,-0.011454211794152881,0.06566320701091782,0.03516909200207377,0.03421308826852074,0.023184280074767295,0.07278264990283954,-0.03826942227345655,-0.00440610620105751,-0.04453834942353414,-0.016762502330951414,-0.038791956609907634,0.10591161112432153,0.07801901163908133,-0.030230886870246096,0.07139089009228175,-0.014491486773027026,-0.008888681972183808,0.02977954724462062,-0.07316166514056079,-0.06077976775221899,-0.011321536227523741,-0.04346667987628248
PLG,,,,,,,,,,,,,-0.006066063385725434,,,,,,,,,,,
GDF9,0.07636500901908276,0.09914088817042702,-0.05439144200420313,0.04116042614072632,0.015859087019631183,-0.01863598475773654,0.07977641998261074,0.024381499019418076,-0.003063994124302751,-0.02062536348336351,,-0.02229352950676948,0.04150077431266747,0.006169769000306916,-0.03808829127450003,0.01470249742918988,-0.010270207241880987,0.06763287749361102,0.04102267464411135,0.028909530326578305,0.017484130225578896,0.023375509059137888,-0.050060486619843775,-0.03968537716558247
NCAM1,0.05675007543696493,-0.021235428084131303,-0.02394391116952261,-0.06054995942732292,-0.041723990823799885,0.018004377096077044,0.04884954765566676,-0.05703814855762821,0.024630169258786437,-0.028130729670698965,-0.08344802140727907,0.0026610173257139904,0.04316204022081103,-0.022886128580699605,0.021698483506090084,-0.0007994161767512527,-0.0269697833853032,0.012827875712477363,0.007197002318899273,-0.06338988463045837,0.03613520884644395,0.0425098848683672,0.009101063134867578,-0.01996789665190468
APOC2,-0.018778666798535036,0.04687264851410124,0.02527688152749757,-0.025112121914061696,-0.000702308421750389,0.04748841090620887,-0.04345569354778766,0.052295847152812706,0.0012831349140686858,-0.003824894463874657,-0.03411739808264796,-0.05539715837649633,-0.04356122758569712,0.03479704507429089,-0.06399949010347837,0.06217955364007501,0.17425328235573231,0.1270746309159236,-0.045432223609083576,-0.005941917489864594,-0.051412818805904724,0.06248198542808793,-0.03170439860260544,-0.08176445473952038
BST2,0.045465397690533475,0.04326203265342598,-0.04371099843867447,0.02991779248211363,0.03524138722307147,0.023716015797953,0.017059310906852424,0.06322174146508458,0.009546296060758817,0.007532165075310257,0.032790918035028496,0.03228097669554544,0.03464184965789887,0.038480081183357245,0.05810622274807445,-0.015282702545792259,0.09813921218120472,0.04466020582783203,0.021926156232902484,0.04675887958937528,0.005583433258479439,0.033942161072221366,0.05398017660097114,0.028305292026495156
COL5A1,0.06132308682049679,0.048554965987998855,0.03447590207976347,0.05836682875922022,-0.02115470686175513,-0.014396378203266643,0.11025065921702265,0.06658692151737382,0.059501475053594044,-0.024843801732114274,-0.05015502986758365,-0.06461707715342674,0.05150449491974441,0.012517480341927912,-0.07792318253986075,-0.025853193755372893,-0.009446257881356312,-0.01992567550443029,-0.07908237047367171,0.03835147368103945,-0.030812614242184167,-0.06008185420335559,0.020682856191512736,-0.030864606537422665
CALM3,0.02116873843421559,-0.019292715309368026,-0.029087473485676734,0.045878471662568976,-0.0566450726099658,0.03433884726310022,-0.04063941485830711,-0.016005212635990404,-0.04515543010311868,-0.0407793824460733,-0.01198429017520362,-0.04672339706783342,-0.0244085516883991,0.012592044404471993,-0.022885665551781106,-0.05775627691368145,-0.03140296091274578,0.06652647758418756,0.043074402241288515,-0.024671905749097563,0.09985638363870986,-0.0163195571226646,-0.03468064027254325,0.017358353504083917
THBS2,-0.003274438369349,0.00808842116691498,-0.02209708141672989,0.017064131962426475,0.06311494240456318,-0.022432740842288728,0.0568805849455506,0.006410410609658287,-0.014332879743315267,-0.008451925647008205,0.0010336016957878955,-0.04848038542764087,0.03358115075039477,0.014487649118661483,-0.05982814347124402,0.021916810294029563,0.04622401438992425,0.032504919263069885,-0.00398162028413425,-0.030177711902647987,-0.0038458948708012357,-0.0063185307444487224,0.035084085795793286,-0.006372581197382042
SERPINE2,0.06941576655610776,-0.057297691639545234,0.0020522112626376278,0.15306333019145152,0.03680647928873876,-0.059075003807105606,-0.026158734321215838,0.0077180786162738034,-0.07679070839224417,0.0017815925770140626,-0.01993281476998972,-0.026515031927197574,0.024245238817315322,0.11127203230835642,0.006904480397306241,-0.0024312630635195537,-0.039242633322975375,-0.0398518937158874,0.03995411860505171,0.011109715766896885,-0.009432816064277955,0.050025401807322185,0.017787474142240536,0.05778933636292868
EFNB2,0.06633002148337666,0.03598452363859505,0.05987081803280825,-0.01560176180155196,0.01410148222892904,0.05908812376547483,-0.010914318829067354,0.09529306460870172,0.04244815831016136,0.023711577986316904,0.012487746659631331,0.03955069605040344,0.03895857505000746,0.1333170058408077,0.05403453698089057,0.023874322771306508,0.018967378927255082,-0.0551223491952525,-0.04226120937316619,-0.009394228766178658,0.0013303105163300515,0.013181670985539023,0.015473950248829893,0.08408588088672354
PROK1,,,-0.019323127805453498,-0.02530615289202491,0.01398581616997625,0.07563697636468658,0.09239836684558037,,-0.02315784654042139,,,,,,,,,0.05871241357051006,-0.027561454641432066,0.11733174750499455,0.06423011092922348,,-0.021140392992502557,
LACRT,,,,,,,,,,0.04240705228745302,,,,,,,,,,,,,,
MMP9,0.03085594643054534,-0.0265591996029402,0.05323320573154587,0.06993939861823133,-0.03279422483589009,-0.05025438818360911,0.051979797821002004,0.0786310411449532,-0.023936746916585958,,-0.02687750534696424,0.04776290337299948,0.008859675196790808,0.10277439236609005,0.021040254505539223,-0.04952712149392723,0.08951450003157709,0.0013800344081219369,0.05824798126157029,0.019663346709800387,-0.0438640040418869,-0.05036227446335359,-0.027066149012452793,
DMP1,,,-0.022246492088519084,,,,,,,,,,,-0.03129567082033503,,,,,,,,,-0.014156654753090418,
NPPA,0.030011339943654188,-0.03311049070442079,0.031380046393105716,-0.003531177645866694,-0.013432633063378552,0.026075607158579796,0.09520274988776085,0.037135068458442465,0.028174874811315906,0.018614358869891063,-0.017824404322093854,,-0.048191927221694686,-0.039402564267655836,-0.0018737550690010154,-0.05325781780215036,0.013077997844039301,0.08876786445970584,0.09782243846475801,-0.05729221982135333,-0.00904794089096181,0.022355462610727246,0.03394799521936685,
APOB,,,,,,0.044282121811753394,,0.07232668005695492,0.019261854795255877,-0.014049130373584984,,,,,,,0.049137799717332335,,,-0.03170678928987932,,-0.034858059052303776,-0.03611453652064648,
C4B,,0.009461584227183304,,,0.012545563766809044,,,,-0.018831803141852312,,,-0.0168119851115248,-0.028279681942709873,-0.029366937584953793,-0.039845398076301164,,,,,-0.032089883678132224,0.043887498912724476,-0.016552274777210833,,
NTNG2,-0.030908754946423388,0.02020475005553536,-0.03868036097464478,0.0070580281539051,-0.029263025088516064,-0.03460794139018255,0.04125639052660888,0.030719909870396658,0.025757884275432033,0.02657490888651069,0.028576150803956493,-0.027295401862772312,0.029280026578067705,-0.005616446542107706,-0.05472794005814919,-0.014899035058000762,0.0242582768039858,-0.027524719643954962,-0.0383595169444991,0.09499395575069607,0.02114505344749736,-0.024762067824750128,0.06751339723885022,-0.007504313374382339
LAMA1,0.0339980761347217,-0.04843968018510983,0.0015126903867116448,0.03183851267521001,-0.026614496801815185,-0.014717215526929705,0.14800786138819758,0.0759607460157001,-0.002257744086660617,-0.024784971205746836,-0.03598204213954048,-0.037594243831756385,-0.017405196305030846,-0.04578171597218104,,-0.010766900462352826,-0.022084379135219268,0.07630680915919935,0.05433249678174601,0.04311422433070401,-0.010791744209005433,0.009412507907114459,0.034812531537828005,0.04763503695206651
UCN,-0.023521766695662555,-0.019920612113156107,-0.027068052550401227,-0.016640428202265137,-0.020803551447095787,-0.012910725628801302,-0.028328953117411987,-0.01581349187919411,0.005902165074828601,-0.01989965932267635,-0.029241481662860464,0.08923531844697441,0.06614355533928604,0.06244068275028038,-0.016943564185664995,0.020857227025305708,-0.09084911964889339,-0.053961369907081454,0.04118205241510477,0.05134602462529411,-0.03288059861318566,-0.026138310569523454,0.09481662562016858,-0.01888957094372748
ARTN,,-0.033358993004314545,0.05559001930076319,0.0015704269696705695,-0.02834764808515393,0.006516346254962811,0.0040876133134003624,0.04772687961452747,-0.023936749240140675,,-0.023155317074945617,-0.0224138287092868,-0.011656060155159397,,,0.06543948944559261,-0.039517399394318684,-0.03991979508863998,0.09655139255023952,-0.002083370535651549,0.02981935937387008,-0.02907386894143318,0.01938473582123352,
PDGFD,0.17537531880629334,0.009858329449389212,0.012458190140750518,-0.02221994267866155,0.021001212438352956,0.011231100498158897,-0.0030108594979584703,0.004611847225239067,-0.012208007509306116,0.006838431591026042,-0.021723083925447063,0.012187577042706592,0.019163630081588605,0.06731050389426696,0.0745081397602304,0.07478421280828187,0.1007809980476374,0.029203662675691265,-0.019310819611040652,0.06838428260004845,-0.03676082832660871,0.055106753514012764,0.05627050646826603,0.05292677760909546
EDN1,-0.015090434414441939,0.018993598672241034,0.007257307414642496,0.01490550960270261,-0.005078694613575821,-0.02051897460887616,0.006603198794810628,0.08515195313345972,0.004791261914698101,0.02971410243895288,-0.051048631795501405,0.0033048016267139533,0.01238043786366393,0.06804527278251858,0.033140792140224536,-0.0032579994277674,-0.03229699118844616,0.01466913759318991,-0.0021196188398895045,0.0011445457264531184,0.01468698409743895,0.05485255473152156,-0.017292651581416515,-0.04865233623193102
ARPC5,0.004810392859226463,-0.06898461421657974,0.041289368898898914,0.02280515870873974,0.008610241823822721,-0.0251043593476339,0.054810853353550085,-0.025206573070537766,0.013328888007043817,0.04777907578441888,0.02340757781184698,0.03885311326443797,0.041862299627491883,0.042548505451625626,-0.01209223817457438,0.0012328056766670857,0.00782386549789412,0.023045695453442983,0.009642500450129191,0.0021321782294196276,-0.0381366711902894,-0.03159160627895328,-0.03522441208378141,-0.011012402520379648
GSTO1,-0.014076164248641205,0.033144079635119686,0.021239315897767383,-0.02378095751613902,0.02971210239819931,-0.04790249301153416,-0.060954625263560054,-0.026961514694114133,-0.041432441184300624,-0.06331176371774803,-0.037757671445344206,0.041833032732252334,-0.08926851897884827,0.049664253772663966,0.020617923155446482,0.01844048149422609,0.05649807085397743,0.07974147298962479,-0.00897272755922893,-0.02745469240100198,0.010599156017814443,-0.010997516082937786,0.036128376698560095,0.01984747798435614
PROK2,,,,,,,,,,-0.022958835218218218,,,,,,,,-0.018429879099176,0.03072985563635907,,,0.022631198453395705,,
SYK,-0.04455395635173738,0.009166311025812576,-0.029423674465797005,-0.06941500677338128,0.015332143048107694,0.04671526534762999,0.07261967282657104,0.052383024117895895,0.007899675219798967,-0.028633861850530205,0.0008001554565384933,0.023947165790593312,-0.034033792462076856,0.012564761567440321,-0.02021312357256708,-0.002066545679071115,0.03076747237900748,0.03476371601790403,-0.012247731016202761,-0.020730120527713145,0.0694640012401574,0.06627648641199134,0.06837855136644826,-0.11219714390917353
CD40LG,,,,,,,,,,,,,,,,,,,,,,-0.004162607505462375,,
ST6GAL1,-0.013073303115630442,0.060660720617860736,0.09175607635287387,-0.0872867115818527,0.04818960149645849,0.058957886544830564,0.02734371603439381,-0.004355658295380786,0.008435986722645599,-0.00019825131982262396,0.004558502605080581,-0.01107483193602744,-0.019630149838088442,0.026966908076569783,-0.05446476034970333,-0.044512881866332364,-0.016214724083424156,0.05672676065071346,0.06380097764060563,0.060944621539438304,0.011870290854346759,0.06105082560548111,-0.014745362429489048,0.032218924945975336
WNT3,-0.0271849779691244,-0.020706357444750037,-0.019313307824306493,-0.029363549730519568,-0.0034975144834118246,0.03628552165188592,0.037390331731045515,0.012361561843170627,0.0258815733223787,-0.013500241707290516,0.010526116263238976,-0.030553616017176547,0.00569358054125333,-0.03091848907994593,-0.01788238252219171,0.02686054266878171,-0.045437940718857935,0.06359115040083092,-0.023598914145245908,-0.0075636178532575175,0.020396944179685957,0.03427091720534571,0.07789899872917706,-0.054130897768123826
HSP90B1,0.003227966331990956,-0.02713862216034967,0.002382909754239592,-0.0659757163108088,-0.05879648201466652,-0.03253862602340299,0.05379138023338894,0.017550466529791153,-0.029291721799977154,0.004653367544766487,-0.012346386852224632,0.06262935472848462,0.08486869366980314,0.05694431976938593,0.10282621470334292,0.0689289199143719,-0.010093079237098677,-0.0863456146246058,-0.08617362920815806,-0.06391300588656311,-0.040219788445351505,-0.13111519582242004,-0.026799885364043766,-0.04730599831288172
ZP3,0.025463279639278122,-0.022334049473445736,-0.03273067664484195,0.0401158129268372,0.020888336877365132,0.024007948525914438,-0.007517890264043023,0.006732333473278436,0.058987109367173,-0.014049131623902564,-0.020646143593651266,0.0112670854720137,-0.02244767757063861,0.08462566138467581,0.12318728623187714,0.010309826285523547,-0.04585263126416021,0.044935428352269526,-0.029479842777455852,0.028835402548642045,-0.00899022786015949,0.09988956597338888,0.006843951730062472,-0.04616987124647226
ANGPT4,,,-0.017403001075936134,,,,,,,,,,,,,,,,,0.17684934724304086,,,,
NRG2,0.05295674412155898,-0.024252699629775998,0.07100170610832221,0.039079925672455926,0.02439112271867632,0.040131382422457076,0.0674702524688178,-0.0064409887839008894,0.061681208929832254,-0.012315326489620554,0.01606633500571097,,0.027022526072844662,0.018904179245564957,0.13451253113051076,0.0025684583997770474,0.04138035604581221,0.057788334971093175,0.013640163603168269,0.12559069841856219,0.015862254133591516,0.06294118677796495,0.005615451785550099,0.05881824000352121
MELTF,0.047220781628956536,0.023647365320949486,-0.04741080420430535,-0.0020813673150389365,-0.004049826604536684,0.03617356907185924,0.08534054545270124,0.05895750785157279,-0.014118600393120236,-0.032851903073453266,0.03761289303699565,0.0005166295763170128,-0.03336360126115439,0.08905291659273468,-0.06886061085444616,0.044256404732867016,-0.04386110638788178,0.08245704749741761,0.03746595218660153,-0.00021685817256552885,0.0030652517531862514,0.1075266296758387,0.003304288703653209,-0.05860399039561332
NLGN1,-0.007294814992048512,-0.037163002149337085,0.0355173680441687,-0.04658876813847601,-0.02199492757781734,0.0059889107668065185,0.001105512275380861,0.10664744809194439,-0.037322589334096865,0.03443459821033847,-0.061210100777443155,0.012853114051879718,0.00684391893408874,0.0025414435735838835,-0.06653126041364835,-0.004234322108877778,-0.0005306769447650094,0.007471337169160736,-0.016137927433599653,-0.020921444279995444,-0.01963792809659228,0.06249942851246473,-0.0016570906794632018,0.10937084178600817
SLIT3,0.0594940812310307,0.03684001194929065,0.07193378021632776,0.017066540690357825,-0.031002655911023653,-0.002806860945264996,-0.028977578641167137,-0.054676735934423404,-0.02753973104443172,0.03860111897452675,-0.06539316388470873,0.006218250358598051,0.02472906831600073,0.03926958042323587,0.05647533489479942,-0.039753823202044375,0.033068244316344905,0.09394359702916082,0.003920402911909644,-0.027531268666819222,-0.016932140920059773,-0.058885534875831674,-0.02190251692609163,-0.035241643546504074
CCL8,,0.014936844986235664,-0.0335800036767041,0.018876096573513045,-0.023363225356366694,0.049206868872778135,-0.026650417325873754,0.07902986949407749,-0.007991006445052856,-0.012677612878016798,0.011821510477821397,-0.01928556810046067,-0.023592290905246043,-0.04001847968015272,0.011205966067228302,-0.050479960676130003,-0.011663214640784484,-0.00891634089201458,-0.029509432131816997,,-0.04006657330119159,-0.018584676799867233,0.011067621574994723,-0.04616978503784939
S100A4,0.0007104605075485987,0.07697103483318075,-0.0018154884122485785,-0.008361233785027102,0.00966318592310541,-0.006272404529957635,0.11862442714917432,0.04540843896594651,-0.01117238196256267,0.008040818259054469,0.06905667644335393,-0.075504321250573,-0.0031247735744115105,0.09782818552599948,0.028270340100155545,0.05434161879480554,-0.006311697696419183,0.006971304281368537,-0.06456882919893006,0.04177494295920881,-0.0088596601566695,-0.07660132234055939,0.05794297487060051,-0.03901292589487558
TNFSF13B,-0.07859717626044727,0.02207837553637034,-0.008503054873236228,-0.013884755326229662,-0.02262441386709694,0.01021509162027365,0.014267788513874903,0.024413060630884702,0.022065637670458212,0.06198467064962955,0.023960384438461876,-0.04375759250177574,0.03954418482858454,0.03944477935082008,0.061372742964801656,0.04460517246959168,0.08398201061108049,0.028797000294704167,0.03757729813239878,0.038376606225512026,0.04353041413706961,0.03320206988481435,0.06645220713259983,0.058439698571458816
HSPG2,0.03870768019671208,-0.01874542724068807,0.02292533515036679,-0.002389898218897005,-0.008358337726694177,0.0008126123977852609,0.11240886935361193,0.1020096476834812,-0.030244794190498497,-0.013209195003798779,-0.0550596518726291,-0.016704099081558607,0.052747837271773686,0.06433316859999033,-0.008814840723568142,-0.009783098193475908,0.012842270568100018,0.011222830791172112,0.005551295343707828,0.05066164832990187,-0.034187210531275936,-0.05003840844373687,-0.00795737389012288,-0.0489305317419212
FAM3C,0.06099618796724681,0.07905727571825255,0.009295242088810442,0.0319475289880663,-0.007667380296607294,-0.0002960549766320078,-0.0015412442426804911,0.036064196405042194,-0.03051174193788886,0.015856707047369804,-0.03332920442520372,-0.04135395538394235,0.03703582539670081,0.032338761430761385,-0.0021907970236470834,-0.0010822442169699186,0.004790315476512001,0.05233825012784631,0.0022920691114019687,0.0504703356884476,0.005510710074095851,-0.015049376227529847,0.004887211538037405,0.06283325406770122
FLT3LG,0.08922760160313997,0.045158941403763454,0.0028188030798526028,0.004374682772546079,-0.030548854005938292,0.004890310196830584,0.11240042444200116,0.01619868663570528,-0.013818279063592988,0.009118100827712668,0.023531415494335847,0.020100911075355683,0.07425389601718546,0.07685436978590418,-0.042075736754817204,0.029198358134252395,-0.010966393813301176,0.020019110043002532,-0.004582487412017869,-0.025731167217481136,0.009496722535076331,0.04197387865428525,0.07253525816911895,
A2M,-0.06512725653757143,0.0005330367149997707,0.018966262980158594,0.09389979389948216,0.0026371824980210515,-0.006333301908838379,0.009683287116350692,0.13260309322426736,-0.030375864624230343,0.0044799743063495285,-0.0039990723483467605,0.05105364225735402,-0.05020635294184577,0.04779930739760641,-0.01826283035087839,0.012324817777679567,0.1260242062783159,0.04593348390265456,-0.0544079031909136,0.04158010807529635,-0.04888353324774727,-0.04615385263816659,0.11199681548366561,0.007442427668292081
VCL,0.02594744387083254,-0.014948150267473218,-0.016129515466426343,0.007325494669701866,-0.017088626919304063,-0.01506870196913963,0.004757155215461699,0.08171371698429578,0.06678223431586477,0.05318677661961463,-0.020416022429655463,0.0016555899134256897,0.019003352833289234,0.055094544872987754,-0.009434845447447951,-0.03769497395938252,-0.005982228238296835,-0.0635961883699067,-0.008942837485944268,0.009221867368909543,-0.05147582140078661,-0.07863778497966158,-0.017105675569846213,-0.06652588899203431
FGF2,0.015971401785597934,0.004354527088577577,0.06741227943621314,-0.050151353009309105,0.0047062431368823515,-0.03480881372318796,0.011534933926930852,0.04419580736591295,0.011424732482735107,-0.023424554330891797,-0.004222868765672024,-0.035296038660206495,0.04747172877531752,0.0369684953172955,-0.10178292439010969,0.06975386815025685,0.0038240142712897833,-0.016899392699621592,0.028684887791954737,-0.0005273175790721246,-0.032366236652741874,0.03901426564811852,0.025099034754178653,-0.024085539018618145
AGRP,-0.015143462275109895,,,,0.008832918071324511,-0.020504075245896192,-0.016143179754655054,,-0.016992998879525198,,0.17291413076318105,0.0801187788380466,,0.04515351403921487,0.003416093187594628,-0.05827394596760073,-0.0551134597024617,-0.021852546201810312,-0.021402805983663162,,-0.019097387951607,,-0.026955601009509896,
CNTN3,,0.0011569181220510724,-0.035185743930964394,,-0.011216817206072482,-0.014169688470341711,0.06476059531490136,-0.002327491298671784,-0.04303746694043681,-0.018307535924602967,-0.036380196232019,,-0.026884270564222025,,,-0.010195774322461392,,0.054767628617704914,0.03455129197167533,-0.04530682304629578,-0.03268717971375955,,-0.05576633459183088,0.08534047667128747
RNASE2,-0.02256259684153278,0.14969870703609617,-0.0192701681491107,0.000896748768774543,0.06013655939849949,0.0414292850474688,0.05809721490760344,0.06170547445993484,-0.0018719890470364892,0.024672649542430862,-0.020129377142825415,-0.027557369968116394,-0.01634559042819594,-0.028116176105387466,0.14091471574285974,0.025446204485706714,0.08535722715122836,0.04281878223996664,-0.009551697589315436,0.0764970697822305,0.021993218581376886,0.02938604305217436,0.08304709461346244,0.13776312008670416
ADM2,,0.11403827424460898,0.0317379350018222,,-0.0026560305569365236,,,,,,,-0.0224499230142633,,,,-0.053828384571782455,,,,,0.038237391224753024,-0.023506759181438255,-0.011736496332215194,
GAL,,0.008075980019604613,-0.021932205771585767,0.020541401442695614,-0.040004584813846056,-0.012090892882460874,0.05654663277410111,0.0020633220816801126,-0.014577351620258137,-0.023051573911680664,-0.04422904781770816,-0.01837085894100626,-0.022795660437537356,-0.0019079234083327911,0.00038345822670501987,-0.022878556202666555,0.024797793499761463,-0.032116604029936414,-0.03303490482286252,,-0.024575567504371464,0.06380752625076995,0.030017196457611566,
IL36B,,,,,,,,,,,,,,,,,,,,,,,0.037378237282814496,
CXCL6,,0.059106181155265745,-0.018557052508713916,,,-0.02050406349349868,,,,0.017457215412516817,0.029935492987321836,,,,,,,0.0017036549017346242,-0.05730994284756382,,0.03310548244353097,0.007584869815965023,0.03238583267501893,
PDGFC,0.012166370379347556,0.04020312490550953,0.02980104278121881,0.002052207083304166,-0.03813013449201863,0.0232904777079963,0.07391776322986095,0.02225974388120307,0.0333020694622824,-0.015066941452283966,0.03290098918306635,-0.0252060474183297,0.047460531983311294,0.07008414463000374,0.10069546105801576,0.0883186174168812,-0.0007727720705787511,0.011971036047161987,0.021161137020500563,0.09279297942002097,0.004842558758399232,0.06296583654900245,0.04818303312489945,-0.030975504102176945
COL8A2,0.009407970269167456,0.02577747178447628,-0.011212169866194175,0.0493192118690119,-0.02674883043699935,0.0011321873101346044,0.0033456413512113403,0.059380381735012415,-0.03455873416423219,0.0014373104088975918,0.019246222101955437,0.02851516657040914,0.011244187817254175,0.02557270610876558,0.07204336691353155,0.12339618504728499,0.046272282803074834,0.008659330846343308,0.06678490281948277,0.004451724571560154,0.059137927188018635,0.08972275520681422,0.10327803667995682,-0.03580342862237371
SPON2,-0.009416602770009563,0.033301900003272315,0.045682141045759926,0.054378310083893204,-0.06316029095951514,0.08292700783032472,-0.002831693231429024,-0.0023066879698421736,-0.017950391141849077,0.02597353289061619,0.07794197340008635,0.07034022714731976,-0.022896733606418952,0.11041876038440791,-0.0510386948664119,0.03738930853341289,0.012736331554492317,0.0195621663246368,0.04082520417361497,0.012198659116378598,0.01876501245358318,-0.00028230490747907543,-0.022649651487340203,
LCN2,,0.1043358401797922,,,0.056396933982991906,,,,,,,,,,,,,-0.017790581451213774,-0.02698093597228617,,,,,
SEMA3D,-0.020894464009856267,,0.06095749678137675,-0.018225796243291802,0.017831412091179766,0.07194902008741533,0.004154966883577519,0.04354793270762454,-0.042640559780742895,0.006513074671070778,-0.023708983939204304,0.0001921004278678451,0.030517508632253082,-0.02815343293595284,,-0.06403997494800753,0.09767241622484796,,,-0.0006825874965327807,,,-0.023742254270397216,0.09913334625375245
BMP6,,,0.045160208761178294,,-0.017869031932856546,-0.024821705452324868,0.049714146965197555,-0.019156569257577586,0.11079306521301645,-0.025615493195049285,,,,,,,,0.042398660036679775,-0.021941767840261382,0.11460579070121048,0.0173977021211722,0.06628935789438219,-0.02957893718994374,
TIMP2,-0.011814099100480618,-0.037711178758990826,-0.01853488211033531,-0.007961765304935886,0.0010424384567302189,0.028847105950061628,0.04448073263074176,0.05161977875584984,0.0038980410774741956,-0.050312062008335046,-0.03271261701115573,-0.06904703150909476,-0.029506443031333342,-0.07033724792246258,0.010563110107298233,0.04907761778915682,-0.023111496913221098,-0.012583313848815737,-0.0327603254480544,0.05974251999307688,-0.028307660630858846,-0.004358362433285102,0.0425647010118441,0.019387535530313173
EFNA1,0.09374998502890468,0.025255666551067542,-0.06346413850776621,-0.00995854875144061,0.006248861886121725,-0.033710401117778545,0.05449198962632049,-0.002763338164093623,-0.0174006569043536,0.00787244282519342,-0.00791536723151153,0.0072144146092723216,0.003296348289710688,0.009054027895763518,-0.06085083178188665,-0.030673431575194917,0.012083493773981333,0.038679803247587796,0.019221962232651234,-0.032727678808746406,-0.07228632843093744,0.03512661530080335,-0.030237276118124847,0.012719926435805834
S100A12,,,-0.02544118228989342,,-0.020606619285427175,,,,,,,-0.019105865612814715,,,,,,-0.0047727959836932855,,-0.03092744063271895,,0.009366238412185637,-0.02534377514391493,-0.04616991252964577
TFPI,0.029536642831296006,-0.008121749909334397,-0.018169697432994625,0.12302844598321379,-0.02947176008339425,0.04607512112234853,0.11539690987731953,0.09162260066221496,-0.0042546069743015546,0.009088149998502791,0.0747032488214144,0.014968412203429834,0.039470922536185775,0.054777017361555234,-0.06729223461880975,0.046052401777032126,-0.03237036637848344,-0.04961476915998189,0.03437768591071636,0.04748563076024087,-0.05606516953687856,0.0007432748241925058,0.0469922169825144,-0.046169904030159824
GPC3,-0.02140865618891642,-0.032355356657613944,0.04143143250420406,-0.015473887837655756,-0.02589718492892711,0.07351786636677099,0.13374146420297997,-0.025277218614636165,-0.020368163371517787,0.02136688288761548,-0.018566699982120186,0.06307505891915723,,-0.03588263755992045,,-0.054743098828885214,0.08139542515806163,0.007379917012204891,0.034146896426233274,0.0905694450958957,0.0028153023143723727,-0.05991640261040906,0.06891474558569112,
NMU,-0.020357366889214346,0.050890112084307895,0.013623504516176565,0.14012681987912964,,0.004257030119882484,0.0688885706449573,0.12732047259019347,,-0.016718072000897862,-0.02355035872157489,-0.0020913737974677343,0.0011076004272841064,-0.05964965363415665,-0.0866714119260041,-0.02145034974817809,0.009462233657437057,-0.013117515046865515,0.02914555094682621,,-0.03726934041643312,-0.023724371230194944,0.015409411982573125,
SCGB3A2,,,-0.029061680784659507,,,,,,,,,,-0.035237857679698094,0.03937865615640627,,,,0.006023304787706772,-0.03877023380342569,,0.0031722533393707185,-0.003559942810820659,-0.029578963666527305,
LAMB3,0.021512666712935804,0.09122514461041056,0.07375746492422912,-0.04444155208340155,-0.014852972006858306,-0.03861474046686593,0.04672489270266792,-0.027396140130836282,0.009812150479617095,-0.005674870906652253,0.020669800590297865,-0.016218396253398614,0.009600105698135537,0.046137763070620445,-0.006529334399270979,-0.02814292264377896,-0.025167214705227828,0.024768279206570952,-0.011634600842672435,0.05663924873449474,-0.061998674296888726,0.008742814184411727,0.026911242684971252,0.029513234161496208
LGALS9,-0.07019491167864941,0.038909741852094816,0.03221255515527569,-0.04814260146388271,-0.0077721644082518575,-0.015018970515781705,0.03264340335787956,0.061616907840033854,0.005801416991843709,-0.02742445668803869,0.0222516036690091,-0.011465854443565559,-0.014236213813967129,-0.05079124364346809,-0.008458143997046884,0.0852347063663102,0.10944224872434491,0.041963687879378105,-0.010088256416999793,-0.009075641870205653,-0.05956469740221909,0.005400317232676967,-0.011547257948888764,0.10145307298508678
VIM,0.10644697615352539,0.04965904853199753,-0.05539557113607687,0.037804249192176724,0.003375080061588021,-0.12963642463926525,0.05827752604373613,0.047451639816484384,0.029460054833069987,-0.01549239275116403,0.03442839000501749,-0.008900434591248396,0.04904485679422704,0.04558147277428662,0.015415431857568745,-0.034011917341568644,0.04060552885540436,-0.0475009143927569,-0.04654659176001178,0.1195721344816266,-0.09171456894424816,0.06332782556646108,0.03705142465979902,-0.005770582337758614
PLAU,0.0538105453330718,0.06547938456033718,-0.00029586628421410417,0.056513085571576076,0.004345790709069918,-0.042918829200699324,0.0727147351698532,0.037497476696558965,-0.014640923166431829,-0.024117175167824297,-0.046596904802145934,-0.07285452708218157,0.05987299152555326,0.04988794888667117,0.05798691131691019,-0.00036092930272283894,0.031321601471028686,-0.017676656759998688,-0.04028437764506926,0.0671024045097705,-0.08691291700042661,0.006795796412042445,0.055459830561785335,-0.015546137171064477
TGFB3,0.04913268581477889,-0.010991950070831336,0.052819837416924066,0.05466135062406093,-0.004815947853676604,0.015343802956287896,0.045228902973692656,0.0526115273104257,-0.012281453425297748,-0.015670035735998466,-0.027436288962026083,-0.010521820725091637,0.007438234250013305,0.08978437034922974,0.08121855209715316,0.0029043324276096195,0.028590346518325066,-0.004961330311016341,-0.032273562316446056,-0.019104684239204577,0.021267053110361398,0.006975809615716667,-0.0002602119438126049,0.012629469620794583
APLN,0.03664033058972699,0.043387374934146135,-0.09729856479247774,0.03529404009656799,0.016298680021577746,-0.0942697992068032,0.03628173147424224,0.10656926045249288,0.006145374093753605,0.04562624889966641,0.006654403798408283,-0.024540313727857015,0.05388224489331996,0.1117222859630249,0.012051500898708148,-0.002377740972096991,-0.07606443423527562,0.022879481846203305,0.0008833669610928205,-0.03608964305222235,-0.004927339131366881,-0.037210527827671744,0.0006662288272559691,-0.020176338418267426
SHANK2,-0.01793209124452728,0.010950221398055047,0.1400511919925775,-0.04790271188470715,-0.04523597268168606,0.00907491323213409,0.03887159085991731,-0.019459886202290017,-0.03136095071542898,0.02464364899480469,-0.0045118817219813,,0.0001340861777830844,,-0.029454586241513755,,,0.020273313035852458,0.03621485029896296,-0.030129528676483303,0.04926426294529986,-0.04837290443003358,0.013548350520277109,0.1137886414788846
LTF,,0.00870348444158413,-0.047013351419294316,0.02235092709490206,0.05621279129409232,-0.046759910112454374,0.02853237331984321,0.05040426995034997,0.04007462535976461,-0.05672882028412608,0.01948814116530922,,-0.016106327205046945,-0.10817717191484334,-0.02888227410327144,-0.010353010602015043,0.06267801370541536,0.03690892012034337,0.005772929642546629,0.036768652293013196,-0.02504824395771007,-0.04424510287184328,0.04619779059335948,-0.0475922789651358
PYY,,,,,,,,,-0.004544527240157775,,,-0.015103725905081545,-0.021137997613350057,,,,,-0.030903899503474035,-0.030706180659649873,,,-0.044259049558618854,0.047911969587812187,
PENK,-0.015602691646478706,-0.017910169672875054,0.01740794849399699,,-0.010033006050268873,-0.05236294792727293,0.008283162830462694,-0.001567483787941257,-0.005783599140409656,0.01958908165318816,-0.0351411634475228,,-0.010152159963634775,-0.020112980227303057,,,,,,0.051831204098853924,0.0037879387089596213,0.009446997104481304,0.0007098810513487303,-0.028821721053227133
CTF1,-0.006872738642543668,0.05322496270178936,0.013772496858744354,0.029062324224771598,-0.033665158913436265,0.0017742738086322578,0.007453222376345367,0.011473870812393146,-0.05880340374979087,-0.026106947063643658,-0.03674395138974697,-0.02028226654565475,0.0067541723106052005,0.002663938444574256,0.006151105404939389,-0.02601559851032044,0.004078898566273612,0.08924483951461079,0.022831929513907657,0.007490086910708584,0.020696813977319924,0.05536980118977488,0.03933616759627035,0.07071851910186677
COL3A1,0.053695227051120446,-0.042979322450825454,0.03360714218666996,-0.055741595322927016,-0.019725596321144363,0.035013169846488855,0.008205404374371311,0.10363862710296966,-0.026138322412512217,0.024184467745819765,0.01866120115180482,-0.06318256797508699,-0.04442369765972091,0.05242445854715761,-0.020716823726192997,-0.02702187470019896,0.012600126169007719,-0.04713574833907331,-0.04004484391369024,0.007670237688643841,-0.03880684769245694,-0.08728798075802141,0.00043936699326907035,0.12486631031257224
S100A10,0.009794671156269525,0.07388773011228851,-0.08843175049300778,0.10230973396577656,0.03499047134532181,-0.10115691703910015,0.04803949664339805,0.04442520664615664,-0.006002312831048565,0.032118287604671884,0.04498820658281057,0.004292610947816362,0.016683479289319424,-0.07661073197766037,0.0006540055136779402,0.016361114132059654,0.05199805380753722,-0.04545126368849624,-0.016739148960321523,0.048651758577815916,-0.07676911622503918,-0.0620092312905227,0.042589742814255586,-0.046435122152607915
FGF13,-0.0028060519253878583,0.06856640958786293,-0.05455012663280176,-0.05880928911258136,0.008037776506000897,0.05278325465439759,-0.014184711095851052,-0.029579911782516396,-0.03383463800456564,0.012698106262813041,0.021937440598669106,-0.01892458832033675,-0.024162986697460184,0.13482270269545096,,,,0.06308014358670581,-0.008159602262100803,-0.02804302435893406,0.06420404053293803,0.03890668277827234,0.016350577535076256,0.006680903594964745
SEMA4A,-0.02548213221690711,-0.0142767857328643,0.02944685375224947,-0.015223174760110939,0.0064480634271203785,-0.061589314574138215,-0.030298969893712648,0.029546806967543037,0.013860266426545573,-0.0003707370756457743,0.01104899259410424,0.004103796230995866,-0.025690874765808624,-0.04578171793124116,0.1640779698268169,-0.07255508067460044,-0.03482150141513489,0.08863136537488112,0.011483139119150223,-0.03541397150191733,0.02082990955366796,0.004484699363458378,-0.006437191196839897,0.03217158838843768
EFNA4,0.03113115292424081,0.027872985585680455,-0.027001750086189942,-0.009475332747150745,0.022965888005852843,-0.011766134044783995,-0.030056764876593478,0.06335985422015918,0.08570290584990982,-0.0123299127955136,-0.013329633008092657,0.005653656636691001,-0.04644227399150322,0.0904604917354511,0.04814285835342622,0.0103653656261976,-0.05601043611514403,-0.02018277006846133,-0.025203441731218745,0.05201680447651117,-0.0309863042517111,0.05831783371832336,0.05933983128238487,-0.01898232368607836
HSPA8,0.01879565582789386,0.033784032605009666,-0.0070932563184673185,0.01879097079118754,-0.028932556759021757,0.05702581741247792,-0.02487409752720272,0.052400319041678314,0.010604875040442361,-0.042115318049649984,-0.04572683649779227,0.015914793221264694,-0.09051570982316962,-0.012282883493723777,0.07795550088353713,0.01616347722495689,0.0471228650871821,0.06027005787843234,0.09172252129682464,-0.11839874545468025,0.04486254977880407,0.020016630824831863,-0.0171531774244064,0.04548103881599449
NPB,0.021678972898296046,0.06361572952555006,-0.01617102067354721,-0.02391320473542075,0.030824974584849927,,0.03490070109764831,,-0.010826941836211546,-0.004769156101547433,-0.04776664243868782,,-0.0013361981178829983,0.04184284427462149,0.04327527099894086,-0.05665809541659436,-0.08854246462340308,0.09047184249171929,0.009672480798096255,0.0542657682950329,0.017792989575624318,0.07393341401078755,0.07034173243897736,0.060054114473782755
ULBP1,,-0.05262270808265325,-0.014107834310815482,,-0.011839207880433711,-0.019283111645407757,0.010218484589779501,0.15087414583991177,0.04684594195964074,,,0.004358625519674871,-0.02359229034209979,,0.07649870445141357,-0.023365956730942744,,-0.02851644179504418,0.03576296054124668,,0.03264869806565807,-0.015983288679139056,0.08737633897719452,
SEMA3E,0.1301821303627738,-0.03690076573008341,0.0011566452066297274,-0.005889032514350915,0.03640417009040312,0.04966790815605932,0.06412945515649025,-0.0063874903760180795,-0.010626498204742313,-0.00664157520493075,0.028553907035535557,-0.022293531854063665,-0.004235529517822768,-0.0001885989764371577,0.08591163195156933,0.02765857243594468,0.06817442692477332,0.019341274452697788,0.08829773745881268,0.031090943131098076,0.06963809880123835,0.0722103838245182,0.030606650324098462,-0.06394200583452496
FGF3,,,,,,,,,,,,,,,,,,-0.024497314807811636,0.029559762570186974,,-0.046593650160689865,,,
ADAM9,-0.04268068648307012,-0.005850235144454432,-0.013135218034908962,0.0364158869249706,-0.00803571672914058,0.038564469578176934,0.09921956219652672,0.050247937618839375,-0.0038721128986035675,0.01885446367771888,0.08652952818608552,-0.03192736795709927,0.0101703734719997,0.029563414848440786,0.00391977565292582,0.04208222589175365,0.09048631276981703,0.01056631202882352,-0.04485948714636372,0.04218485405530396,-0.033823099623260314,0.0112823413660019,0.06511533379370213,-0.012999189185182055
ASIP,-0.022236597265363943,-0.027012906148351085,,-0.026195138075204828,-0.016460487428421502,-0.030436617947946748,,,-0.02124034260308823,-0.012516398297141013,-0.024393002096996148,0.0358818817690423,-0.03028835786289335,0.03587727599237348,0.011329547931639747,0.01171167689667144,-0.021445423119856092,0.08082910507046083,-0.019611324170440165,0.07305655001960089,0.010264098544729594,0.05769692541278635,0.027015441523260932,
IBSP,,-0.03761352098953844,0.010770546251885768,-0.006319767822897241,0.0008624385631421727,0.054806988106440954,0.0453440700481818,0.1183190409114209,,,0.027262707892739727,-0.0389185884853173,-0.05335677888325408,0.09760871161922328,-0.010959755958183236,-0.12718576609957785,-0.03517882532382681,-0.05256596543339337,-0.0664179581395535,0.01915444281750211,-0.015582214859679255,-0.034885586313500375,0.0714023619392113,
MMP12,,,-0.01642446983025733,,,,,,,,,-0.017014123484371722,,,,,,,,,0.10564114831380396,,,
FAT4,0.007740611513178599,-0.04432731612834868,-0.011738241584421279,0.08767143770490145,0.01970040293859851,0.004809380924612131,0.028248938596982628,-0.025254392019536994,-0.03137465280638438,-0.008636294069278775,-0.024551712431012746,0.06794953703399252,0.02473658651555635,0.05737456623022192,-0.06681204436949631,0.007760856456803965,-1.7362658556168116e-05,0.03096543317041078,0.0796535243928358,0.018397685912289085,0.09917195058714119,-0.0003667822450737504,0.024807477115006152,-0.05713622216981673
MDK,0.012489033630496834,0.004832488497800391,0.04263904127453944,0.0171597464954138,0.033559915117745615,0.019842169340931786,0.07788750024771329,0.06301169757576833,0.03902631981441792,0.04258256830384488,-0.03415643618755387,0.04667423108483907,0.024396763343626726,-0.015342374111286755,0.09758627874878276,0.048323659302236845,0.0356080949385025,0.08951929713663795,0.06647855267434957,0.013801639050746146,0.08371930821928988,-0.01752177007368957,0.027690868567258563,-0.02107488258358322
BMP5,,,,,0.05897563177065515,,,,,,,,,-0.031668926140996374,,,,0.025829426180340016,0.1432858569535809,,-0.008520069863418486,-0.020990107644661644,0.006922054342740638,
CAMP,,,,,0.025341949808268014,0.018272662215321023,,,,,,,,,,,,0.07177059139423081,-0.03428731274317263,,-0.026474019954072975,0.03822547724687015,0.08615435549492118,
HSPA1A,0.006891944382119019,0.024432901582413045,-0.03504622860204718,-0.08377298742281267,0.013827666338637344,-0.032200394235319896,-0.03867218322834106,0.051171730943306404,0.08202950971460081,0.02228812973924661,-0.0012412333369243914,0.022186421300896045,-0.05616536867783922,-0.023299051778362005,0.039111829194980685,-0.05961883505881325,0.03895842629009088,-0.03231987262734396,-0.031961480983052556,0.06808194910428648,-0.03106254000782042,0.06828290114966364,0.022549031279164463,0.03508330287973891
SOST,,-0.028606491996585257,-0.025441182363298225,,,,,,,,,,0.017047299268243422,,,-0.00765234570584535,,,,,,,,
SEMA3F,-0.0007447077483186158,-0.05018341849061703,0.07101169723040579,0.027131940229574002,-0.018806724662082077,0.017615409298020124,0.11212862637879845,0.1150174067892185,-0.00921686905594573,0.01091031957557322,-0.027750909498646305,0.00812036693367327,-0.04234126475970314,0.07044406921620869,-0.005879817043562905,-0.052990491464506365,0.0374571804750221,-0.00854914598535583,0.018311492811020617,0.07334630565599075,-0.013668726935277231,0.03216685773968027,0.024828386597082336,
ARF6,-0.003230988135332424,-0.041417943362358385,0.02028541958524533,-0.004855092910755738,-0.049808707773958495,-0.01817937137231347,0.03252576809134098,0.009350952572452439,0.038447058107422445,-0.047850807513150136,-0.03560897756296343,-0.0019737707202732335,-0.006967472947047012,0.018833776879966093,0.0314644021071728,-0.02892981218556749,-0.012333680500743448,0.03590694213138571,-0.043041081717898534,0.025383462223109513,0.020421666038950275,-0.02831658189215306,0.008789057235175134,-0.0229329953407358
IL6,0.02538006311372016,-0.008969058361594652,-0.02210280201745601,0.005932025790240952,-0.004561030379165191,-0.009613981897216455,-0.02425764324621227,0.038806535810809076,0.050541901262117675,,-0.023574568249287203,-0.032362366015082425,0.014924112570737509,0.02934596715626585,-0.022539908888784894,-0.11530052376222183,,-0.0023695468229213918,0.09983570815733048,,-0.029580179660387694,-0.02242384509031616,0.07097233976103375,
CALM1,0.07139988749513318,-0.05394568952992617,0.014754427350575297,0.06732971852400166,-0.022143617691367187,0.042109781177324696,-0.07759085449553263,-0.059224498159744204,-0.029914251402700907,0.002913665068760407,-0.01489439789685949,-0.03360855948668416,-0.061028879731075736,0.029684471822522627,-0.12272757901670736,-0.02659085933637917,0.05600470951791717,0.027259249273450994,0.03616753673106522,-0.04951202334292918,0.12151001530277715,0.13540858258671323,-0.026062738048729595,0.002618319471170714
VIP,,0.06936174836143255,0.02261503789499882,,-0.02790294906930109,0.056734698595756486,0.046937449492673256,-0.018789129623677202,-0.004768061681148695,0.06603527973003817,-0.011809133773385976,,-0.0026931051208875807,0.02360872023467683,,,,,,,,-0.003714479857209667,-0.04999364476813254,-0.03341414295034459
NMB,0.025683006169714334,0.032667638532133676,0.001039083719538305,0.018786774753343918,0.00014975122287764396,-0.005216784988096188,0.1247086150674614,0.07363764988537985,0.030025871188502654,-0.0038779485145908053,0.006180595114200111,0.026365075242320537,0.021912173340468005,-0.0018860981602314484,-0.12072402644863865,-0.008579953367868171,0.004423572848558058,-0.01804686841621956,0.05963147861030001,-0.0244308333486407,0.04991787724113382,0.02125104519875947,0.051642162831262335,0.08671686827913867
CCL26,-0.0030991530899485554,-0.035056365115019264,0.020502237463447582,0.059315091270330085,-0.004078490777641711,-0.010784075557282731,-0.01636881814858003,-0.015210511604300953,-0.014334639863874838,,,-0.04992797107987148,0.050698294527709346,0.02078927049901942,0.029511521192776967,-0.022065477462371273,-0.002903313682989017,-0.05522650992813325,-0.03284622067619159,0.05753905082389426,0.0020941113499615967,0.00992722846107504,-0.03908724924885243,
FBLN1,-0.01834193726211319,-0.04202468895284969,0.020497810809715925,-0.036996571442457764,-0.017534039964966643,0.047761417733536454,-0.004506821596983792,0.05690103591363715,0.02920358567275563,0.04501589108946601,-0.019985117458117364,-0.035013628452884166,0.0047000683189303925,0.10748955402352871,-0.033650425609982146,-0.025203652652842017,0.001121934099788239,0.02245834599409286,0.004723298203501452,0.03339924174175113,-0.04288878703161619,-0.007874816498526957,0.061123202029896725,0.027884624220279885
SAA1,-0.017119119017128193,0.0576597871407229,-0.013715664516703974,0.09269968609072837,0.05515195454715876,-0.08181890907630307,,-0.01393817262167933,0.011602150400357749,0.005082761958670646,-0.04058264184684053,-0.03830411479475379,,-0.029817490808177385,0.06053051856706492,-0.06346489603775485,0.1422871686633988,-0.003381647686291286,-0.13907744745977532,-0.016941789162408114,-0.025169331183681445,-0.016792440581610585,0.022863763036847482,
MICB,-0.01924202162111009,0.12755248274550438,-0.021535358815655842,-0.008690526005787335,0.004709082734220577,0.007039830494499217,-0.027360551328696196,0.07905354375764588,0.08432855041099563,0.001602795606846301,0.09223551973701839,-0.015479611524520626,-0.03405234810223143,0.013133169585830815,-0.07417795804924397,-0.060882964574382366,-0.03048387219881531,-0.027873567182382344,0.027216263492433352,0.008860682733201633,0.0027822107835770225,0.04929722320348891,-0.0018437015050492111,-0.03637941976204089
MMP13,,,0.07042215342410131,,,,0.08216449393008758,,,,,-0.007419455330742631,0.013110241383437039,0.1160432528169354,,-0.05099646328446757,0.05730761668374003,,,,,0.09841086247889959,,
F13A1,-0.02352176605708979,0.099492246958134,0.0190499878360185,0.005007336373395833,0.04116288850289386,-0.039578328636248876,0.05740803065608675,-0.017268417791580868,0.037269382575278155,-0.014192517838862688,-0.007408054042652565,0.020717635337210695,0.03148132199491843,-0.06246912350612398,0.04482318891809532,,0.04776563218330926,0.023840664183857545,-0.09863319685788052,0.12934735863987604,-0.01795842935439567,-0.05105073825244773,0.0358100458175416,0.12218028733732056
CXCL11,0.013046121853236937,0.03865100555387362,0.014965365311601376,,0.05252064469152094,-0.027647045992550922,-0.024257644947372713,-0.01526779437122421,0.07391935737755378,-0.018484612702579787,-0.017570553584000677,,0.03206135052769291,,-0.009999163047017062,0.0010777040786543516,,,,,,0.04392412207178545,0.049024460223776704,
COL5A2,0.010017224563055427,-0.013018518612633782,0.04864013066589921,-0.0038382263124697624,-0.0017512926830090664,-0.028748782793525014,0.10545930449246527,0.08870818869567218,-0.04523688520014048,0.013063071911394936,-0.0019130806476101061,-0.09617603238169514,0.040254489444745696,0.08962648434086645,-0.038305334750055174,-0.15339136400510642,0.03529541984465679,0.03658789653587967,-0.003428621672366934,0.025612384085955366,0.031086881313577293,-0.053904832280563114,-0.008876894484391051,0.05039440425639946
EFNA5,0.029594936640386517,-0.0032369569804674603,0.03548753393885856,-0.031938635107839675,-0.011906347127781262,-0.02045293030758533,0.0753738352711879,-0.014467710165252499,-0.04761825571871855,0.02614489974915675,0.0031525910491376243,-0.05361388455196153,0.004231768253781758,0.024531255933980454,-0.009676063591409512,-0.03545163462483304,0.015384644646804262,0.03725281237811263,0.116662684021054,0.11151867967621643,-0.035771420172929634,0.04428071679709838,0.048356971583605766,0.005453648948377042
AREG,,0.02782652478611599,-0.031219151292695733,0.058765601166186655,0.034483201740780144,-0.05503027955062471,,-0.028365299655040144,-0.004621712391523616,,-0.03789066062944184,-0.05104773460982009,,,,,,0.139225189065165,0.03083424708187641,-0.010777967573226493,-0.02930855916189846,-0.004150731795776539,0.0017410142824378356,
EDIL3,-0.020965099934749806,0.002561006477167792,0.06606170873836807,0.07257881944836393,-0.024947443583103784,0.03686429548468619,-0.026896098947478263,-0.05472135526669979,-0.0032539721300841058,0.013266016236400939,0.005966576832736989,-0.023062563315464055,-0.016191122443655507,-0.03918123859103177,0.01036375299184027,0.06237446293889144,-0.03381491972550738,0.022930915245564322,0.015076007326206058,-0.09302763723426506,0.04716590003316284,0.018412020116240976,-0.0794242450526265,0.0862912334516083
CD86,-0.03698393132060876,-0.007116609232091951,0.0026398412264516187,0.00441476715839248,0.009334519007282882,0.04869476626221447,0.029094700483168808,0.032589776473917,0.019058987475205867,0.03183612937246189,-0.02617123479312916,0.012332787257218925,0.011618251150241003,0.0242124452627316,0.014120444934754494,-0.1234389940966662,0.044758343544408934,0.09927072536801496,-0.010394027695955746,0.03415144544171438,0.03981437626143397,0.02972954811878502,0.07292230790571057,-0.028036808668288386
AHSG,,,,,,0.08346112510592643,,,,,,,,-0.02936694933556771,-0.03687691581868422,,,,0.006004477564991557,,,,,
WNT9B,,0.043011801602611296,,,-0.016214326551475134,,,,0.1126303091976643,-0.0187086012233879,,,,,,,,,,,,,,
HRAS,0.013820048846536941,0.09243858372705041,-0.02624768240208773,0.02972717779191361,0.014880782281248839,0.041167631878331404,-0.002455998973025406,-0.030810544441427102,0.010247918457705035,-0.016905116849056597,-0.034105601985253295,-0.035506409292851066,-0.01513294266830281,0.008125468207817283,-0.010840956977843283,0.07286257828399798,-0.054164708264396504,-0.07699949299506009,0.011723988116123945,-0.006858263136425959,0.025104014652539676,0.0019030060068437194,0.03617815926560581,0.07238094676524649
C1QTNF5,0.14205503114985063,,,,,,,,,,,,,,0.0940215659494566,-0.013563027050128126,0.09250071047661393,-0.012317616305435262,-0.014575710198810873,0.08542945636944609,-0.021221274247663024,0.04445988075616493,0.14499680753479494,
RLN1,-0.01560269294240523,,-0.016920491434917334,,,,,-0.025101122348672327,,-0.020317176338567198,,,,,-0.03808830578034879,,,-0.02368152128195136,-0.028909702333466843,0.04719568462059279,,0.0066313516665112305,,
COL4A1,0.08342713917701834,0.07554756032935125,0.024216784545856823,-0.05540802345077697,0.025563127678218594,0.07542097315850768,0.06445402788330647,0.11769470375027472,0.035990563115263656,0.05202751065234904,0.018732614167611693,0.034948090691247206,0.052010318630060615,0.09026422024932595,-0.006833257951618727,0.04717943336939087,0.0707014574096394,-0.0036755712487920216,0.01459566293145116,0.036676070133667964,-0.02741873170420554,-0.08994881471531857,0.010658468678432998,-0.008317048891823817
CCL3,-0.042736913121783196,0.005837446117653208,0.013914181933759692,0.007148115744813487,0.021837827638193474,-0.05093645413485232,0.03607280517827988,0.15516692496745474,0.0387129872152687,-0.04335815270837338,-0.02519944638950392,-0.08199068557652373,0.08567242127625174,-0.057829399475334414,0.020544062945328827,0.011657920361724526,-0.03641670209222263,-0.03304892131560803,-0.0635887937163174,0.01379197545743595,0.003389001323856095,0.07709788011218387,-0.02585949487308191,-0.08394679408478598
BGN,0.07162734759973616,-0.02345892564259083,0.0038016203656901205,-0.05698308755176445,-0.008940263046407203,0.013080030991359947,0.10953593239854714,0.11749581798337355,-0.0646651482968029,-0.017862686472083344,0.021279704726482242,-0.04718165044724756,-0.03243296088043978,0.12318482401794126,-0.006320071754974358,-0.006788771195987859,0.10819848699030216,0.004237226289214807,-0.02630555554763804,0.034688470192515634,-0.0380031419024086,-0.047155448606078926,-0.003865004274046012,0.030276777678144396
RETN,,,0.03839509659683829,-0.02141049618937822,-0.005679735345033872,-0.03631605407785986,,,,-0.03129338777481808,-0.03036643097195832,-0.014877173595759395,,0.027019085625611866,0.015360586456938342,0.09963609281657944,,0.07635583500125004,-0.010540921787377823,,-0.02274491584367435,-0.0034562922135718357,0.1469051139003775,
S100A9,-0.045556653852018916,0.11474947348310646,0.0035771180303721373,0.008062848305542752,-0.04470050172549737,-0.00012671535398330288,0.05093092862495734,0.07206102683983497,-0.053677603762594485,-0.01606721960499949,0.023993324300783138,-0.08634707739037129,0.026730099416846443,0.04122989625786181,-0.01743159162244511,-0.0716232280400831,0.004683102159022484,-0.02606584966576507,-0.0939455056985798,-0.04802058159337192,-0.021121693471663434,-0.05192440003213899,-0.022710361013118054,-0.0270350843588427
HCRT,-0.006519897724364015,-0.004742573087346871,,0.04935329789690542,0.01645500531537102,-0.007414874749319047,-0.019599477498423962,0.05026888997122045,0.03496906834206031,0.02973077598627154,-0.0329696635884581,,-0.02002265795513318,0.061899049201178974,0.029405077253441752,-0.14502637723013304,0.01629822854060171,-0.0064133699514643755,0.016429809164176544,-0.014757574520679795,0.017009979006334094,0.11614329094079938,0.03858470129211349,0.006403277127728017
FADD,-0.024574741398966933,0.04234110188839661,0.041961479979325624,0.008301257168198375,0.05712787704961469,0.028491449471746155,0.07347057382339867,0.03253479293298909,0.014626140848818905,0.013526031196255589,0.030822195319061767,-0.010493226857344076,-0.026313368651558523,0.04387877384990688,-0.00884354766761047,-0.1028568255564345,0.07249865497783735,0.06705495675288718,0.05069057487109239,0.0075116190219207,-0.01157866192676143,0.07428831874545627,0.025331504012891352,0.07407764796857902
ACTR2,-0.04279607101954556,0.043919336684357504,0.01915146753102017,-0.03804057359648532,-0.05243045360093309,0.04168019823439045,0.014938603536695324,0.011659486667320506,-0.055763870020563655,0.003566622954103481,-0.025966425575589615,-0.09467949144866034,0.0633595192761652,0.04755300598883043,0.02909276809816279,-0.013317653052963025,0.0390524172974033,-0.009583532209629974,-0.06078794041040561,0.0827145715346815,0.05150729707281347,-0.07735834153031612,-0.0318191362460618,-0.012816312637516604
BMP2,-0.0005094810438263226,0.033582423309545556,-0.02710495382955375,0.07781311706332115,0.025836034234404632,0.021372453256055843,0.03945308482268144,-0.03086031032339346,0.006813429465996516,-0.03623472418768124,0.0029551542619132257,-0.0025815603690578703,0.014849503028478516,0.037579963922403696,0.057030684106641874,-0.001875568832746136,-0.010884274038532048,0.0647448896378154,0.010626322257044052,0.011277411624503101,0.018065600040616546,0.03576209693648175,0.04061359146741858,0.024631030463094495
PDYN,,-0.007584816341832822,0.007382632563432878,0.03079468132866484,-0.04563929347384704,0.04775083416721149,-0.006292026405791093,-0.0241639005512664,-0.041354821618750544,-0.03243240900241041,0.09067832756094896,,-0.044973765445469986,,,,,-0.006050882023819841,-0.0008952422089569485,,0.03143669525096646,,-0.044545044777947115,-0.027251351945912033
CD55,0.004050648063560896,-0.005005753444392042,-0.0008713196249282115,-0.03248327626383143,-0.0006978816770525869,0.019206498320249885,0.0201244176009199,0.015506294818778249,-0.02763121329182552,-0.056720272331332484,-0.027461267456692882,0.017057149916228632,0.013510415416253386,-0.016736013431927522,0.022925037536846108,0.07735928668274708,-0.0433339547379976,0.05057608562234801,-0.031841521366199846,-0.03297258793039274,0.0010914466258982953,0.03115605130232799,0.05518285862907607,-0.03723402955936231
OSTN,,,,-0.0009576622581551253,0.021213935066995208,-0.023026605513535324,,-0.019381658359793434,0.00511887411206031,-0.021329069922031037,,,,,,,,,,-0.028043020656272302,,,0.040772808182659326,
PDX1,,,,,,,-0.022483296885833,,-0.02180391552484304,,,,,,,,,0.01695375200535907,0.03345111946640849,,0.01118946605003333,,,
CD6,-0.02548213281341244,,0.029172785750795762,,0.02170603451408077,-0.02896472732132216,0.10372045136908346,0.06497479676092555,0.04213848698309182,0.07861822305914531,-0.021511581307493935,0.004661636325622648,0.09358076564384306,0.026224074462388825,-0.03926730291267382,0.02885888891545869,-0.044185200060239224,-0.011731452438150804,,0.10543625218389362,-0.009933372387804076,0.024219927220289122,0.00961535037110404,
IL16,0.001070035446312425,0.005725850563285687,0.01873242397853961,-0.005388705796055676,0.054319138987192706,-0.013343657025655877,-0.005834977787265574,0.06409012701032321,0.00944076108740914,0.07213080122788283,0.06537336073397322,-0.013753037949536789,0.017819961031325358,0.011693909403489295,0.013174116738385496,0.12411578617974316,-0.02780498355135372,0.048082436826558356,0.015706793051156336,-0.07158055539932229,0.04070467429712816,0.11362004933506074,0.027405911517652513,-0.06286055605102754
LAMA5,0.10520454883002509,0.032333555312009876,0.036374517433569356,0.06972261830656655,-0.00019779766501098987,-0.026454779201305567,0.02277513153409703,0.016111625584515864,0.020679022471941193,-0.005045295479244307,-0.016241327197369624,0.023477521724951697,0.027020343864341094,0.008501340986046118,0.07090908324638263,-0.059565669255703765,0.007882885057395383,-0.010039226493795501,0.01579098280669497,0.07738796460006966,-0.0588879301279912,0.033129993637251796,0.012477983997371439,0.03785394081737464
RGMB,0.006419320525272338,-0.0025799396144043562,0.03133941039868364,0.03125346664636783,0.0015249908392626478,-0.03452706239340986,0.08277747889533184,0.04306013203699271,0.05512146753559039,-0.041172672006674925,-0.02712085438814105,-0.054007733831902494,-0.0002625663054106258,0.003471259840394266,0.1082425424989187,0.027498042481012206,0.02714417838774923,0.0037056236202251823,0.005829587185462858,-0.027953733253220713,-0.015047644603456535,0.05570002464084397,0.04383835965148786,0.13121439228410375
INSL5,-0.015143462275109895,,,,-0.016691298454986108,-0.020504075245896192,,0.0511310659397722,-0.026029692936705734,0.030378408269325866,,,,0.2696871987617795,,-0.025553665212232186,-0.015195704299036418,,,,,0.12407541707988143,,
IL12A,0.034103622888153697,-0.05383155209302949,-0.030891963838675374,,-0.00023206030003280223,-0.03301392825941577,0.035696065878846946,-0.036346722733962715,0.00207440436880673,0.10108404451039679,-0.01757056324755539,,0.06714923396297764,0.07416424155263544,-0.06574329309568708,0.06261498869959294,,0.14879660151172525,0.02258177569447412,0.0552549246619175,-0.020766919882777148,0.08855717833071831,-0.02328520743143025,-0.05328984254631677
S100A8,0.008843335352783385,0.07236613777719625,-0.03651668495647813,-0.018544230160543337,-0.021776734744553546,-0.0036177328859360635,0.0396501416125497,0.06667408262056562,0.02485986072997622,0.004100046204284072,0.03856638921938024,-0.036151671547509694,-0.03794018722155856,0.012019590518956506,0.05085787330669488,0.005907654616810285,0.10212987732042564,0.012112130700844461,-0.10789880838069309,-0.03779447472698491,-0.004794055972787282,0.001623992945375614,-0.009620853146420607,-0.10075821404703644
TAC3,,0.04612214259250019,-0.059678317651585946,-0.028816837148068472,0.026394722085041022,0.04550720759114638,-0.02678003817568775,0.006946928746257282,-0.014360218916559005,-0.00811647759626887,0.0431008114372695,,0.04714560361284794,,,,,0.047228857186197265,0.039568346760299695,,-0.034584469096728306,0.09951138725881438,-0.05342586428795337,-0.04425613922430132
TAC4,,,-0.015267824955467756,0.081758416530859,-0.0028934520701884387,,-0.01983583436421987,0.0062894292844577725,,,,,,,,-0.049550935576372794,-0.03912220037287616,,,,,,,
MFAP5,0.014394337518362877,,0.020846129680772766,,,,,,,-0.024213206983957798,0.005042911189378787,-0.003480715565381053,,-0.028967525693478588,,-0.010062940896468234,-0.04497063911752955,0.058879370385912407,0.014377181721268553,-0.038713337318140945,-0.05389252003176753,-0.0079908839087877,0.04205431502951544,
CXCL16,-0.02297943148078351,0.015457551111069313,-0.046919499772802686,-0.03724667791158726,0.01844418040485432,-0.07897843967202253,0.03480876421229856,0.046324904437961174,-0.03271113131445205,0.0021572556691562238,0.029533880549451646,-0.03520730346779707,0.045148672165991506,-0.04832124080519755,-0.017174538073795265,-0.020513456164246706,0.0023873977663943814,-0.005730780403361647,0.020433601215249533,0.01679000450632765,-0.035990974173335,0.03226035573921493,-0.006314590155230378,0.006215929834392922
AGRN,0.030802534507362544,0.040190675712105384,0.032465087816187746,-0.005363398676473864,-0.029958183889531708,0.06552823729881012,0.08809677316198729,0.08255650362836722,-0.01987577526097221,-0.02309706519415316,-0.017146890189976907,-0.001645268393608826,-0.004803204314045889,0.05819052097060671,-0.021005031307144942,-0.017243465246131975,0.02354798367712142,0.06569487557574775,0.07205911873937007,0.07126765076082976,-0.04154682570963184,0.000492226604547085,0.03896296874928489,-0.03898187119831987
COL4A6,0.0018896449321656366,0.03548801032226759,-0.02280727540743258,0.1413914673276371,-0.02213223063166029,0.05015399904785167,,0.042416882483838146,-0.005317540532980677,0.011475985925220075,,,0.010017042080869273,-0.009954031248794737,-0.05838252973105905,-0.07809818582605248,0.014965874686798022,0.013546108193237896,0.02557532450156686,0.0056629578498305225,0.00885633614951746,0.07894255298780725,0.08011351429861446,
FST,,0.07483010141898161,0.05494918083873575,-0.002744204508057074,-0.03623333426016653,0.04013686878767028,0.017662949901885834,0.03349597948131063,-0.04413534053800436,0.00814784389601203,-0.025627717450661794,-0.028584995261659484,,0.1331129930372123,0.10350459598345453,-0.021698014696455502,-0.04293267111640737,0.0605098736916545,-0.010119285384020432,0.12561743659401703,0.04000624151728499,0.014227119042469984,0.035044325488185736,
MEGF10,-0.04933693229329463,-0.011553128352475295,0.004273541087567903,-0.003018963029695316,0.02839590036941167,0.04049620832974659,0.0580316786720694,-0.015582403103341762,-0.0058485837525757405,0.008556923615018962,-0.03361675671149852,-0.023816197594949715,-0.03363993871344385,-0.04323282178857978,-0.0436863827288821,-0.03331581987980399,-0.08895289321456502,0.11069846378900013,0.03292790911832294,7.045588052831765e-05,0.0015649397428109785,0.11935304074525745,0.04340460265656814,-0.002020596930083068
C1QB,-0.06886369919303303,0.07712599811266989,-0.005948537274359967,-0.07332908489486868,0.0021276511763661105,0.07354301817767979,0.010009867399935365,0.06607121648006452,0.008979835244540924,0.02645171948518142,0.028243267305140797,-0.03526015426660317,-0.05288417366699873,-0.037900189440023276,-0.002885943926398027,0.022168781222501075,0.05572732042353945,0.02422434497681766,-0.0354457919233778,0.05030647906497017,0.006873757631920648,-0.002956404990101478,0.0007462574278872518,-0.025923677371557312
HLA-B,0.048707559651233384,0.07288059904095315,-0.02241771940294561,0.05587929533422807,0.019130603371620113,-0.051472195935039065,-0.023501241112704335,0.06755947759410307,0.03643534355408033,0.026824156452169196,-0.01115646933054579,-0.00021759156989976664,0.010204321285660484,0.037034988713010614,0.09493092207646894,0.018521237026838357,0.11659898064245003,-0.028789737498184427,-0.050422580561365705,0.047701799740614954,-0.012348959465095911,-0.04138294584229356,-0.042995194360965994,-0.007999429960175757
PDGFA,0.00023663081490334133,-0.04411219342727728,0.005698387117893671,0.056790235328146005,-0.061390359902493294,0.022385621589108565,0.05297158301405296,-0.04151217259596882,-0.032154397333734805,-0.0027107970160078786,0.019661260501809774,0.000778463981423599,0.03806776915962639,0.04766497545099218,0.049438328115586,0.019115103696181517,0.009381567149549352,-0.02437407687363494,-0.06712450545860073,-0.02447807393866902,-0.05344540031185198,-0.027899202567733688,-0.04398988723862545,0.0018534646348184933
LAMA3,,0.026375191178879237,-0.030231192530429066,0.0468416998521669,-0.011660851590207431,-0.018461846402339964,-0.03340614790029864,-0.009857652640066456,0.03624537853180135,0.015619354156818525,-0.025261022594259913,-0.012361910112108285,0.019513767268190485,,,-0.023256479294881168,0.013478412267507364,,-0.02275982775131906,0.01701642077131255,-0.020995242771286556,-0.04389114184536503,0.005353884711321669,
DKK1,-0.015602696830186745,,-0.008850403720714432,,,-0.059004352610025165,-0.01636881814858003,-0.012963311227128257,-0.024452742408210208,-0.017325286126003633,-0.04337868652238043,,,-0.010032874385489486,0.06601979999650047,-0.044649105989468335,-0.03951735057926541,0.10332258095288774,-0.01048741078519977,0.041787243564592375,-0.07636804304114965,0.021817872127530943,0.05483595903941196,-0.030864712116519245
INHBA,0.07551976364592021,0.001538655558529248,0.0447127313594713,-0.00554622238963087,-0.002718641183703838,-0.055081842680462276,-0.04346685159887561,-0.05216415595901557,-0.028737866268185027,0.004013919935135026,-0.0010171007319536827,-0.03853775757303953,-0.02713718178900096,0.012838053583669393,-0.09215550927384589,-0.007123696236287586,0.05073006927586419,0.009142672955580152,0.0841473880446568,-0.008567937224614453,0.012055327370964737,-0.009221589198475835,-0.02946581099447768,-0.04945547502178089
LEP,,,,,,,,,,,,,,,,,,,,,,0.02978293984146473,,
IL7,-0.023207630454224942,0.021070663346442864,-0.04289898440714865,,-0.02683972689724231,0.055459850981201944,,-0.02231106857684528,-0.005347770517234253,-0.03257268923584367,-0.01880810913557648,-0.02440167746929658,0.0003609594813810341,0.07200278965993387,,-0.07461671523600576,0.0808769622864258,-0.03388877962625679,-0.005141210401226056,-0.029723132882267186,0.05045700751195715,0.018998096555235915,0.03466071023232042,
FABP5,0.05200930094191159,-0.0026153415596958237,-0.015694870740721425,0.09443150846343508,-0.02095303674645381,-0.04514145498367905,0.06629874851980197,0.030731753891245852,0.01853294050085378,0.03794324604527417,0.0486397858913223,0.009177783146516972,0.04021088836860499,0.06640299698629187,0.0063763824222483985,0.012389810252945162,0.019249131137747847,0.04156040073706864,0.010310901985846534,0.08542411877261194,0.021483988457621294,0.05459683857784521,0.0554993712381081,-0.03256631502404086
CCL4,-0.0059592367628811425,-0.013799922645967782,-0.0009428042987950966,-0.033742935360625004,0.026971313498996882,-0.006640878414811873,0.11531519978059582,0.039171775170249584,0.023546038949211676,0.07348458529721447,-0.033515353016604625,-0.08826928400609783,0.0799512852717714,-0.06929422432928237,0.012330312139099,0.05493639354061084,-0.014241846148107263,0.05577787118407876,-0.028271478595662078,-0.04225024210128899,0.056409764133758165,0.016785233104999617,-0.01408489253730715,-0.09678413084327059
FBN1,-0.005745754271405702,0.04152899132659434,0.008425107688442185,0.11616325059127795,-0.01633549820912678,-0.007448968610601635,0.048755407943568925,0.06828362390664333,-0.00543722299697733,0.014331930476490715,-0.022072347976160183,-0.04468657822731158,-0.028993030352757222,0.013124786193054832,-0.0003756989192923845,-0.036213139535673934,0.07380770213361089,0.01908626775130213,-0.014913821258428616,0.005340119626299,-0.0397216365826853,-0.004216483786533525,0.015603977763239905,-0.013976038272371993
TCTN1,0.04844179471104029,0.047934836728058615,0.04530141038839241,0.010071225041298088,0.026156105270454894,0.04294452448743743,0.07567226220204348,0.08468771594031584,0.032158355006159184,-0.00852852264881696,-0.00046352072173774924,0.02612011809512302,0.04473630548618192,0.04224421915743888,0.04135398318933298,-0.07356962468379606,-0.028295497074560253,0.002711285086587915,0.038121989948676764,0.08637943766640904,0.022849230042920797,0.09479204210147345,0.06895332470420845,-0.03828981263266345
NCR3LG1,-0.018520240294506427,,,,,,,,,,,,,,,,,-0.03764436294436678,-0.021654768077372773,-0.02972314866421557,0.037612975947624125,,-0.03331698002280444,
BMP7,-0.009370329673717976,-0.06571457696369945,0.035948933267574666,0.01311171871545083,0.012599652600562292,0.0183372033424655,-0.022422839533673335,0.019495646707347342,0.051180780406574686,0.003836784027143192,-0.011962947311656738,0.04388913289537913,0.01287195814166911,0.0607503065084226,0.0002016769303770441,0.06377514416463677,-0.06580577107348673,-0.022578455363457397,-0.033444227330944154,0.027524902965707646,-0.028454519531829044,0.07474402714471612,0.04958899396911496,-0.027488078683296977
NLGN2,0.04492073806352378,0.00711359394852254,0.02976005956518174,0.0027128765585411434,0.0054041617194250675,0.021422323434967798,0.08198334050734811,0.04865175688161993,-0.023105385374597928,0.0039008032911699974,-0.047592080958407744,0.03765547714241402,0.0285169532896436,0.03518368242376951,-0.027675956467655645,0.042048030409855636,-0.048546476595473544,0.03606252437909887,0.06202041297768987,-0.03938671941623719,0.04263483289985593,0.11040188478483638,0.016059723059226403,0.05020300479428972
CCL25,-0.015143460275907931,,0.030610071792219428,,-0.016865173302092137,,,-0.02327474459403372,,,,,0.018233834252928616,0.043768917198124514,0.11228708245994398,,,0.07388898013205646,0.0182311329269817,,0.036354160089404265,0.024518167852700674,-0.005739408713725731,
NPNT,0.08462535907587465,-0.013608084753589125,0.007112258841348674,0.023448473294408786,-0.039679572914757634,-0.02762839690989995,0.025056915955834057,0.08291837388109809,0.012203496747950715,0.002583813967947452,-0.052264103428782106,-0.026742672164690534,0.02831043110947465,0.058471672603245796,0.031671920231867795,0.04128936775510482,0.05325092341495607,0.03493977879580274,0.023964787937552596,0.019113436200282777,-0.015110388074393294,0.061532993814462665,0.0789398874184368,-0.010341384141892519
KITLG,-0.012646836466485706,-0.01396098118044246,0.00558777357811388,-0.035966403942541705,0.008161986192204745,0.040531944082586036,0.0415088671127313,0.027441311284638028,-0.0013808033619445565,0.01950915331553144,-0.0009691263563894863,-0.006826536555284596,0.017725959785376815,0.0195424914338803,-0.057224744180831504,-0.054520581970712384,0.04830004103690787,0.10314753083934527,0.05312912870737371,0.05444159030692505,0.007902267566040557,0.0725898822730519,-0.005113902161731009,-0.035641583140590266
MADCAM1,-0.015602696830186745,0.03534524849455856,0.0224520063129025,0.09381689491726058,0.005687149692799426,-0.02406768237365844,-0.009800612471457608,0.06314281002587503,0.04079756763181841,-0.017325287099041634,0.04104253388826533,,-0.028086827117237246,0.05185269366068406,0.01836801614161818,-0.05293082169637793,0.10957377935330535,-0.02851643769403276,-0.010825018046934521,-0.03935220127421455,-0.019344182927865494,0.07438046895324833,-0.0542598266225009,
F12,-0.031598671754602396,0.08773621788487435,-0.05552949924497048,0.06564424113445073,-0.01329736259735007,0.04158700761866399,0.0089889054045985,-0.04538779880868586,-0.030491535295139503,-0.04329193550871452,-0.05223424421344191,-0.01613941514996044,-0.000447550215118724,0.07553175784446664,0.07606885882740795,-0.03307016897228206,-0.04195853780943692,0.03958837147146987,0.05277174501155953,-0.0006444067640905589,0.0985583428876911,0.03380087090628707,-0.004515548590291522,0.0224886419153074
S100B,0.031103095189757766,-0.07075491755111336,0.06553466835601025,-0.04138550168843248,-0.030098970851203943,0.11696264981247692,-0.030972522144931257,0.016612316072711204,-0.02849079261639796,0.05450673828208976,0.061383750031976214,0.05133638562900127,-0.07244469981171575,-0.08525372185882714,0.021849840109584892,-0.005935845241639591,0.020810907809198725,0.08047422873454306,0.08566726100709085,-0.06284167587951343,-0.02378390391161422,0.08908257272478028,0.004121483155916522,0.09011854015078931
IL27,,,-0.025273352059033548,,0.00028003291076641063,-0.022489158243700003,,,0.05879182951649722,,,,,-0.028153484698758526,-0.037486763871027756,,,,-0.03241239894633461,,0.08547755681135767,0.10881513461978666,-0.028482093682547283,
CD99,0.1176907629563123,0.021840603401494886,-0.01646526244609982,0.10372999206613497,0.005795010042595569,-0.06737927809530819,0.06700436303653096,0.06622076762120241,-0.02110365687758427,0.07433188413998519,0.008840225025202948,-0.0437415960521725,0.024225334567722315,0.10716396069827312,0.044307622278866025,0.028674664245820904,0.012689915823916487,0.00967857273520265,-0.031116749272783465,0.0005239347800276896,6.747666438480293e-05,0.06774959664416585,0.09482077913233554,-0.11480122588122511
PDGFB,0.00030382372942748217,0.12102084792682971,0.026868622665923686,-0.05801204130760106,-0.01281998318807858,0.008660013948000462,-0.0057700652662878,0.11949316126913798,0.02140146286975117,0.029853350522707878,-0.0567306108514842,-0.001091655938035556,0.0009489849979372662,0.06835735781029274,0.015637571474701704,0.036479196585193684,0.06840990268450377,0.03634847373634687,-0.0330999063356913,-0.01957898945674386,-0.009165303606326444,0.06475241307224697,-0.018895701544918195,0.025858783621359002
CLEC2D,0.014310294614118391,0.04707437065830043,-0.06165451491067075,0.03766051054701043,-0.0330386971052308,0.0595771891426902,0.13256567915545164,0.04443709762744708,0.005707736519187139,0.00601209588574293,-0.04325638188538814,-0.0006696126371336303,0.06472067539995038,0.033246944972855415,0.04028091514101493,-0.05561652215336008,0.020916574582983315,0.07597579422340947,0.056988204286791376,-0.011803663055735322,-0.00253252063343563,0.07484671680507433,-0.003946855691127764,-0.012954596343202623
F8,0.028744661609357115,0.053731485826020595,-0.005823080210989949,-0.01728085997463333,-0.023892181077336098,0.04385541661361225,0.08708783331993393,0.01694242458078689,0.014208463028839137,-0.012380832632997192,-0.01306841007385382,0.014949191304089563,-0.011121474074730043,0.08651226866614523,0.007362342631866026,0.07699909539862433,0.08275562340477496,0.019133419956932983,0.06900641512342012,0.082170704734917,0.027148185371014117,0.2212337271258421,0.042700908718867746,0.05841476526540459
C3,-0.10143060381568439,0.016563179821254968,0.003606320333623854,-0.06388879701510912,0.017580746102281334,0.06076657369449625,-0.03556148214839974,0.04356773794540796,0.019622314397159245,-0.004404813397414016,0.038863051223180886,0.03907715180991839,-0.01624462536008503,-0.08452372245791745,-0.047360084137646946,0.018482411161170446,0.14230121646900076,0.018719419167520873,-0.06722423808111526,0.06427419438363333,0.0526265206673485,-0.0022996146114277714,0.050716358835082104,0.08113599601578401
DLK2,,0.0586254710571597,-0.05111263288743363,0.07020012789464088,0.021319562048309947,0.07652348183313233,0.036050490076390836,0.0010133088233010216,-0.0405320823236992,-0.024494290943498004,-0.032821030900557775,-0.011253225868828447,0.044901198548692296,-0.02601817728442835,-0.006691878098539087,-0.03990650663222151,-0.037505446354312584,0.0754602392791203,0.040181312525195925,0.13348115025435517,0.03704558592408257,0.031203692968616248,0.028938235930395212,-0.0484787824434584
TSLP,-0.01537468564737526,0.18281267394417353,-0.03765051433728919,-0.03438757363027609,-0.010587194689758196,-0.041474804077798896,0.05319178008832184,0.05356750374443641,-0.019446149616900936,-0.005720628428475472,-0.018808117699020882,-0.017992947882258883,-0.03005651903664596,-0.037518155596052115,-0.034278627152677536,,,-0.03764435705366967,-0.04700048835512497,-0.014746822515409305,-0.02106371933987083,0.00853665516716336,0.030601178590339055,-0.030464344451459905
OSM,-0.014670727936651586,0.12510309665446653,-0.0016581872090140819,-0.022276641737667524,-0.0070912732876705,-0.017956705106570638,-0.024257646972564183,0.02849318861819127,0.023522356047798395,,-0.016489543987003696,-0.05197275513805321,-0.04129109720892968,-0.020894507215469187,-0.0067994476799999905,0.08041936708324662,0.10588264304350804,0.0936551797616978,-0.0016446084479513196,-0.03189459455117367,-0.052468219917902535,0.0145267123688758,-0.01157752543508377,-0.050267499031096355
PRND,0.19412337925391374,,0.017458016739683384,,,,,-0.02025869228041224,,,,0.014787608938155025,,,,-0.046641257503797016,0.03611344883384926,,,,,-0.03458965855324476,,
SLPI,0.004707338034116305,-6.701082860994182e-05,-0.041076485344283105,0.007712192246666697,-0.0036155999310164347,-0.02854568375682456,0.03597409266004758,0.09582176454441481,0.04160494000563093,-0.0220128959752794,-0.051159728169588525,0.012995814310495603,0.03803830117259076,-0.00511937645031232,-0.042076576750892325,-0.00296863210360141,0.02838808176199448,-0.040179243477510354,-0.11420824732052465,0.023505575685096227,-0.04366655469160147,-0.013695677466062102,0.07088975761776391,
AFDN,0.07377252959088888,-0.043658848516989195,0.004255825329603845,-0.010317985657181328,-0.028790960956358445,-0.006789581153218654,0.018460992733751506,0.049671388876955276,0.004849424790647508,0.01674402999167863,-0.02561727322007059,0.06543806616754654,0.05902019479102684,0.06395046992683451,0.0750190018051882,0.044834166438592865,0.03252662589051851,0.04224438319425311,-0.07028677962345041,0.005239570520473858,0.0675503689782124,0.0006279291717960787,-0.007894450072011358,-0.02204961511345829
KISS1,,,,,0.020288786184786727,,,,,,,,0.12293679113260729,,-0.04153873074311852,,,-0.03248178203810849,0.05645429203473274,,0.07426719092524474,,,
ULBP2,0.01914166772098261,0.054812898862063045,0.06558063627322547,0.03291468737270614,-0.0019112999838750387,-0.03871630887323435,0.09336992518926462,0.015310999382449552,0.002357982674940608,0.0767106073669036,0.02627124148799184,0.014898038116314731,0.042619977731981826,0.0623305187458356,-0.07127746841928728,-0.003611996729130882,0.08275966403370227,0.014291289620010734,0.016654304160726722,0.02563151243064904,0.034551891419990245,0.043065151066161995,0.12371504834125166,
ICAM4,,,-0.016674246723242407,,-0.016214324902406846,-0.019595154921803682,,,-0.02109728893550412,,,,,,,0.014753439059225628,,,0.06979323354930689,,,0.05851255801597221,0.0011043731716912479,
TDGF1,,,,,,,0.004295247744825295,,0.05337574934269085,0.11430448497907846,-0.0008604723844957151,,,,,,,,,,,,,
ANGPTL1,0.02829371140526734,0.03233901816680645,0.014623600157594683,,0.039380354213879705,0.015554542613124764,-0.0005255333198403622,0.00936437029982481,0.012870771818058764,0.02149628429445492,-0.03114985588864265,-0.039294517505294176,0.04343692989596565,0.022444399367365496,,0.04753384712489969,0.07736432555295623,0.14782594013264888,0.08260467329361514,-0.026898816598087422,-0.01826968201650067,0.02088452351532255,-0.01599058566042903,0.03039634321018344
LTBP1,-0.014574024751029098,-0.021329796117831108,-0.006349042527798151,0.02550093635274927,-0.019279787196644665,-0.008384393202542976,0.0007612881430890609,0.07695768853767179,0.003486954211624802,0.011967037826202244,0.03505444231259071,0.019752489613394163,0.049486924530293755,-0.06535470928325543,0.04863111856947441,0.0698011704094629,0.021489819735243467,0.0273740595133617,-0.038690598740523996,0.04284394648951998,-0.07104064944999444,0.0428924818240023,-0.001845209213546526,-0.03056063363063349
NTN4,0.0020055695852718926,-0.019808759958024655,0.02127671308323739,0.052565325512744336,-0.011084557460475895,0.01384959419197237,0.04933797757940146,-0.009325127592258314,0.018713240746485907,-0.022883062001770368,-0.038847807941729234,0.04407461989778371,0.007772437702285013,0.061206467215836204,-0.07683579785593334,0.02002655036009749,-0.04256474489293068,0.034104506345588675,0.038978431836332296,0.03727455093260632,-0.041161225166997835,0.08550939108574912,0.013031413662164607,0.026655392200909355
APP,0.05207563694140269,-0.028901962373438554,0.04410965453543261,-0.05244685347608342,-0.022649069868141546,0.038133905054222844,-0.037014945071943826,-0.050689531693306936,-0.03288717759632394,0.00019162453527107063,0.016689184724107017,0.0063517213086124276,0.023136904958915516,0.03310925602186192,0.0691626147124391,0.042665807005490115,0.03627203571619368,0.06795465398987828,-0.07365384202455497,0.03145962147224825,-0.0008911899224195404,-0.029425928095200903,-0.008955448914855583,0.00860708159988673
RIMS2,-0.015602693590368616,-0.029421037715367578,0.011519882377320212,-0.056211169090047815,-0.0017286041740986777,-0.015682848069590978,0.027578900185318694,-0.043012902424742525,-0.011212742997258343,-0.01765451481372273,-0.04706235054858646,-0.03597307061732232,-0.05119699321985759,-0.0030911799707972047,0.11443025013141044,,0.04020913818692621,0.04305083555808293,0.04994718605173186,-0.04182177530563257,-0.001324691583042501,0.06772898498120736,-0.05396953969028665,-0.02839611932053031
WNT7A,0.012554439377235696,0.03443265822755473,0.04205869398465597,-0.018624099038485074,-0.03599756101166153,-0.02571244259109682,0.06813725412080225,0.06806302346268057,-0.009693044595112187,0.07292584009493626,-0.0359820434735481,,0.06678286232451026,0.0034257502122131225,0.00411421714673801,0.1826245012195163,-0.011854330524863156,0.0010186022322611341,0.01709532633414848,0.07187580572586358,0.11886312867400016,0.04038872865766931,0.025557933114213827,-0.0045073138892029315
GAST,,,,,,,,,,,,,,,,,,,0.022634191721420723,-0.01842323941845399,,0.03266716359482743,0.0042652909903291925,
GPI,0.06994894254595535,-0.006336133370255245,-0.032247319705736716,0.004038340166858756,-0.009876195296027556,-0.08136608507990896,-0.021332765632084177,-0.057777598845398404,-0.012522859084661329,-0.04590111244977782,-0.005303859233307408,0.04808634078909527,0.04026008353215344,-0.009917312072818105,-0.004586968889405439,-0.08715174426499937,-0.06300767171353036,-0.07068052511275096,0.0037389417384409472,0.03332830113016148,-0.006253728143918409,-0.03481180452682043,-0.006426273450439684,-0.09363551774366469
IL1B,-0.019464358079474622,-0.006678931600056609,-0.0507361436153147,0.07721059276471924,-0.004131320779053998,-0.058890827942107545,0.020216189705303745,0.025596554099309575,0.0435491915294951,-0.017019545007626768,0.021691708574306565,-0.03811042345277054,0.051513086436447766,-0.03923056067169288,0.007747277567065214,0.017537499570857033,0.015846526705171105,-0.011970548489009582,-0.051060228642276134,-0.021561130262726942,0.003176435394071359,0.04561809845409403,-0.00512706827530307,-0.08936026849413012
SFTPA2,,,,,,,,,,,,,-0.020480699717325225,,,,,0.12805766782304204,0.05031765208500383,,0.01816304839842659,,-0.02695560119447876,
HAS2,-0.07416323139998116,0.06152729252470477,-0.03296716381684732,0.041575902692067304,0.07423115170831456,0.0020060750286740995,0.0874515507349274,0.010214034068208559,0.010168664047286455,0.0066053641598335655,0.03729330370027681,-0.017830244593417366,0.011710555607407164,0.04783654403951247,0.10389103333057058,-0.01643557934385594,0.012986907259855705,0.015479918367666027,-0.04220217302306587,0.017215538349912792,-0.004781253938924333,0.05301299822592538,0.03795734622543765,
IL11,,,-0.011465899873639412,0.08303911099890104,0.028748039042481705,-0.02020542641446599,0.0019276458928080954,-0.03088124410115484,0.006244914111449003,,0.03981783862395586,-0.014413919349966088,0.021708529089649257,0.013869899672899198,0.1133387974149608,0.011201221220273113,,-0.032507628538060766,0.019466125515629276,-0.03605837123906101,-0.004032790073557573,0.024022728384414337,0.12193671883818014,
SEMA4B,0.05132307543611293,-0.045119600634473025,-0.014737279138637784,0.07445787028872662,0.010235357584836029,-0.01836820271658645,0.04427641546087049,0.06246635136241356,-0.0006203325200216174,-0.029839498246078698,-0.05980371038960002,-0.05244736380471857,0.02233640734380689,0.0398356359136846,-0.03470681444950202,-0.05298250385164797,0.14194448108384775,0.025442609459030662,0.011713771263601328,0.05109255945347043,-0.017213838370684485,0.06947966695904614,0.03519344549511572,0.08180724880493154
FGF12,0.015216824825007962,0.011623966363897651,0.049047549945930004,-0.03201632176250793,0.005638805891322979,0.076612924238804,-0.00752839343557407,-0.045546730882760726,0.023967602569366666,-0.023093319886169382,0.0025767372918946638,-0.037696243193693676,0.024684092387178308,0.0246034982263884,0.020057596538433857,-0.03181161377581451,0.04756856081128644,-0.00043232682394566665,0.02680849080726987,0.0019202540470344498,0.08477130272659886,0.10483660306332757,-0.05360026838987203,-0.06326401595581019
CP,-0.002258736907555801,0.010808244740236264,-0.022298402276674716,0.0026734222946865963,0.04126307215995712,-0.008676535039718354,0.04848704305509721,0.01969958146718336,-0.003941730825068484,-0.004150734305010569,0.08380749333475071,0.08661669647172059,0.001636631134140986,-0.0035072731868000936,0.0516204451680121,-0.056049632243926846,0.07532147863578978,-0.05830428014877304,-0.007216032872704086,-0.01015642046480848,-0.04330489504997498,-0.010331731391975992,0.037455945856146845,-0.0014164331173169512
NLGN3,0.039963150155129495,-0.03200303395552578,0.0166058522656889,-0.03962712131600401,-0.0043772432892706095,0.09241838520563705,0.02531048754655143,0.0018948751425264592,-0.051284776772856,-0.02384177784741186,0.01177578539403812,0.003677239407447668,-0.0289987897159984,0.002227624489658306,-0.01629566702544747,0.06500650304658741,0.028712464493585017,0.07412188868872481,0.071049746453042,-0.018869100717018115,0.03488691205007514,0.113306599820914,0.0746847476230809,-0.026651614661888826
GZMB,0.005101568391912796,,0.005326572799999718,0.08965152565011925,-0.02060662006656755,-0.020003514553050158,-0.011662857256310053,,-0.03568396430200939,-0.015033800419059704,-0.03206985705095612,-0.004256609268547914,,,,,,-0.007191048038293996,-0.03169125204753295,,0.007274623434330226,-0.011116990492917788,0.06588379339958843,
PROC,-0.028042352804354406,0.002214241446927764,0.13800409786217915,,-0.03878061121204085,-0.021939327896074664,0.07118672776272024,0.10801390055127999,0.024828094042803256,-0.01185057938341415,-0.015968878628193357,,-0.03140071626829319,0.05681361753056857,-0.004970078497103216,-0.10596897162614347,0.020807829249985997,0.04945753962684317,-0.027004878869508923,0.050297005720878016,-0.0362990472080032,0.00040354856017068625,-0.04066688176751836,
TNFSF11,,,0.06283891513458525,,,,,,,,,-0.024401675783703624,,0.22301289095661564,,,,-0.021852545086023425,-0.01102599967334479,,,-0.04722739700450262,-0.028107689412963238,
AGT,0.036786706193526454,-0.03625387933439889,-0.01245623555809013,-0.059194612456841184,0.014422753090989858,0.07329432984274253,-0.054296778128659684,0.047721789090895236,0.016554685514081787,0.052909335692380245,0.03281934201914097,0.025892371559480175,0.03601290410571007,-0.04907379676376597,0.05313247042276742,0.012234633921933016,0.003013120842055541,0.008890544941958461,0.010985333768264428,0.0036203106001983145,0.013305442693367784,0.06474648816495462,0.007796209674443997,0.004301240961433772
PTHLH,0.05559217133209018,0.03338759466368609,0.0006071611855254391,0.0021919399644391734,0.02183866745316382,0.007461459805471493,0.058531426938775104,0.030225503672790935,-0.013347257307835128,0.03533760328475901,-0.04251766100768338,-0.05054303757438483,-0.020091295429631662,0.13004950168668647,0.06355315760741947,-0.02689094569184235,-0.011682330603870599,0.04075921157487968,0.035005984148147186,0.06418446096412199,-0.025360987438391647,0.01662627045732968,0.031460774886153196,0.03684506983874579
COL1A1,0.004360120133467985,-0.013850130681186864,-0.01793008904589916,-0.020378408988271066,0.021177678294743,0.008287845306952292,-0.00872853720298367,0.11910670718124282,-0.04149833381507261,0.02914279567734379,-0.01281711565509259,-0.09896110689658547,0.005119374587838713,0.0034674398017471896,-0.0009793827784896944,-0.01791927979781148,0.13115276133881082,-0.04602044021940512,-0.025285343387418845,0.045706056832384025,-0.016161842335786932,-0.10761215988476819,0.024013942910571358,-0.039150529304873866
LAMB2,0.07876132378387961,-0.022723596948203875,-0.003765213748579028,0.07268110022738483,-0.001854458721833763,0.03273873542500456,0.04245712618974269,0.024139742425552117,0.001873641290764388,-0.011518397387588997,-0.009051898203008023,-0.004522432003032285,0.0009006185343486433,0.0689077618671402,-0.023794682248057423,0.01977358121631981,0.0489726236948964,0.029736267721920825,-0.0015173175826691705,0.06592512432600312,-0.009085407446852241,-0.02312261788193685,-0.026201641023542253,0.012905161261300506
DSC2,-0.0324482412731742,0.038539035579794434,-0.015969221236695832,-0.024747032247750086,0.007287609208374643,-0.025678364067521556,-0.009263393849982204,0.0018381335914265803,-0.030782364834700815,-0.03141018546844142,0.01338900907022886,-0.019728451443252384,0.008387954004262057,0.009651141216000107,-0.0424865718542501,-0.05554812244631092,-0.03722167140340495,0.05260214849267602,0.04532242749495699,0.0726308192888127,-0.020672089506647884,0.0682610239420399,-0.012593574101153884,0.048816208308073865
WNT5B,0.06740038553722874,0.056906392016821385,0.004613821260243574,-0.011471255221035858,-0.005085477215616256,-0.041944737700799685,0.13757871577822725,0.036353862735565914,0.014937497430852376,0.04144983246805819,0.042730561327963226,-0.061613510116794716,0.001584223504905175,-0.002439400596043228,-0.06163727734457497,-0.05187538818398043,-0.05390261713242699,0.04331123762136548,0.034388998006995575,0.05681822395296194,0.029574241500439608,0.025903281947846947,0.0030583813890061114,-0.035803353862800605
LEFTY1,-0.017325650258620415,,-0.021390108588499965,-0.029807841892927962,0.00527869028968938,-0.0023589275140931737,-0.0224833001806067,0.046047936175025964,-0.029614251669972176,0.03357596605857789,-0.022346868999186975,,-0.006085935338913307,-0.03015160355202411,0.023026375849152535,0.025277481904710637,-0.016992290949622613,0.016219942471973135,-0.011221115366152366,-0.04831350630610307,0.06381754873018519,0.04648019349945152,-0.04304429276472666,
FGL1,,,0.05281370086241291,,0.014632775995127438,-0.022215842275248712,0.04325942194366833,0.09616015214674495,,,-0.03326542523912392,,-0.023592288464945918,,,,,0.023446559217690233,0.008815570330677742,-0.0005170700957378193,-0.027199927417345417,,0.06575746517865357,-0.040213996178871524
CXCL5,0.010387070519870265,-0.026559193973835337,-0.02753937932242519,,-0.016214323135548526,0.03764074934508447,-0.014470620344241587,-0.020042793061223477,0.0379947600191604,0.027336449988915722,0.055016625031019374,0.029981333307516577,,-0.0358826688725059,0.048567021691583306,,,-0.0490573486077004,-0.0783275167990665,-0.02451838805703209,-0.04442120213027133,0.008362123898145578,0.08695741793017103,-0.03580339423291192
S100A1,-0.07445887795372857,0.009710769723949577,0.008091805174089289,-0.0075486461499510655,-0.02377015510817976,0.027325603321757513,-0.050943535909747414,-0.0848998502807631,-0.07129744128276755,0.04270520554511908,0.08624897857437673,0.1593066334112756,-0.028768433133178135,-0.07718618192353126,-0.042409487735390036,0.09328017123664337,-0.07494711582200059,0.02302925936325858,0.07363691604961384,-0.04333879397551608,0.024286202667479294,0.07772877158431493,-0.010874394298745966,0.015930604514951652
C4BPA,,,,,-0.031833330561853855,,,,-0.022759370463835513,,,,,-0.027317589079650165,,,,,,,,0.019181494660622966,,
NPTX1,0.05742093875564599,0.04970873731701597,0.019692863814568588,0.013981193237688686,-0.00793785025332129,0.031524445554710914,-0.05945649014117055,-0.06867288606005892,-0.02743272716016297,-0.002069701501743011,-0.03359921887501683,0.013091568487648232,0.011765023980000979,-0.03155580571211934,0.07913702679098451,-0.011770556784881255,-0.040068702130960324,-0.028757312617224445,0.06817279797573461,-0.02847172805678426,0.009883975346385018,,-0.022949547968350185,-0.05551837174452753
TGS1,0.021610480341846382,0.052456996331448826,0.019684896320105564,-0.01136282429339366,-0.03698834947291676,0.00703355931143661,0.07898866036869509,-0.00954264007412666,-0.01230021073508102,0.019739693498531077,0.012492860793616944,-0.0004871841937756151,0.0060688345479364735,-0.02510479682214423,0.05555533550300558,0.00415206585682197,0.14050991775672592,0.05040961126770416,0.0015596633687186077,0.10262535563898433,-0.012994093371052028,0.04006665803876465,0.002491866376556068,-0.09733105976276459
SST,0.07182898150501064,-0.043291957853271244,-0.05126730206689155,-0.03124240327745776,-0.019238307592643052,0.025971336084497785,-0.0042831420929697345,-0.02235382635077165,0.024049335054708788,-0.017018127691691604,-0.012685614396623308,,-0.01037492271038188,,,,,0.03149302607712484,0.02238884568233392,0.0017159687391930536,0.06535389536640616,,0.011358500177772872,0.06764816089754366
IL34,0.03440572318271334,0.01194641273754131,0.08170895096563123,-0.030770690008060198,-0.005267340664408265,-0.031366642618354174,0.003160145583044095,-0.0075024289253540904,0.03462562517950122,-0.028755751652336438,0.017962139155810058,0.03602143424977399,-0.029953304859581465,0.07376800606464567,-0.0181514618830492,-0.09565746010729714,0.0927632941300946,0.03530620026678364,0.02087702235570605,0.022812312976125723,-0.020163708778842097,0.049793899753960376,-0.0061165041572860054,-0.05371144029784825
DHH,,,,-0.023310901758620942,,,,,,,0.037470974402073476,,,-0.029366965138139703,,,,0.12267420275470009,0.009129566213101662,0.06742205813725144,-0.036700415225544646,-0.050010635382248134,,
XCL2,-0.029327883540318494,,0.0534768058032451,,,0.09361736684524426,,,-0.013277137599258564,,,-0.018741689466941592,,,,,,,,,,0.016319188910462,0.031085531350595556,
RSPO1,,,,,,,,,,,,,0.008855687936002428,,,,,,,,,,,
TF,-0.11193313946800025,-0.02340568450575341,0.020076193086919963,-0.03687378237492953,-0.02417357490837297,-0.05354891861054211,0.02198803094596665,-0.06312244079044187,0.002406655485183355,-0.0598939335226718,-0.020227125022253194,0.08341898152817272,0.01017707840500918,-0.10792888751464295,0.12889104071570695,0.0030440645920448484,-0.06050609617682463,0.022916097705637562,0.039143782545037586,-0.04548168977957568,0.06923718497650443,0.06898096256855699,0.015263082071719938,0.09090186302860331
IL33,0.020143568942851468,0.005838377448426574,0.0015455508353132668,0.0034499554080595226,-0.026834389459273463,0.014500699280261181,0.0047519445158121475,0.03853064891381031,0.022320250937941464,-0.018969679750246632,0.011463840909149812,0.02492025913613552,0.030663220967286856,-0.034679905063514274,0.08564243666371754,-0.09652119811660008,0.08188241487461784,0.025962526715876927,0.05378123903383753,-0.012876532077724163,-0.007633086300895209,0.005064554242517364,0.05367616353592378,0.10689013187372387
RBP4,,-0.03360587176389553,-0.014385135981835877,-0.025919919434173367,-0.03301605862406093,0.01898323988871199,0.036509824272645,-0.03186501256025332,-0.02184449757628431,0.0161521408394417,-3.3266009971860992e-06,0.046821418699189224,0.010682607274827886,-0.00859724634530307,0.05899702619661425,,-0.008222623477194567,0.0761347344212114,0.018691341616252844,-0.037737208881972385,0.07627510406314418,0.037520330651683295,0.03445924340666674,0.08969950001245318
CCL19,,,,,,,0.06366013417221732,,0.004889185186179514,0.034033423385284124,0.02294698676817136,-0.02213614261326445,,,,,9.117861290700782e-05,,,,,0.02080615925460855,-0.04120519775014952,
CCL20,,0.14082460036995106,-0.03536637652584124,0.08400101590503575,0.005200258863554822,0.006978220914880494,,-0.018465839398242628,0.03523484691267638,,-0.03414081535576812,-0.021818339734127033,-0.02145940295419906,,-0.05872537294561564,-0.03878458689793982,,-0.016686616797299186,-0.022248940618346938,-0.015459596100565555,0.011161113644862808,0.04290751301124241,0.08647083939142583,
NAMPT,0.07206339156482887,0.02522327476621841,-0.07652998070598532,0.04720465198902274,0.007534083350630143,-0.08653162231757933,0.07272938666260487,0.016011339005819296,-0.01814876850184845,0.00794968554019361,0.010523067895468988,-0.012315155509473714,0.032492110056637956,-0.026130395156754915,0.10421814963569447,0.031628559849983535,0.022559302619833296,-0.04872526761248965,-0.07118223401831088,0.03161287367630057,-0.04222946018462667,-0.050839239538659764,0.06863212160917977,0.007511613403687972
