,MGH258,UKF248,UKF251,UKF259,UKF266,UKF269,UKF296,ZH1019T1,ZH8811Abulk,ZH8812bulk,ZH916T1,ZH916bulk,ZH916inf
IGFL3,,,,,,-0.014158631594259584,,,,-0.016603069796319224,-0.02202220675391121,,
BMP1,-0.010662853492143968,-0.018292829336863627,-0.02924822303769884,-0.0640883097661974,0.03738344479928483,0.02545092039948567,0.009094121004490457,-0.03258259601804059,0.009520602694501822,0.008898734709440637,-0.0362672943404269,0.0793818751099725,-0.07637530277538862
NDP,0.027504231302723288,-0.011826997223535432,0.0028422209869629093,-0.043652954279824754,0.025085533604132147,0.04121875100945277,0.0183078269768915,0.06151848360391266,0.023575523289130682,0.02914516904453525,0.04410691557360891,0.11954410420196213,-0.06464514364158255
TNFSF18,-0.02115380653898456,-0.033355590489188305,0.03249099584265297,,0.08458689278632857,-0.02102514286370726,,-0.04663494103931353,,-0.01712245281955207,0.03956382208642964,-0.032837971113322796,
RTN4,-0.05115173367852696,0.01327628298700253,-0.017468865517165307,-0.06357796374649677,-0.03771589150021404,-0.10153928397159158,-0.048838163232096776,0.03782363399718478,-0.021614014693242173,0.012442942873818908,0.015466545477391219,-0.07128502276960928,0.024004864622382358
HEBP1,0.02269293018058695,-0.04731172677953758,0.020431072608477076,0.03290026988947429,0.008552212100572418,0.03820502101159922,-0.022362385954847876,0.022722049422655176,0.033241876801131755,0.0012092223533152913,-0.003919274612916426,0.0661057994924045,-0.023044229114809626
WNT7B,-0.018635841005200295,0.031950926407512736,-0.023299353888279962,0.030632056157022403,-0.004250289183443741,-0.03819563681325717,-0.0014788163666394588,,-0.036288505810331696,-0.00616165146433604,-0.018096829906917022,0.026585348454819083,-0.03512189539100832
PTMA,-0.01932650257972035,0.001518595288226398,0.031758711168220426,0.036059619362420275,0.030041678365119895,-0.00022889208474564615,0.036018181241191834,-0.057494612277800346,-0.08327110706777348,0.013774926226502518,-0.028238664333344845,-0.001486750842774013,-0.05215491394310163
FASLG,-0.018635846273504803,,,,,,,,,,0.0913076453970517,,
CEACAM1,0.0458040988245174,0.0659235463131377,0.053398008589573984,-0.036458993521575764,,-0.027667890506041737,,-0.04364425666684295,-0.020334239622381203,-0.02460317709342677,-0.02657463936341673,,
PDAP1,0.04483014097959872,-0.014834264980853884,0.012270099816298688,0.0360844601470302,0.015957937752087755,0.052785392574154925,0.007658060070275798,0.05296714271249692,-0.037673527703974974,0.03984713502908092,-0.002917027578656942,-0.008124798301401672,0.06339460537237779
QDPR,-0.011001246208478642,-0.031346697070734085,-0.040342900549682925,-0.06479647423651042,0.012024868180488488,-0.05508420745593516,-0.05125281749165071,0.053186581666502884,0.006591818143203398,-0.005124085581644143,0.03741766804085766,0.026545771723817422,0.08084409058487958
POMC,0.024858077178723514,0.018907022540695036,-0.0006231518998903196,0.010708558042016376,-0.029700037783060386,0.04213651341140172,0.04034417622091084,0.008156223047623595,0.019462921554679883,-0.04209914452930956,-0.04845317365626648,0.014683538143289376,0.13682807872653627
CCL18,,-0.010945853591299685,,,,,,,-0.02417110355913027,,,,
CCL17,,,,0.020755598561118742,,,-0.008978357503085831,,-0.014426158807216437,-0.021890188449803,0.27115354161373006,,
VEGFD,,0.15760357267446562,-0.012785273699108686,-0.028343224730438682,,-0.02371950588502604,-0.016215617590027896,-0.05933341052584733,,-0.023087392422788656,,,
TNFSF13,,0.047119844246021884,,0.04896792225136535,-0.014474591449055912,,,,0.004427553820242705,-0.02347439620515719,0.0634974029698308,-0.03572302857340038,
WNT5A,0.028268594950103865,-0.041903476455112276,-0.005798725599277145,-0.0005226153612561983,-0.00394874495499968,0.028474865842425513,0.07399360600637545,-0.0417126955139128,0.027709218462489586,0.028968751171197182,0.04283426759191397,0.012541379123316694,0.024483075183771758
CXCL8,,0.021490597806139437,0.12253407513862406,0.05151223164515592,-0.020589167526503083,0.030397828704933974,-0.015100688178327323,-0.07472747602674619,-0.041470976041030144,-0.03107929587436534,-0.06742317164981693,-0.06434219938999756,-0.1119642893921808
GRN,-0.03685779624239421,-0.03548305669742656,-0.024031588321013025,-0.013380006509622287,0.028762140721752837,0.09147009287914674,0.03648544211834857,0.0016177747500962369,-0.03182861295592194,0.020492781329035016,-0.010483347179711125,-0.07520371580973564,-0.05091786254890068
MIA,-0.004128192061907851,-0.000763839900666849,-0.02277639591015592,0.01613846735984312,0.058367840711056135,0.0548991507647518,0.043197185307580224,0.03755737297717544,0.08018596841455325,0.08010749111048131,0.015847502314762358,-0.037517308665336375,
COL4A4,-0.0002734161327223695,-0.03962838590581203,-0.004611176362517537,0.04989623806512411,-0.013771934270307134,-0.013952280509346387,0.0638695652195843,0.035826758250506734,0.031726886212636085,-0.004223496933540873,0.05172595077254887,0.049947845720159194,
TAC1,-0.01863583613450764,0.015200308105874943,-0.054626234284644526,-0.012428269167212257,0.007151140448395998,-0.07616215509072197,-0.03845461086973052,,,,0.04888106410034606,-0.012493965012432488,0.12729573136684127
RARRES2,0.034800392416204085,-0.006395597466269893,-0.02827251727395117,0.017281497890390584,-0.0014336285379802187,0.0912632057274961,0.0374962436394247,-0.0502063701993817,0.052752570769749735,-0.03970340821114685,0.06051893141878238,0.028075382867022238,0.12922060179348235
FGF7,-0.04597404528151344,,-0.028906449101059693,0.022637131105526422,-0.001855176184909771,0.08929383701758196,0.00924643681588928,0.11546003086845878,-0.008905472267014094,-0.033922788366370096,0.0443617173294342,0.019222343489098383,0.04753930886383585
HBEGF,-0.04069704670987897,-0.010322426876424285,0.02085810645835823,0.02326922024726115,0.05321150739901016,0.01301764113364136,0.013734247724023903,0.007239191408624997,0.016014132348756625,-0.06599123310204397,0.06378099685397015,-0.03696224944898173,0.020094004663464688
CSF3,,,,0.03835196832595088,,-0.014761244230836216,,,0.013809944373446681,,0.07430591663845346,-0.029520992251927097,
PI3,,-0.013289714965089095,,0.01746502838945649,,0.07555477362121084,,,-0.013019700875502067,-0.018599285297185787,0.006637056809223588,-0.04476948642550739,
PCSK1N,0.00732812337903666,0.015733161798292837,-0.025276053959000986,-0.06192871739871565,-0.010870268994415616,-0.043350190810129516,-0.08295533016783295,-7.78224858046096e-05,-0.005096693535661398,-0.009212890927285574,0.06848053311895687,-0.04485921650172572,-0.0012498853645332016
NTS,,,,,-0.01681240264795524,0.024077795831797096,-0.008260545535769397,,-0.03365472678944832,,-0.011977817301174563,,
SFRP1,-0.027115612312958923,-0.02807123325457986,0.004135931161700755,-0.02219758336784844,-3.6298572704371317e-05,-0.007656423178403148,-0.02210681718634608,-0.08863455624214603,0.0024219191736375946,0.09271338591176685,-0.0263640913779269,-0.009173060869799151,0.1547738652326675
CXCL13,,,-0.013655532540925245,,,,,,-0.03240411045798624,,,0.026804530619623974,
MICA,-0.028821058175914644,-0.05689703029063214,-0.0007114054498248572,0.02547029319243686,0.008214860415010034,0.06122344154137618,0.03582742271420999,0.01860677734051033,0.02999225246231053,0.020903442701139082,0.03067434589452098,0.02363839833580282,0.05453717469979654
TG,-0.021582575886773807,0.03365375066125062,-0.02431435702538296,0.00058204724019519,-0.019405944628260903,-0.01781550112798404,-0.015998607435108142,-0.011164448367042881,-0.019168758308379632,,-0.03554559894750099,0.017741014129176207,
ADA,0.08531562790875762,0.0011417190363191608,-0.03618226244300305,0.03461747823238716,0.022271512910285986,0.039062239201571994,-0.0259830250834819,-0.0432827068051352,0.07675799767010516,0.07886949693926883,-0.014562569229767841,0.05089663140040306,0.09602972372004306
LAMC3,0.03538637487958213,-0.05592514043281919,-0.0038456140898085345,-0.0023989266003389314,0.04937100029916619,0.052425240368488696,-0.0003816804795130881,-0.09321839942144969,-0.004607483729183912,-0.02945386463902346,-0.0588518341059658,-0.0078126825534743,-0.07946432544670537
CCL7,,-0.02098848599509969,,-0.017319216558884055,,,,,-0.021621486813441313,,-0.019099845613003263,-0.056996976819458964,
NGF,,0.03148910320469782,,0.005368821791836267,-0.018518476180072175,,,0.024274358660833693,0.06000946223151156,,0.012842365309970188,-0.047596025633390195,
TNFSF15,,,,-0.019285794710348438,0.09513619638593232,,,0.05882955344264775,-0.021078521759534254,,-0.006672090946466813,-0.04648052893648062,
HMGB1,-0.004182695670696244,-0.0004331286920847417,0.009094145861393253,-0.029330194162774888,0.00045416875336251405,0.05421962639216448,0.06564451006357541,0.01925349267960082,-0.024287240469208313,-0.043489370026033904,0.01371919933288658,0.009553460478379048,0.08072979071789053
ITGB3BP,0.04526863332609344,0.008147057454015604,0.03871166634947636,0.07182954388516016,0.01586548313120564,0.03503416356991859,0.0550781157253047,0.0046566743368820366,-0.00036794139245949496,-0.03846045608677446,0.037375998347189465,0.09717339357151682,-0.0019403924760930192
AANAT,,-0.019479503638092952,,0.04734892871160839,,-0.013315041763833085,-0.01844185105717284,,-0.018968144760641424,0.04929592276424963,-0.020208433163722728,-0.02564360458072163,
RELN,-0.017892527610674832,0.024284202414608626,0.003261768103928535,-0.030459576360804704,-0.0014109243276709475,-0.03907051026320521,-0.015457687251828032,-0.028230616462201617,,-0.03386203438243581,,0.0617399353895093,0.12991999811908367
IL15,0.10115631580320074,-0.023791616015032994,-0.030976118862360097,-0.0035274041444030863,-0.015999762842629498,-0.022741161788501624,-0.03963758167781476,-0.06777428643337328,0.05581976872423921,0.08530079305300795,0.05226225367322192,-0.05921597500333344,
UTS2,,,,,,0.0330053077177257,,,0.01080589767478816,,,,
BSG,0.06404356300155671,0.005649566228352118,-0.08495582051943645,0.01744777900567917,-0.0042432138143582735,-0.032156943732312517,-0.002456190541103335,-0.03317920734731306,0.053785082248540984,0.0042012623370141135,-0.01678552216745274,-0.030990663290849624,0.04394326261833941
ADAMTS3,0.0373803502278481,-0.02520918027920273,-0.0034976449618046184,0.04633826839269601,0.002859248374551567,0.09131965237965661,0.05754153807094145,,0.10717384695735667,-0.014520765418583992,0.03568845318322828,-0.04690314654030043,
CD34,0.04707296807140644,-0.052838598461171754,0.032260323142223296,0.012444855540322838,0.013645221025994858,0.022061045282456525,0.040603591455465694,-0.09964349643438865,-0.062370870063776986,-0.0011537086435946052,-0.00013192092917405733,-0.05373038522143487,0.07346033444798425
CCL23,,,,,,-0.015150403903478953,,,,,,,
PLAT,0.06212182967307249,-0.025929222191030228,-0.02048070196965869,-0.03376784256215907,0.0011397158296092766,0.07825710260715822,0.008387037041193503,0.1196501986390091,0.04765440318706842,0.0640719984724417,0.03083851397910175,-0.004628486350972794,0.016184115948052732
NTF3,,,,,,,-0.010676487603427572,,0.032379271936155966,,,,
LTA,,,0.0003383779325079197,-0.022197582329410596,,,,,,,0.05203082358687327,,
CKLF,0.00924134125283846,-0.011480608489433991,0.0031063870112159504,-0.01351023321951125,0.019756922244685945,0.10742263132905461,0.0067418463593975604,0.04593822572554074,-0.0019923897876421926,0.06793757394655422,0.04362810392509696,0.09176750550542823,0.09755921572793533
CD24,0.027020082095238564,0.02025829599519194,-0.0035341541813178863,-0.026786484961721622,0.050789333197768974,0.002751307133111142,0.038436570551564214,-0.017250853582730465,-0.07876598700041282,-0.04375804087102194,0.06944560636599689,-0.06352352802977669,-0.06837464243233178
HSP90AA1,-0.03230067087768563,0.0639864221763542,0.007446565346955695,-0.04401449333801873,0.006008385351682475,-0.08875709484280309,0.016343892327302247,-0.001988670318796934,-0.044994248144192124,0.04748878163786381,-0.007711855684495671,-0.10506560236568634,-0.015884988341822847
BMP4,-0.022211603846258383,0.03531377564658157,0.05151614509043273,0.025475611741304333,-0.040189066989923763,-0.0020937146326533034,0.061304728034383256,0.07548007146769728,0.05029303759828332,-0.026734667374024537,0.025177822764448587,-0.03970154368791488,
SCGB3A1,,0.011457064756843825,,,-0.02042398024543974,,-0.015555881740743663,0.03383592829309982,-0.02001953313389301,,0.0014438399799786633,0.01905447208076619,
IGFBP4,0.09276643864323036,-0.02849006354552482,-0.01034051024683705,-0.007451986889394667,0.03201398661055954,0.05342844356188639,0.07018342140175836,-0.03360053395251234,-0.009528326903035969,0.01921233825559475,-0.020019638947920575,-0.021503977225563856,0.02079342803623183
RSPO4,,,0.015714801416171605,0.0034772852327868767,,,-0.015555879465344058,0.052073551826704985,,,-0.012898374696877036,0.04549075886494474,
LEFTY2,-0.021369182951294582,-0.02518468970682068,-0.018100458681892726,0.0033115022619032083,-0.003383431199500178,0.0599785855906025,0.11584047365596925,,-0.018354193864582938,0.027703140336501866,0.08479557253743439,-0.1293540781461649,
PF4,,-0.021772182897911052,0.0040544834354736435,-0.015110675238714616,,,,,,,-0.027197499260696634,0.052288838388241075,
ANGPTL2,0.06469357407450517,-0.02393029901356437,0.006035743501298737,0.011399711889362575,0.05183066286205821,0.045269332137427266,-0.030858662897300132,-0.027231207761694593,0.029133252819699924,-0.008391817479998035,0.00080209295138695,-0.005683958743591441,0.04567423139147154
LRIG2,-0.022459219128426217,0.015597177389760826,0.015949121169181475,0.033339475363077985,-0.007430064170338036,0.019575896082342857,0.01953284296643262,-0.00885080043980328,0.00019559292064617436,-0.06627423182552747,-0.00010328447423357496,-0.012557881517628858,-0.055312120767156005
ICOSLG,-0.01709758557579686,0.012596427183053928,0.09826149117663435,-0.026994947894872858,-0.015747650379488016,0.0789570978237047,-0.010032239068517796,0.016461294519802324,-0.026514241582758686,-0.023871755665693425,0.04632352992673864,-0.026743961226919334,-0.04340191223683314
WIF1,,-0.021035440369819774,,,-0.07004681974342447,-0.07009740630581215,-0.02927294438262774,,,,,-0.023284976870909285,0.06218852483484929
NPPC,-0.014446756233425787,0.013460510958215289,,0.02723047044853115,-0.0021283960985475905,-0.03585022305226994,-0.02161886560273999,-0.05777606465981742,0.10484577566519811,-0.025688613495079386,,-0.028471480846459656,0.09788617115132292
LYZ,-0.0064324222275722555,0.029662509475426237,0.08069948511082597,0.02666335845994463,-0.03758891285174581,-0.02210408418034928,0.08811691057610314,0.06064513185634624,0.028313178520949965,0.07317897076033536,0.022046022578256257,-0.08140900704575545,0.029042975901612235
EREG,,,,,,,,,0.017350802804184936,,-0.0302238560586733,-0.029162657520971292,
SPTAN1,0.010622925629193218,0.002770500760568461,-0.028546309102081606,-0.007724701502406782,-0.049145647447303625,-0.06463475112672529,0.0014000678043478306,0.016176299926602772,0.011615698346484647,0.013233445583740075,0.015177142974579538,0.07903576386355661,0.03368963944720026
LIPC,-0.027632157858066685,-0.026654874571925027,0.073335065465443,-0.02715500880705949,-0.02481152961567893,0.04479191355747145,,0.07980139261287042,,-0.03153147723403026,-0.008604143784654234,0.0359811258260277,
COL8A1,-0.010259773921509695,-0.020088310014169993,0.07628666273693567,0.015561952057758927,-0.01698740832158661,0.03860272845685724,0.002477839092257465,0.02262893113182386,0.0664479132340505,0.002940345059860631,-0.00478186229265733,-0.0824531368240826,
GSTM2,0.04778291319210832,-0.006408140484224384,-0.026219809483791625,0.08741233851242883,-0.013529953893290371,0.06532899153322155,0.013074565276908237,0.025268104371414548,0.011527968362320269,-0.033360829347082524,0.02731010259281212,-0.034131934055370815,
SPX,-0.01125662222032392,-0.007828731135406383,0.016024923790626828,0.009334343097571243,-0.012807684847454036,-0.04669707024921675,-0.01924317740642795,,0.05703507480417785,-0.04962230401037955,0.008374937593709855,0.1342645606726222,0.09777113231789657
MFGE8,0.06402331675301731,-0.05661818200522417,0.036705320598358064,-0.033632013658276075,0.020971541795662595,0.00017162007148452968,-0.05165784219987067,-0.0037723422214349035,0.059377438901953995,0.017391764403932017,-0.012496618096813286,-0.04944387516382737,0.024881836603558628
TGFA,0.005890491431211606,-0.05623692512479367,0.001947492076806019,0.008850760940392163,0.02416935968405881,0.005506268175920844,-0.05191026289707488,0.014990884495474652,0.04698614556721838,0.047106699112026695,0.042971654938471986,0.07157658292334464,-0.01338372955534939
SLIT2,-0.022211600292068676,-0.0010632918233601366,-0.026230281778912866,-0.04588407740150229,-0.04240506786072849,-0.02726789802401274,0.03159191274775699,-0.04847547571804158,0.015970703954565325,-0.009848796959615715,-0.0017454602761778416,-0.08078115586935096,0.05480920224424718
PLTP,-0.034776281109305064,-0.003506583401339589,-0.0045631932920804025,-0.0339701283233125,-0.03464412386458909,0.054142250220813336,0.03939428166426998,-0.05480655790276489,-0.02609858859052789,0.007400124342095612,-0.06031363517184468,0.0348227118986086,0.09153471468317671
APOD,-0.06528001479048277,-0.03403715527126217,0.0011927865070206374,0.0007552271121619768,0.07904048066430948,0.08214669510788832,0.003797022933097948,0.13834328377469784,0.07598500672596936,0.07757443188484733,-0.022572849432648454,0.043985077003404593,0.009845346876674965
B2M,-0.032108124167662566,-0.08122510639711188,-0.05507976214713558,0.005999407382840169,0.048540225314981124,0.10050338348225545,0.05189129133133494,-0.08854814491943878,0.042137256792410066,0.025242775760603603,-0.01871287920135033,-0.0521239705755805,-0.1508414397150913
OMG,-0.016137172075525803,0.007195490997416481,-0.08028505102217919,0.010054067413255438,-0.028040932269289193,0.021676630733479176,-0.013433797084166072,-0.03472436427502035,0.05215768064313983,-0.008045552852124221,0.04087145631713775,0.02354506630470359,0.006187508374339575
CXCL3,0.19875372511504685,0.03863950425166523,-0.03343943087285605,0.057177400876770985,,-0.017482013342530658,-0.01664150287763972,,0.043207470016984106,0.08771262039813953,0.010081734585203497,0.03397069586017699,
CXCL10,-0.00288042627991406,-0.007449681653565763,-0.0545485054493254,-0.04375653520818382,-0.021869863225035382,0.06695039615363915,-0.025279660891033187,0.09409375092369075,-0.02232695890337802,0.05262305066547949,-0.03664444545036585,-0.01463581877314706,
RSPO3,,0.009725411342773119,,-0.017548101336677092,-0.017982037667369655,-0.021864004597994452,-0.04041062117894067,,0.02373771434056915,,0.21761455626869367,-0.0013302410489815818,0.08652158930875671
CORT,0.15502266041530507,0.03029688803471916,-0.017618710803845913,0.009016947187029486,-0.03681058375399417,-0.03784055845858097,0.005662832205938943,,0.011132898096661311,,,,-0.04737740980905501
NCAN,0.017300117865059392,-0.016157380364320607,0.03474809077237889,-0.04317993793118714,0.0279681396762526,0.05685550236157001,-0.011210293861623354,0.09900960223836663,0.034828489616484576,0.06925696924729219,-0.0001976502361052009,0.0791741285355121,0.00542530840759756
PRG4,,-0.0203359014595008,,0.015689939918631,,-0.018940168145106268,,,0.011926372422503129,,-0.005241995627974089,-0.03525630074386764,
ZG16B,,-0.005926962165236414,-0.019572365203128158,0.009301725250054977,,0.017014710215421825,,,,,-0.024168026851245264,0.1395407172659122,
TGM2,0.009103074749310594,-0.007717838330407992,0.013500883922165054,0.020337439022587975,-0.04353879418356779,-0.026545120241848946,0.015211325731703938,-0.03987872011407278,0.03242180644120961,-0.04192557514338599,0.03420092858366539,-0.03849040249872005,-0.024102339751108686
VEGFC,-0.02158258179271712,0.003028346572237356,-0.025131670643297143,0.05781306137395914,0.038599518552330736,-0.009963648571497653,-0.011714150747727385,-0.047810058786105815,-0.027825611427579496,0.014974961276643092,0.045387082166794226,-0.0543697201989334,
WNT6,,0.007911449916774931,-0.01810045915693027,0.11151092740739518,-0.016410826799791802,-0.018625175263011287,,,0.05262500754574404,,-0.029187859514945267,-0.022328918966842283,
NRG4,,-0.0020509990146634067,,-0.021078282119581803,-0.0200898857340378,-0.023591180956070837,-0.031878057766281394,-0.026362576046924654,,-0.020195853348573375,-0.01938261067695486,0.030460910898850863,
PMCH,,-0.022280170477776896,,-0.029206013397213237,,,,,-0.021976753020015238,,-0.020528309758377068,-0.007884653996645527,
COL9A1,0.01710695226045274,-0.0012815713336169856,0.01538087739586099,-0.02201472726016823,-0.006785575084799679,0.03469610032820619,0.012527604895083495,-0.030112552704362697,-0.03967637065648805,0.004094557212378209,0.012326952321030418,-0.011881729228875029,-0.03892296066264448
GDF11,0.016667439497287315,-0.022918748503384438,-0.024869622054408052,-0.01984764041380026,0.0006281760850596282,0.07480071716587812,-0.0024261145252003216,-0.07573736990103411,0.033854490381043066,-0.003637347475753324,-0.006454913112938211,0.03788572478525367,-0.05514114819719548
RAET1E,,,,,,,,,,,0.03722828038728999,,
IL24,,,,,,,,,-0.01638533747943749,,,-0.03754050605087309,
SORBS1,0.04504402066708702,-0.007234270505712945,-0.0020245431912433776,-0.03245351354217747,-0.012489178347598733,-0.044618759238491255,-0.006296395054180914,-1.3591188953354437e-05,0.08938415635336086,-0.017973007790541555,0.022493032305876504,-0.02351517276635021,-0.03447536490553475
DLL1,0.059247926252663445,-0.06792464001241709,0.0007040614747292898,0.010554719325072735,0.011931382512302887,0.05092024965616861,-0.035617048548770604,0.0646221200539495,0.021895383030428216,-0.05888793816092591,0.008002620518809678,-0.022882743450018044,0.10790635597812298
TLN1,0.02167476637330775,-0.031546431950333444,0.0023655351696997276,0.01460337625195455,0.06492495937342863,0.02891125338748123,-0.003744011096015813,-0.01510330236895203,-0.03528300900118484,0.005417233759729454,0.03183207974303952,-0.0597102423110427,0.12444822837737607
COL2A1,0.02568378073873901,-0.010812355100395908,,,-0.01777908846513882,0.1375049002793036,,,-0.011104548031381598,,0.0010565362564996458,0.038656707260147805,
SHH,,,,-0.01799751238335728,-0.019405946702827585,-0.013742991339824788,-0.01786092651190597,,0.006436213979150166,-0.007194317455662965,0.013108492598118145,-0.052189104805344035,
PON2,0.047300064570569886,-0.009705048502705444,-0.04778922901729536,-0.012775978887007697,-0.00727539108552291,0.09766789575406269,0.01471643844845714,0.019673857274557158,0.08587202058383994,-0.03131309148538675,0.04312212354857297,0.1257946479549718,0.0931701707503724
ICAM5,,-0.030118931139622503,-0.02329935600415627,0.056865681119858,-0.07237048722198024,-0.034161574089417376,-0.003963809060886804,,0.032498657440708144,,0.009092098383572986,0.011786133726195493,0.040657953949738194
HPX,-0.023026105229638917,-0.030170711473762185,,-0.010969323921570049,0.11791750114977156,0.12794901106222764,-0.015555880154858984,0.0020999557075419184,-0.030405678212943793,-0.027077449741019947,0.04482230278480427,-0.003986935145251312,
SFRP2,,-0.0015971874984591601,,0.09503834495695879,0.020248337010226616,-0.013952276400906705,0.02056600474308585,,0.03410232686773401,-0.04348543217227115,0.024680329748206078,0.01868661802657663,0.08661611367100948
CFC1,,,,,-0.027730283014862238,,,,,,,-0.012674919707521175,
CD70,,0.04817617615452502,,0.05159609648207746,,,,-0.03192912386386883,-0.009473521227462037,,0.026140439339871466,-0.050424621197958513,
HP,-0.0402232918397726,0.021069641229008167,,-0.010251566577800318,,0.03705240417808934,-0.00767895791038844,0.023284214992260344,0.0037745669482528842,-0.025865688225616214,0.0005298856341262369,0.01984932142680049,
CXCL2,-0.013077130079388946,0.006475318859834174,-0.0016768939363042512,0.01537773590086195,0.034961282727462684,-0.025749190227798768,0.07275753177444613,-0.022899283928480254,0.0669951955016051,0.05738458627130401,0.0016205973112124105,-0.021566637224683542,-0.04908910989507542
NPPB,,-0.02707717558845814,,0.06179607020229296,,,,,0.009297960532663555,,-0.019661499886147453,,
CCK,-0.0054670064490937925,0.07396194594166927,-0.032531147077596766,0.03433329880427879,-0.038083077130850775,-0.051785223468233485,-0.02091634875376302,,0.009320424897559118,-0.009416061121203793,0.0740989998976805,0.0038959783193459113,0.10854774696220464
SEMA6A,0.0695212640732902,0.04266593600893888,0.03685187922018853,-0.04555308183795776,-0.007727318653778722,0.05148169781746248,0.003203065478854046,0.05118504882174121,0.04574428038245933,0.020398787802921477,-0.004151258163657169,0.043209089472236575,0.0665738395475728
IRAK4,0.00014044736905934624,-0.014052105490649393,-0.0018861995288237449,0.012290428053752894,-0.0007124027677209301,0.03231592190713509,0.03259181985348303,-0.09694446468811269,0.017913453612076285,-0.003422831921127506,0.04618196515036157,0.03647961143935883,-0.010093496189331665
GSTP1,0.044503569643329965,-0.005332620260085484,0.0015757046422805608,0.017164922624772358,-0.01948209539286405,0.11521495860391998,0.040507872091492356,0.11304938155376215,0.059808296126408755,0.013225633507825598,0.05821210856945768,0.0439628421491236,-0.11870096183319273
VCAM1,-0.05285400367017,-0.09958789511221502,0.056500567293237464,0.015194890872709128,0.053680079625100616,-0.009247925175363176,0.028744361032880538,-0.06297881788167532,0.041335032758913114,-0.032124009401583345,0.03795576981180959,-0.024137627834052794,-0.019210614185669498
NXPH3,0.029823698954678127,-0.03864817521165563,0.001831655102545217,0.019464193285537217,0.03762359402425925,0.014817060084587934,-0.035864977974471024,0.056073326517044074,-0.008848657575015273,0.03502630141537575,0.026099296526115,0.053472682742302,0.07789040132956726
MTMR4,-0.017191903981403443,-0.04593726775176537,0.08630184880932755,0.02776286735409481,-0.037406010402139186,-0.013786036535083472,-0.07700112131038352,0.046771835288841844,0.048782793100931934,-0.03646583497813493,0.02724426137429981,-0.024693432586008122,0.017724872954812836
LAMC2,,-0.0212527515617766,,0.04756315639494709,-0.005586501216290277,,,-0.0464592055715181,-0.020144277719128852,0.03240556339081654,0.008268223844006014,0.11772218932475008,
IL10,0.019748531015521806,0.06019465690220488,-0.013240815365386122,0.051857278940025446,,-0.02294031262299212,,-0.054564649368350426,0.008088673278306957,-0.01883496100704562,0.049483784679887934,0.07403832161099166,
SEMA4D,-0.05954190834984376,-0.014392165611769592,-0.012283427155598043,-0.06399212409802152,0.03149783861167302,-0.014536347379558355,-0.031482726359726196,0.035592497429127734,0.07185265976760943,0.002681761432058668,0.02053117014340613,0.0013545850281728403,0.0012482824832648317
TRH,0.003989160568958647,-0.0050078726272230496,,-0.04266293910022287,-0.005757974943119223,-0.004340722719815573,,,-0.035012097749696595,0.019862180897440816,-0.022022198401649967,-0.06709246494988783,
SEMA6D,0.04275064356473982,0.04029459823923613,-0.042693934095004445,-0.04792930868119363,0.031730573335518056,0.06791378331706814,0.04414717655454922,0.03920890893876772,-0.015300428871854272,-0.014411394127800991,-0.00797143526510762,-0.07837801684456484,0.043602594048777026
CEL,,,,,,,,0.04025794676195441,-0.02481308904190029,-0.03806284208527624,0.02349485973163925,-0.019148444979024806,
PDCD1LG2,0.027902074323096947,-0.013947118318200292,-0.0394316375958453,-0.05105922911918673,0.007152672689050665,-0.02397427856970037,0.050273103198030175,-0.02743385393772379,-0.007846215260636122,0.043366740314757665,0.05556392893630395,-0.028601621717701337,
SPINT1,0.006749917230746127,0.02684683670233851,-0.008997460095087034,-0.043648658974509924,0.051881328926732535,0.0242213207382659,-0.025421730548211438,0.009734887807460709,0.10744407667340197,-0.038580253724433695,0.01623062911658084,-0.013456573923743668,
CTHRC1,0.023143925581008,0.02445497156876535,-0.0032329671178321084,0.007995094119536911,0.05309226982410167,-0.0598068347126813,-0.03348725732826528,0.03966427871390095,-0.008270319949139114,0.00018770719625163578,0.020608743390395406,-0.03613365514237787,-0.011232679376737427
PODXL,0.0067863545035475505,-0.028304375407583706,0.029011911971264025,-0.043779697932932654,0.045952369941262776,0.04292939006608591,-0.004154685547360109,-0.06350055558297175,0.03445357707002732,-0.04974583882893052,-0.05243290911394861,-0.0994619968854435,0.04598167586420788
JAM3,0.02103447546892479,-0.023652497396281464,-0.010118136144819554,-0.0497278425930049,-0.0183647767326425,0.044726716408568935,0.020921124547441394,0.008556495904203494,0.019337517525811438,0.07599652749843744,-0.02845060400526459,-1.5293089512256877e-05,0.06598851333277596
TGFB2,-0.005496939919101851,-0.005203334348646211,-0.07052230959386852,-0.056341358497353805,-0.043508517949416306,0.03012276966119823,-0.0505300312310759,-0.024708963021736734,-0.022341269134343398,-0.002269286311182247,0.05748842262787211,-0.0379081861202082,-0.03583871377856247
COL18A1,0.01030927406859371,-0.019635320800533335,0.07216321690273295,-0.051506980031613345,0.004393944400457197,0.039821483891018444,0.049752148237302896,-0.1465218855875331,0.03766330723518644,-0.0004577305522791945,-0.04682312291173999,-0.04290532600008458,-0.011790100630155613
NODAL,-0.031351435606787235,0.004095877366615868,0.019400509178084103,-0.018088821336246824,0.06502583129521758,-0.018809790556188862,,-0.02420087388709396,0.028155830313305975,-0.029373775569827832,0.03827586423412127,-0.028488805417043177,
INHBB,-0.04752184066496594,0.04664913293283847,0.007975847029866208,0.012328463797185807,-0.050984933314130024,0.020063370650267337,0.046164535590058946,-0.0649386935642384,0.004968611726983298,-0.04278847661146129,0.08013352613121787,0.01443686224280795,0.09329588152511485
LCN1,,0.074574612378991,,,,-0.01534148597497772,,,-0.026053801310652828,,-0.022270045667107614,-0.022680655762171605,
ARF4,0.022792521372335933,0.01824053585917652,-0.010940202092287323,0.009027738671373776,0.03181594346069137,0.05605998667832336,0.023313708722142026,-0.026742585954242695,0.059108587912090026,-0.03392272212724406,-0.027439444840117216,-0.03227362594143814,-0.008687211272136905
CXCL14,0.02308351800738619,-0.035345515282324234,-0.01714665525458187,-0.038983932062578365,-0.035394938511115734,-0.0502298757560368,0.04287066586835007,0.0016068179609980695,-0.09045648248704316,0.005942227654252166,0.057174490002996216,-0.016348445014459704,0.0688392975904417
LIF,0.027721851275700825,-0.008223752152030873,-0.022061444575368606,0.039438131243881396,0.01784751974430923,-0.026757223838328785,0.04391288131736672,-0.043970852308876755,0.0017117291551637334,0.03319404986303621,0.029380760908930256,-0.05138887355885064,
IL17B,,,,,,-0.025336692001788248,,0.0011876106286377716,-0.02267231912130604,,0.05405996180919393,-0.025643599430784106,
MMP1,,-0.02930043412445438,,,,,,,0.04889396243224295,,0.0014661399776296385,-0.020573851476996065,
MATN1,,0.02450725764387359,,,-0.019231474179722652,-0.016084505054140143,,0.037188780759692175,0.02200613393342212,-0.019751764053661816,-0.026783699120927727,-0.001409574995529076,
ADAM28,0.02795541216957502,-0.04952539993583133,0.026880413411913315,-0.040729267135438715,0.05531966072502527,0.048250446976730976,-0.004806280561357414,-0.05887947564090448,-0.013654003923474519,-0.035976424096086736,0.026771083443268305,-0.023062095536632608,-0.01419818176963598
TCN2,0.02436585939158778,-0.02054653005675682,0.011922794540904382,0.008361259058689027,0.01356000003334641,0.03355807174453879,-0.021296512847908802,-0.0030003121145282955,0.04866905259707758,0.019227526634137914,0.04935680949065983,0.011554086730178102,0.03217055896039309
THPO,,0.045302864361671746,,-0.012455608258201667,0.02896523571751407,0.029304124326738228,0.03968086236712123,0.07575817095350024,,,-0.028994274439962796,0.027271539026682973,
CUBN,-0.038567740187580246,0.022435300336170336,-0.02456035434719048,-0.023801398170068717,-0.022995011799383982,0.08782758680385024,0.018804072297472243,0.10175997866616039,0.05005829307697582,-4.659220555298625e-05,0.033113386261085384,0.020369862809531472,
TIMP3,0.07052624640491754,-0.023822865847397418,0.04353545789766947,0.030869738723605548,-0.000802889315063728,0.036756770546574655,-0.02008215816133181,0.01964805308728592,0.051089854164305545,0.029345873050515902,0.006759559447030497,-0.026434647547338968,0.00472690014268917
PIGF,0.07005932029388114,0.03906502495502646,-0.02060645269725966,0.04113561145095537,0.013132798587706138,0.07879425217579686,-0.04242724738942499,0.1089302135351753,0.05923893420564031,-0.00404489526978354,0.016190455843137462,0.05759787062133726,0.011303214119519938
CRH,,-0.011356025448629188,-0.021879344036359705,0.19593581712885066,0.030015141538358606,-0.02359117117457652,0.0004052176026595646,,0.026676703756007773,0.07781259194814479,-0.008000664359383349,0.011316179119858822,0.041046127673908306
BDNF,,-0.0048259998934575745,-0.019572361472468148,0.0019577710650723044,-0.04320598337385785,-0.061065841834438396,-0.031218244845213572,,0.009040914301968284,0.03116137192512143,0.043161972880474846,-0.06817229381735888,0.024691286682111832
CCL5,-0.07895135175563886,0.01631431720458642,-0.0489827683615712,-0.003864351595378269,0.039939372494686334,0.019997473136162198,0.03186165267867431,0.13019159935973176,-0.0009412030744167817,0.03430005484553371,0.02306057584715576,0.02467503602268936,
GAD1,0.014279540168406622,-0.05643258974498745,-0.05094651283939492,0.057616404531195875,-0.025978651241994735,-0.07556808450241877,-0.01688788031157077,-0.0323417399584105,0.08107577662263867,0.08112502305792689,0.03909879518093747,-0.019126917772770823,0.06954514730939905
COL14A1,0.012687170866397257,-0.014354690921211938,-0.0022881652074229703,-0.026333627039986717,0.00434098127564472,0.015977003917675398,-0.025136865883575672,-0.02386134345338258,0.09372982428664303,0.013204675012210298,-0.013496282754681154,-0.017110407977688275,
HLA-A,0.014911060168754969,-0.04660613154700857,-0.05644514870492741,0.03188505591846631,0.038714972848357315,0.0944899888892334,0.020334860234032647,-0.0313636549269897,0.010179527629248113,-0.010408991398783509,-0.06785485914940474,-0.12658161968939421,0.051598409818202046
CD5L,0.014243650750162989,0.03254296787674921,-0.001966921625570255,,,,,,,,,,
FGF18,,-0.022530118455171274,,-0.016128241808537794,-0.02248548445934901,,,,0.005496282345903489,,-0.022022200168473668,0.06360354465735334,
ADM,0.07834394524405983,0.029710036106461758,0.06780680436769336,0.046304786687579064,0.036077615791938515,-0.027299790201019088,-0.025584372657633265,0.011918850280473861,0.033344485140080767,-0.012479412115547461,0.03096478380939515,0.025660366030771268,-0.05614693974121618
CCL15,,-0.008019292136705637,,,,,0.055517593231089506,,,,-0.0190998524964623,,
GNAI2,-0.06975002477621235,-0.005086581073823433,0.027981964979972702,-0.04113907834137774,0.025211868137399493,0.048192709051216476,0.027155557424443418,0.028635566499951574,-0.003688907924228652,0.0004194891128508242,-0.011082770743968833,-0.041671522403608004,0.02980890374116158
HDC,,,,,,-0.027417852680481972,-0.023361962153199477,-0.021664314882828856,,,-0.002452490021327734,-0.02336925907899784,
COL11A1,-0.024958016326822277,-0.028517837062488827,-0.024294145469606676,0.03371412039851577,0.021531188578846953,0.013584522756163281,0.03923106199865721,,0.053881968009173685,-0.05877860207537473,-0.020785852125991055,-0.0006385012711661298,0.06565626816193981
NUCB2,0.003199863338347905,-0.0004817567287538567,-0.006480351067833393,0.03552129504396996,-0.034645863800242115,0.03354242029528863,0.038512206214967454,0.040799316237776016,-0.01850947397721933,-0.059146625354137915,-0.020171286688904243,-0.06211293254715297,0.008082077247322073
FGF16,,,,,,,,,,,,-0.023027366837660167,
CXCL1,,-0.026851242092908477,-0.023471303742179043,-0.025059338269083214,,-0.03924410706170919,-0.017463467123032074,-0.01934884140523413,0.012228752501536818,0.07450321580365217,0.010721578115883373,0.0643195781642419,-0.05114434982850754
VCAN,0.05630432689947484,-0.010250724835689947,-0.009848895665848014,-0.0515778875122459,0.010496561814943196,0.03795719206795974,0.018516569315296567,0.012850032239160106,-0.0172724694509932,-0.011664221840847429,-0.050088811848846594,-0.11808003532992292,-0.006135704825845851
MMP7,,0.022506444500794906,,-0.03206404180428721,-0.019920916218572796,-0.011198019558160594,0.0018453556868449539,,0.02690990995372616,,0.02311288781650398,-0.12516906192985075,
PTPN6,-0.0314582954520077,0.026988085859375503,0.02565785090033079,0.0021567160268134425,-0.04951050422743831,0.04497798228648405,0.0201818342925072,0.05461596954950674,-0.008103036405378143,-0.010869299055005896,0.04989968210477977,-0.021532439920159224,-0.061617425532146844
PTGS2,0.05159691117966606,-0.0011441736076032143,-0.005078830441229041,0.031243328564070978,0.02409311088446069,-0.08850115695011022,-0.006058227601988811,-0.025618428937126868,0.012322416036607204,0.05724756117674086,0.07368336626753695,0.012406124883362386,-0.0016139854207017329
XCL1,-0.019352533895854243,0.037991232509458364,,-0.017548104290058084,,,,,,,,-0.028268268920511725,
CD58,0.021351142545057888,0.050322141436953884,0.03623689631486156,0.02698869286754713,0.07582738266912649,0.06263055571812849,0.034045165949757435,-0.09661366444507284,0.04785460763219916,0.0073406167705959155,0.027381533289912115,-0.05438611788643961,0.03550503432374761
TNFSF14,0.02785463801445882,-0.0031891750490557354,0.03014019173563843,0.001967850157198151,,-0.02333271942592967,-0.01705721208633579,,-0.02144187974542941,-0.041098134412160564,0.15642241662053877,0.04913948684062872,0.008620973160384184
CNTN4,,-0.033276600443631114,-0.019162706221753603,-0.0119879968398218,-0.04080526566587559,-0.03976185463072824,-0.004543646893616442,,0.06992540060582954,-0.024786936082983053,-0.019775609151228342,-0.01147588023368268,-0.032549315928268936
NTF4,,,,-0.022197583454384932,,,,,,,,,
INSL3,,0.003632361912914663,,-0.016128238645077297,,,,,-0.023846044475900764,,0.08936119130894925,,
BTLA,,,,0.0422797106126468,,,0.030752571058921412,,,,0.00823731500238573,,
MFNG,0.001681520080547532,-0.011823336442275895,0.026058321782963235,-0.013646339732218883,0.06221449239451579,0.017575178024455716,0.0105712768652297,-0.029004865927525728,0.0068313791272749756,0.010405565124489258,-0.0005506476704661442,0.08208526551156212,-0.04768089855527683
ICAM1,-0.0020295574241658517,-0.03756467918493714,-0.00416387775570378,0.04850743165646075,-0.04865430300887713,0.015733256885046492,-0.05105228722555392,0.11215191485271643,0.021818987579955953,0.03291104950447103,0.05452056494473542,-0.09129936830652925,0.07586171404053516
PROS1,-0.01399142518270525,-0.04940852504782145,0.02040933342997613,0.01590659514611991,0.08306167111694568,0.03247991324068015,0.02614681451921245,-0.014917404848537307,0.049791870340133056,0.005650929222038475,0.028605770621640464,-0.08211167039897237,0.04319392260271998
CLCF1,0.001916642342859891,-0.04011629109743416,0.03876973786984908,0.0336994833612615,-0.018518480936111546,0.0015508395751216138,-0.028694893280673688,-0.02790196828477786,0.055928075384855454,-0.07458228168806037,0.05239038329861122,-0.07483795419460948,
PSAP,-0.08785376177267024,0.004021547316897539,-0.002981191587687494,-0.018687059120024413,0.009995175162301133,-0.0638135447940388,-0.04870314476795409,-0.017831816008515668,0.04271018931326211,0.046844160786805436,0.010392916551582497,-0.14577800780262062,0.04773893650730473
EFEMP1,-0.0067384680561366475,-0.03887585901064249,0.06715363041935536,-0.03966187490063661,-0.04230490102176333,0.03829096359552427,-0.00905116176227224,-0.04297149629016345,0.01950612972929193,0.01904371733028367,0.06826826876872712,-0.17805825859766858,0.00329641318340419
C1QTNF1,0.003894117987825148,-0.031214921521474495,-0.0005764931913275778,0.012558171429368097,0.014557331083880442,-0.030960696795097827,0.049094547336314256,0.01308254368108369,0.030210597183262865,-0.00823445957631274,-0.004358094463583161,-0.09963276829049438,0.14479599439027047
ALB,0.035395045254974125,0.03224750733272265,-0.03229236520769416,-0.01798818411521574,0.019287078633159815,0.06618997393929191,-0.019373390322036315,-0.029954217546762123,-0.009855232808578956,-0.01566807702668506,0.02769800440197465,0.02912220346380551,0.07281460530060214
CCL13,,,,,,,,,-0.015916971891455713,,,,
EFNA3,0.07373387105860922,-0.03034961706082587,0.026851668354408782,0.056936728334247844,-0.04979113554120834,-0.05588289084565057,-0.015706355762967184,0.028185351597407336,0.028004843207920082,0.06412427645149575,0.04650783364685076,-0.010961967404959468,0.14504346020278078
DRAXIN,-0.01488492433043566,-0.0006368545569906037,-0.016591508625084215,0.05358484123099507,-0.026060942445905736,0.02905697572494968,-0.015555881740743663,0.007110515392396372,-0.007976104705522118,0.09497244416381313,0.003032252077267764,-0.002733163608718487,0.01874849621248866
RAET1L,,-0.019041569006624754,,,,,-0.018631669256331435,,,,,,
NPTX2,0.0023086608754315616,0.013189066169073973,-0.07012507339037291,0.01742587042711033,-0.08295753597193356,-0.09736989225319012,-0.003174987299272329,,-0.0033171056751549943,0.0033090607793145846,-0.032076394584697604,-0.042662838177988875,0.10238597649381105
FGF11,0.009695479742840178,-0.009522903118196256,0.041147628665942744,-0.000838081744466792,-0.03076033271513636,0.033353878659775044,-0.011632367299334779,-0.008366201761498838,-0.0022504814003207084,0.040643391727909095,0.06071531362591165,0.028208858051870993,0.11902418244662995
CD59,0.0036156454558526046,-0.0076011567143562725,-0.0471666550122621,-0.02603562953073132,-0.039408138598015896,-0.07649352120707588,-0.03604138244791141,-0.007822748146483519,0.008254026849728788,0.05837084347272784,-0.03109138788055475,-0.022772179129370525,0.057896238674551036
COL9A2,0.011698962954430897,-0.016861569770131726,-0.027322807681432137,-0.03789732364876206,0.02782929973677984,0.04691273105693316,-0.002027199331246939,0.11921954396902895,0.05709413774965882,-0.007354850268995951,0.01950987258567231,0.011692406562313878,0.07121954357173953
DLL3,-0.00986638987945398,-0.019385357631013712,0.06092955160275982,-0.025103745729356988,-0.013905687223120768,0.0025297204708656013,-0.004596339991897672,0.08606378856782979,0.02892865441834813,-0.014398835071300464,-0.019044547353726588,0.043032551701817204,0.0039100495649678196
FGF5,,,,,,0.011345942013047637,,,,,0.10755983138403774,0.013196539464440313,
LIN7C,-0.04287672487444505,0.06191289675559484,0.0022843107429001267,-0.046894878012632826,0.04729303816379108,0.04344508576115672,0.005330862930969217,-0.011821809292175665,0.03854431984597806,-0.02420754522974828,-0.02383950212093269,0.012942515450425714,0.08845519327919323
GDF7,-0.020045443988326802,-0.04490473704440737,0.07759632403363967,-0.028777486394733175,0.04322464952772786,-0.026755649006800067,0.017214658640810735,,,-0.03227390405178801,-0.001144537504152196,-0.021398377171849305,
PSPN,0.019965630519622083,-0.027496409907970747,-0.009310618761251983,0.08616369540013678,0.004655450243563997,-0.0455194742984038,0.02798874030979402,-0.006395717830066195,0.0487624274357667,-0.016301859815717405,0.006879345768681483,0.05869815549986302,-0.0452438943570634
ANGPT1,-0.005592870001213259,0.010554622341643335,0.01708558337411892,-0.028660504113969736,0.012247934179860403,-0.033782392124395856,0.03472919452188157,-0.067482743891243,-0.0006751935557902817,-0.018929678096401132,0.0235528411232595,0.023773519384537395,0.0020909234300465268
PNOC,0.038907768735173105,-0.011059293644203197,-0.03506127628777424,0.04472998783936419,-0.02791971068532552,-0.08167959101363537,0.011291995409482202,,,,0.004350538941546443,-0.06977129206412111,0.08865425645283008
L1CAM,0.0025795086870605594,0.04999831539092932,0.013565651312859752,-0.02122619773738987,-0.01942823916011381,-0.07747033745132943,0.0145533332200693,-0.12082891838573463,0.024211787219293616,0.03389100483490846,-0.020424006891776043,-0.08654697594619455,0.012635908623712321
APOA1,-0.029550933560195638,0.01674174302789253,-0.016670021226775043,-0.025117066940811558,-0.04400994464129222,-0.019375705004484982,-0.027605459021754403,0.04271635685519967,0.0410913457112702,-0.02724681794977724,-0.017798859749975873,0.03252573743416893,-0.0463938008675041
PSEN1,0.0033677601101200555,0.02588563922322186,-0.009549062234554657,0.020378418944107017,-0.030972526621462985,0.08520993147833383,0.05941113963001927,0.0109529502909149,0.042990440566384555,0.03032658292766851,-0.048958810095800144,-0.036459771887797206,-0.014684312015098965
CALM2,-0.05911975203806455,0.019651510115522255,-0.048353549399638616,-0.052886187466730676,-0.023172307752999135,-0.07353557380353279,-0.020452203118990833,0.0812759953539528,0.018174449104113848,-0.03670028326856482,0.024322524858979146,0.09228607393342969,0.018092191018419305
CLEC2B,-0.017614703437001545,-0.024498309424257406,0.012837961798828073,0.026133854996550288,0.03247190919030816,0.04731491074375321,0.004565271883512969,-0.017518732943689292,-0.0018350440287289208,-0.015770020101470595,0.013984050475310799,-0.06426341004918389,-0.07166114675424505
NTNG1,-0.007765475107006039,-0.019394209151126936,-0.0063456925489551496,0.02806009536438715,-0.014935011672162818,-0.01842658725405695,0.018520511150386262,-0.042914986285745194,-0.015100453951792823,0.027905414155853528,0.09177188558233493,-0.04402183017328227,0.06384869020838142
LRIG1,0.007289368839675421,0.00689944773387653,0.0036307752592693314,-0.03650037192003369,0.029749134547669212,0.07013580047906623,-0.028218616101119004,0.08718374384202025,0.015444524576537697,0.018971808300581386,0.06477719355643831,0.01179962867518819,0.004335591214054425
CPAMD8,-0.017638270398278578,-0.038256481042216156,,0.040379684622162175,-0.015562537394339222,-0.013530629590243365,0.04127449839925566,0.015376441193951889,,-0.014864281037872731,-0.027402303564063406,-0.0054812865001715025,-0.04471462581980161
GHRL,-0.028140592392110732,0.033968046069377214,0.11727845030973078,-0.024630931489411874,-0.02025755606944973,-0.002501186932074966,-0.015555881740743663,0.030017533893948595,,-0.012606905778888408,-0.037617218484865475,-0.022328926664464725,
NPY,-0.006753949520846445,0.04355029672387428,-0.03192964770266602,-0.03260585533843537,-0.010850155392445568,-0.0534986144247571,0.04993394988637639,,0.029610579208686802,-0.024342415212028002,-0.033023618208601224,0.05412112199424561,-0.033545823200793634
MMP2,-0.026889836753468406,-0.046287772569883576,-0.0024859710829752304,-0.04070951685259216,0.05321354934016018,0.0584352786290759,0.010180415417412346,-0.01761070427000791,-0.0003137124841350474,-0.07296808405533127,-0.0371910400231027,-0.030514178130571085,0.11249418412854173
LHB,,,,0.019099018385855343,,,,,,,,,
PPY,,-0.032107848270483415,,-0.018469077691988384,,,,,0.022624912849168916,,-0.043678900317478835,-0.04534434909512684,
ALKAL2,-0.026413455062439844,-0.025915602143837195,-0.016505134304198227,0.01854370391585002,-0.04125330286774361,-0.015341483488564445,0.030593337719377302,,0.0423661313229912,-0.004594054435569947,0.021952820484618774,0.00045485499792339494,0.001446799952034641
CSF1,0.007100312010357185,-0.01826975416779773,-0.009185387415266689,-0.020585099331074,-0.00681278303382825,0.07019911641183313,-0.026616880446827106,0.028091708186288752,0.03417885355948402,-0.06211473745416419,0.05677553269875748,-0.018558034219052385,-0.043458770442995454
SEMA4C,0.03272237361204876,0.019310035532344935,-0.024955638751007824,-0.041252973339370475,-0.02177414170559856,0.054765310215970184,-0.00965514771831543,-0.03832376969552813,0.023598066098016866,0.09534240011169438,-0.03824270969315118,-0.027670892923417578,0.03481651860760695
BMP8A,,,,,,,,,,,-0.023472855031708723,,
ICAM2,0.07632199193227741,-0.04618618946984642,0.03130306881440801,-0.030862895160913548,0.0053386384274807875,0.0572627754616669,0.05076782653044544,-0.008009513364482796,0.025620356230920106,-0.013928595452040001,-0.028897835332266832,0.03576464412855205,-0.10007470632273258
SYTL3,0.05451549953613858,-0.0017137172770506706,0.033943266698619745,0.04388904079098357,0.0026389622450149522,0.07414875685068285,-0.011241312531306166,-0.041212041373404465,0.029785125093805567,-0.03689254422387919,0.0079154888966663,0.0323588260557822,
IL1A,-0.02049538672551713,0.03752380574853894,0.007123950069344091,0.0020624960728989547,-0.027219556263677586,0.08234967018497007,-0.0289563671576041,0.05168020914536059,0.047719844248861935,0.020940338339259235,-0.013289966331294487,0.07339146108062115,-0.032841275655168506
HLA-G,,-0.02930042791779232,,-0.017548102705316877,-0.014701676105880478,,,-0.048475531545576336,0.030871429715578387,,,,
PGF,0.0985373401869545,0.01813019000364235,-0.026381694611301482,-0.06004220073918431,0.051691160698959675,0.0706563119456994,0.03402436125992528,-0.1131090489134315,0.0023724150281112136,-0.02662347955987112,-0.01326563132692178,0.06634217312745877,-0.0009115907243539225
LGALS8,-0.03824646997667799,-0.03350323209031808,-0.017532222727306625,0.019002692455092646,0.025488315377137624,0.014822527706212629,-0.008039423705862558,0.03859427389724707,-0.00170002516268375,0.05881882017211495,0.011734290286891913,-0.07223876856726713,0.018735363011322847
DKK3,-0.0059113249838547415,0.03218048192231738,-0.05111106321274122,-0.0325825487999483,-0.03354575032534392,-0.1004894020069366,-0.04364377346958104,-0.07881026537075708,0.06924260273835176,0.02285872899305905,0.033991090188427976,-0.009077242556946129,0.09784857730421438
COL16A1,0.05014097544264334,-0.0359575653269555,-0.028028380023472892,-0.06672412181305822,-0.001980502871041704,0.07339393981523612,0.02063320555835636,-0.06734086843375024,0.01762102638653499,-0.021411339811410583,-0.025564928436100472,0.028947422969800785,0.020053024698311446
TPH1,0.026439630881019013,-0.021513955419848265,,-0.013096078375127187,0.03240028627464579,-0.016084504902309185,,-0.04645913872560301,0.0061186686804939605,0.0036079188842784294,0.0412621468740509,0.019206673590973354,-0.044367743106131924
TNC,0.056667576101832026,-0.05381772767418933,0.03606096859291099,0.06334947797643366,0.02663059967447792,0.09293494720064197,-0.02602966428693754,0.017340863483256048,0.029121236888426893,0.05747107579089726,0.05947202466025108,-0.14857518452826535,0.038717370227154116
TNFSF9,0.03460777982137406,0.05339896521819091,-0.02760034731381473,-0.02877748833047493,-0.0028204036934269057,-0.03630923798253371,0.018275143444668907,-0.04713960029860737,-0.03911980187297779,-0.04630816383300498,0.08000100587034024,0.00953015789877046,0.06578621332303415
C4A,,,0.0634991333538166,-0.019697426466570772,,,,,0.0549765238385138,-0.007537571563597648,-0.004625000840228168,,
CNTN2,-0.06765400318822794,0.019686081325863657,-0.037409845329951875,-0.009878334857245073,0.03681026691860949,-0.016973368096384157,-0.010430601279938263,0.0072953266460100245,0.015206444468235146,0.019984537722770247,0.09284262981959725,0.014952185810034555,-0.024497066557608898
F7,,-0.020988484945689338,,,-0.013529950852903677,-0.013530621725788826,,,-0.022326954248203572,,,-0.014773106450318424,
LUM,-0.014343145383986278,-0.01443726443879148,-0.023980374047258463,0.020022032867713487,0.011129006169193238,0.06853108222466572,-0.03247056206870774,-0.03369455755759209,0.03012282397942079,-0.04498815938215971,-0.03512895480478673,-0.06152084370909153,
IZUMO1,-0.01685391812391305,,,,,,,,,,,,
BTC,,-0.01904156107519928,-0.025451945783132975,-0.018099200378170536,,,-0.010877720952698193,0.014487950018172659,-0.016152766465582166,-0.02308738573491386,0.037419342395913234,0.01472790704442028,
APOC1,-0.06480943337028708,0.0407814422234905,0.04707411546618778,0.04887324570519439,0.04546942379807778,0.08714277374565482,0.07447899883539336,0.016353725808711573,-0.06686322717966092,-0.003480057612683898,0.0070631090709331705,0.06492153215696675,0.07352175783881153
PKM,0.04504674382293168,0.027633804368488207,0.0034873526325609606,0.04236283838241239,-0.0012984477384995062,-0.0013489741823717787,-0.047842764918666944,0.0655074198102323,0.014740208293641421,0.0183997698083181,0.055103882179658406,-0.13803429281420454,0.114973597483355
TNF,,-0.0037769171278515716,0.026848619591378336,-0.006998403461697256,-0.02151811885350648,-0.01985786631371499,-0.022742355311687865,0.11016711913993574,-0.01567785409858512,,0.07823365017130857,-0.02436807004755908,-0.11541593743150967
GNAS,0.005843160677389567,0.03453034102052404,-0.0007467166302378817,-0.03335567269759799,-0.011920108819155874,-0.0990016964033457,-0.035467782452401404,-0.03385903868678492,-0.022390342678543004,-0.021375706353626997,-0.011048957085898238,-0.026177210156221285,-0.03942538677190655
BMP8B,-0.015672081278349306,0.008166164816774134,-0.006706390959044081,-0.013453884706127078,0.015521032103237397,-0.02264908142865156,-0.01510069016495499,0.031871134633527406,0.04671201968249495,-0.0016134795912779735,-0.030525752960161523,-0.03935571401653535,0.145649394142019
LIPH,,-0.021513950123280647,,-0.024954054375192644,,,,,0.09323918360753937,,-0.006790440794683954,0.01306989585528302,
CCL28,,0.016422894832144003,,,-0.016520064189986645,,0.014686829049458497,,,-0.018599285297185787,-0.018226722687928038,0.006148078169124304,
PTPN11,0.03368407366068543,0.02466945093753673,-0.0421121891860803,0.031928327113131705,-0.037644314187891006,0.04904191616485577,0.008570364354329915,-0.024527711301477354,0.01217581955830331,-0.06465522197554419,0.019865613347673595,-0.08483016920939226,-0.019816684914712893
ADAM12,0.028440009701089706,-0.04452627812380403,-0.019368554970327818,0.03098492440208045,0.0388567778794415,0.04398083683409837,-0.017261476426077605,-0.09357686576457366,-0.01773270773174252,0.025355377204543523,-0.029579944143991004,-0.06876338734132097,
EPO,,0.01797666652368666,,-0.0014801559132499066,,,,-0.036332789077909364,0.031671461149216595,,0.17304557684297178,,
EDN3,0.013634105492446213,0.017412663340008322,-0.03485183249243602,0.015405553859818328,-0.019405942824290413,-0.023974352395132972,-0.011087689030966364,,0.07078679528775951,-0.021858173472133768,-0.03521805179019539,0.0010710197724572456,0.14254324139808636
CCL22,,,-0.02056294687369332,,,,,,-0.019564305429448377,-0.023087386756672133,-0.000899035480259957,,
CCL2,-0.038846095636149554,-0.030680147547880177,-0.038945234766293566,-0.0009754904203074442,0.058444730382522396,-0.006048326011749606,-0.02738274885437954,-0.047804983228247624,0.02105228030152982,0.03322767760644879,0.09193274508852721,-0.13680271859400828,-0.025987197521992682
DSCAM,0.010806281379061389,0.0034548942967453956,0.01821584128848604,-0.02750980950993324,0.048171874357123806,-0.0035618452280258336,-0.026226865459847797,0.006853928965176463,0.025917549241769207,0.035669106373888926,-0.011477872347857387,-0.08500166182773822,0.07886798585733065
GPHA2,,-0.023978390592740564,,,,,,,,,,,
ANG,-0.009204475838569344,0.016537526754043106,-0.02028345715729731,0.04431530243538711,0.10023965242142958,0.05426920246165529,-0.031237369524919324,0.02939924317609289,0.043021954265323105,-0.05671302906628508,0.00416518749379939,0.01131486109198681,
FBLN2,0.12077643527454754,0.03085135443987251,0.015753865557950116,0.0015963784172904369,-0.05532372180939328,-0.017078217188025907,0.014172567078064656,,0.01791151619483476,-0.04562005121748039,0.04330275166599824,0.06943041926589537,-0.04539099694088813
VTN,,0.005066972125835275,,-0.023977613044481025,-0.015578470897338336,-0.005657932586890713,0.0003147702454439537,-0.0290045557018225,-0.019759360225572793,,-0.01827941210501643,0.07748702194119723,
VEGFA,0.03225153185681808,0.04368448550519816,-0.0005170573022343677,-0.0018778811016573866,0.024244902462367584,0.021652916207576863,-0.041882268537447316,-0.03734560711222318,0.01392649086090572,0.00140242751593514,0.0062038344932364336,-0.036632222379206235,-0.043609985298083055
F10,,,0.03204955016782268,,-0.02709060696197214,-0.022001079474795505,-0.013851069732975684,-0.043644301405968436,,-0.01997493747476514,0.014500321561239093,0.001492636577563999,
SERPINA1,-0.014915024839583402,0.016365294970997313,0.031978702684942226,-0.007709375028541675,0.0383154545945172,0.050277299987771286,-0.04469841384733293,0.05274113639335855,-0.0045988252388164605,0.019643558000918108,0.051505368328612404,-0.05430953548686722,-0.05774234737157403
VWF,0.023319462769888843,-0.06602734458575962,0.01605150746327479,-0.025957090619946246,0.003585020076381517,0.06948856502208847,-0.02642400905204211,-0.025682218647936517,0.0552134070690076,-0.05604259733976769,-0.04267433612280853,0.06833127496492107,-0.07422188133207522
GDNF,,0.020421728284710196,,0.06254999991483362,0.03763365086219233,,,0.057050412272330105,-0.022719738616833133,,,,-0.001673291289425041
VASP,-0.024044527003927906,-0.05936058514227374,-0.02335180286402244,0.0015046880526428078,-0.010292625148751426,0.08809165884862742,0.014659205565684395,-0.05940543099361817,0.020860046171043395,-0.061972654105848485,0.026911360757983737,-0.09985238065091678,0.064986360064618
ADAM15,0.019429566383249653,0.01126482597028185,-0.03244719638476074,-0.049221367472427516,0.05498576937202899,0.04994251312162092,-0.005095954641911602,0.023967555306634837,-0.0116638858829568,-0.024811173165928842,0.032736320541215135,0.07332010464408976,-0.055930370504406676
WNT2,,0.010491650176405319,,,-0.02563582711864284,-0.034731038899919776,0.03683615869520311,,-0.02144187002821715,,0.054495836947929296,-0.0613401281196501,
CALCB,,,0.015365212967386552,,-0.015790446806536605,-0.014957011144075934,,,-0.01876555809918893,,,-0.03754052445303321,
OLFM2,0.04513233316610428,0.05288503661686009,0.0017197442154138196,-0.03735605701106973,-0.018010008559716514,-0.05629550478674244,0.049545204923427434,-0.10203262244285613,0.03929170158143905,0.017894603250287133,0.05333746727478336,0.08881508801179572,0.010251069302115298
MFAP2,0.04763021388443554,0.023222052956084916,-0.01300800755477793,0.0044010448878160705,-0.0068851529094351395,0.059589999211751836,-0.04294068455244566,0.021218885273782816,0.0014346905356566499,-0.037198342986003614,0.0018146499867533485,-0.024399765134001168,
HLA-C,-0.005371380201955409,-0.048288370926174586,-0.020563229034159827,0.013033538982263235,0.03620209040887207,0.09607608604633473,0.0539250093125376,-0.025735727398003734,0.03917782054950993,0.00028209672403445486,-0.018728872353495584,-0.04189322311788541,-0.06176823662098473
THBS1,-0.013185147190012536,-0.004937610544311843,-0.005141005938905077,-0.004198221536327891,0.028456741038589226,0.03933218228418458,-0.0018110701681347886,-0.046707328354156655,0.015103376219980766,0.10346333548979972,-0.01056703013692199,-0.07867001443062503,0.05210357808100013
HSPA4,-0.0009497753375698507,-0.0069100440508066,-0.05487486200987422,0.014591687372379217,0.018410193642593945,0.02433956747186607,0.011723951307827756,0.04371323354279065,-0.0058812961594724355,0.02763526178394783,-0.009985464009635712,0.011904941302426471,-0.04866819978684618
LMAN1,0.02040672012453391,0.03520311277863634,0.0038535823622287174,0.031169884879313065,-0.00471934855449638,0.050879184333608225,-0.006112129102002457,-0.00031185740419867433,-0.03158571625081309,-0.03498405276033509,0.007914144706326273,-0.10790850165337453,-0.048505637664801995
LYPD3,,0.030671017806371614,-0.018954757671318264,-0.01865223437194312,0.0570533652375085,-0.00683070916742864,0.023987819024838503,0.022664360539601313,-0.01257144934251741,,0.014641998695579516,-0.006935146333782583,
APOE,-0.05477156136293786,0.01616062253421382,-0.012950688683915405,-0.05047616806331232,-0.009299192314678297,0.0287498079095112,0.030738801189749955,0.15547005438083106,-0.05209427282424525,-0.051172398168896724,-0.03152810577751799,-0.029164978711520493,-0.09912979810518688
SOSTDC1,0.08953521277560711,-0.01737346571283175,,,0.015432434907153805,-0.0053971722101771764,-0.003971033573044585,,0.09147746212462497,,0.04739256502285717,-0.026777518761976427,-0.02101002593671396
ANXA1,0.01897584734493586,-0.015468362054261582,-0.016159628025349447,-0.01987815923461261,-0.0017024337496758803,0.029266622388960776,0.03824172421864322,-0.049704254310103994,0.011748975553246081,0.08780169837095908,0.015976097782721393,0.03607915156374532,-0.008198547241027023
WNT2B,-0.027206884090203002,0.047642349200492005,-0.026698483166640783,-0.009078701711317317,0.024010158234578725,-0.008309440621166255,0.010918056547066434,-0.03813827340316571,0.0020365874120588153,0.11656329478969678,0.02699185155049079,0.08921608777840082,0.06259634616049278
AMH,,0.01251058558775112,-0.0003039655469513652,-0.003843378614063454,-0.01458496396091906,0.060946591336856384,-0.020089297791821607,0.0033473498213623144,0.05477973615889529,0.036829848001847056,-0.0009485554081779513,-0.009934843533387552,
GDF10,,-0.024900132639745134,-0.021324412424928156,,0.10721854281325073,-0.024100908096447465,-0.041455432582707175,-0.04217448346024412,0.005522927487958059,-0.023474383847775535,0.04486094967959208,0.013552273353354221,-0.043404504545535676
EFNB3,0.05989185322230794,-0.01367058341977607,-0.012141807461625768,-0.04076543924318388,0.011243463874428851,-0.060781041361564495,0.024119532941705563,0.07750825480091489,0.025629583553983468,0.02187327859391352,0.0754981385249357,0.03307189603779403,0.12891147698726083
LTB,0.040568055806907186,0.10934248267002994,-0.0311098683814248,-0.02304530387642523,-0.016206517316428675,-0.024477220702990826,0.02578033338262865,-0.0396215279905303,-0.030719228087374043,-0.044809121148549784,0.04522203574908666,-0.016759135157361393,-0.011510173476070487
ANGPT2,-0.028234502054931877,-0.012013951998622584,-0.006551750228387986,-0.00939256680293202,0.08011992137695774,0.0696264653875863,-0.055119041522535286,-0.0443058536604278,0.04027909512525264,-0.008413119212675443,-0.03817959475649485,0.03656851969856046,0.025357737641781942
NRTN,,,,,,,,,,0.04152536027344539,,,-0.06578815567998657
ADAM17,0.057034342690901844,0.028168892126524032,-0.008990569034691975,-0.020661973712882448,0.008894352579005067,-0.038439518249368504,-0.027529342591759667,0.1450669828641947,-0.03500150984089489,0.019292132270668158,-0.004063297872070334,0.014141238538631386,-0.030784338601298533
LRPAP1,0.0017386367048671842,-0.006151966105019725,0.03005481559729226,-0.0352952506562557,0.06044623806733773,0.03377759531275242,-0.0035440686465277177,0.10301576805949193,0.10761220801077373,-0.017088565227912987,0.0009106048450176733,0.014425388221533619,0.11168448455714003
NID1,0.09233159105993495,-0.0423294554747747,-0.002268428747609152,-0.02289452302116574,0.02644431791317277,0.0347514185470143,0.05050209754786373,-0.05728795906202324,0.005894011396084158,-0.018837114245316207,-0.03658067179121438,0.006500413605076632,0.028637157938056785
MST1,-0.024473905539110836,0.009242630414524514,0.005019061365698464,0.07921189117370574,0.05824842189982398,0.0631996793194715,0.06738257766143006,-0.0261018869390435,0.07286351359443304,-0.03196361000687899,0.03533728980420136,0.09708931292889575,0.017204650961997983
IL13,,,,,,-0.015150401173472309,,,,,,,
DCN,0.00616369212107764,-0.02890207682788274,-0.02951055097980357,0.03027907543692037,-0.014692983507401561,0.037842081494336405,0.008054962966581992,-0.02862048351400568,0.012766745683042927,-0.04119366073577999,-0.020644461444529326,0.023735507795031446,0.06213671567526939
IGFL2,,,,,,,,,,,0.0016966619478549386,,-0.05468321193668378
COL7A1,-0.012161244915187252,-0.01695596704422221,0.052863696415504195,-0.010275731632937829,0.03695453840699186,0.008250709309691032,-0.02072872714629908,-0.021802432470930933,0.03366164296190481,-0.008129939159528587,-0.05043659614372784,0.021259797402798302,0.008331258977509628
CALR,0.008936317790348052,0.025390787475278388,0.0169720008900443,-0.05491736344455516,0.01863491675758341,0.04399536470171521,0.005904640153653934,-0.0665369543481138,-0.0017746144420400518,0.03403310047035787,-0.05517399400741313,-0.10059836940649167,0.1377681921190099
PIGA,0.019291900048000552,0.04299663138583805,0.044043736629392434,-0.04129478679992252,-0.021868209034876292,0.08761290987527269,-0.015664603228524865,0.045324277518388,0.09970498989833271,0.014242869677401244,0.03130034552349938,-0.02902584797590112,-0.016258287116262145
CD200,-0.02095357946582256,-0.039281760802885424,-0.037608821264215164,-0.013087628753630504,-0.006827640662928245,-0.06734402909028943,-0.011286564960133812,-0.060229563960222735,0.028357375263654727,0.03983093317790395,0.023669691889795282,-0.001888829611266581,0.16023343176718394
GRP,,-0.013183591683521702,-0.00010223254040558891,,-0.02107767948065228,,0.057162882585440986,,,-0.02568861451079372,-0.022998711007075272,-0.03641354972479436,
CDH1,-0.04870844227529838,0.0023106841932623505,0.0058619419995819076,-0.01991488726681211,-0.009187324285129495,0.04890055821113872,,0.013784566786971672,0.07386472999268721,0.02336764918516019,-0.03899892009749242,-0.008386369244972337,-0.07946418846147295
LPL,0.01822268643959123,-0.08778990118069463,0.043347330770795854,0.018951599697751342,0.015615315740768633,0.08720295047779894,-0.018486426316885806,-0.0063368733484595405,0.05918218949174007,-0.004823847871262017,-0.007722794098539246,-0.017816911264834912,0.018276875499895363
SEMA5A,0.03448946539237442,-0.05558943379416816,-0.012011536129576924,0.013475531145812002,0.05313257609612567,0.09378828899511849,0.004619560415762241,-0.09607449385056094,0.036125177587383935,0.03564511828719971,0.0019959228267113238,0.002699972174441988,0.024515014632986307
SEMA7A,-0.01551002788971195,-0.03235844412057399,0.008752847352435256,-0.03807430791907535,0.018380272634745762,-0.07036884277099231,0.01641171907261693,-0.011922044049625487,-0.017646950242924432,0.04655940055041273,-0.020973405151238432,-0.05077491693614561,-0.04453946635218383
SEMA4G,0.03206418969771407,-0.004207085327971406,-0.029470635455197923,0.006521633052183896,0.020390681160916482,0.03406486383153048,-0.037461689477282935,-0.05003087233923859,0.017816265165243993,-0.04018163777683398,0.03265591139826397,-0.0009516791473681085,0.1263240412296823
SEMA3B,-0.05392852942768043,0.004209946283033207,-0.034415090614142906,0.0045639007982586945,0.07691482333685601,0.013613736334901665,0.04665876656520175,0.08894961772566692,0.07019948708758876,-0.009057590076728638,0.030482473721582113,-0.004514633240084003,-0.011462354964400678
RPH3A,0.039250992786428594,-0.01982834388905032,-0.012529609455759356,0.04055792896792992,-0.0035971490274491857,-0.054124462817837136,-0.016454038145496577,,0.113061577282609,0.009431601381273623,-0.04660899389488971,-0.031134164906864582,0.0410813092906778
JAG2,0.02800189862158591,-0.0028870856881792906,0.026453044967665516,-0.0025687303717523255,0.06479592328087085,-0.02352315753019954,-0.007221160218117817,-0.009724738652500387,0.0001742009820107137,-0.004604678984899964,0.054712830157995225,-0.0022818108200064113,-0.02078764404542949
CGN,0.026669024418550596,0.00932103415627434,-0.024644225102323086,-0.018764663581111618,0.03621496688960554,0.07934933969388105,-0.01881968702098051,-0.0791744571136167,0.0897045258561783,-0.026429079983740483,-0.012690323206495428,-0.001840223582172437,-0.05022613476700262
GDF15,-0.03284297664344968,-0.044182112774204065,0.017768868250764038,0.053332121499007505,0.00947579349533684,0.0896591328695904,,0.031834695090786035,0.03410452520127235,0.0006727692345791619,0.03349073185006673,0.025917823578229724,
SEMA4F,0.03464246168138221,0.017003321652015846,-0.005239670435606817,-0.030003871619749305,-0.018791504757085777,-0.05670745568366347,-0.02625356436257565,0.01891754076093743,0.00029991715686705187,0.07020618471955277,0.040077778707752,-0.0021974902007765697,-0.08409088352778146
NXPH1,-0.013655734866006613,-0.027122035662569613,-0.021378377589161605,0.019288390369815982,0.020776583901049948,0.041605075981396095,0.04982904848684774,0.04721831990473984,-0.020130034304973066,0.018957935896687456,-0.009714243068250012,-0.008787131147253388,0.07307026675862112
ARF1,3.0613862385032264e-06,0.027476232735655585,-0.014803568685574633,0.048964376898496906,-0.06640162777961213,-0.002830979508878755,-0.028568780801480655,-0.008255630725737474,0.01766875458932643,0.046678517444996445,-0.054894340500185726,-0.059035792242096916,0.15679092008683088
DSC3,,-0.018146371678864563,,,,,,,,,-0.01938261067695486,,
EBI3,-0.018304744298643816,-0.05281124151896396,0.03136509227062781,0.017501222425323783,-0.0008200497660305138,0.04702759991286062,0.035560746524675266,-0.005303631052345372,-0.000941158298484289,-0.013180659044655322,0.015398022501369197,-0.025016569384637883,0.013204789033656272
TIMP1,0.017211917322848484,-0.06286239859567003,-0.0022013419069601328,-0.04084049056316959,0.028730533716336406,0.011161563743375827,0.05327096128601483,-0.03274115896254959,0.004078789391456746,0.027634867809632667,-0.058272981865275235,-0.08468832349470781,0.026624673212138125
SEMA3C,-0.0207350761368998,0.03626706825801201,0.0091918159525227,-0.00011734879361511883,-0.02927637331599539,0.008912179633544546,-0.037107692012932805,-0.006900263263435653,0.015408147936046857,0.03952619773743361,0.0664727368485823,0.027678472652429117,0.11666763529398817
GNRH2,,,,,,,,,,,-0.021003700290824347,,
GAS6,0.017686845144544768,-0.040172263801261314,0.0018067192181373964,-0.012970866736356623,0.029058566451568752,-0.015763861249785488,0.003953952223040264,-0.09463444840629388,-0.013797603382536897,-0.05617713354983108,0.013100871851597895,-0.02173752590073895,0.11634105898903807
MEPE,,-0.002269663308171361,,0.03150514404824835,0.004723130522345428,0.03904324397692152,-0.009567297058375723,,-0.029915804486017845,,-0.026783702814954843,-0.01421394441304018,0.04390574440699612
SERPINE1,-0.02806222348261144,-0.04716557306247698,-0.035181538844615,0.02477245429579819,-0.02137601036428823,-0.09884235345678714,0.0300403728252355,-0.09269987339180567,-0.02772534718108275,-0.0010692891368049241,0.029372086100387277,-0.03973527338485346,-0.08602744253762484
RSPO2,-0.01863584259563137,0.0008524282138031396,-0.028332480072519726,-0.02107827854721695,-0.024830757444319097,-0.04747305722805426,0.00010699924491036709,,-0.006034727862629821,0.04416735635325882,-0.03392280782528134,0.05835469481277842,0.04018484839397193
SHBG,0.15796715793913552,-0.023504915308594585,0.01916238311769873,-0.03372754760946494,-0.017398443861559587,0.04084147831988864,0.007249372793014348,-0.049268970360686754,0.00949307280156969,-0.03107929587436534,0.012382849977225692,0.017153792789600705,
LGALS3BP,-0.021488578892076633,-0.0342956952835364,-0.02453559082258453,-0.09886943033939623,0.029615500724025388,0.06920988523155176,-0.00888594352310362,0.02225048516107739,0.019859212357139323,0.03063724348171825,0.024298242066813157,-0.03870197655047027,-0.007791994107644257
LAMB1,0.07276612949205699,-0.04203254971496931,-0.008499053049148088,-0.003938999475537674,0.026223461244953655,0.0276430698370838,0.01783949857032497,-0.08868163972711667,0.01981574800272839,-0.02947113807584673,-0.06671359922908233,-0.02807621264234248,0.09587345241525883
SPTBN2,0.020346096520131127,0.01829170246560334,-0.028246733913255224,0.011238688931144077,-0.04025182044501935,-0.05383060254064822,-0.055400848797802875,-0.009050649131157511,0.04416957773808264,-0.01849141281933627,-0.04079240868554751,-0.05904008566375888,0.09532623137509506
COL1A2,0.03394111628301837,-0.05030200018784003,-0.07157094040711812,-0.0016443659306673622,0.007463954381450741,0.04209202535282209,-0.011612636837701236,-0.1179366148914066,-0.016920978858925385,-0.007431664110893103,-0.07024638126448919,-0.04464922339853377,0.031621990746705575
DEFB1,,,-0.01602156056358055,,,,,,,,0.04427822374183643,0.07076370488982237,
WNT11,,-0.02600964386253129,,-0.0284886316609304,,0.08957607357116126,0.0018841328404586508,,0.04699953883309641,,0.04124000621201033,0.04712397905199556,
LGALS1,-0.056881597534566605,0.027183314174356942,0.02217571740189914,0.0028081026838817635,0.007152317514476782,0.024027785038894783,0.04114878265192156,-0.03287104992279056,-0.008733865631254042,0.020073987731932058,-0.0191253265075895,-0.040016198376059124,-0.010620292348721742
BCAN,0.05178761264855221,-0.02804210432871275,-0.004528131533981149,-0.011956485018605453,0.03430194639426749,0.07525745023820192,-0.020166309802879784,0.15571905583494777,0.04136941503736541,0.041849521525646666,0.014448835982542499,0.03334106061554563,0.01738768024886674
ANOS1,-0.015845815210294774,-0.007266390904735981,0.005793414787484932,0.00536693845730972,0.014441439393305005,0.07251045841528647,0.039254983080463234,0.0700190141235379,0.05552034204360845,0.014726275500675888,0.08588937072734948,0.05449908924197316,0.02676420411833112
EDA,0.009999941760132303,-0.01904156759943564,-0.02283162319963647,-0.0013814176664031991,-0.016523549793175933,-0.017649485618319468,-0.012070910862587438,0.010634286548559054,0.03793333009717817,-0.0028527113761252798,0.04293940221936516,-0.04814646063235707,0.049950080630549246
FGF22,,-0.027077183543052313,-0.022061440664169565,,-0.010250562707280926,-0.013530627802866128,-0.021945284264477012,,-0.026356113665344395,-0.025150955395397717,0.006463509522773725,-0.03776252359857593,0.055534364733896474
SHANK1,-0.022211602069163314,-0.02600964219274431,-0.01788085571826551,0.008819661137508818,-0.013771934270307134,-0.012873532991649032,-0.027473510688255934,,-0.01569065614470582,,0.015861234825984782,-0.014746623876783091,
NPVF,,,,,,,,,-0.01956430674082746,,,,
RAET1G,,,,,,,,,,,0.04595659626064522,0.01649325478019792,
TGFB1,-0.0789950298595136,-0.025571175466864243,-0.013930554820367059,-0.013580771143238246,,0.051364144344542007,-4.788592679612981e-05,-0.0702846825140737,0.028532036445916568,-0.018851830284878652,-0.05770347899291071,0.055800627525959615,-0.02346207383958487
MSTN,-0.0029227186523023314,0.000844987062079565,-0.05522793824807928,0.016193246891976622,0.009051277360596972,0.028286528043794706,0.01727333862625069,0.014153177989288503,0.11751043013509638,0.004837967386286074,0.020988534523189325,-0.01913463217353902,-0.0572132436627244
WNT4,,0.0016475896515866493,-0.020946906057317406,,0.014236424179222131,-0.015341487138831158,-0.012430680841401993,,0.06261592701926687,-0.018119434994214992,0.025745712655752456,0.04074853943909878,0.022009217258665552
TNFSF4,-0.03041781613514321,0.029700229854301142,-0.026237239293376416,-0.008596925225862362,0.050768946179085145,-0.024352338415531645,-0.020438422155554126,0.012060387799753403,-0.0013039350291426163,0.04705775815921717,-0.003980403037016422,0.019086761705998784,-0.019740889740411396
NTN1,-0.007701687512829325,-0.06757280590838456,0.023603834999378157,0.011623080266598381,-0.03286470794335673,0.050918279691274305,0.05321814911421474,-0.028772621114553656,0.002669731606808717,0.04315126674647977,0.008418446310152268,-0.07328018453022753,-0.025147328050003647
CXCL12,-0.008267940379241888,0.0027009365263059954,0.03283306700581205,-0.02985372489448626,-0.02737453709248556,-0.041957080147258075,0.06538965830076716,-0.04480156926021509,0.03459788076572933,-0.013155538544575511,-0.018214391549655283,0.04859568238206301,0.043448574651553606
GNRH1,0.003528948683309006,-0.04380278899141461,-0.006238207988990654,0.0104540780891544,-0.014009897440127726,0.10825605840901188,-0.030380392801655984,0.11614572839453516,0.00011520783797829285,-0.018360805382289763,-0.0004298385510827131,0.067496735123208,
FGF8,,,,,-0.019578983091465284,,,,-0.01440656459757531,,,,
RIMS1,-0.023815584893501395,0.0036326320858935186,-0.013301831312777828,0.004916842083992221,0.046156441904081996,0.0038247185673415435,-0.030697150013910393,-0.0617809158946754,-0.042624637743709254,-0.0319545107707088,0.0010769287644603106,0.06655010042070963,-0.040505078404195836
FGF14,0.04221882906932816,-0.05386683806172554,0.04354691199815029,0.02567908093073922,0.009601792391471279,0.058659395312864675,0.025649208651610633,0.0227559120208087,0.012857489503637383,-0.03286809946903184,-0.028334582477310893,-0.03314736242150303,0.021849909849504145
IGF1,0.07025252346279491,-0.009264494255331166,-0.036043576167802946,-0.02061117738233226,0.004138287357616769,-0.016000997372123876,0.010058357651478549,0.11606266076062258,-0.05817156397341142,-0.026465704580366636,0.003939156761276782,-0.058916105013720556,-0.01586687776931229
TNFSF10,-0.013415046847076128,-0.02081469338874021,0.0389249034584259,-0.04788482133702068,0.04175201625958382,0.019551907575268302,0.0063856730788236435,-0.024477401930492276,-0.01023582061047066,-0.01644694105309991,0.03413072214183696,-0.04036201043413397,0.07444571936135656
GDF5,-0.018635835239891034,0.14240267659530476,,,-0.016206523610710954,0.09345396051156361,-0.008932126625932544,,0.004912231337202728,0.0008909305389173559,0.006781872882700756,-0.013148787929443828,
CHAD,,,,,0.0010037289528771177,,-0.01844184944522854,,0.03967342148226768,0.0805890293631501,,,0.1499390142652874
RGMA,0.03076587951605581,-0.006458392258335717,-0.011539038277007977,-0.010029636523734162,0.02266768675774915,0.028125537174202183,-0.013816748888524409,-0.03063700349742961,0.02402952839666482,-0.029785531961922008,0.043449637562579954,0.06609653401627272,0.06520890215602063
CLEC3A,,,,,,,0.011780444425296466,,,,,,
WNT16,-0.019845218249187824,0.00462844446970801,-0.016265066070507577,-0.032583628867943054,-0.01887808939602286,0.18579033548588955,-0.0017700286103062993,,,-0.016864626332348902,-0.009763833887206782,0.03157129222686418,
CX3CL1,0.0757306412418474,-0.006836845517175214,-0.016998554949814518,0.02460904639199846,0.017979218387514855,-0.014089297149173265,0.07018046095030382,0.007348630415524534,0.04095983173170296,-0.018420033547519206,0.06656799570852161,-0.030783171523036917,-0.05380585549125004
FGF1,-0.05030673307124037,-0.023818230121237276,0.03655856380679969,0.00231515353435222,-0.028787059916654107,0.04827414625127984,-0.02419637818207802,-0.11951508190511734,0.008786072098488744,0.029130007197218248,0.04390140796950662,0.020184833407399728,-0.03108929246431089
ALOX5AP,-0.031147391467660955,0.015203718191262565,0.02461378713448247,0.06700442327092229,-0.012915820769399651,0.038248863965553305,0.03608335422849626,-0.08014788506749441,0.07688558739071956,-0.008432287040485346,0.039565390488119634,-0.04123567445513585,-0.03344284100081998
IL1RN,0.12415332689269362,-0.03151758410772863,-0.016493983733627662,0.021646532750828916,0.06071536306732794,0.013692476575180102,,0.03548819087675948,-0.005395176426396776,,-0.010119575179243107,-0.025325825743593485,
PCSK9,,,,,,,,,-0.017065201603034937,,,,
FGF23,,,,,,,,,,,,,-0.015627742909268463
NPW,,,,0.0004441689558517484,-0.019920919080467964,,,-0.02746711648688815,0.0725843027416507,0.06140704572256195,0.057423849531095535,-0.011111475988738649,-0.01696362298301363
CXCL9,-0.03960095012167388,-0.06331181502993773,-0.02576863890674289,0.0100100675753983,,-0.016621360641689707,-0.02194528100188569,-0.078682163022084,,-0.022093731787563513,-0.034772175508669845,-0.0031496131835364156,
ANGPTL4,-0.025873174637660118,0.00820920912344737,-0.028067713374937377,0.02275531859840883,-0.06529522844377024,-0.002615563044512645,0.05485945060734735,-0.010817229547538106,-0.008940047880544824,0.020153312632969576,0.030186385455778664,-0.14209082425564745,-0.0305931139972946
UCN2,,,,-0.016373095697785223,,-0.014562994610976113,,,-0.01460350870269355,,,,
OBP2A,,,,,,,,,,,0.015458214240202274,,
COL4A3,,-0.02509099478433992,0.012301860370583867,0.0242281989273719,,,0.005350177263491687,,,-0.015921313060447372,-0.03521805396418434,0.0383612614779847,
NRG3,0.0665282590690663,-0.024700410651802705,-0.03771007813567279,-0.014175420013754114,-0.0021140150931453334,-0.05577154429857021,0.05221189000415487,-0.04217451016703616,-0.011390981315700854,0.029724992311473426,0.04926276251257904,0.18190406429829342,0.1308348188559413
IL23A,,-0.028709592433541258,0.04004322354800537,-0.02575969494806147,,0.1555849116725791,,0.06207426648855273,-0.01706519564997745,,-0.018457437712182,0.012454807930081017,
COLQ,-0.014840283602002598,0.009467026471532183,0.03303354856413294,0.07391606441327515,-0.02197130512503977,0.03850779106946015,0.015884807354311484,-0.010084812095003868,0.001836210686598663,-0.029611565766258324,0.057044697689192396,0.026369444444603322,0.055646162464699306
SCGB1A1,,,-0.016505133644091466,,,,,,,,,,
TNFSF12,-0.014272661665187597,0.03306530408004219,-0.05059807456142773,0.014405514825977747,-0.002168504900290086,-0.0015975789696501624,-0.04557260713977928,0.03979833241264229,0.006401481632917301,-0.01709512018886662,-0.0023522705040658863,-0.006802427124525965,0.08168469266316637
DKK2,,-0.03007192420719077,-0.019368549663373133,0.018542360136720296,-0.013730876646745632,-0.025935796861476547,-0.015100688462131227,,0.02280503020573566,,0.020555462659067804,-0.042401984188952746,
FYN,0.009769745321367278,-0.003992689722125377,0.037334268696890195,-0.02079496763259226,0.054321048806828406,0.04510761695728203,0.029620216242221813,0.043333185623789544,0.006175744847818892,0.011478086170710234,0.07117609225296569,0.009668936227008495,-0.028395833211819106
ACE,0.024470683719195616,-0.020333634711081326,0.06467473886815721,-0.041007393780060505,0.045977796397164844,0.04532576976891235,-0.022898695849125898,-0.04486868965842696,-0.015189105589117763,-0.03437513688555057,-0.013504491223091226,-0.02067876517160203,-0.017356869841207986
IL18,-0.024771120737673118,0.019858113271624754,0.04755072948626813,0.006400871325959602,-0.04142668409257107,0.04634494696541464,0.04067241932335537,-0.02186639376435151,-0.0024106028753082638,0.015882438156954462,0.06983943024276633,-0.04861886366605175,-0.006120826015682104
PPBP,,,,,,,,,-0.020894690938987978,0.0690284484626014,,-0.02803428628024113,
CCL27,-0.018877546551471325,0.017947639278378363,,-0.007086323776396621,,-0.021864013020190604,0.002641179264356149,0.01232379791167896,0.006896391508039882,-0.02328160508212529,0.03192890486801091,0.04318773815131582,
SERPING1,-0.051549020865085754,-0.016989876076013988,-0.021279423041343552,-0.05170344344687881,0.01844487252091628,0.03985675579411781,-0.018641739314388502,0.022095306624268576,-0.012672859152387257,0.013510965649693419,0.05387204315187642,-0.1315180108184677,0.040596186340608194
AZGP1,0.02997313074668841,0.060347140459925654,0.008967030057820544,0.0238844550825142,0.05016803026107693,0.01979101669303979,-0.03001517399310412,,0.025424352477058373,-0.022743069551903722,0.08808821916420773,-0.14703227674582683,-0.03575031402231422
INHA,-0.025876022489779202,-0.008083876756240473,0.02877365309110385,0.0034196653382981943,-0.025363643828580622,0.011299427812885786,0.0006774646211330246,-0.03860748152483128,0.003195238299340495,-0.018834954643605812,0.11156828781758359,0.002988346915710249,0.02420827865203398
SEMA3G,-0.028641329732340362,0.027782644102954543,-0.033878616657233476,0.07568227184864816,0.03334372340075844,0.02779619255883463,-0.00882278644666593,-0.0544999963875328,,-0.017376691517534678,-0.0056421692753901,0.04079036337299135,
COL6A1,0.0781893580382401,-0.01407119180641244,-0.007988289633298153,-0.025901470087172564,0.03905821114433343,0.037695972079757514,0.001355699942918317,-0.11168049348547276,-0.00827867126893909,0.030956441924552967,-0.04983117657302281,-0.07902877921790367,0.10593105135038151
FGF17,,-0.03607003338391419,-0.01810046110026608,-0.02096190424184629,0.04410433602126999,-0.021448202207045925,0.0387322624344935,,0.06766138816645394,,0.12441772007034928,-0.042603091776198976,-0.015592715634187015
TNFSF8,-0.02049538663447348,,-0.016021562212998157,-0.020886281137016568,,-0.01374299509678924,,,0.05553661805446906,-0.01686463288880646,0.02477995772596949,-0.03156888659077976,
FGF20,-0.027288731405000162,-0.018137982141205166,0.004279802574721436,-0.028624317929368853,0.027137635693201337,0.01228666046387034,0.042842148551494784,-0.05105627501759963,0.08054043809916107,-0.020047730571216733,-0.03570843183851576,-0.023369275275304073,
ICAM3,-0.026006399394004197,0.005077741591669328,-0.010807136832026543,0.057763870237946546,0.051268433065014905,0.013634640054184645,0.018667354387388233,0.04281583557685272,-0.006371638377464668,0.020794943956586768,0.08964523798706926,-0.011997845709128686,0.04346420907185943
LAMA4,0.02527200442706522,-0.04166099407947538,0.010894291951384116,-0.0009310768618466517,-0.04078077264632916,0.06785601513921119,-0.03504906592578199,-0.0333229888419887,0.002949931035700248,-0.014088689942814224,-0.07237484145371115,-0.0017313124823536592,0.07528573952425767
DLL4,0.04478423967166918,-0.0225879852616976,-0.022439801355030032,-0.005969047088053846,0.041459398973518954,0.09196870217851147,-0.021782641478828843,-0.05766515887335466,-0.0030933203067598203,-0.0023072229096683366,-0.03179488241013077,0.013551528372434037,-0.007979600066360108
SEMA3A,0.029255839257692155,-0.0034322211825364452,-0.030162965310887045,0.011608533962922843,0.048909713713255636,-0.03201026487291915,-0.01897515585670067,,0.003119101779214385,0.015684348730755505,0.00580146054124458,-0.04150442258090407,0.11793303176120415
RLN2,,,-0.017206095073684466,-0.02107828330027906,-0.0010580966780157235,-0.017649483342982993,-0.013467233014358962,,-0.015677849008738788,-0.028080742350250418,-0.006225714574190637,-0.02745442939865006,
C5,-0.0480627297657341,-0.046187186590505316,0.039555015136968526,-0.048890958147862845,-0.018795626829545553,0.048696638802932166,0.015143801159242031,0.05292888173149351,0.06395717459210389,-0.0367987299821822,0.07460881888804356,0.003799363068179391,0.04925524297938696
COMP,,,,,,,,,,-0.020195850101864556,0.02732672529403619,,
EDN2,,-0.005217931956035071,,,,0.0017014729072406057,,,,,,,
C1QA,-0.0981319323967492,-0.03466078241677758,-0.012154000056274077,-0.04629341656543038,0.06768943436860858,0.0694825748120272,0.03055275852608489,0.009628711751274452,-0.0521768554915345,-0.057308386274150296,-0.010530416940012607,0.002980688032449863,-0.08816036561678238
UTS2B,-0.017380513418640223,-0.02302235536658233,-0.01957236436072087,-0.021078283179181895,0.009922887592945373,,0.05649798319771413,0.03220625065928139,,,0.09133993261012728,,
COL9A3,0.07529635814009801,-0.058950947559580795,0.013324766156429104,0.018674611965631846,-0.0037652628410397297,0.08354631103552271,-0.028747749407473894,0.005370216305141049,0.11093289458703888,0.08321820855677209,0.0036805589608744703,-0.004936838942371829,0.07405268244760224
DLK1,,,,0.014777312167148962,-0.02011426288952749,,,,,,,0.01756777679482728,
HGF,-0.04450886703314115,0.004864309801463002,-0.010348832821645906,-0.031048633110809486,0.025596593243044547,-0.03983205445339451,-0.0016126674946090665,0.1933257135204695,0.059540291288817854,0.008732094177075636,0.06173119454140209,-0.022484284040837924,0.16540074499635263
P4HB,0.055393595149097155,0.018559941689689947,0.0065569312368047705,0.017906973002313014,-0.018629054892119034,0.0350158008432643,-0.016014229891054485,-0.02407802452490857,-0.004172247965003927,-0.0352348403948411,-0.06594125324067408,-0.1233534032885796,0.03984342782585841
ADCYAP1,0.05462488130157917,-0.0603865418624445,-0.011151793262405247,0.00713127539648614,-0.028168891118282496,-0.024406471508162435,0.10117822361646772,-0.037389944854649554,0.021935303456287376,-0.004192657458329782,0.03349306386427204,-0.05657701107736622,-0.021183118555533394
GREM1,-0.03208053532871838,-0.030262044992756493,-0.017386652639698005,-0.0019968808571529635,0.060986497055802724,-0.0055708471251515596,-0.017663259743264888,0.011842313687688654,-0.027717294572208166,0.006297430185245112,-0.017707621237626876,-0.019297291766531152,-0.04920127560243637
EGF,-0.02679241317084249,0.030634784326059903,0.03510752751928263,-0.014611303648258817,-0.023528126665874945,-0.030948057923422912,0.10187056436937057,0.02295749755842098,-0.019168756128296473,-0.03687977313740424,0.005162774285375646,0.09368214297707468,-0.03735564281957965
VEGFB,-0.031158721860708574,0.014392289153343773,0.04888827172924215,-0.034966418111036165,0.03838236204843897,0.022781349917021184,0.01622287250242429,-0.03646860187531971,-0.004104555552878161,-0.03844531807249911,-0.03059001497946675,-0.05145212650487776,0.0025632370663320344
FARP2,0.0671413735693489,0.07923732023213262,0.026176638915275153,0.0212980328892653,0.01860706013307118,0.028893777652965448,0.00680113658870298,0.07454300195380853,0.014794367327848439,-0.03884718041629984,0.08981711073392654,-0.016196919850721896,0.08617711291381176
BMP3,,,,,-0.022937488223492793,,-0.008947500495678476,,,,,,
IHH,,,,,,,0.004858052254727712,,-0.020522611915926994,,,,
LAMA2,-0.03148237529387991,-0.04887928456330355,-0.047318114529708986,-0.0064354821926551065,0.022357240084142676,0.05958234651087552,-0.006544261859289103,0.04132438289601651,0.00317959242923021,0.00890712052637381,-0.019614140105178517,0.042894022338228005,0.030463040587303022
NRG1,,0.007391518935348079,-0.03106448277032654,0.10512068274973448,-0.04127204891860963,0.05707601153567454,-0.039765062340575856,0.0136254937336127,-0.033034038535323385,,0.053943388031102185,0.041739722441645886,
SPINK1,,0.01171565618936866,,0.07433117416192002,,,,,0.002556614904756947,,-0.03336908658061068,-0.07983243172144014,
EFEMP2,-0.004030460073716239,0.00554707250767005,-0.03285471579830914,-0.02891468305279869,0.029391257282886697,0.03560518615649064,-0.055450107639558176,-0.02017802646296479,-0.0035366924088147916,0.01587381745187768,-0.03254966239501954,-0.036367624694105864,-0.005375016175658889
SELPLG,-0.006390067805410355,-0.010875630935188556,0.013340108246038644,-0.006717287957241808,0.013436946281748683,-0.03018485315220748,-0.03750695011777697,-0.019927640856447503,0.08490790365544916,-0.04344956005302028,0.023619251944778506,0.11198895668505202,0.016172146104187744
GDF6,,0.037348854326276514,,-0.010997994111301541,-0.016071724638089254,-0.017649485246835902,,,0.008589957131203951,,,,
HLA-E,-0.05251848600626597,-0.06589903525674719,0.0030093328582106987,-0.0009845038053792143,0.014092724649432812,0.09061053453816269,-0.0036012719174188077,0.006781281098443641,-0.054647943887869185,0.018545864387178587,-0.01752180170765165,-0.03591337466748328,-0.1013736179339089
PTN,0.06487120265346312,-0.030416145985373285,-0.00042155626553640337,-0.03922547212964412,0.04830958446811676,0.11205637087116153,-0.036785855116399445,0.10935994031032803,0.11735363930923887,0.005271030533100767,0.01288545473681913,0.08667077713338646,0.18090204375640018
CD274,0.04404118782141705,0.017023061771331484,-0.020400254975123395,-0.025346776497838973,0.004376131311026556,0.031398618367687134,-0.02095191175471805,-0.03954704919164764,0.015149866294795719,0.023172964332771415,0.00030326063602303916,-0.0899858722630421,
FGF10,,,,,,,0.08265173703890367,,,,,,
CD14,-0.046891197912354916,0.06323396518477101,0.009759372771010678,-0.021443927726824977,-0.007870351727796508,0.035447736314473045,0.04401361967268425,-0.033917798152667024,0.01615674565481035,0.03234864645505469,0.0062710545054703885,-0.10143130437365873,0.05874379442236186
SFTPD,,-0.014584050665932224,0.079237575810024,,0.0030079154631354084,,0.006151530761094442,0.020994709861180856,0.020359234130177716,-0.036613114128693294,0.019284308714197024,0.01667920205348979,-0.056380633803972215
SLIT1,0.03483241768822942,0.016274504746486645,0.04820177020774162,0.032994960230916075,0.061980086054469384,0.0025035324198236617,-0.03165410212407771,-0.04030309797746454,0.03400814633835382,0.03469685295492175,-0.05020137292758088,-0.026823438535669698,-0.017338711529808887
LPA,,,,,-0.014701677392974444,,,,,,,,
CNTF,-0.02241773076211905,,,-0.016614476559663072,,-0.01846584393799603,-0.01766325821667102,,,-0.017376698374487163,,,0.036327057287837854
BST1,0.04003754197250368,0.07653210232020582,0.019637730784124455,-0.007122215322868553,-0.02367374841938326,0.0816703488706562,-0.014593843409377727,-0.025792104290180883,0.01718206793737581,0.06645554310650847,0.011142970168715953,0.02970693407653557,-0.0371849014561973
AGTRAP,-0.026082304982596262,-0.053791521511012734,-0.004417146081994535,-0.016548738722762794,0.03831724274308305,0.011050935658254954,-0.04130413724489662,0.02734238337236893,0.08612916478910641,-0.02203804665486398,0.004795409905393572,0.039160728290794825,0.0215880634299101
LAMC1,0.01762137957813699,-0.034332236549807625,-0.01104770052552009,0.03748802788011543,0.05691734306132457,0.07974994286648632,0.05338848869765492,-0.07588089752893205,0.014175531199049293,-0.0015267617335900116,-0.019707269792421434,-0.04134846274689662,-0.001975548045600946
COL6A3,0.10981358722512646,0.03385269795655963,-0.025131666374024725,-0.013298927461878125,-0.03035080708743102,-0.03345095752003139,0.0031178884209509734,-0.0393828199800242,0.014193023385874139,-0.003926932190800137,-0.05093248421089314,-0.050169368293092445,0.10690981663425513
FN1,0.0942194342747273,-0.03672390179744084,0.026633124300375285,0.034962838189974574,0.025139763022581425,0.08547361602080758,0.06475201846505449,-0.07610492295831195,-0.012648025293142727,0.028154738269529543,-0.05361645248234866,-0.10303658601686731,0.015439808121966526
MIF,0.04171469421870508,0.04339468949038822,0.03497450736799829,0.07299854942233276,0.014698821819888838,-0.00700865725518274,0.029660442267733036,-0.014844439503022075,0.02000332308418268,0.020536186666557668,0.08306107821618411,0.05435231174082491,0.14603985818800344
JAG1,0.04728791892782567,-0.03676296517490575,0.0393172678986552,-0.010030088109674814,0.041465062289395664,0.09065254883136259,0.004308913209034588,0.011486619295777028,-0.03688452304597001,0.020919663127552134,-0.01984070516784785,-0.10728798081425121,-0.03315032620512409
NID2,-0.06445981774461515,0.018615004862876025,0.0030405901102564443,0.01617510552910812,0.07078281198850886,0.02077982616503453,0.0051448465407884815,0.04050390250503799,-0.03114863650926017,-0.04035817665521728,-0.04004541081369861,-0.01855277193814762,-0.07378312667849635
EFNB1,-0.012710551131794881,-0.05869871787702737,0.025526144586277003,0.009702155812454842,-0.004203183740903885,-0.021263617670252116,-0.013391541465709936,0.062090570970138474,-0.022933766690832344,0.0015633476347533298,0.012615638115558698,-0.028109513055118076,-0.06055121497745859
COL4A2,0.04664552178842213,-0.05942649162808701,0.009717793651105951,-0.013812964540325037,0.04280573380502548,0.06482368566501592,0.02231981311750463,-0.08831621490093168,0.045241465875214965,-0.05390568704967631,-0.06392584986306564,-0.007295515629597074,0.05483418058605493
SPP1,-0.08205063702407388,0.03045580248870612,-0.06826053560616124,0.006776392550117966,0.03476945350408814,0.0827237107564228,0.02998752124403447,0.0339682408182996,0.0013012290657832622,0.05681646881490729,0.020107557346692905,-0.12356111460773951,-0.06345743821094274
PODXL2,-0.06219921949859224,0.031005009574888158,0.012854654872559275,-0.030205843532668215,0.006318191494607598,-0.02472537024506274,0.017657965322505374,0.03127742422623341,0.039146944681867975,0.01732451703080558,0.030138888585790766,-0.07914734654909819,0.0603208706074015
IFNE,,,,,,,0.008570173603409812,,,,,,
FGF9,-0.020495389912045744,-0.008591380959590682,-0.017806354846575948,0.05157097670100745,-0.03581660222469817,-0.04286426833516152,0.014613935568613352,,-0.011681859087680359,,0.06693577520344007,-0.05063417027857336,-0.007132197315646912
ITIH2,0.012735037133746685,0.011890480465202802,,-0.008680871102037918,-0.02338170335808284,-0.017980113631864608,-0.009834877786037696,-0.04284382661594212,0.031603251944377034,-0.05075185936611767,0.023479531521825858,0.028948880049495813,
ADAM10,0.021934561590970666,0.04620054309863636,0.025175802431859053,-0.05115105418767707,0.004764080393079908,0.010202407678231159,-0.0018822632505048867,0.1136689580162221,0.06071797745326843,0.025965752068932865,-0.0020950708990151545,-0.06152635780669736,-0.06856748908354057
CFH,-0.030660748714137813,0.007354061615403227,-0.013926740967897677,0.0428658625326525,0.001751899233133598,0.03126968025844644,0.001081535068215614,0.10538660048639555,0.022814041956075167,0.012056498198800137,-0.0047166145997069074,-0.005668330510529404,-0.017267585812333296
COL4A5,-0.0027353631209027472,0.013351726951525738,0.01244722378891523,0.025022102616153907,0.06479752024605172,0.011239050359420783,0.0073410610096048086,-0.0006723430929527169,0.054190073557537966,-0.02553328177653889,0.020083662756411186,0.0010543778711775281,0.10383697301193091
LTBP3,0.042721647906056356,0.06359488527235642,0.024691340201775512,-0.049651880525380596,0.05118096555804676,-0.06401476661673396,0.02762373573808637,0.040393344192752076,-0.0302287041602028,0.05995045561017757,0.005294850689567722,-0.05745746669623931,0.06893158853035605
GNB3,-0.01655659525816172,0.017425909367786784,0.022462765904760925,0.006900419097663373,0.030797866234101693,0.03877371598218035,-0.02612164882328322,-0.03484111706173021,-0.034622631009874734,-0.0296897875479322,0.08274401867424261,0.005909280905990625,
COL6A2,-0.03433360699362186,-0.05865994930349032,0.05732705340178813,-0.013877648505045661,-0.019897967231770734,-0.03399737941236438,-0.019264556703937508,-0.02224873972951199,0.021606438488362963,0.007831714875997318,-0.07307180865229032,-0.01708740033630778,0.017063118726393565
GDF9,-0.02200374230332392,-0.013457460527895732,-0.009861180349738286,-0.015224972670496429,-0.02981857144501449,0.005816049455206962,-0.02707426277600653,-0.09352865402705902,-0.032149447100775844,-0.025510473578179236,0.08253575548982835,-0.01849114543387653,0.026210904351121993
NCAM1,0.031705899565753794,-0.0004684141189713486,-0.02906433677561819,-0.07129842806134952,0.03477739707058929,-0.022432869741827927,-0.00345978301834493,-0.053038875544471634,0.026051202680724004,0.0055613748780990865,0.060248719349808244,0.023613622455841275,0.05894065318993332
APOC2,-0.03271343859909511,0.03446893495402579,0.025289968032572597,-0.03123172218072499,0.030607158281021896,-0.01752912806307751,0.07661879709605696,0.007987472047628575,0.0626622590702078,-0.01092189084594697,0.08140553521527416,0.0950977674925851,-0.03287630782390855
BST2,0.04405116110705555,-0.0853722197493898,-0.048374926243568886,-0.06872581873496422,0.006218409261981551,0.08036420437774408,0.05654720120998754,0.0036197359667605703,0.029201393143417336,0.0710035829019438,0.059633926625273996,-0.030087645339572498,0.01492952863541936
COL5A1,-0.045566279672019934,-0.02066683323210599,-0.021389242045169593,0.013684395704852876,0.03409745429692532,0.02228996576836237,0.0033298049278639493,0.003952207507943157,-0.008271606181570855,0.04731742254526244,-0.06775036497110065,-0.04652581703686559,-0.0463935909744497
CALM3,0.054845394589056504,0.06282468485620114,-0.03426932708839347,-0.05304839911004637,-0.021702600475440988,-0.06084191066451086,-0.02660500691832542,0.058226633262921525,0.015792841159122717,0.010781928573179252,-0.03357956612630975,0.039226339121134546,0.09544587500955762
THBS2,0.06417463682987333,-0.061408265972618684,0.015164186415340012,0.0245214173127917,0.033121289339998944,0.06305628953517013,-0.006158323646886021,-0.016197297013763084,0.008378637076442595,0.06580470956598575,-0.0036991031011235423,0.008135262902864891,-0.1021716785551821
SERPINE2,0.07998302045569855,0.011688661824856433,-0.020867207554455522,0.05283704401422043,-0.07483241233715258,0.05585978723108846,-0.015226420971450896,-0.028431031842772254,-0.0003775213381592425,0.035461235035444016,0.005760538490095235,-0.08739175199574781,-0.044854663361493914
EFNB2,0.008234612369149087,-0.02387371197216122,-0.03663420168185525,-0.015399294487916057,0.020597880535686272,0.04754572913804995,0.029886679059619517,0.030144885766240113,0.004880682878653486,-0.0020396564064367553,0.044257313495867416,-0.045551356280914314,0.09010069504640145
PROK1,,-0.025500717544468917,-0.005118551015577091,0.034367597988088264,0.06494676778228749,,,,0.011519505295418706,0.04114539103140426,,0.05169378212863802,
LACRT,,,,,,,0.057075743999596786,,,,,,
MMP9,-0.002459983348700726,-0.03852768937192303,0.003500454240963811,0.05727934012342732,-0.017307728660097093,0.06576406806732346,,-0.10760187755630576,0.006793034192206307,0.046910571461533324,-0.0647433364237883,0.024996913540191436,
DMP1,,-0.025791268291051328,,,,,,,,,,-0.026563127325584662,
NPPA,0.07480482017536329,-0.008176943550599855,-0.012760539060234652,-0.05043651149833429,-0.009980552442622692,-0.024477222195769626,-0.0007374848153079578,0.048098906870017645,0.0598779994988956,-0.004007411656300995,-0.0259383725094451,-0.021519681159618904,
APOB,,,-0.016505135294358524,,,-0.014158631594259584,-0.018441849415920468,,,0.03349358328210929,-0.019661510066518808,0.0026634209539918726,
C4B,,,0.04828698618663275,0.0844272888265591,,,,,,-0.01929835087073054,-0.02177174433807053,,
NTNG2,0.08174989555952113,0.05656436060323461,-0.023517243944853022,0.027034033055945893,0.06861943986306163,0.013783262998730094,0.01722924966446948,-0.018834716588346786,-0.01031436503162135,-0.03601397657827837,0.03627144503676979,-0.06895989679929551,-0.032539651648358585
LAMA1,0.06725150617485733,-0.03385467440641946,0.012477498453618268,0.006617586429634569,0.007656318695012281,0.0653738136031338,-0.03018985496179337,0.001070231673579608,-0.04442433799873695,0.03800490842868522,0.01238256312382793,0.040285546775664705,0.035474597397028025
UCN,-0.026590488646145723,-0.008722759148570087,0.028407477680671814,-0.03289258421401619,-0.0269611338567662,0.04303976722527673,0.049135463645932825,0.05662774631769217,0.015815238846945516,-0.03727714067776283,0.07164629449475665,0.007505919577126904,-0.01476158865503299
ARTN,,0.006002934063897824,,0.16047146385036404,-0.024105926719260252,-0.021448213927011874,,-0.030882419869694887,0.00010994063773712294,-0.024044582583613517,-0.03221966012798963,0.010778773280942585,
PDGFD,0.001967292593114177,-0.0282565967065594,-0.014214743043874867,-0.0021486101121868297,0.05231156609007231,0.021550664337692163,-0.027473509875423692,-0.031592125885139835,0.04201749782048483,-0.003008417230041259,0.036779342120239075,0.02250843061641872,-0.016903415290198447
EDN1,-0.013138161850178477,-8.441671034384276e-07,0.03210053717503211,-0.02921235705791824,0.007561777625203021,-0.025844211695957343,-0.012792825969561621,-0.08177933514859848,-0.02087571642683689,-0.03775328975273411,0.008555369157050763,0.03318626626149923,0.017563932550127826
ARPC5,-0.047320083621889684,0.04339522063611148,-0.004085945077841245,0.007779286399587042,0.012160657993826504,-0.0034811399525046575,0.0169330122479819,-0.04757395640247936,-0.06601294811632022,-0.01888422125092934,0.0038075087910257586,-0.07952320762614787,0.09431802009039772
GSTO1,-0.04511107842379734,0.042412998216190725,0.038297376321978,0.005730404417232823,-0.0054639883219198115,-0.04860089071896345,-0.019869117653010186,0.020243670083328304,0.00037447331364255524,0.05272780097590661,0.007826142501237874,0.04354657635838273,-0.051380312387266286
PROK2,,,,,,,-0.01131298678046366,,-0.013622828073582496,,-0.017926722492459173,,
SYK,-0.06441360298369896,0.034416001843261344,-0.01410819264404159,0.023030290219333883,0.07088846899931057,-0.01411713871625814,0.0531444809300526,-0.044807379395733725,-0.0011133400912748113,0.0714175699217288,0.043414237830572876,-0.024305206614597126,0.027460119930288802
CD40LG,,,,,,,,,,,-0.02126259333157091,,
ST6GAL1,-0.06370073928686223,-0.016308669427421325,-0.004488778041815497,0.002037834963665656,-0.04734695010185289,0.008675532526639062,-0.03023109969000511,-0.019912857758272222,-0.013204762479445324,-0.026958252919037983,0.021029761945279918,0.025277679627143234,0.02627476875031046
WNT3,0.02872434801894171,0.06823337480697182,0.07989232077287979,0.02866674110675557,0.010889933537165306,-0.034918203008090155,-0.05788331254880756,0.07945868436199804,0.0670145397052299,0.0018743446881283495,0.09435309829753645,0.049267076483509586,-0.06461247344414221
HSP90B1,0.0085795729793515,-0.0022404601952527425,-0.06061565176276578,-0.021060928360570278,0.07422084524660517,0.030728678898096145,-0.014457038072295005,-0.11936852108091649,0.001983151639925025,0.006953716807934904,-0.037565823658776754,-0.10336341723193188,-0.013091505287357691
ZP3,0.03240593254131413,0.028759879712815,-0.02688872457231138,0.1088372339608107,-0.030292559379118872,0.08623138133281558,-0.01844185105717284,-0.08926670586237702,-0.025284515332835714,-0.028408551776948482,0.036102437195421895,-0.01681634852878179,0.027107837615318323
ANGPT4,,-0.020176011032793924,0.035707705619602514,,,,,,,-0.0032034245235561067,,,
NRG2,0.029077967716486623,0.03357615000020675,0.006111237098679876,-0.0353431675577349,0.027942196888018394,-0.0111377180748495,-0.0023916270402409854,0.02995781847912565,0.12083696533006853,0.04623129062088254,-0.0071494017090239555,0.04569837129686598,0.0005717880088948229
MELTF,-0.019740430389787587,0.016092340687672152,-0.038117303866351336,-0.024325797335848793,0.06626494823664066,0.033098587448338435,0.05694385445040645,0.13765231983631757,0.09439122221622595,0.09867930358812776,0.016728333262529173,-0.032529526519511055,-0.07289471046978643
NLGN1,0.02253936530386711,0.00696425921070169,0.014385002860547445,0.0021599552339915695,0.06756008216291395,0.016364017167750284,0.04959936244103583,-0.028061113025697543,-0.015513076679405133,-0.0045984523484488985,0.06686687888427276,-0.07428511376600148,0.10565448913754523
SLIT3,-0.02605624289349618,0.03782820346520317,-0.03343942353897301,0.008788966892124134,0.013618659012892843,-0.05577154122269614,0.003512418448412307,0.08800122454985623,-0.014711536486372563,-0.024418209491516355,0.01190378223882201,0.025778279410839395,0.051519298547818074
CCL8,,0.04176561597862445,-0.015009728192223962,0.0031834824389280415,-0.011052242698800611,0.002684174906165682,-0.016641501746564,-0.06827476846866429,0.03972809805726804,,-0.011604207264066385,-0.0279332801763433,-0.06939930110002036
S100A4,-0.07950784115463509,0.004253322535308089,0.03727753589787569,0.01521384718029218,0.03136286130920369,0.06540231884612417,0.04365006657256152,-0.10307068370611977,-0.03016676544105429,-0.02888077532223848,0.04798776716328576,-0.08634243184825506,-0.06097220650321971
TNFSF13B,-0.03307651314842951,-0.01797965916167447,-0.015365152177172891,0.015073619725769488,0.0016609293103488048,0.06512197191214718,0.02058637221734602,0.0032608829478767976,-0.014226101866293046,-0.021640560282111664,0.026261866874936292,0.02204883875345667,-0.02857276027016011
HSPG2,0.021646034012369225,-0.04014443381197964,0.0078046674528556405,0.03610163183985039,0.005120193314348688,0.055032994583651414,-0.0037095234121726417,0.008312084416960328,-0.003526751304750478,-0.01322097788763571,-0.02449397085848916,-0.03494259663063267,-0.004169702938795082
FAM3C,0.04277697856776427,0.02789139637319998,-0.0019128797062310464,0.06047871389135599,0.020793415919068733,0.06030760036873002,-0.0560548972364364,0.0405873734639632,0.025313930643679435,0.019470359001085652,0.0775788022996933,-0.04864317280190964,0.037238251451330924
FLT3LG,-0.052271771553224315,0.004450179619446137,-0.0011562915703864755,-0.003305689872449038,0.04553753441090528,0.02253952379100768,0.04285592285593961,0.04855845452616226,0.10116731260114695,0.07718298664936851,0.06688851580886232,0.020795139207092556,
A2M,-0.07420380869167513,-0.04603410625445518,0.007351185870952228,-0.04278552497769713,0.026490753328718763,0.03729344916613029,0.027147388669468024,-0.06735349646328306,-0.0011218493585099963,-0.02134215382013463,0.011856728000299431,-0.10450947582525297,0.02664180594879108
VCL,0.041390306215407444,0.0687237352813341,0.005326959861759248,0.006169974046167671,0.03824485113786205,0.009801652604473535,0.0269299124068055,-0.14107802101882788,0.05802669519290402,-0.05795307326855647,-0.0345389624446261,-0.09920090770058758,0.0315940771393217
FGF2,0.015912159947117328,-0.03877472262825031,0.025327073265073673,-0.028122164574299214,-0.00855698370087286,0.053047272833006885,-0.016830186332251248,0.09127281632485278,0.035333810654990555,-0.04271086695237587,0.05514348784454993,-0.05364880271390341,0.011359031849536896
AGRP,0.06589473152311028,,,0.03863997104383466,-0.015363731530607815,,,-0.04645922896765655,-0.01615276357893145,,,0.06446950856365173,
CNTN3,,-0.02029992374617275,-0.016975512918252826,-0.00180864018117328,-0.049323640300617054,-0.04416340169284424,0.013611658635756954,-0.0323221293037236,-0.028911472550995708,0.009006645523340226,,-0.035951750231071514,0.1638011034841937
RNASE2,0.0463998711555765,-0.036727010118322356,0.003256418796138627,-0.020752041090936136,0.07673280264594484,0.0367195195215513,-0.045978137826003594,-0.02234660253411677,0.0596664022702154,0.07621765704162822,0.058530363964602525,-0.052063006975787945,0.03216545329418362
ADM2,,0.03348441710486318,0.028973871787096404,0.00889024215037719,,,,0.005028031056446453,,,0.020362760800417597,0.11389052550776654,
GAL,,-0.008112761147645883,-0.01834251347602575,0.08347842355616515,0.020018199840281123,-0.02186400521051748,0.00956083826158357,0.1398209130260998,0.043973582840637335,,-0.019936739809633355,0.04711088018287459,
IL36B,,,,,,,,,,,,-0.033579236623096524,
CXCL6,,0.045385884283700884,,,,,-0.02161886618356189,,0.08436155853176235,,-0.014012001570254881,0.049226160851175996,
PDGFC,0.03822443806665287,0.007085659629513161,0.02761897503888836,-0.005193899549484828,0.04626330071592909,0.07092587419540444,0.022585983167660716,-0.012859012948201775,0.05303471671851272,-0.04722436640405839,0.017137989197582602,-0.013824990557320373,-0.05899187585909599
COL8A2,-0.004705764023010481,0.02540989688771973,0.019236431367195488,0.027616751225358283,-0.018996349670542416,0.01936918777904164,-0.015725519192965595,-0.04350447203398382,0.006219670301273311,-0.02137089212585374,0.013323106213766561,0.014224226636027975,-0.05381729460815658
SPON2,0.04525744269647841,-0.052253664025815064,0.0883191355276209,0.03003080912785218,0.0049451870111330825,0.041435542542841465,0.04692585859759387,-0.08878755493948952,-0.014081094010010259,-0.006972896228079759,-0.028512271897678507,-0.056532329596381804,
LCN2,,,,-0.013546094070204063,,,,,0.017475989263279704,,,,
SEMA3D,-0.023620419979925904,-0.020450242219274606,0.07849882281791365,-0.03924254685671706,0.006012100075143396,-0.010362908711327244,-0.03300382610927484,-0.012257852558207325,,-0.03858024450621186,,0.023291069930025693,0.08040246444948135
BMP6,,0.06257048731967384,0.024653460177187163,0.0943510143906105,-0.020089883112604928,0.15577133617421696,0.0012968341714378996,,-0.013585046737658308,-0.0008066606851504058,0.008664835196031773,0.05299620228498176,
TIMP2,0.03357827503245444,0.0004322714417943966,-0.008139822783805189,-0.033743230252192204,0.04013797575705585,0.06796702943287977,-0.02251997162479077,-0.056253177605180706,0.005976803805001203,-0.03977013731472523,-0.03116904938264778,-0.038328431777737024,0.036426343846283
EFNA1,0.018171126227204376,0.03566416301382845,0.023851197070645213,-0.022747563443246667,0.026011421605078626,-0.0011427150845142835,-0.007529647236699146,-0.0688082931143617,0.03169668490784824,-0.010629302384468969,0.023199006667898554,-0.07404035014020452,-0.014472221810630286
S100A12,,-0.017662361235664864,,0.02255789871598506,,,,,-0.017286243479478106,-0.018599275922917213,-0.022022191414669504,-0.021971890418484616,-0.06939949273707385
TFPI,0.037591812397003994,-0.029047304443391632,0.013479287931851066,0.04836316072314223,0.03783656535539941,0.04834308607221475,0.0687201565757799,0.007846099238279726,0.03959837727482544,-0.025176319269259742,-0.027972662270517052,-0.05674517507418849,0.0989594635178158
GPC3,-0.024201695250450423,-0.02599712027485896,0.026851044325386077,-0.02575969223140968,0.01370892226486181,-0.02073883577240531,0.003516979061040442,-0.04364424136138423,0.05032691239552137,-0.03997863017452032,0.03415999400618159,0.020549583796120638,
NMU,0.05116095812553616,-0.005774402371793938,,,0.07788380699040916,-0.01499313336746438,0.005110161012525312,-0.051072835052343765,-0.05716266025983553,,0.05306124789719352,-0.04286449596342415,
SCGB3A2,,-0.022717297113582096,,,,,,,-0.01956430991574632,,-0.03178943906609613,-0.02564360458072163,
LAMB3,-1.7445761656123645e-05,0.025250486903742885,0.03130936963421533,-0.02830779601737962,0.0048300098422474355,-0.05625622452473756,-0.018274909347491018,0.03383364647623082,0.01136855765362341,0.011763062669026656,0.04005665349575936,-0.03411919299009548,0.00829316551959542
LGALS9,-0.040462141812007725,-0.0755896856506116,0.022484420676516022,-0.05751527905565184,0.04235761682969202,0.0428499334741301,0.03892061535716073,-0.06787905632490335,0.008487431370951235,0.05938719348471147,0.04524244992268788,0.03287640013663924,0.06888446521376868
VIM,0.0354736206992823,0.02621127577154623,-0.013361829694069386,0.034678859411530955,-0.0010701287408532495,0.04017195309719855,-0.003553149665453955,-0.03581019802612382,0.027824591398682694,0.06479997849112594,0.07383960782305253,-0.11451188940029103,0.03349064027398753
PLAU,0.015180922834172644,-0.052767748273741255,0.11299923980871009,-0.038643802008831545,0.04941293017606557,0.11022711427118191,0.019156141520003864,-0.0741655174602067,-0.015402060356731745,-0.0015988897259720713,0.013261229859332637,-0.0898404017270589,-0.06652291725496683
TGFB3,0.015673784545096835,-0.0026839205598657213,0.010481994189291325,-0.021551091653514154,0.02466420430919522,-0.016865008726025105,0.025199714579444102,-0.08330996048889946,-0.016294843851881357,0.035039488947942225,-0.040939029363550726,-0.009186302041457194,-0.0002254607592519591
APLN,0.0013544636159791596,-0.0184615856991763,0.05108797941797771,0.03799255906001994,0.042653368879281874,0.08133561848429474,-0.018649040770015512,-0.08477647651308838,0.042908891362016886,0.02033257444076462,-0.019474796683907756,-0.023272955607660156,-0.05514197830796052
SHANK2,0.0708919121459865,0.03002340791833126,0.05205061278460001,-0.02518421053278408,0.010462143795937582,-0.052628640762970594,-0.01885294801681885,,0.018819093850873277,-0.018119424233523904,0.021632681214922855,-0.0037019762018229985,-0.020589599676755322
LTF,,-0.03351991726580611,,-0.05966479942959412,0.019276996222210324,0.057549146566096665,-0.055073248801747895,0.00951512116414309,0.011498495179221095,-0.006631299375590205,0.06320853666084235,-0.12516701628186763,0.003036372690859355
PYY,,,,,,,,,-0.022843259441561993,,-0.033369101777495296,-0.023369275275304073,
PENK,-0.017638266735785186,-0.0045649062407711535,-0.019060892052028305,-0.003707020239805478,-0.04587828816394585,-0.06082962732163786,-0.020184314778990877,,,-0.021269101919786395,-0.023938354266685034,0.024377566510273736,-0.04332286355576405
CTF1,0.002320248030763201,-0.05612338725489618,0.03107048023232062,-0.0034859423366081195,0.011205544525652771,0.03342525707318546,-0.0019696368534305687,-0.05847409507598814,-0.06184500031325999,-0.00040941385639727874,0.12513905875813922,-0.023672431376393792,0.01455954657188151
COL3A1,0.01567502553631063,-0.03053385603653448,0.04599631416621356,0.024877809306374798,-0.0006553966120676869,0.05169376744109742,0.03565654970946089,-0.07773595878188638,-0.002777219256442407,0.02781869336872211,-0.07406542188010912,-0.021307558678601724,0.09270574832871933
S100A10,-0.030389260996407562,0.03781854729286092,0.011277619422180283,-0.00048632666734524724,0.03918144127450658,0.04958456131729879,0.03861581451013787,0.006315651111137491,0.017691839315081326,0.03156978557930504,0.014193831559155047,-0.09116174089017205,-0.12165986151783512
FGF13,-0.026235371781619908,-0.004277042426427659,-0.00243011514948252,0.005308938694081549,-0.03524825489900651,-0.050993259563234715,-0.030483360066485807,,-0.014735984294612349,-0.016864633383633757,0.08265830502080998,-0.007816460801138727,0.01334501673898555
SEMA4A,0.036355371672245,0.016324021146618354,-0.03481954830229896,-0.014762229377226974,-0.02563548495829923,-0.05982761993792415,0.03682163930300114,-0.02192385268566156,0.07935952241304865,-0.004415923285341023,-0.03723104747674291,0.017839632172317113,0.08293595302676414
EFNA4,-0.009228542764322382,-0.012295656068455915,-0.025969385575150192,0.009469246497762832,-0.028605520923436698,0.07742557411269371,0.005890839822897329,0.0960641861089841,0.006035984236101961,0.009375359853281565,0.08252704074652453,-0.0027050984747438956,0.04428452626562152
HSPA8,0.05446279849960886,-0.05290052684568045,-0.007829309260750645,0.06609718765476517,-0.08192560268919043,0.050043256306244635,-0.012236323828488296,0.05517467903200801,0.04019387877243196,0.06309844793924123,0.04296369221809845,-0.0025695013034362254,0.08966557761490947
NPB,0.09360200527932626,0.018094191269484115,-0.002280813871717207,-0.017774163815630427,0.04026582147075773,,0.02077638862713848,0.0456421502756222,-0.015948971469238776,0.05572400960469887,0.05855451777370178,-0.005662140941224516,-0.03717034388644118
ULBP1,,-0.0026899837103195943,0.00931110990318628,0.027019179693189687,-0.021713509077434513,-0.018625169339977776,,0.06057023304995067,0.14005795362685972,,-0.0005777285449101245,-0.04980305702232061,
SEMA3E,-0.019484340923778796,-0.050002209454535866,0.010183147572476688,0.03192093610620843,0.019153216432506358,-0.0438408027761637,-0.020215757334493746,-0.052305372357026515,0.042750582467529774,0.013545209422230461,-0.01631848091150217,0.03847825309247111,0.06865344257846484
FGF3,,,,,,,,,0.01675416248092246,,,,
ADAM9,0.08025535191769481,0.006897741553070693,-0.0014124310276215266,0.013290571214069272,0.051354185137616935,0.035432434884966085,0.02091230453468177,-0.06914584025513595,0.045957220041063174,0.08131204431994021,0.07245787430257412,-0.028054289145394002,0.006966391756739874
ASIP,0.03775409494411963,,,-0.01637309581326346,,,-0.01642988046146639,0.013146041915354144,0.09014523569541406,0.05032982463936749,-0.00894935894111377,-0.04217552758657022,
IBSP,,-0.04775395862327303,,-0.04817048016504285,0.03956883059706207,-0.024366259296335086,,-0.10088557839607608,-0.015401845965883702,-0.021890175886515435,-0.02131356010779958,-0.030083469382327522,
MMP12,,-0.019041559731974984,,,,,,,,,,,
FAT4,0.11681942676961733,-0.002799004798283442,-0.013419058301333617,-0.03205405354382198,0.028886705841548302,0.04550318853085237,-0.016169591901669517,-0.011973982551415184,0.00438411024245381,-0.01308640559204563,0.013946137720967205,0.028457049705086144,-0.06575838990812127
MDK,-0.011285937034466287,-0.05944801812273884,-0.025296280462964855,-0.04034996882414199,0.049383907836394215,0.09351604360270058,0.046791219822072086,0.0008469617218712469,0.047660958351637424,0.001601833000470784,0.016870973922394134,-0.03804535111905942,0.10130509797971943
BMP5,,,,-0.026850605927843125,,,,,-0.031013909289441557,,0.06450177917832321,0.07289888030801724,
CAMP,,,-0.016265070182699275,0.004997884672991272,,,,,0.02277997232603733,,0.08214079118853554,-0.03208179054832496,
HSPA1A,-0.017090980035181568,0.06060264787661785,0.02821579795169288,-0.03614453502551252,0.052672339696499676,0.04696937624272285,0.06033555468119319,0.060984966913781045,0.06077865052339456,0.01901956318108995,0.04339346290967229,-0.05903388211124274,0.08777687584444224
SOST,,-0.02949500340829094,,,,,,-0.03655438803785594,,,,,
SEMA3F,0.13029161400548886,-0.012133397264035728,-0.03229236715301646,-0.019215083174370446,-0.02342542061517985,0.013538777639564738,0.04647420547439142,-0.0595307065629466,-0.003097911850815102,0.02607649841353655,-0.01595783752264578,0.011834586614560149,
ARF6,0.040793172213828756,0.05462310108273611,0.014548477454686326,0.04360382108505884,0.005533639372922061,0.05334155737908261,-0.002617833737777029,0.0176573946686282,-0.006062207458178033,-0.07143966616785276,0.007431708349598233,-0.02771243284611283,-0.021878778068595343
IL6,0.05787684401777033,-0.04180684619833286,-0.021510867380855607,-0.015105716231414563,-0.023086400824633,-0.0412895724717931,,0.06090813261947541,0.02239736608875007,,0.052737360583364895,-0.1103675731026253,
CALM1,0.022818804169731248,-0.018873466534012534,-0.010138010238950924,-0.016523264312528912,-0.042635556440839384,-0.07274438333314635,0.01185857114528429,0.028488569692495563,-0.036389803737277016,-0.012651853044948962,0.008380224292657987,0.0535263290705423,0.08394099748738888
VIP,,0.028893111742304838,-0.03704899581620551,0.004666320416935085,0.08245882422334483,-0.048852907333591856,0.005216914745587855,,,,-0.02760574867419421,-0.057180096586826934,0.04950184733470822
NMB,0.08548709803456533,-0.0331317136912946,0.04524972836563236,-0.018308955759175703,0.03963867156801408,0.09391434320888346,0.045388277922423635,0.019291203254976533,0.03646271842954784,0.02775166708895575,-0.00846063200031828,0.04837979279151365,0.0440197310700687
CCL26,0.07959208601720696,-0.043760847997918725,-0.016975514019897726,0.025225534970570295,-0.015578475327056047,-0.023591188946091704,,-0.051351578742407956,-0.0362098686592345,-0.020414587851632974,-0.018702881749969407,-0.00584862680218851,
FBLN1,0.03187558128614086,-0.013314507700703498,-0.04108297070019703,0.017238587319122763,-0.04871363550130603,0.054228696930525275,0.0029355179992297934,-0.03307972536129678,0.07271475810673105,-0.020866572072087468,-0.003342134906173162,0.04965215048746321,-0.042689089281619845
SAA1,0.07648371789250669,0.026980567307870823,,-0.03338062427817053,,-0.023934137067549405,-0.019005946349769723,-0.06975984596107716,0.01027081769897298,-0.038278671279580304,0.02969378265230558,-0.044292909916803916,
MICB,0.022521806312802546,-0.02855822093023044,-0.019955121489598774,0.004458118819403065,-0.01180988043066737,0.025625793941194915,0.03599677912073893,-0.009827088841954686,-0.042651254660376836,-0.0015399597844500319,0.02871673903350072,0.0032868517581198364,0.03785101000870505
MMP13,,0.0070109711990583735,,,-0.014701673707206256,,,-0.04065721524317289,,,0.044243048389918486,,
F13A1,-0.02659048792426279,-2.2066240448001176e-05,0.029470986819305836,0.002049168488836051,-0.02909935608734326,-0.030995448742790886,0.008224772096303883,,0.023213936899822964,0.03237995431253112,0.019134222738119808,-0.10718359449591157,0.005606383353336564
CXCL11,0.006155164115501428,-0.0529378152476592,0.009225828989161784,0.047394743370117745,-0.023086402443655563,0.07171205270023595,-0.024264166884914496,0.0449959311909732,,,0.004852590048458059,-0.018002245594611842,
COL5A2,0.023411901862669802,-0.04262598852549383,-0.039571482290751955,-0.08212882672654008,0.012200839140163226,0.05374395791406901,0.01019114038640842,0.05068926168318849,0.05388606596433444,0.04916640702665453,-0.052207901412133446,-0.0653990885912523,-0.03483972005648877
EFNA5,0.015588953307849715,0.0060207732930444855,0.054735641887605456,0.04459917524469904,0.010255020874290971,-0.044564729155502074,-0.0357312919020982,-0.054133391390829816,0.01739635331206274,-0.02594803503332329,0.016323085036226197,0.09005850816911024,0.08092443013603536
AREG,,0.01309237626397954,-0.01614890863211208,0.04962714548183673,,-0.03828288677836534,,,-0.03177809276997962,-0.0012675951793653295,0.036740188165259195,-0.09842557072427409,
EDIL3,-0.08490295877836694,0.032780265117838735,-0.01773807291257658,0.041636622215401375,0.00016065181378335918,-0.074267944018826,0.03341538531679147,-0.06811374821872922,-0.024388104776588124,0.024278826968779695,-0.008693863759041498,-0.030558747293094525,0.005945557329012666
CD86,-0.01055892383122872,-0.01275385190585987,0.04400747172255154,0.05829304932835292,0.02118260363479142,0.06063216928153475,-0.04183270288566642,-0.03520173807898557,-0.021525332173879603,0.013722001491849154,0.04642788154682953,-0.010338458633212035,-0.05666495109513602
WNT9B,,,,-0.016128241847592876,,,-0.024558189536978747,,,,,,
HRAS,0.01323983798391342,-0.0011543919544079238,-0.014385608252602346,-0.005377181322281488,0.03768039516565476,0.004105407624604886,-0.03723022083274385,0.052254192535830725,-0.04548880913415782,0.04542882069049383,0.01601500163177674,-0.029022351003523218,0.03665335832768834
C1QTNF5,-0.028641325937797224,,,,,,,0.09734713820233268,0.03094539011647558,-0.049829339126575244,-0.02335866293972414,0.034287988074959835,
RLN1,0.06305874533652184,-0.01961661786846861,,,,-0.0013319961204205553,-0.026669715251346777,,0.07976493966311823,0.10852064598008304,-0.018813081123687684,,
COL4A1,0.054677264305968254,-0.03892487713415323,-0.011030283518356422,-0.005270496171711293,0.013770173220032043,0.07012694562281727,-0.006715063084743148,-0.1255010501996094,0.0064915105162788945,0.006241816691706702,-0.060151208691512595,-0.019655773371500904,0.0023069968782756982
CCL3,-0.027871110602569395,0.0026658044949788478,0.014077332981659004,-0.01266680254674266,0.0013208854183919625,-0.03582426182010699,0.09162644894119094,-0.006725976679056248,0.07976175356895943,-0.04770095974709674,-0.010202170768835983,0.0517233367226157,-0.10568309527086914
BGN,-0.0010697749157369642,-0.013007450324485203,-0.04197243937829581,-0.053675399231219306,0.025564989325143013,0.013007133476457915,0.02153584239073727,-0.0992176388432495,-0.045547196642544696,0.04294465995951537,-0.0534026127200233,-0.04520933604428621,0.09118529891369559
RETN,,0.01266754769856227,0.0668536850150577,0.03732304899384877,,,0.06625786921536042,-0.051056239078955,-0.028955901233691624,,-0.019998572391908217,-0.031568862921047214,
S100A9,-0.0654513403442832,0.03291248090897869,0.05824959424622305,0.047775105349780966,-0.015944151706844552,0.06673823130191066,-0.010120493758945517,-0.0663624279551779,-0.014262180815736169,-0.05304167660367237,-0.023861355567397102,-0.06185076830060545,0.07010226393550634
HCRT,0.01419712894260169,,-0.027451860809973524,-0.010474716120378744,0.03249987857905678,0.008293649401756366,0.06526865264596561,0.08467442039630618,-0.01368582087252251,0.002531342736513858,0.08380484641269047,0.024700300610711677,0.10790573080383546
FADD,0.021899722545414956,0.06223812588308494,-0.016226063689255863,0.07254514409730656,0.07143474924557365,0.017688026145915577,0.0460492730848386,0.031992962179448095,0.039290768155250726,0.05584434574973182,-0.02229389584911674,0.0396484262823155,0.09120665867715833
ACTR2,-0.010509872738246974,-0.040165854827130656,0.014392744996983944,-0.020494532376890508,0.028797132896781766,0.010497579912129316,0.023212093499511453,-0.12237393911961895,-0.016750412190302138,0.009277622394458916,-0.03556213952376529,-0.028388138921212443,-0.010346564810162521
BMP2,-0.013047550678498495,-0.03367221799239311,0.0805445448125707,0.0481811470716985,0.011968864795379654,-0.01314177746755162,0.047969329202672356,-0.028621665611180073,0.022752536976092474,0.036404705627317756,0.0004482529522078849,-0.10686131478254735,-0.018700108793092928
PDYN,,0.048430294501693,-0.007056732050637767,-0.05743104449307885,-0.03352956910845046,-0.05679800198024744,0.047144187195233514,,0.007142466076851388,,,-0.033016445755787154,0.1533778874016583
CD55,-0.07026661059696536,-0.0033652251013096277,-0.008711981812939546,0.0008117525225819683,-0.05645626335912263,0.05217421561711673,-0.017837114088994643,-0.07240708884817297,0.053869165896097165,0.0630175252888257,0.0059151199531911405,0.012979089799150299,0.034629103177053776
OSTN,,,,-0.005924096774572962,,-0.01590179029776169,0.043089587758552005,,,-0.016864631156911267,,-0.055516721409180986,
PDX1,,,,,-0.021397726007311626,,,,0.1538172336347287,,,,
CD6,-0.028806610150570365,-0.038718267265497895,-0.018318522446248025,0.0025632337458120964,-0.017205177007656947,-0.020594356118990874,-0.023208483797232858,-0.0514244958334211,4.200266988997144e-05,-0.021684933378643315,0.015337342494560119,0.08491801233285541,
IL16,0.007367739103693909,-0.014446906760292907,-0.02742831159606281,-0.03366274285454516,0.09764514077716223,-0.015582041824080125,-0.00912160931015894,-0.07411808080241827,0.017845253292825162,-0.011375484176551685,-0.021093374437068282,-0.0044414809405524955,-0.020158904157574358
LAMA5,0.04772920216634291,-0.03692913135584762,-0.0254367650005445,0.026226362207363293,0.012757008620814062,0.032745866149459776,-0.04255964205678,0.01682625735905201,0.03140808177394046,-0.03810449067696275,-0.007592530306920227,-0.04802770583966325,-0.07385379499597669
RGMB,-0.010079301952997445,-0.016459851175207884,-0.0029677411576768467,-0.015319348142801661,-0.01614584028198806,0.034241434190293255,-0.040469740313369244,-0.033050284288186925,0.009761192048331507,0.00010759326461591507,0.005851371761836982,-0.07860380988689952,0.022240596849186608
INSL5,0.03834174907486167,,,-0.01688450406049366,,-0.013467956646833666,0.030024699403338895,-0.07301824848264475,,,0.11163122194397158,,
IL12A,-0.03359257927787852,0.009251575479875852,0.03797232491642216,-0.0265908104773314,-0.0077196709842606275,0.04746322030996864,-0.021782643610395027,-0.0018986326322120426,0.09463948380091336,0.051586125337987426,0.035853711690025235,0.01702742213367001,-0.0467881920646929
S100A8,-0.055482619492865835,-0.0062977159385997905,-0.017991400093220318,-0.00921289375466901,0.026122262993293427,0.06084497937918123,0.0418780409736804,-0.05206287341928119,0.00045585042769507813,-0.005824741824174955,0.08876280144311478,-0.07484516368519067,-0.18919807188898047
TAC3,,0.09542262232943373,0.011492397542307627,0.05238257165416175,0.01167109582841534,-0.05519841946350072,-0.01775960622582393,,-0.020738480012708303,,0.005529055342825898,0.06880625511337811,0.1707509999354252
TAC4,,-0.03794214317030332,,-0.011631963435574202,0.1366005073649496,0.07084158829749507,,0.03136267603558315,,,,,
MFAP5,-0.009381878890054152,0.012824198288717191,-6.237532911963481e-05,,,,-0.030610576041993715,0.037561787916678344,-0.00816940595405685,-0.023281591620462835,0.03740936706257163,-0.03726204808405247,
CXCL16,-0.048351324012166116,-0.02289195126737566,-0.03987701746478399,-0.05028375191593069,-0.0018472630048317871,0.051637036665256035,0.044550834950549165,0.01008497356404231,-0.005897555885467911,-0.02772371617365467,0.030084057407862547,0.0020746834619442037,-0.0044016096957116176
AGRN,0.08842474865674324,-0.05978906713913816,-0.02048729817088007,-0.07128152978077676,-0.0007875660963819082,0.06878490550636113,0.012767539989777301,0.0043150445729428335,0.0072232698992080145,-0.034487647547014465,-0.025244505007068513,-0.07218110318525169,0.06468461318406055
COL4A6,0.05736538318146144,-0.001093221765023779,0.020620184408467628,-0.02201472673693288,,0.013853311008844408,-0.000617038646288009,-0.01570242457803362,0.048536960950111015,0.0026853995431932276,0.07771004617415461,-0.005690901412460763,
FST,,0.04249833276150942,-0.02232386697115495,-0.011497596939846587,-0.025747348228679356,-0.03068596831558356,0.021769717922386113,0.01991521182234402,-0.030731985047014194,-0.020173643678829623,0.050850462961009125,-0.05552624813901052,
MEGF10,-0.0024988105420039063,-0.027075867209302683,-0.03955075460205861,-0.062247918454823824,0.04782906618052126,-0.04368492028952719,0.010046309370331566,-0.09401983250576948,0.08860603831444182,-0.0022477694824841344,0.008264743020601328,0.08555692539416396,-0.12009100532041476
C1QB,-0.1192143352394666,-0.05095597443478501,0.0015174031639113522,-0.06174244157036768,0.013059879220342192,0.07419230716511893,0.04716117174973633,-0.03221464988224014,-0.051438454613209096,0.016762125511767614,0.029213390908944314,-0.024330726854106203,-0.1249782474809468
HLA-B,0.03445893400873875,-0.09659885407834765,-0.04875674959103374,0.00441363415321629,0.036898434451468794,0.07465828517697325,0.07737912232011503,-0.11017020898845313,0.014341877964108565,0.026488912230195335,-0.015142278743280706,-0.09873840360305307,-0.044353635586011055
PDGFA,0.03367899692631631,-0.08881170696253148,0.03652438585578646,-0.04258805875976935,0.036281474260082595,0.055709907984660155,-0.015321082090269002,0.08638570970612418,-0.036035906110172065,0.007583586001494657,-0.02405867836538819,-0.07644423891622384,0.00281960577277215
LAMA3,,0.013508466746516927,-0.023126239739211376,0.04492056370103217,-0.020132040064553366,-0.04175746145114391,0.011751879335007782,-0.037769092364874676,,-0.019067948482769246,0.022600586560163782,-0.03709317843089738,
DKK1,-0.017638272595775707,-0.036842129706552894,,,-0.015578475327056047,-0.02931556210358651,0.028222474793523588,-0.058210824543035555,0.08607615698120437,-0.017122453307407286,0.04186220476493431,-0.0616691306285195,0.03743417984306223
INHBA,-0.02200372924551782,-0.02338425524252001,-0.016021562552584204,0.10892868690326295,0.017771245978814153,-0.0580098913027378,0.022046127807946316,0.06883201141082998,-0.025697450489474374,-0.04766630178271521,-0.017450968644743946,-0.022473035685178486,-0.08535924522414497
LEP,,,,,,,,,,,0.024240914295370498,,
IL7,-0.02623536922551011,0.03608357977615892,0.020067301669890267,0.016272604716572145,,0.06364631372063946,-0.03573425602094465,0.04147442521086991,-0.005894648686652932,-0.01787502420054665,0.06893394784646421,0.1322591150909989,
FABP5,0.05111591545738331,-0.03591620561149279,0.0020302923326971996,0.05170782024375189,0.045446035501722604,0.043524446496452825,-0.033917672666901176,0.06679802222921474,-0.05744291339705595,0.06974594061963603,0.07767932937735932,-0.038082983212941734,0.09034396688043903
CCL4,-0.01158991821595316,0.022366988902571803,-0.019516577478781088,-0.02726315991588413,-0.006781455023155244,0.07859240847842072,0.1162177392502132,-0.007716685003705917,-0.01297175122581985,-0.02503233423387554,0.023013015569644586,0.02901852944348872,-0.13517841634837113
FBN1,0.003509283879952726,0.035478298870013456,0.001091721297951684,-0.03641291099297543,0.01912401518093452,0.032159787536582454,0.030804228611755965,-0.06655401124367323,-0.04830089340575819,-0.004229136921322246,-0.0033635487778043527,-0.031323816272279106,-0.05194811672568496
TCTN1,0.024345598100948558,-0.005114096337006841,-0.04488069906643732,-0.00868600406088077,0.0253801477094748,0.043171138792753604,0.004789108157882693,-0.09295155145346183,0.01023805603508174,-0.028691019095236563,0.018751816923206526,0.05293136422872228,0.06193519985189224
NCR3LG1,-0.02093644774419833,,,,,,,,-0.02782561304775877,-0.01787503369156196,,0.04077005843518657,
BMP7,-0.012128579433667217,0.04822202741473702,0.016527477524034894,-0.024448713058798255,-0.014675034863087622,0.05195121205080991,0.04330975148325028,0.02088870382673129,0.07942094730768881,-0.013857085710001934,0.007657158988273413,0.06208283622910539,0.019286012824424482
NLGN2,0.004435174319195061,-0.06591316978146299,0.007296634328532376,-0.052703062246263414,0.00026893391824334796,0.017509249964356197,-0.020953282353245707,0.09122442840578182,0.039622892188176224,0.021122024781269844,0.02371876241931013,-0.009054582813926433,0.03479419673780299
CCL25,-0.017119122629685037,-0.011322719030388244,,-0.005420017011907791,,0.05946066220035314,,,0.007916456037440999,,-0.029571682142053874,0.03934560889492839,
NPNT,0.027647492443733785,0.017471452778895193,-0.041371732837014306,-0.015465738572488936,-0.028911059150300764,0.058332416198368695,-0.041429415562271754,0.007290118679021542,-0.0373509318387493,-0.012627483139955608,0.008545042368084082,0.137621352860115,-0.01733603765431306
KITLG,-0.02993395206958025,-0.011431399633106121,-0.03453397114200569,0.01827789388582303,0.017543600903327565,0.01506271515700283,-0.03953522855161643,-0.018749472683010405,-0.025489389714324916,0.011469413025172659,0.05010102807939652,0.02299188633448613,0.017143251892889393
MADCAM1,0.008650089562340636,-0.0463805884309046,0.015281083538663734,0.03206800169387634,-0.023818574769157067,-0.009481892680115156,0.002374483241338148,-0.04154627527795782,-0.021078517438250816,0.06186914807692154,0.020025528600458652,-0.0470407805429812,
F12,-0.03572113155424585,-0.01208623470107951,0.06469028263372859,-0.0373505227830341,-0.0015919870551228462,-0.05296792983837436,0.0006178426948773033,-0.05195643825583963,0.005939293948256748,-0.03621043412502254,0.06231350262367912,-0.06319420786619818,-0.010345427835014376
S100B,0.0055743667817692855,-0.04547869045159215,-0.02202579325181768,-0.020687144769000763,-0.006535270678941543,0.09500836761513015,0.07764879621265204,-0.10594655699272637,0.07728233132092353,0.0662262986532954,0.017797431674106558,0.187788833868137,-0.05203646927174319
IL27,,0.019839374159661135,,0.008751344235322119,,,,,,,0.015185608207452676,-0.024692668622898453,
CD99,0.007058782108841109,-0.03905298937138998,0.015028509564997426,-0.02693168683294342,-0.03502092777250273,0.0790379237756058,0.04993092893634341,0.0414058905063188,0.06586004091797075,-0.004061585269029599,0.08856668574287097,0.056574885861615354,-0.06570776971285924
PDGFB,0.0256246620293868,-0.03973274187994962,0.04496450618984712,0.0012182239533916452,-0.026714228522808837,-0.03613538048020492,0.028551737327788353,-0.050078633395204755,-0.013784901729605675,0.03549714995070748,-0.008881422042155536,0.08357007955795465,-0.04057933881806738
CLEC2D,0.006232745245633607,0.03339971357684172,0.012811091606922858,0.02115233009731407,0.03501935482576988,0.02987154599621986,0.009860639095044933,-0.00299576953541938,0.015528949926634507,0.015133427251467924,0.052287920284920374,0.006707945091877018,0.1694547102871713
F8,0.03370010615111927,-0.02080448934347866,0.05891941382575473,-0.004688340472037842,0.04987573870865351,0.04397792008764989,-0.04168301915748991,-0.04967720161748489,0.05694134437440317,-0.030597906379834616,0.08160213741511597,0.03999741828155194,0.12490537705829521
C3,-0.10034892704035561,-0.0358136298136264,0.0011868152660396759,-0.04734665058080534,0.011012620729927496,0.0625231971777832,0.011673103340054254,0.02147726328248459,-0.10691246853850128,0.01606543330810697,0.07520569163432815,-0.10110867850729614,-0.008033527314841075
DLK2,,0.07124725095782454,-0.01810045803411431,0.04611848427380361,0.012527650106035368,0.02230018343328178,0.004325892953920216,0.12402733932398642,-0.04325246647553764,0.03313320646055601,-0.021262580386995262,0.00576728904343106,0.027904361599803414
TSLP,-0.017380514373521887,0.027434733502181792,0.023742770195392945,0.08740137523912472,0.01880841316459785,0.01295815544765973,0.016665502601063864,,-0.02782560869352761,-0.031830088985277706,0.04716135838329364,-0.06460229870041233,-0.08010194480552303
OSM,-0.016584716177044736,-0.010828966808099047,0.026936907286195105,0.021360154247031648,-0.023086404371063823,-0.019449731296867924,,-0.031082545119125088,-0.012450484003404103,-0.02889977978251366,0.02863965395855456,-0.011882748895501071,-0.07555870788534508
PRND,-0.017638270398278578,-0.021513954223848785,,,,0.028935233177506032,,-0.011049639012966407,,,0.04215711471868387,,
SLPI,0.054085916968600344,-0.005814009936465754,0.034159184555643846,0.030770003093442567,-0.015113943244188216,0.07455131181049095,-0.019221654968975523,0.179741163734194,-0.004804629171216618,0.0020855150522442554,0.05637573448595634,-0.04443849184466753,
AFDN,-0.04021883051251596,-0.005248014044688084,-0.011106049843294497,0.005710285614387101,-0.026843458685655786,0.04122069970599696,-0.015070349550214489,-0.06247804306017839,0.010341901219965262,-0.012694808716025924,0.026160976728387096,0.011181507643991133,-0.06185220268402822
KISS1,,,0.01991825466992232,-0.0032395706379213644,,,,,0.05122037796757802,,,,
ULBP2,0.08704122060367268,0.08816402217020025,0.028471373603405122,-0.0012344262097014904,0.014024798391139291,-0.041300011198642204,0.006465986111201757,-0.029388232065888333,0.03706330495966508,0.05291424679348989,-0.07981049765800022,-0.03373152733573807,
ICAM4,,-0.019331136301361757,0.0323252009804088,0.05790167087614054,,,,-0.04645922896765655,,,-0.022758217157978964,0.10043764678293784,
TDGF1,,,,,-0.01661275338889542,,-0.02320848571329662,,,,,,
ANGPTL1,0.03677106558417803,0.0776340673422316,0.00624903778805158,0.014567523264564359,0.06257266864629232,0.10525718140466502,-0.03346234465297262,0.001246464648405768,-0.013678245364741246,-0.025894710974938482,-0.009146463892445285,0.009248582242526072,-0.005887321507172711
LTBP1,-0.019111719657357095,0.03722401228626793,-0.08559549503617088,-0.03589651240188932,-0.06638102754669124,-0.05164392447246045,0.056282816078147106,-0.004437598333980326,-0.005650587320341497,-0.011848491574192503,0.02016808735700916,-0.03941030233360626,0.001247609290901806
CD160,,,0.049532548550103354,,,,,,,,,,
NTN4,-0.04122989064094206,-0.010667970872308046,-0.0008769521023084898,-0.007746120508856597,0.012893443464093629,-0.030929221218997424,0.005913246016443309,-0.04580109259713919,0.047704264202601224,0.048317234398924686,0.03234548930611089,-0.039202346781734454,0.12216860883917623
APP,-0.002480356251439875,0.01706937269211025,-0.018617209445771946,-0.017981586569447625,-0.014196283518622933,-0.08607330929444022,-0.004130941280688718,-0.020465570101219268,0.008882977734186073,0.01649469265799259,-0.03754191623284909,-0.1077722048732436,-0.01874033481229828
RIMS2,-0.01763826893328095,0.001611059354552781,-0.034062704384451324,0.019589405093928054,-0.029001111808331894,-0.0637116522399822,-0.003078691929336459,,0.022701098877228855,-0.02515095729171953,-0.02347286018019964,-0.032263997158577674,0.11666497304576164
WNT7A,-0.01814345314429293,0.02875540404475801,-0.019808853572013646,-0.006165063626905448,0.015729987427045126,0.0028715413064614643,0.04834768941106779,0.016800743669940915,-0.03499371227328322,-0.02336895471836198,0.029657980065326973,-0.012330140576233488,0.1506121672048226
GAST,,,,,,,,,,-0.020631226997382218,-0.026152013250308522,0.05369454351078194,
GPI,0.02802731452486542,0.041133946438362726,0.039427553945574484,0.052263852803616215,0.009184262189335986,-0.02535526566128466,-0.019711583182087794,0.04657635347988441,-0.02856272446048037,-0.04539995961304447,0.0006121785975567316,-0.0844284144435732,-0.04158188813120475
IL1B,-0.022003738036064473,0.0362787508081709,-0.004592323233390121,-0.02859440933843129,0.0194101263909315,0.008730124758771027,0.004724863030480045,-0.048990802233190224,0.029781579297478156,-0.004672031106115686,0.016593832756650363,0.006162611321822958,-0.10969136250377938
SFTPA2,,,,,,,,,-0.017065203561278896,,,-0.02336926966271889,
HAS2,0.10565938904194089,-0.004028706532858964,0.0069440477109660856,0.0007896833962463095,0.015638452847262504,0.05497442041723198,0.011498335627922376,-0.025964073727864193,-0.012271052015412792,0.04809279571805066,0.051248657505600086,-0.12193708047317013,
IL11,,0.020164547682070568,,0.005782272582449256,-0.017589726444841112,0.019993677085846432,,-0.04507114049481527,-0.0037366753924216916,-0.02168493681616738,0.018587650439798185,-0.05835237202839589,
SEMA4B,0.07949712453646615,-0.06332010744156578,0.030891858384734305,0.05085405724847626,0.050436631841769115,0.0746806451174098,0.037995517732736225,0.035233037106029624,-0.015671170458984886,0.010727519306814965,0.04833530603427557,-0.03324370474780763,0.11180241430002046
FGF12,0.07843126704129785,-0.02554527233393873,0.053716211494329744,0.03584413259431584,-0.06184745002151174,-0.08534191329960913,-0.0462633413019702,0.11708897656345474,0.005752802547608867,0.029374897592645256,0.09657574849385404,0.02392894503749277,0.0022938123243474175
CP,-0.08550240233325826,0.05927851460281498,-0.051120647969399365,-0.002205988337922487,0.006279443333334774,0.06518056925178345,0.004849771324061171,-0.007631416388476573,0.0073869093057781915,0.02272277256617787,0.0983626739364666,-0.09579079222010296,-0.03814774204101975
NLGN3,0.0011798069563137257,0.01753796219345865,-0.05373482464214211,-0.008994950576398835,0.027291767761678132,0.0707336411161595,0.010062201968967675,0.09354098633864269,0.04279480582290795,0.0035165050034780525,0.04080980975709702,-0.004049021041625414,-0.034239230124254595
GZMB,0.06215280243754205,-0.02227230224399332,-0.016505135294358524,-0.020497215905943725,-0.009351790246842708,,-0.01973439466392777,,-0.0244944451820288,,0.03611137228745025,0.014105464564744593,
PROC,0.025889369129715664,0.013781308644601246,-0.023563011663505915,0.01584505497219413,-0.001231342660206773,-0.0338857448507558,-0.015555881016752772,0.05406042331773682,0.08769639818838336,0.011973951336976233,0.01921642175077258,-0.03525632092233586,
TNFSF11,,-0.019898175642707943,,,,,,,-0.016152762754174387,,-0.04361945289178507,-0.02436807729675229,
AGT,0.013396851955903887,0.010292602570660699,-0.02554726303522073,-0.01807837725030378,-0.01848705943801445,0.04179372787263394,-0.02048179395147546,0.05683155055267444,0.04359825154950382,0.06784980102703884,0.0009168456509803703,0.022390956913440434,-0.040126072494898204
PTHLH,0.08883586934202463,0.043484701553742705,0.008653847248723376,0.045713506914013456,-0.019017425665948783,-0.00197997898979018,-0.01029386737271753,0.039378785739785586,-0.000964227768843479,-0.04085114814622183,0.013731191995424793,-0.010519718454846623,0.05155963450306353
COL1A1,0.03670961649790864,-0.03226475373553646,0.032646128606535714,0.001549270304374152,0.022437224029858996,0.05885233715020776,0.005249085139339965,-0.0889920830189647,-0.014602236592888023,0.06446904767039283,-0.07479233781783177,-0.03342503172621339,-0.019548815947517235
LAMB2,0.005745340670386765,0.014611042884762677,0.006142383649966326,0.006750089408211547,0.03250533311400199,0.054595605639437536,0.010818212856180627,0.018518655701852654,0.02562178113950567,-0.03362245981754383,-0.028883088363860433,-0.025274399864250226,0.04042696325948926
DSC2,-0.036681538522395085,-0.017955641127479716,-0.005008000062573263,0.005959220589352722,-0.01496360011539151,-0.02295346293517792,0.057951362329303466,0.018260227411462146,-0.02552144808484565,0.022065207699661853,0.026071124172793236,-0.05060178751228953,0.07166940604746536
WNT5B,-0.03271092620009895,-0.03305100093373659,-0.03443218208923362,-0.017515185128644955,-0.030644113326920037,-0.02755521082354736,-0.009709692794422312,0.041414531986792395,0.06848411504808868,0.006807148588729473,-0.022701854817505977,0.021279317244634634,-0.03204109713771031
LEFTY1,-0.019586007822018362,0.04147515446855169,-0.019572363518313693,0.00543504937519008,0.013864905264293825,-0.02766788947160571,-0.006738487085758781,-0.005125573790924191,0.10549478075278877,-0.029054982119670232,0.027128927183625633,-0.03731742719453632,
FGL1,,0.039858246867015244,,-0.017548099715919866,0.004276127878044622,-0.02102513727579451,,,-0.02368151453208607,0.04552593370490098,,0.13997834895349687,-0.06044696172972632
CXCL5,-0.028971089173958048,-0.03192752897164658,-0.04367659964794335,-0.01612823844980202,-0.01377192903933132,0.0076049565673987065,0.011731881082123287,,0.007129662103155948,-0.038837108533308025,0.013869287055530607,-0.022708723322769884,-0.053817242916241376
S100A1,-0.030499571188785345,0.00480873579236872,-0.008306615536072027,-0.014804270543084636,-0.020708225237203625,-0.09090739054627689,-0.00739091790174781,-0.04956704566301342,0.0017085902930003745,0.03282164026702932,0.08747384589720675,0.07649614680380758,0.10430175715642621
C4BPA,,,,0.04121096577795548,,,,,,,0.024454274646658582,,
NPTX1,0.06595469240759777,0.0772715608499865,0.07512499991959402,-0.034472167104220214,-0.005331577161471971,-0.0688323149704633,0.008184822877531391,0.003388460209147764,-0.001834688780230911,-0.01712244903867556,,-0.007390511264251604,0.12771304899874075
TGS1,0.015492321280774766,-0.03193415772274387,0.0794365887658833,0.04155047514913922,-0.009185530267341584,0.09634917105495598,0.004418967628432031,0.012997541408781257,0.048264963951333416,0.0189580917193352,0.11645451293719888,-0.0608976664642323,0.04223045409685845
SST,-0.022622154754277108,-0.00792517694543893,-0.02647684760066529,0.038899064287249964,0.03137320663251802,-0.045291506325491594,-0.002104587802205939,,0.021914844076521833,-0.03621042422154786,,0.03355055273063094,0.0331243152340168
IL34,0.006503270303784459,0.02077143669491452,-0.028553980654482246,0.018763006939812293,-0.04969002177730299,-0.0651770196198475,-0.044621271204890324,-0.0031580140004402514,0.0012773304141412286,-0.043397058737250756,0.0297056812713658,0.02410266752542432,-0.005131833921678253
DHH,,,,,,,,,0.015305363756757137,0.004511133042239916,0.016697707990823873,,
XCL2,0.0818227763474225,-0.022280167943011443,,,,,,,,,-0.019936734873801706,-0.027745727968450824,
TF,-0.0750228431896823,-0.045648959648189276,-0.024862116885657915,0.05679545842324103,0.033965896148115786,-0.02055825368233142,0.03573599232130258,0.1057444441396809,0.0029904972159603433,0.0959280321474246,0.022430888520489866,-0.0001303318547321035,0.023840378200777505
IL33,0.08471021900300424,0.021882772759180415,0.043716614036665886,-0.022994482867958483,-0.04006185341355891,0.08318403844713505,-0.019687852670283962,0.11604488936657566,-0.01890674617009292,-0.021848007942343782,0.09666245270458249,-0.11621851905664969,-0.040847902040266
RBP4,,0.08261210735232735,-0.022719166965711253,0.12637654357574243,-0.049345198048979765,-0.035565497231670636,-0.0075978857008538155,,0.07561109956104366,-4.411059524795675e-05,-0.03521805094180956,0.030282746463941645,0.07584694884533917
CCL19,,,0.06694913024351307,,0.06515436313482083,,0.0020356417067459017,,,,0.04203908947105259,0.009832749596997243,
CCL20,,-0.028329381689646608,-0.018954757299229446,-0.0177155499533652,,-0.015150401494649482,,-0.040309956507304866,-0.013435217190028312,0.08748876071416745,0.022156316194606326,-0.02117602028795162,
NAMPT,0.033400188927767686,0.0004258889993750455,0.03766112430400869,0.02627676117788959,-0.03151521708181745,0.015846963858334458,-0.0057288931197501565,-0.0626025123385428,-0.042852334903094036,-0.010650365632903594,0.052768232116044984,-0.16206627283668829,0.022814228689687258
