,MGH258,UKF248,UKF259,UKF266,UKF269,UKF275,UKF296,UKF313,UKF334,ZH1007inf,ZH1007nec,ZH1019T1,ZH1019inf,ZH8811Abulk,ZH8811Bbulk,ZH916T1
IGFL3,,,,,0.015414465035755427,,,,,,,,,,,0.00867289381510673
BMP1,-0.022999482074891227,0.048471239165176074,-0.03440511239822312,0.06837590700593874,0.11590085912906953,-0.023902221096829247,-0.016040630316885907,0.0777549654626448,0.01765722449645342,0.0549872537744513,0.00036995619736449953,-0.016687855869283893,0.013969798134613477,0.027255317870033414,0.01564691252840708,0.06963976348541344
NDP,0.05794033280709936,0.022028246517628268,-0.034356296784079136,0.0037691723461289782,-0.025659151679282288,-0.00872525752278148,-0.04041119218950146,0.012855023459478823,-0.027957001538222646,0.07465661641321207,-0.03706119511902481,-0.02834002330464887,0.009434020668944726,0.016614881069131084,0.0410009411471998,0.07499772373367382
TNFSF18,0.02600931496908716,0.030467777618181,,-0.012763182642151486,0.05949945349227639,-0.010492886331704632,,,,0.08200845462674619,,-0.04341439607012337,,,,-0.005270127104287054
IL36G,,,,,,,,,-0.017614511368409427,,,,,,,
RTN4,-0.07184648893145151,-0.04282145087871739,-0.026611495338178442,-0.09073437337909614,-0.08350262021491786,0.04883771111665744,0.01030177795316649,-0.00604783209866287,-0.02476729266634393,-0.062415262779693635,-0.03194565335028618,-0.08530572019169673,-0.07026710656925193,-0.029340479886887795,0.007576567927099255,0.016770869411912564
HEBP1,-0.022984674340833254,0.029952685125345636,-0.0004195505863085412,0.03262335510529517,0.041452760172936066,-0.0023315876075712403,0.01507009404557897,-0.0035074869743529926,0.021371911291932714,0.036533170825527046,-0.004169060013002886,0.003967341822199149,0.010947704594544094,0.010756621187710782,0.0024039454191627377,0.09017744503345167
WNT7B,-0.017710093291403117,-0.03674642317934705,-0.034620463844267466,0.011135786519702321,-0.010998053070807114,-0.011993287756343762,-0.014396738979129764,0.03343616274808361,-0.019360377914823302,0.022971511770635045,-0.04065656831336199,,0.07937052200217455,-0.0001705704893316958,-0.003655516424074818,0.029023080809084677
PTMA,0.01133966867273503,0.047434045285931634,-0.03855736772189178,0.10202029533759752,-0.07639950384030385,0.03575468929578737,0.03943668331187893,0.055969036214798006,0.030310626686097752,0.010082905986981427,-0.10333273261266036,-0.04064842013339201,-0.0395446327260879,-0.000836242396088567,0.051102525970059993,-0.07751855340438164
FASLG,0.09096057200162969,,,,,,,,,,,,,,,0.0007308293846632362
CEACAM1,0.052358675781073095,-0.01580393568753256,0.018217228496743055,,-0.009920397587978497,-0.0165028104370964,,,,,0.07909544808791331,0.030178873446586273,0.048590618911516704,0.05217345837869221,0.01949829203691431,0.01664661789145371
PDAP1,-0.003367760021508023,-0.01458902687289408,-0.01940332446595778,0.050606036879363,0.019693193859831294,-0.025975552899354163,-0.04221850404045167,0.025394845340403684,-0.050390725367851184,0.016898011330179413,-0.0585730507422759,0.03429001360864389,0.07669987290984423,-0.022199479842790207,0.052304814846843684,-0.017414824522481456
QDPR,-0.01186752580444239,-0.019156093542086923,-0.013247396318035806,-0.01416342587270526,-0.09607205890048437,-0.021084256815112366,0.04119355325827455,0.041833709509173665,-0.017629501747069735,-0.022080212889156892,-0.029248369636822123,0.05946526276183026,-0.022381723766913983,-0.005745419325669222,0.025990475372130516,0.03276434614789385
POMC,-0.00705527660432518,0.0781201781948857,0.008681623272146562,-0.03367185002156262,-0.03333071867408082,0.0334905479324167,0.02091074127648217,0.0038252164129251483,-0.028255501998158027,0.04388333783307797,0.07461190564175546,-0.03587009227051957,0.010975888614469614,0.04318016860825921,0.016029891808704354,0.08436134942599181
CCL18,,-0.019721818518551773,,,,,,0.031036339739220997,,,-0.047870125706287195,,-0.019670898989261096,-0.032376862302352274,0.018445900011517136,
CCL17,,,-0.023170995683967025,,,-0.013086672157854598,-0.017819127047722653,,-0.01609135621085021,,,,,-0.01644362169813793,0.011492328494346081,0.1077075085970895
VEGFD,,0.04772935888530773,0.00971879172723408,,-0.02216678308637611,0.006262949935622075,-0.013070545183790762,0.025034920908571852,-0.01724560485416302,,-0.0539310475961773,0.09021628565882506,,,-0.0010891047033367834,
TNFSF13,,-0.01488272184950288,0.12826355644657322,0.04661065382799033,,,,,,,,,,-0.003761627980497429,-0.006122347623503295,0.010086530231106934
WNT5A,0.054005620847696056,-0.008838615838097004,-0.027363344954974646,0.10757978677029857,0.10762496691255152,-0.04948688340144225,0.026038381699265627,-0.024533026019185104,0.1419346828584908,0.12673414164516705,0.06460812946018571,-0.08080159950534284,0.07714867189629183,0.013829734931532538,-0.04198060105578532,-0.004057018812077348
CXCL8,,-0.030801542498860666,0.05889453433091197,0.06472653953993858,0.012751300447505632,0.06762238122467643,0.03509334805592272,0.042351888731397454,0.01125752058172713,,-0.06819403666100506,-0.04491142808902619,-0.03463371472053144,0.006322441424328494,-0.013545339159857032,-0.031112165577409756
GRN,-0.04747498951315327,-0.007347210342380204,-0.02633593623395914,0.04663144132528754,0.07334691073423805,-0.027603842848727626,-0.057727519201373687,0.013014315999206631,0.022371378790153704,0.10411728003022562,0.038861948329306416,-0.04737771537236057,-0.0624839731442372,-0.032006449978432154,-0.08253868387104255,-0.030304497108577463
MIA,0.16027300859760138,-0.039292679281232826,0.013160725076520653,0.07642805680817474,-0.026319321479344536,-0.01507238412818312,-0.014864992515376782,0.13860755670325997,-0.02361864617177178,0.09544823768445172,0.030164928694996193,-0.035257410402958704,0.0714945141482513,0.11485646948752155,0.08025858911934741,0.0983263029793979
COL4A4,0.16832040538461723,0.03326748502935639,-0.011424231313482164,0.019144042215443437,-0.013038938378821755,-0.013662890617051088,-0.024972005252194382,,0.03541003433592676,,,-0.03891341912295681,0.09163892441556638,0.08328551822466614,-0.032994631411182876,-0.004529734964944247
TAC1,-0.017710088662665338,0.04090344811343955,-0.020019006975525087,-0.0006149177036847568,-0.06603903228094286,0.06735565709009407,-0.0014693101601849859,,-0.03241345762718954,,,,,,,-0.03340285790796373
RARRES2,-0.002769824703300581,0.049352717690788875,0.020763539680592923,0.08760842968131304,0.06648592110680582,0.0009263948144461442,0.04872356340324168,-0.0397016527453274,0.03840685039560097,0.07048761220868803,0.06898359562249755,-0.01395747145897748,0.047687657891685206,0.042526821109365225,-0.012338052308053757,0.02855876625500474
FGF7,-0.0062627576334926245,,-0.02692965262744095,0.010317727830538278,-0.002406690707036907,-0.01341757171283469,-0.0013283660312931422,-0.0014188256874676463,0.0017243936434415228,-0.0014017599696685861,0.038324340808094916,0.09365506237563166,0.016041963909405505,-0.043909121468349625,-0.015205030926755266,0.11925543880619054
EFNA2,,,,,,,,,,,,,,,-0.019585338358435275,
HBEGF,0.0008911560473021467,-0.05783374210023996,0.0314457780188349,0.09243170587012851,0.10056069920506507,-0.03303431154592881,0.04716396122863171,-0.011702993177148605,0.06424041127729593,0.011421259908764804,0.013669498146163368,-0.010255389446756412,-0.0056110266413509444,0.03132655272098876,-0.02371604986477253,-0.04132967673541391
CSF3,,,0.02397099528539825,,-0.013794945836394177,,,0.0038367551840637246,,,,,,-0.05094983185644944,0.003012822994638154,-0.011398847848829958
PI3,,-0.020748184587981264,0.061821191948966674,,-0.015533291085357132,,,,,,0.04859307458770704,,,-0.02414757205759866,-0.03150598882474198,-0.058122931061057086
PCSK1N,0.010556409504477615,0.08404318953304317,-0.04330042025643192,-0.007725854799021464,-0.0033801720852440734,-0.05773233410068846,0.00939328465027032,0.043603641950699525,-0.05863611825869259,-0.004408101414009363,0.02348849803335538,0.030482160172686387,0.03275678830113115,-0.007066001567735828,-0.062097887577070014,0.10782235767160964
NTS,,,,0.036004408262529985,0.005516874228608209,0.019421752114403865,-0.001959032887098839,,,,,,,-0.0016804347604633604,-0.023861018208889657,-0.03961587495259979
SFRP1,-0.02576862635724447,-0.02533333485075877,-0.02021758937643962,0.11968191429648004,-0.016314834481752725,0.051690427264913026,0.045370780143636824,0.036186486658303214,0.023917102566858327,-0.02572227144581809,0.13276382582393156,0.049189152403802235,0.019609258298895753,-0.010729339265610132,0.042657379042193945,-0.027264043208231177
CXCL13,,,,,,,,0.01630068980250757,,,,,,-0.03693574574884454,-0.014450358947883423,
MICA,0.03641876094719897,-0.017295152271529595,-0.013671230262192325,-0.006772861845534906,0.10392819493813457,0.021342489419658536,0.08880541667291063,0.056501225673728214,0.020601415228189937,0.06517160764746203,-0.009231158449555913,-0.061239026997101945,0.011367869928650225,0.03596978827032355,-0.028283553741144316,0.044405419498494955
TG,-0.02051044717095897,0.13225828872889064,-0.0218179820956577,-0.01659456149147014,0.028641073913517286,-0.013184326953647869,0.05264190097145732,0.005244564856055599,0.13336687418150228,-0.0342178440677289,0.01853335413944608,0.04236690100584367,-0.03202882256853111,0.13654005272289813,-0.00017659045900037142,0.030464774676319212
ADA,0.11748548859136013,-0.011836365699142423,0.03846698777542605,0.014570545985891293,0.09311106393742455,0.05111406191328387,-0.020943531843897818,0.0511665063263898,-0.009243579477624251,0.023807848687616037,0.07679130665176223,0.06710975961170657,-0.030862061126374796,0.03945370637486585,-0.006982123419601026,0.07087250843390397
LAMC3,0.008102711164623298,-0.02147245933898646,-0.02199853756041067,0.07328899986977157,0.13642496933906953,-0.038979200184326525,0.0033626651284851448,0.014944293880428236,0.005719363865959898,0.0744143116468584,-0.06152819502738262,-0.005928689774137611,0.02624972384894149,0.05715560928731586,0.028382621773813864,0.03906758895244468
CCL7,,-0.012544742632953531,0.11105607519951448,,,,,,,,,,,-0.02464519866048169,,-0.012507031832020668
NGF,,-0.021538700140325016,0.057497600007711036,-0.015835662606756215,,,,0.03243659055388981,,,,0.03291873146028761,-0.02923219782337811,0.0015933005763303124,0.02230917427739746,-0.041576399576453954
TNFSF15,,,-0.01756552827353698,0.056087162678086076,,,,-0.026899738514460834,,0.016694890562187984,,-0.0038958919290995484,-0.02952204826345096,-0.024026301276842014,,0.03529691728631803
HMGB1,-0.0320227458099043,0.09150653162191386,-0.03469881310711621,0.050372395388831606,0.03046477279994668,0.020189875077205124,0.018569632541932873,0.024250207247928333,-0.014965499614994833,-0.07933326439239717,0.04095473949531013,0.01673410986696043,0.0020884937275627785,-0.012095482560747111,0.020674536668763836,-0.057472346674616134
ITGB3BP,-0.014193432609963098,-0.030325797633878215,0.0068589682990506055,0.11219440303214172,0.07976328978772407,-0.015359887863386863,0.037198469085127354,0.09444126177833408,0.09471941383269894,0.035577699300188795,0.11442154083454098,0.13758790340743432,0.03649116212222831,-0.0019261209376966178,-0.023887007427825357,0.046411333275186546
AANAT,,0.055242468612471375,-0.01598283594642161,,-0.012443414462155973,-0.011856742278862074,0.024374629624001023,,-0.0215850152020092,,0.019362119742808548,,-0.020488065864819705,-0.021620793235929133,-0.026356560827063964,-0.029660473435318167
RELN,-0.01700370448082451,-0.029707229394884682,-0.027742623926126357,0.021788443459620877,-0.03651288227826212,0.020392634562388982,-0.00846466232736148,,-0.023896474907696526,,,-0.06711053166792756,,,,
IL15,0.04657498605937849,0.020321342660302624,0.013652216475976581,0.09401026731759683,-0.0199855503217143,-0.024889145626516486,0.031532850705572456,0.019525934258020995,0.04738073340455365,0.043475068156419536,0.11382842731933736,0.01016156615211186,0.006257968639335529,-0.004677936826538947,0.00849836211886976,0.03973355811119238
UTS2,,,,,0.08116901741535518,,,,,0.01740854383892952,0.07685061922359737,,,0.004629252687383855,,
BSG,0.06217171345858434,0.09959005044769646,0.06719460806358607,0.05768493550251968,-0.005486306655249569,-0.0284956770854797,0.019989518049622276,-0.06049371928228504,0.042372192922470894,0.10236976745271648,-0.038588238674740254,-0.033854140494661726,0.036716957360832914,0.0006956923944490508,0.09368285036230099,0.0931703194800533
ADAMTS3,-0.017570416496794156,-0.035520645739108916,0.09025439616296957,-0.022037487823702684,0.10360113877726541,-0.03351921942270135,0.011597716280183334,0.022633885075333572,0.040485130227329136,0.07441742259356952,-0.05225305287747263,,-0.024532373101557436,0.024346883743551758,-0.045254477071445816,0.03984801351051026
CD34,0.034306450124971063,0.016805147870747036,0.014298800826584702,0.05843610546902659,0.1045418349940253,-0.03755290108716687,0.015255117295142187,0.00017451174939025184,-0.009504186667110453,0.07655980442118271,-0.05708874045327132,0.004764289108916274,0.023121263971735955,0.06559345128992182,-0.012368683933648575,0.037129452261110196
CCL23,,,,,-0.014158630395897688,,,,,-0.029761623571024604,,,,,,
PLAT,0.08581092495683823,0.033356543616886426,-0.03488846072742029,0.04407477751947451,0.09108298678950165,-0.031416221880725535,-0.007357684201371167,0.026796250806247864,0.020897089007519295,0.05715040611092982,0.10492575407121392,0.049095266281766387,0.10319148836433482,0.08053064483498046,0.016369959719941936,0.04995273753444112
NTF3,,,,,,,-0.012253712760288147,0.10690076824887218,,,,,,0.08449541816758759,0.028662663330609708,
LTA,,,0.05312847969654029,,,-0.011419278480337938,,,0.013002527788556373,,,,,,,-0.00810289408602591
CKLF,-0.0032783050942253333,0.01211576634392726,-0.008169021448179185,0.03810052513309479,0.04371862412328812,0.01896186251443422,0.02050050998984397,0.10033233471381442,-0.001851920396743964,0.01178540205033682,0.04670977208452728,-0.031136246184328135,0.039751967404482454,0.03897051952640949,0.01859878987529542,0.07006372365769391
APELA,,,,,,,,0.06646009822452971,,,,,,,,
CD24,-0.0018182194751660769,0.053152785977350916,0.03941708742962411,0.09534591567359166,0.0740611108827449,-0.07377835373848947,-0.004450610604885928,0.06979408899632374,-0.00304987137792467,0.004388665375217086,0.0035260448401996172,-0.018591486459234162,0.04401983915787348,0.06253309345210843,0.007739362989642846,0.09066047876511514
HSP90AA1,-0.016366021029658954,-0.06097032850879927,-0.04786887130512834,-0.09183105896029695,-0.10556933485775033,-0.022214232179698045,-0.006044264042581771,-0.03244978371357339,-0.05560042905679183,-0.03403434477636623,-0.16350677145927497,-0.11633181274245168,-0.008962704591575978,-0.07906286584884983,-0.029617985392673414,-0.0735526275732377
BMP4,-0.0211082277509856,0.0059690421672872656,0.003436442189775884,0.14474306241202922,-0.02782868288407891,0.0038379171262226666,0.04466779253007922,0.0131777506863094,-0.01705834633844017,0.07566234355198438,0.13213009483578725,-0.03780450689203988,0.0949099689222338,0.06064437024030898,-0.001937901880383751,0.04997898783014464
SCGB3A1,,-0.012544741378496026,,0.10704192684796734,,,-0.012538767274034237,-0.029649547029886255,-0.013969067723748457,0.0062091409039842895,0.008827918752821238,-0.050228188760413905,,0.05595416845798816,-0.037491370628085156,-0.015152349152570842
IGFBP4,0.038599881125412225,-0.021995219029118277,-0.02116163238882226,0.0780358653294869,0.08854579131037493,-0.042151627860839015,0.01164058952794725,-0.0023310142149581144,0.04434459260448639,-0.004028483093129988,-0.12536251574495424,0.03949098085563579,0.002991492827678207,-0.05986839422679114,-0.10269912053883722,0.01784126888228046
RSPO4,,,-0.020836065074109567,,,-0.013281316060611944,-0.012538765439955876,,0.04411502712988963,,,0.011156622806540516,,,,0.05164802243453425
LEFTY2,-0.020307654670528807,0.005268651583217739,0.06241285518079668,0.0175680153756578,0.12123670450421384,-0.024126927276253967,-0.013748909657382357,0.02162764354269121,-0.02471336331912938,-0.05116793705881416,0.012020958062067183,,-0.02618201181508052,0.02155515110098388,0.04868597763970875,0.0737211113278694
PF4,,-0.013013155454645703,0.007148710377212485,,,,,,,,,,,,-0.01795131856164835,0.0035001823970715646
ANGPTL2,0.007807284681631782,-0.01575774551310617,-0.014683268231400025,0.10487478497178403,0.08771902212101305,0.04237234143389908,-0.06179274231255196,0.011940864383008187,0.03519218644079083,0.044718916359549596,0.16656617231193377,-0.052233273935914634,-0.004344792467696193,0.05428466752973659,-0.007746421278554484,0.007866060939685773
LRIG2,-0.036209737547801775,0.03463104446685391,0.02276490683252044,0.07551973147541323,0.05062695440672292,-0.023053402006711396,0.0174052332117836,0.06952046064503085,-0.005585730055894681,-0.02918937906969251,-0.04446211500479188,0.043225616439491736,0.03792797148621918,0.028457578824891538,-0.035393254299885706,0.09564498243822539
ICOSLG,-0.06353301850284701,-0.036276901132289596,-0.007641549225209798,0.1428605299245833,0.017161010212160363,0.0236441412442054,-0.023796235292129004,-0.07344349831945858,0.003540520831523727,0.019764831542043334,-0.005573931603133492,0.034284488981917244,-0.027497343005998938,0.07994094869499724,-0.006311834767870211,0.06810509717212818
WIF1,,-0.008748278343573505,,-0.07154004767439838,-0.041928069828524796,-0.010248877026937876,0.07550631010536363,,-0.022295853957834743,,,,,,,
NPPC,0.09918526583403779,0.04697397865241676,0.033123850236510904,0.004435840843496533,-0.02182713070572022,0.05158306874815243,0.04831766863751178,,0.0032321578395465263,-0.02629541585947424,-0.0673749752711201,0.003986401886610093,-0.024532325985665855,0.06138030958698204,-0.03396509817513507,
LYZ,0.007895527833965153,-0.005095730650055194,0.011209689226420173,-0.02033879040828414,0.07847506923715585,0.020188832548447347,-0.004618569218614204,0.041167099082499055,-0.045698957255193684,0.061091724902502136,-0.00879168083375298,0.03237112915132529,-0.055577197425973224,-0.04805805970384599,0.05110897723596338,0.029142502864565274
EREG,,,,,,,,0.007651145712734995,,,,,,-0.006775590083003989,0.041140548038399234,0.031906438503973754
SPTAN1,0.05400671855172898,0.06607622648713495,0.001673681718248241,0.03240392316254801,0.010338930737146562,0.009502722610767204,-0.009707331010849658,0.022057683111437715,-0.01376024485915758,0.01202138167614901,0.09054717173805843,-0.1863147657382228,0.04883962205212649,0.01340415556644992,0.0036673101744600016,0.0685695033473506
LIPC,-0.026259512161140544,-0.01593152271662311,-0.0017389686768890592,-0.02121702714255941,-0.01983906575568327,-0.024830772914015635,,0.02811643277791566,0.03250256024662933,-0.027883596811844796,0.05295170303151454,-0.021836472181772922,0.034832738224150846,,,0.04578560711362417
COL8A1,0.022536860399972058,-0.046621898485439364,0.006011677448387078,0.0746874983510485,0.02544457631427903,-0.0036707036182510393,0.025844769736083913,-0.05509576600377359,-0.0030457634445222276,0.003501485540052754,0.09844195217075276,0.03757504609744413,-0.02174514203607221,0.06919323056209459,0.026412390543508087,0.019825674397254217
GSTM2,0.03669272493649189,0.01585661558796567,0.01200682616856868,-0.011569838838558201,0.039865370554072195,0.013814042291056861,0.026736879409744185,0.0051309304063246785,0.00600931938368569,0.07935650120392158,0.08543045871527298,0.07438947304227288,0.013947756691632793,0.019309623920207516,-0.024563285152107307,0.0559058360249689
IL4,,,,,,,,,,,-0.02165738429021478,,,,,
SPX,-0.018986454371692114,0.03152819555917835,-0.010825144550968146,-0.04742246665515899,-0.034917501727257806,0.01928007715619198,0.017816089342171357,,-0.02850409631892819,-0.034859617901276084,,,-0.0310822348117537,-0.007669370241003788,-0.003838184562607595,0.12251411406406221
MFGE8,0.0907168531337309,-0.033626716642987685,0.0020797565907607666,0.05592434903249165,0.04039425012033004,0.02151032614867944,-0.006868044463803711,-0.007915594756688375,0.031001858660095662,0.012736950234814942,0.04657421718154144,-0.005670037159503303,0.04472539329342715,0.02659375185116626,-0.022733656327652986,0.03258934416798042
TGFA,-0.01992085387928791,0.06690201594544293,-0.0004238220388670998,0.09186022868455579,0.08703186446209348,-0.03386894761714841,0.01832705159057404,0.13286426731151113,0.03513685673300903,-0.024481724518713503,-0.028716142488338037,0.03275892214416207,0.019182600418068886,-0.007097410455902448,0.05869631836706299,0.0611788822393469
SLIT2,-0.02110822437335261,-0.03161964803754081,-0.026746889935459955,0.053510949983255424,0.022974905213851878,0.07323706544044618,0.015124658312924871,0.04102885625516469,-0.04503066362412004,0.06327040889725652,-0.001526076195320823,-0.07078907310051147,0.02384700730513996,0.034237647337482066,-0.03136546324429011,-0.02064544177776031
PLTP,-0.03555246198083847,-0.028122876201282152,-0.002964009214551364,0.012595674191888088,0.11013655694278293,-0.006062511789977671,0.028428083397182932,0.02007160215548065,0.07496632176874705,0.10946415792728795,0.00791683231181005,-0.08520058619532674,-0.007270186502585031,0.006708676455917634,-0.02411579357690632,0.029846761758256055
APOD,0.019464819277264518,0.06859733418507293,-0.0008115921720526942,-0.03591602763630117,-0.00080093105496471,-0.009400827597062384,-0.04927166640736196,0.05018842499148197,-0.029696471380090007,-0.09280540176241693,-0.01877719234478877,0.0019764186091282346,-0.0048705306373339405,0.0624445145083117,0.03259543603467294,-0.04655072007617188
B2M,0.018731102374230865,-0.010420335928232992,0.005728710976273535,0.044941277344101194,0.12167253935705685,-0.0488911998747258,0.01175329407681329,0.025103525605385986,0.031063253099953732,0.06319167421174801,0.07149650761203848,0.03943456051602447,-0.04849490615031966,0.02904974117361711,0.0004452874610670063,-0.05351274216086416
OMG,0.0169685026961652,0.09270743890047149,-0.017175924632573208,-0.004936036851254753,-0.08425612295151,0.05671701512055337,0.0149528339454787,0.013206874105363808,-0.03451827606098107,-0.005199287705011792,0.1684844064683867,-0.03899688691441016,0.0352811464164357,0.026863609248832184,0.04874425575283213,0.14368898209325978
CXCL3,0.09556997292468354,-0.03213559561157606,0.042680166428804234,,-0.01633760836146459,0.024045382653395994,-0.013413828618044,0.07938760877604484,-0.014417381815756207,0.02888688035974516,0.09655117192916947,,,-0.011725779662951089,-0.010091654740228082,0.07248066622488207
CXCL10,-0.023688580751900327,0.08013851119452019,0.0059147802451005,0.06150557501272351,0.11092386807108427,-0.0626617692788855,0.048587991710750136,0.006665969780047014,-0.022910964464505922,0.0013813670856993015,-0.014336001121919344,-0.045746639786388696,0.09817229789361195,-0.025449329290161925,-0.024077922215385995,0.11219168218737667
RSPO3,,-0.017040437227167086,-0.01598283476547099,-0.0030938020653847324,-0.020432746351146888,0.034035837102157775,-0.015350619812627142,,-0.015065886129649769,,,,,0.01597314333893929,-0.0118225632676482,0.10288250856552353
CORT,0.02524264714729564,0.022034410005414232,-0.011573322848144258,-0.008207662340423912,-0.0353634453974115,0.02458605238176694,-0.030825545346819926,,-0.039969328045441684,,,,,-0.028102048510679937,0.002505731230990142,
NCAN,-0.011508269372886602,0.07738394795278604,-0.018125754856720248,0.037032176807797176,0.019945866638008115,-0.030906771687047144,0.004314617405320474,,0.011913184741977414,-0.04300646133417922,0.0661824981267993,0.015273889732427092,0.016506234482475554,0.08696307879685101,-0.0021151476309320275,0.11118635004344513
PRG4,,-0.0007927752976111884,-0.015774368654131937,,0.02613446641298732,-0.016972994677272625,,,0.019915920944881375,,,,,-0.02699331255293124,0.0013449306580472103,0.05892517105195122
ZG16B,,-0.01739577004732238,-0.018308084024322116,,-0.01911032869276531,-0.009073653377395888,,0.008896945651078715,,,,,-0.022775870014683976,,,0.04809509228895618
TGM2,-0.03859317708712369,0.017730417010365953,-0.033383134713638324,0.005816771121822837,0.0881468342314728,0.007744946742172086,-0.037135715901885774,0.06870229079446007,-0.0600721213591631,0.04080878515281164,-0.07451761422805626,-0.029223900236552653,-0.013600354121150605,-0.018674891891284278,0.016077385977159762,0.015600180171020352
VEGFC,0.07442678504741447,-0.009285735422009724,0.01275565648014056,0.07584926177002442,-0.023336746944718944,-0.012947757174988639,0.046179845151038915,0.011192497820789342,-0.017976310963477554,0.02436891347543876,-0.052635095121541055,0.04785441737463713,-0.005130878953967255,-0.03171695486990047,0.03327050413375119,-0.010606355348418734
WNT6,,0.014595608161950113,-0.008657515624068248,-0.014033353164288432,-0.017405936784777004,-0.006698317843597941,,0.009484304178216274,-0.015688816460471586,,-0.05888024239390675,,-0.021659855057935693,0.013492330074212258,0.051003714101565685,0.018411240976939875
NRG4,,-0.011554148379945825,-0.019198128264345388,-0.017179418500689377,0.013015796283676889,-0.017431957293271336,-0.045368542390362296,,-0.005284108177200076,,,-0.03536121690997448,,,,0.03266387406542383
PMCH,,-0.013316777805092599,-0.003777086547915914,,,-0.013281315419644994,,,,,,,,0.01038379497816433,-0.026356559892407205,-0.018650875227667372
COL9A1,0.05683272117175047,0.019013222125778505,-0.005271568077186343,0.11580830788934701,0.08078967712125038,-0.0012437934548563418,0.02699386379149698,,-0.02389648407351376,-0.05275631211652009,0.03879141416765084,-0.031362435712899255,-0.02654554478708717,0.07237967531076743,0.009962549819793737,0.12814325069821192
GDF11,0.04071752354160845,0.04716682846139969,0.010024971994826135,0.07133797265440028,0.0564061784275397,-0.024367777239271474,-0.04146714817410847,0.038084440566102766,0.027377997982859975,0.018965314581337652,0.09243156882036,-0.03296058215172977,0.055904594507219296,-0.0243668533527192,0.025573324158879092,0.06847092222610643
RAET1E,,,,,,,,,,,,,,,,-0.03120768284740691
IL24,,,,,,,,-0.0253015865728604,,,,,,-0.018676786697607344,-0.0176650939139688,
SORBS1,0.01270806223886215,-0.015847859461755317,-0.013223307287022307,-0.0337237752952065,0.032350296083116806,0.027028170044285458,-0.020224037876054188,0.0028606288509893042,0.00028051048655687767,0.040849053674948343,-0.051310591654245744,0.07074223652459703,0.06324607751400689,0.04648803406003963,-0.02922871205700415,0.08055986871995495
DLL1,0.05729503806274319,0.021531092573035066,0.04225102174933241,0.06286715950675714,0.03899319515773998,0.017043016237014524,0.02913623635455311,0.02402395406455472,0.024780172737568957,0.014619094912432065,0.09438232215183351,-0.10930324029728516,0.013667971248708843,0.03508058592683037,0.03204634663901679,0.05804186307584893
TLN1,0.08171729314506156,-0.05020997164463161,0.0015350446311908257,0.03450024676728521,0.07916851245248133,0.0036376251746676807,0.056495948811581244,0.004475684542486038,0.006901575266627127,0.0754303474689412,-0.016536935075522424,0.0069664991603787686,-0.05345119303769232,-0.021262535093508554,-0.006991858446642982,0.02973929042007974
COL2A1,-0.01926455928575125,0.06329388927138321,,0.03315145982843477,-0.016337613921333784,,,,-0.014636602474967274,,,,,-0.04082990410653851,-0.04604063862436026,0.04439506051475622
SHH,,,-0.016392158963175158,-0.016594563265489647,-0.012843349666071978,-0.015573721237704863,0.045011405846298064,,-0.013969066502764976,0.07498902824489749,0.01047414943622687,,,-0.0014549632394274127,0.022283298026529327,0.10769759520582932
PON2,0.023116619297341153,0.03489052481187347,-0.04745799411933502,-0.011305209870342605,0.0647961566790601,0.005793084810807917,0.012573184264735505,0.0594403117333392,0.04906933813824524,-0.0017576102042757703,0.10361126920945288,-0.035673499106733605,0.057769943690647335,0.04133828174058184,-0.006939302417843676,0.08970473558882681
ICAM5,,-0.033810689319163235,0.008926051064522236,0.04472927295007473,-0.03192529416084209,-0.02948271751024139,0.04172298114952945,-0.023951060464888572,-0.02728083231320702,,,,,0.11369668853989943,0.04994264482146286,-0.016969552781564794
HPX,-0.021882268240042194,0.03621209749542966,0.049287520653453785,0.0913400112778387,0.008700697462900912,-0.017806482387427852,-0.012538765995737111,0.021532549475804925,0.03700473079841162,0.08479379802739724,-0.02932323823227521,-0.010048286123843597,0.06232673261469689,0.048706248286028604,-0.01586928962473398,-0.009029719718993766
SFRP2,,-0.01667826709369396,-0.018668892643079475,0.010371451527985309,-0.013038934539328147,-0.014840538655564195,-0.011452416144401558,-0.024970431044513516,-0.0015111856593867856,0.04755795986299595,-0.046433059857941855,,-0.004242391022803462,0.003987998094908437,0.02118431755009055,0.05806205633942256
CFC1,,,,0.0886598835662671,,0.03570930560844838,,,,,,,,,,
CD70,,0.04023565792414188,0.0253939333316864,,,-0.021300953910711646,,0.045588798627007376,,,,-0.03075212560834557,,-0.06560522725311291,0.013995834420143969,-0.02388614247547483
HP,-0.038225173243908034,0.025829634410528973,0.051132162360946275,,0.08500336723252357,-0.04413670576792014,-0.058133114367387065,,-0.048793229262082495,0.031108820591953676,0.06132575737469872,0.039322720947278345,-0.023214896174144958,0.02594939263664283,0.01486076974342297,0.031757540768091126
CXCL2,-0.04304967073025233,0.031772903121837115,0.01279223528197316,-0.005039223524339257,0.05481944770899709,-0.0019977226426070266,0.04887323396840193,0.05270286332990785,0.10784334270989111,0.11694488682221546,-0.06574318202073176,-0.020008201518944505,,0.023479016854852094,0.04634993244253609,0.02609855182722995
NPPB,,-0.016183930516179473,0.06459181520053926,,,-0.009999185248759288,,,-0.0179763122709462,,,,,0.10138243945746327,-0.03435468147547847,-0.028857724413709988
CCK,0.0017352463209137198,0.05622867003208594,-0.028467313231913892,-0.08038801617557247,-0.042362417232356814,0.017353898094348678,0.02611172451168841,,-0.06145577758218123,-0.027883619317724605,,,-0.028347385350607324,0.10286886901729285,-0.03300530714005469,0.058334336271968025
SEMA6A,0.0005941910030309093,0.05113041290844995,-0.04520817225267737,0.03835266157649748,0.038348573433012435,-0.0700991062940288,0.03724020690246176,-0.005421442035322957,0.02938662318044733,0.03148308536622127,0.07167059152908332,0.06069309196675921,0.04875340937948442,0.04065875289831574,-0.059260852221679344,0.06838850451294258
IRAK4,-0.032899570622017774,0.008996633385653137,0.004207624793306128,0.05577482524803611,0.07965687265952025,0.002223355216361261,0.058873068016250814,0.03045983182737521,0.011169654484837473,-0.011192588503091785,0.002899529418445179,-0.04581417177790702,0.010183467194890472,-0.043721472655547454,0.03090706213570071,0.07389997101273242
GSTP1,0.061693861445123496,0.09678201898463162,-0.03384893905317845,0.06096175322504443,0.03551947673165986,-0.030944974532466373,-0.019971777443835166,-0.028424438857734383,-0.006837206005924478,0.05970632768979444,0.02094147744466582,-0.04953116649119893,0.02080751383431704,-0.021555878220268807,0.10973626929989616,0.030829929277329443
VCAM1,-0.02131859865442351,0.053675127158981886,0.02814841046038428,0.0224786536783348,0.09971155551105787,-0.004179611979979928,-0.02654767736521474,-5.1676341596808394e-05,0.02866232071889232,0.005833112047722561,0.03330535240700837,0.013512514572475716,-0.06021192336193356,0.037676797818663184,-0.01949036974397593,0.07725405337681443
NXPH3,-0.02300142537845462,0.036029947136389726,0.053532451503834795,0.11880888384527262,0.04209956312537539,0.04679868979817006,0.07553963938046378,0.0014447346018757184,0.010319471807674722,0.09060122366698495,0.041963308340348365,-0.0714696659204915,0.0644720625200113,0.07481309323098709,0.04404736339329952,0.11506660267566882
MTMR4,0.00010330241309102664,0.016033332853187688,0.01221650719086992,-0.013125100360040097,-0.02956405754023492,0.028246378744249605,-0.023355128854405674,0.082451824902014,-0.03537664960834754,-0.0010727393106660843,0.04468172963359821,0.13133733020909338,-0.028635987888809503,0.03932094419528331,-0.022449300224390838,0.031170308160091788
LAMC2,,-0.01270269321221339,0.019044649872110526,-0.019227964215543677,,-0.01258785867723266,,0.03823274060159817,,,,0.0016602760668166633,,-0.022961405501087665,-0.023199225039277748,-0.01557635309148894
IL10,-0.021304115176122088,-0.026839394512279065,0.017048995990330208,,0.014403994680246087,-0.03935791722875138,,-0.013947651375397494,0.08821144691841468,-0.05104783964301023,-0.03187817150063607,0.016787154269571506,0.036027793996315935,0.0897033129895372,0.02461129734698087,0.03196460825698482
SEMA4D,-0.06582963014059455,0.013263300252199349,0.02663288753841882,0.02451506600232884,-0.046562539081913684,-0.043614954455342525,0.0442344853527309,0.08973497430306447,0.03824883010993015,-0.07086500630670545,0.05914032303582109,0.003673262300105614,0.020385545919109543,0.06040537242815974,0.015768488707983842,0.08941812845790519
TRH,-0.018832531499338525,-0.060766114850738226,0.04869231437423427,0.0902276106002537,0.039393270001628615,-0.03317103098545244,,,0.03621372863660123,0.038190816953328356,-0.0186607293034231,,,0.02178408439031619,-0.019458450105816347,0.0709819514631045
SEMA6D,0.02621993738552306,0.008492252608972482,-0.045852457620989766,0.07748465023262266,0.022552163459892142,-0.017225201086184243,-0.017073526347047268,0.023496007925872014,0.0036809274833720005,0.013692533025716661,0.06627350981973948,0.0002528248360897102,0.04784872463846683,-0.005648563391607103,0.032536152894822125,0.09870513423068879
CEL,,,,,,,,,,,0.021822372405781748,-0.04311192228906145,-0.0072352237593596765,0.04887625648251561,0.06766384451142764,0.04198472092271552
PDCD1LG2,0.045635069039721185,-0.03543159765547503,-0.034628713002715576,-0.013502850708230181,-0.02840512198108062,-0.014265857246970872,0.018811038252809647,0.005309371640667129,-0.02752617437236175,0.05316098292163854,0.036279609018077114,0.09691805957487284,-0.039913606145389614,0.015500312264259245,0.047331191566769744,0.10658086782227075
SPINT1,0.021823576343508816,-0.03213560410561401,0.03634064089509698,-0.017465117320245558,-0.030602921340099738,-0.021868653714496422,-0.006723557902639847,0.024663463516974408,0.004877110969786824,0.022986932666708346,-0.04875567051943001,-0.059212529154203844,-0.04170851546900416,0.012563449355680769,-0.01179160138835832,0.12034325377871873
CTHRC1,0.04494303785466744,-0.0459646117160112,-0.015375475635694016,0.09494440883684635,0.07978583135603759,0.03340120661132762,-0.006361575396909395,0.007349423360140048,0.03304508307877295,0.07190814338120648,0.01739939614235897,0.0014242282581362043,-0.056708879825283796,-0.06747120834004654,-0.012238290999713741,0.02557460595752805
PODXL,0.04253503804988322,-0.011590112017557868,-0.014478231280926334,0.06571212894306747,0.1252865283388767,-0.03660302149156835,0.03565221297850761,0.03442501100893683,-0.0032926692651109053,0.09917726667517163,0.03587294312593034,-0.01053169255299162,-0.02996170092199926,-0.017853728340470422,-0.0386239670303039,0.056670145371901536
JAM3,0.08763972429732782,-0.05067538466102995,-0.01593850375991543,0.02550650312704523,0.04164903609206875,0.02222951975425164,-0.026368897058593768,0.08573000674348157,-0.005021658158511487,-0.046612991430429886,0.02909311766704259,-0.014183622285253711,-0.044761353172259204,-0.036070622071994886,-0.048912261118120616,0.006100718961106239
TGFB2,-0.06924870475030427,-0.06395208272413412,0.012111194528957755,-0.00634169051762518,0.13745126063708088,-0.006009932436971582,0.0023914434276993426,0.08908168405115603,-0.0034221333317315935,0.04500727288721433,0.03936713729696106,0.08961323524926365,0.02089877515092339,0.023463791527731807,-0.07114467829798654,0.005143930037007353
COL18A1,-0.0009362949080488403,-0.03710773310157795,-0.01835241834167389,0.07709906282752448,0.12490058906225592,0.007676376246739452,0.04583219759235003,0.02286458673458855,0.03138697216810684,0.08784228328461943,-0.04090759684252101,0.010672089786396501,0.021618731654342537,-0.03442351749313854,0.0111061003009275,-0.0301652502875449
NODAL,-0.0297940323305335,-0.026100477331862503,-0.03228285254791058,0.021324739500125915,0.13172394881205426,,,,0.030795656475808397,0.09358797539979571,-0.01640868765969822,0.012986693558902807,0.09268982624388528,0.06494207868794379,-0.0218205522197009,0.07515353623116086
INHBB,-0.011470719806994772,0.00033848802603792476,-0.006141827151640291,-0.005255562189593103,0.12411123095565928,0.0011821121381831983,0.02630967796708859,0.045355713058860325,-0.00393582848876636,0.050694947745403215,0.10320134570650177,-0.11884095165726116,-0.012722835796791487,-0.03916164654763236,-0.006854329838160309,0.061867437292001
LCN1,,-0.012702696070371085,,,-0.014337203880992189,,,,,0.10887833779571915,,,,0.0005418364239036957,0.038699924898473084,0.007462675008285749
ARF4,0.02494139996103934,-0.0382037263089977,0.029766078483555263,0.015026146119184883,0.025081693014575947,0.004147515547455174,0.01105002433576368,0.013583385875901844,-0.015788355338939304,0.08727442720549695,0.04147454179218431,0.010392090159719567,0.09833361316900803,0.07548299302127008,0.08837288244260841,-0.051657137739668915
CXCL14,-0.06274501797374833,-0.014332602450130938,-0.005390673129476924,-0.043383930303153934,0.025679795660970547,0.030916674941987233,0.03334043664605173,0.022373900338272294,-0.044227585509999584,0.03919171658173646,0.08907324049657887,0.09905753776997356,-0.017401930072581277,-0.06392103540302216,-0.09349989108741473,0.054433955034663487
LIF,-0.025436872518853938,-0.056090950804098455,-0.0245026507800966,0.004347047698712813,0.04265479277693991,-0.009070330917492039,-0.014864993342205618,0.0265730973263235,0.028411901207924726,-0.03237520486265199,-0.05537816192267396,0.0369244597196376,-0.04328070403612296,0.04368492513037386,0.024661017151267416,-0.024915971267107734
IL17B,,,,,0.04214054740744988,,,0.013690454705991686,,-0.006060864264784286,-0.04089868558001444,0.0027142245320133022,,0.006870911653911196,0.017227280199067194,0.01646652604223318
MMP1,,-0.01751276415130216,,,,,,-0.04864580844216358,,0.14006224443771093,0.006524166415630301,,,0.005783865275151942,-0.009915466792880504,-0.016208484448990396
MATN1,,0.003601965193214702,,-0.016445366971843612,0.03540057937641364,-0.010124767174603169,,0.055233105585996874,0.00784275727950875,,,-0.02620441809700613,,-0.03736785893186609,0.054487488417440784,-0.017415432841371863
ADAM28,0.014492626690108501,-0.04082565178856419,-0.03393458069377221,-0.00028745864459582863,0.06210754263309423,-0.0006629102014120337,0.01520645416090784,0.04001877834557563,-0.024789294240252776,0.06066859096367828,0.014231003304478199,0.09113574245487878,-0.034909723268358735,-0.012129480200943447,0.03617830080687521,0.045867552851666514
TCN2,0.05824909878456562,-0.015370035094834485,-0.051523614972716424,0.03273830485063907,0.11000144971083346,-0.04248543285037016,0.007464895816018429,-0.03405924918035002,-0.005945867506938104,-0.004665852661397535,0.06100060337370412,0.014465025397071575,0.05845952279298372,-0.016229120365362427,0.008760269938291024,0.07155754687937453
THPO,,-0.021732475553752354,0.0987150022929917,-0.023386028896765842,0.0660630369597618,-0.020785707993058945,-0.015468437192236457,,-0.014636602334855317,,-0.020422147356729606,-0.06784473399939865,0.038586525094315774,,,0.11756164202831539
CUBN,0.019830221267515553,-0.013703745835164602,0.001883959603487878,0.09811845516130936,0.13071404182724897,0.004090394501507314,0.020162138099399828,0.05550592855654966,-0.010912520737266033,0.05856657959766684,0.11327969553367244,-0.023927245793466508,0.1340502742938451,0.04633120097084663,0.018531315073729737,-0.019657481136345287
TIMP3,0.0666860168381208,0.020126306492250043,0.00933544515045439,-0.010695089948400295,0.0637787733974396,-0.004183560438376221,-0.03997603918360658,-0.011424273228091926,-0.009386139797478961,0.040095619001898626,-0.05848067686034282,0.10711782487526088,-0.006722632077834509,-0.002836726000891854,0.06422962725294598,-0.027959033711474107
PIGF,0.04324510973231604,0.04380095155362391,0.020229798672549128,0.06130521925224014,0.04290382360133666,0.008420316366239718,0.026012589253509178,0.022536144588233487,0.03760755791234621,0.042108620636194465,-0.0019064392707275064,0.03187718515483636,0.018075242376740113,0.04140793387270876,0.03609562124547282,0.09320448244898488
CRH,,-0.01488272081047483,0.04518833281391074,0.09055734730227943,-0.022046849403829068,-0.015938746922501995,0.03566778597347732,,-0.020019102112015914,,,,,0.054693111796389235,0.045487506456846155,0.05300900194700352
BDNF,,-0.03496396134849735,-0.01027877053449547,-0.010813414355254392,-0.03746078121876449,0.012183060467003968,-0.0027799413522504187,-0.03902765495538303,-0.01648457345022765,0.06340828226691218,-0.08396642491469888,,,-0.032861266587487996,0.04193041468139561,0.04693542117000424
CCL5,-0.05196361318587232,0.0317050892874024,0.015021702380305629,-0.0013172572391588202,0.12089315869845939,-0.030895618105281342,0.007729345683952068,0.03485619551759325,-0.019856311200462988,0.0096628735591285,0.15791920882025615,0.029955311913671668,-0.04098534422340319,-0.010383275214792856,0.01451984381219678,0.10030473129149149
GAD1,0.07342786713546105,0.01035566873666277,0.014562523056773346,-0.05086454654601194,-0.05063115329451697,0.03263535006577933,0.021582005929760638,-0.01782867440930485,-0.05553961367249534,-0.055198357578109904,0.10502212764532547,-0.04704991245539274,0.0805248344771751,0.06088457279769903,-0.010940048170450014,0.029368709497705384
COL14A1,-0.03650844530197871,-0.03010014959258851,0.03141281390476172,-0.0035746189702467435,-0.010562842223258744,-0.021993185348784524,-0.020261488005995767,-0.005628597018618293,0.027287320514484067,0.06370980906846095,0.008726286897423467,-0.03495556705966299,0.0034775472036685036,0.032401483428876256,0.001179527979440482,0.032499387126699024
HLA-A,0.0055371349528901175,-0.046349607901900076,0.049338249886431665,-0.042515432578485814,0.11886246379601596,-0.03424133376652132,0.03688186710875623,0.02390833389636297,0.010561902745526123,0.0750647564861237,0.08631547930151715,0.02427932514245146,-0.10149367757677119,-0.046222272086662276,-0.01411512793178192,-0.0894318499686958
CD5L,0.059509444611949375,-0.014882719088657393,,,,,,,,,,,0.07922723814550577,,,
FGF18,,-0.013466170812705049,-0.01468962475983928,0.05687696229200708,,-0.010849086912242943,,0.0358898234672313,,,,,,0.02468197335920318,0.02021863005276979,-0.0189651816615762
ADM,-0.02882957801449793,-0.05821099456582745,0.047541224684723694,0.06490220234218616,0.1009125918763069,-0.0111969991412396,-0.004272708850625815,-0.014226910190189474,0.061191572931087984,-0.01049603011476337,-0.043129901022696655,0.029521420965524892,0.03799925579972601,-0.029704868215099968,-0.014175154758683216,-0.04122640735515012
CCL15,,-0.011359691314906583,,,,,0.0391789947390405,,,-0.027100063017905258,,,,,,-0.028033379084865917
GNAI2,-0.04429119274391578,-0.01627347954523259,-0.05441776011488036,0.05864603025342668,0.10160357071624769,-0.021138647364126417,-0.005927539796866686,-0.010242584679946128,-0.01745976893458536,0.011416728402838345,-0.04181429328375597,-0.012840293433731166,0.09103862235192023,-0.04042772372998124,-0.027621439279621258,0.01396915325469654
HDC,,,,,0.04079899803593437,,-0.0188308326963252,,,,,0.008028791104202944,,,,0.07988899836153651
COL11A1,-0.023718210377146005,-0.026964454584458408,0.023139812842012022,0.0962202071712935,0.03271124124296722,-0.0071733703237478385,0.013620652665297788,0.007782997138678422,0.021386140532264286,0.013915164828391401,0.049835132655705314,,0.03066729475029287,0.04721740069281525,-0.02189544913932294,-0.02788982165633932
NUCB2,0.0057216975710292555,0.022636531037310774,0.04402065491463877,0.013742834253319132,0.04946906123941193,-0.028631482987632278,-0.02741600500896672,0.012949402138015131,0.007734773491362493,0.04388127294430902,-0.0313686801565394,0.03499318244516386,-0.026233116719893184,-0.005329110575829551,0.005445415255708498,0.03663295442054231
CXCL1,,0.06333407041739197,0.01247446348015603,,0.006880834551897582,-0.010214545986850693,-0.014076370192499249,0.02684664777287443,-0.01985631456693208,-0.029023401735928774,-0.04420153016715685,0.07783938773669406,,-0.02918082052885121,-0.021116128763560383,0.05987850498503637
VCAN,0.036127863110815915,0.018797436848745103,-0.01278121015179055,0.07989531866836945,0.07745489317881551,-0.05099849166374376,0.00035564780542746545,0.018018483987771096,0.0806437295910928,-0.03579772037544189,0.0016340007887132848,-0.1138685497304688,0.040280706663123535,0.0023599655310741338,-0.00039368940808535226,-0.09617338100696697
MMP7,,-0.062390874586848305,0.010073778444605996,-0.01703492798150669,-0.010464976452121006,-0.009999185194127467,-0.027192497756812383,0.004915068537208015,-0.02262236006158603,0.016839376753741628,-0.05551604232032584,,,-0.02136280658139707,-0.010493306652978858,-0.03718413112919255
PTPN6,0.029714656744782922,-0.03799128522521918,-0.08396134290480621,0.08002971048653755,0.07886887273407962,-0.06051996622655891,0.00297783542729161,-0.01289800982730108,-0.006689961972919757,0.00013106531885681962,0.028391788699908042,0.06472465458831023,0.06527277698532642,0.08922474469699893,0.007108552277407815,0.07086548290885167
PTGS2,0.011291324593496719,-0.05171501471742312,0.09832464822416612,-0.014562302855142872,-0.06848617650833709,0.07314884391844508,-0.019726671384511583,0.01024042202910724,0.006890769127340494,0.040567402598620614,-0.07003192001334202,-0.0008684270911148354,-0.04143132436063884,0.013070685611894976,-0.011683661552205763,-0.022824776190599107
XCL1,-0.018391183989227,0.10828514180971989,-0.015982837455414445,,,-0.0164232875471128,,0.09188797375303336,,,,,,,,
CD58,0.019021178987277645,-0.03520554335165912,0.03032465856789484,0.08526011853808353,0.08732518072305889,-0.028342263263955097,0.0044094172516165415,0.06695509986443263,0.029767479833702516,0.017829782401332817,0.02211905987520611,0.14080015995667639,-0.06323160778758859,0.04999193984225353,0.05431482200876193,0.09993747041905335
TNFSF14,0.09790240820972235,-0.016432795465366076,-0.02864700617162792,,0.014341566106129163,-0.02648329388481346,-0.013748909657382357,,,-0.034539974047389496,-0.057064981670257225,,-0.03202882993858711,-0.024440473984969176,-0.035068939465276124,0.04982885688407678
CNTN4,,-0.0056891015849323,0.07185110297260984,0.002750536803683143,-0.037158969962683294,-0.027700318073066194,-0.0019693558128075846,,-0.01635851685622707,-0.03222755466498074,,,-0.04165033610446086,0.11989320837714112,-0.01344297821416399,-0.028891854826158164
NTF4,,,0.009015050829153768,,,,,,,,,,,,,
INSL3,,-0.01460967324767268,-0.014689621878555121,,,-0.011530112199928236,,,,,,,,-0.027180855250431252,0.1184903759417312,0.0071037349849676
BTLA,,,-0.011097013173381853,,,,-0.017557827880115236,,,,,,0.11024704144163318,,,0.12687673944566658
MFNG,-0.030330454157592404,-0.0433734755414232,-0.015698042362807425,0.17359330937177533,0.01658513481655663,0.010524529235665693,0.006982407931864981,0.04681066950546331,0.006579673403522546,0.004837067747389855,0.09069547681288903,0.009592251962785818,-0.062370073255864834,0.010071711499574748,-0.038910093695809306,0.042759804925044144
ICAM1,-0.0581626655086282,-0.029089838455385198,0.028545559125181218,0.02659990749679948,0.08661157520482753,-0.0002431092158451954,0.0027006764129458016,0.0620643946652399,0.003490383845086864,0.06019722844262803,-0.054550396298446616,0.054797732359614416,0.01828335943067127,0.04719987064891844,-0.0010372872428977462,0.08436637303815606
PROS1,-0.013555225580068653,-0.001059891520385026,-0.03605463533469532,0.10099742439272809,0.14156044311354485,0.010807154885389475,-0.02973333461432618,0.07464407066038342,0.057596738413171866,0.07199098384541364,-0.11119921595278576,0.022420879248241665,-0.016786880396388,-0.005654645936955115,-0.008305333770752004,0.033634970028675604
CLCF1,-0.018690796177659216,-0.06832197127735322,0.035959165317243295,0.030287610353833243,0.05984687343514052,0.0056698603327977794,0.014914268215454043,-0.023608843340849513,-0.02713881905021705,0.07709016693652684,-0.07357888668290292,-0.030352451087505943,-0.056852853497986224,0.02929271334756053,-0.008724008060085357,0.010569064708534089
PSAP,-0.028107784196252154,-0.11769546953922971,0.015749695122016193,-0.08502914725248821,-0.03260226740319489,0.02216498446703226,0.0010547708739535315,-0.010360214488650656,-0.006946116862337178,0.04198919428044659,0.051494937810549805,0.032473240058130216,-0.1331359822227535,-0.025547794318738482,0.005069716286895652,0.08367122298031764
EFEMP1,0.047092062668869755,-0.08232161364928864,0.032631326808540216,0.03296558769786167,0.08517144854109311,-0.009149861662579523,0.021161902538834414,0.017918618890800514,0.05243973640063235,0.0036800777530800214,-0.10193719190541836,0.02989384719841083,-0.028237686128900336,0.002035269329630349,-0.02647151035781779,-0.01331221165029522
C1QTNF1,-0.01367968946438637,-0.01640063195566701,0.013979854160766213,0.20805408564049932,0.040950298956904094,0.021859664920812805,0.02810274729972338,0.01887778436434233,0.03518912653303692,-0.018428215362679995,-0.05970195810627038,-0.07057527315211891,0.038623140243363566,-0.06768010260818232,0.036156508104393956,-0.01429611647466389
ALB,0.007218197381572719,0.007950007240722994,0.01723218753174625,0.18773368573119548,-0.017553681344157558,-0.012587858355016199,-0.01561585750043299,-0.007099780971937902,0.01235047787569636,0.08269876252081591,-0.06574328392811413,-0.05686216751376543,0.025021103907404987,0.004274102121200681,-0.036361949028153005,0.008517583969215566
CCL13,,,,,,,,0.00015333127197651646,,,,,,-0.01814292133205032,,
EFNA3,0.040169941372775575,-0.012510072274135968,0.01264252529479156,-0.014185999704715922,-0.06690697551532213,0.04132026628615188,-0.018366272412909678,-0.029275502901405997,0.014359624843177548,0.12757531718697832,0.05732246314765356,0.05179944718289456,0.07311652406510061,0.03381566663722406,0.019383770305035387,0.05543118770051644
DRAXIN,-0.001274837188938927,-0.04448717629909021,-0.01736844603007372,0.14719618368243345,0.028618744864499154,-0.03883759927052512,-0.012538767274034237,0.018828720372143663,0.02936338894869013,0.07734294432661233,0.07806724907137558,-0.012953000690044977,-0.00023236664449069393,-0.06899637698811911,-0.02555424750867099,0.10340401380020373
RAET1L,,-0.01138107734743244,,,,,-0.01501799567683973,,,,,,,,0.03876820663682904,
NPTX2,0.03164441561668634,-0.019265745922416953,-0.02756490786628681,-0.055757687505566575,-0.0948455419376166,0.02223507088566116,-0.02329491474383742,-0.00248083867036742,-0.022286766935763945,-0.022073348654635915,0.046443639771677585,,-0.057738446171446536,-0.022998782090198205,-0.004252149403077002,0.032183256117954764
FGF11,-0.01289963820746284,-0.0055785614807197,0.0485001693971173,0.05539878422771693,0.06713379516091689,-0.05437428504606501,-0.02842032955154102,0.03245525023616723,0.05838198668939092,0.07621336262415507,0.043753138462931024,0.10979544063196958,-0.010564382087295848,-0.009237275759068775,0.016682268635163335,0.06667227633439465
CD59,-0.022455660416633487,-0.051531501188092056,-0.012416484874089312,-0.071991228856184,-0.060261651129338394,-0.049694424957787316,0.003200253882098526,0.031377216354574466,0.0010317994550596862,0.034051958719448286,0.08744525588684327,-0.051662368045612264,-0.04157963061757803,0.03275937563744791,-0.01602283464976444,0.012931738701470167
COL9A2,0.06396405298641898,0.09105005481484112,0.03685663025542096,0.057602811009868096,0.02071971573005976,-0.047994978313832246,0.055296623187381454,0.02170335669776411,0.02582182996640281,0.03994223969653847,0.08566914777494106,0.0005336607576181163,-0.024231563647277528,0.07023882119609916,0.0010718507846703344,0.12602219408823495
DLL3,0.023673955859868163,0.0884892996833395,-0.06449814982465875,0.0687883974824693,0.026333301971761064,0.005420707258575735,0.02653201637324272,0.04509867545689168,-0.004605675007209706,-0.053111546278581806,0.02644730495531194,0.012628522417670847,0.06535541746890956,0.05920457031601423,0.009593738489261459,0.11374511626053962
FGF5,,,,,-0.013977897636712356,,,-0.0011433806392415111,,,,,,,,0.014097160956564332
LIN7C,0.049464224589041414,-0.014050085389193308,-0.01733583867660788,0.008296344068037514,0.022524042617606353,-0.0018529364608894396,-7.666389303545469e-05,-0.002883998527947141,0.030194301097525227,0.031062589268646763,0.01274190891378669,0.02791992088395115,0.06293715879288697,-0.0070614070741107735,0.03630244814551116,0.046573371766881456
GDF7,-0.01904967331508138,-0.026839399914508653,-0.026210574077964902,0.08841623896511316,-0.025004174654555643,-0.01586628755150837,-0.013748909123099704,,,,,,-0.011774968982771382,,-0.017665099510628234,0.0519016171828822
PSPN,-0.02487396539038216,0.0032835627141775984,0.0027954237896641925,0.007975922160875431,-0.003950718310230969,0.0023687162645933224,-0.018009185584945152,-0.0032442219861638076,0.0032930009166703402,0.09533819407395962,0.06643772289372925,-0.08528437840695381,-0.004251041690747319,0.010902672454038516,-0.02561838447757829,0.10247247676513653
ANGPT1,0.04546784823081613,-0.0521189116177467,-0.014728290116239178,-0.02804794156069362,0.07631205078005804,0.02350406286409742,-0.03467779846914006,-0.005835462707696532,-0.023196348569572204,-0.0058975964732628375,0.10122169168417454,-0.023636532756313895,0.045244302533847834,0.03326352330159311,0.056386665803129794,0.028804387441869275
PNOC,-0.026902099091846442,0.008470405667586157,0.007235801965358418,-0.0013363477396063895,-0.08393638523068843,0.055273134708028415,0.07286400265990255,-0.02395106833906762,-0.005548799261958968,,,,,,0.026185870151512088,0.028487301885831522
L1CAM,0.10326640241069733,0.010364560538229331,-0.02493880376741935,-0.01969270526800024,-0.009381895507990316,0.0063255389888656095,0.05320248156930531,0.035365764852175165,-0.03579734229138969,-0.042192398765446774,0.03872603278669044,-0.011141710409577763,-0.05879129229655006,-0.021734894458704704,0.016951309527926735,-0.04821445125020002
APOA1,0.06526587596940928,0.0152431197499674,0.07854363052195208,0.11321287265711738,-0.02991481506794639,-0.015014211837942057,0.031501950314846504,0.01230486284474381,-0.01005199908918837,-0.00016023573814126255,-0.029663214865144373,0.001436246859846054,0.04474880364760082,-0.004584919249878686,0.07392601621001474,0.1314779188883654
PSEN1,0.03642667885926713,0.013442402170781294,-0.01314477592820928,-0.015061256707896781,0.003725544905848202,0.014380127436093851,0.011281945181377831,-0.013093322738151178,0.058055722536241916,0.019643193770375912,0.11153593325948846,0.018842240716183428,-0.01351515931039118,0.012933513838349045,-0.01429890325525153,0.016585825725737538
CALM2,0.05794756324502857,0.06257643274087554,-0.050887311073244235,-0.08459938823443418,-0.1187887114205762,0.029758155538490063,0.010414646408885684,0.028748651630478614,-0.028566125835471957,0.020412323273358027,0.010068431674605458,-0.0671163843173297,-0.03735967987816258,0.04024393535874614,0.05556220227973,0.06370185322402529
CLEC2B,0.039818663528872866,-0.042376684063163556,0.01681452836816382,-0.0009249889523935535,0.04505095830924418,0.020039475105955613,0.013033627336825448,0.03838589493827276,0.03662766028460309,0.040332989885712704,0.013674367223266851,0.01089613482597832,-0.020827930457368252,0.050648423940267424,0.0007139939926314417,0.05561330875077175
NTNG1,0.002290905004483177,0.008437573691192801,0.005788411621872283,0.037693491362844916,-0.04788150431017943,-0.0035265888584448558,-0.005190358568967854,-0.03924888559632452,0.003153905744786831,-0.041428011532337,-0.009549037226888086,0.09822639458739955,-0.02618203842615185,0.04220420766341861,0.029721978948773427,0.09613734380807894
LRIG1,0.003367681504895772,0.011936761001971902,-0.03257534297888207,0.014366669437973175,0.08079342140731585,0.024258656562077235,0.0018057364938915106,0.03700604294005079,0.02097583118911352,-0.07871308116616753,0.08801009569369528,0.047452136448397554,0.07211967848022083,0.03511322669549816,-0.021482784477598844,0.09659231820411734
CPAMD8,-0.01676207766343037,-0.02286576120017026,0.06478152647313867,-0.008959491019133275,-0.012644889510045432,-0.012789556569322354,-0.014301738567354836,,-0.027033607620216032,-0.0290233979261255,,-0.02043192666815833,-0.03887989166789605,,0.060864550706331795,0.023816103281951204
GHRL,-0.026742689873806073,-0.030322928629426465,-0.03285266864750405,0.10934868654544137,0.0014836141624687855,-0.009984050749312818,-0.012538767274034237,,-0.01868026703759352,-0.03910379696371047,-0.050754565208326496,-0.06649407910237044,-0.012140513943723123,,,0.019053233727811626
NPY,0.012840142821727383,0.014668833648746587,-0.029001637743703308,-0.07527063642648345,-0.07613687146193138,-0.005580912261409362,0.025284468752995545,,-0.04707635355331882,-0.0338930437249841,0.029985181020746102,,0.08782660621737706,-0.05723239267481958,0.07446770865625289,-0.02925653265614086
MMP2,0.03475454633964874,0.018577901895641718,-0.03631543884889554,0.053028583617542376,0.05674782255466928,0.004446383094960964,-0.039735715287583316,-0.014657836173065503,0.04091634023795003,0.026735171245391768,0.0813876031145338,0.029529613519499766,0.031765057521398354,0.025757286180055503,-0.009489747318776519,0.02083527610934275
LHB,,,-0.01513248834918209,,,,,,,,,,,,,
PPY,,0.015965254097765096,-0.02634124877749906,,,-0.009347085135819359,,-0.022153670179939727,,,,,,-0.03101805485063373,0.0028228044910873886,0.03325373597999714
ALKAL2,-0.02510134923202871,-0.021343422816555987,-0.014912636896098437,0.0644913810536458,0.09308429043109526,-0.022546676183048675,0.030566636694188604,0.03378080396467638,-0.0043493626956472575,-0.04639536240640825,0.022099676799170208,,-0.024554496239456363,-0.00799788145040835,-0.013084513516104646,-0.009040783403988461
CSF1,0.01736297899431637,-0.010585269314314161,0.0005787811120512316,0.06040068530520139,0.08413150656514677,0.02998893663922141,-0.06195567264201933,0.054600522547983185,0.028029652461005923,-0.0547105120760768,0.00777058948311949,0.04945914389685576,0.04737085568914679,0.0019462304067435425,0.008979695843411042,0.06467047428886341
SEMA4C,-0.03517249649318778,0.030779003947009043,-0.006602427022731152,0.07975504235471614,0.026269464076451154,0.03424187155347303,0.03710541141602564,0.06545968423411479,0.05807313984578646,0.0081053832962116,-0.012751451091058527,-0.03739171490418353,-0.019155553964770106,0.06350179809649746,0.023430745939166116,0.06992505122653042
BMP8A,,,,,,,,,,,,,,,,0.10414284686061176
ICAM2,0.046737384046884295,0.019997442954761614,0.012915721469307934,0.03834951862177917,0.015501268197795424,-0.03188687224704824,0.017422260500600962,0.03419867289314757,-0.018818563089113994,0.0766450510405788,0.06803142714654412,-0.02683931568015703,0.021834419347605803,0.05652705636525934,0.014288985093173388,0.04527864984898479
SYTL3,-0.0035813317401159122,-0.04563430615710542,0.09039464264950824,0.12552405572385014,0.1173525569079079,-0.043135554497050844,0.021798003570447144,0.04245056180283479,0.08063335911260339,0.07350989823458356,-0.08197971235675561,0.03573479221663734,0.05684957130633508,0.006601134335995785,0.02699230212715782,0.07568916176162628
IL1A,0.004535558879756984,0.06990752547733184,-0.0008404432112377119,-0.02327619751786381,0.04817338560912691,-0.034515836898619895,-0.010073845693260936,,-0.01554684960483857,0.11740122784882599,-0.05414909436908214,0.030431071931342268,-0.060695342741082695,-0.006475130810070054,0.006726779211380669,0.13838020226883566
HLA-G,,-0.017512760441602555,-0.015982836012029985,0.10253392733250778,,,,,,,0.12730113653085648,0.058042569935113156,,-0.029222937912002353,-0.00768233347352353,
PGF,0.06425603966535987,-0.0019440391645300522,-0.009008196680217774,0.05012794547254376,0.10333550232845286,-0.010540874365196521,0.07925039438030967,0.06698054209559176,0.012702433950960995,0.07321954544385038,-0.03280408121306482,0.060452726943463826,0.02049587854590208,0.00043259003568715386,0.033518142780297175,0.0038880656912884263
LGALS8,-0.014542882187263602,0.0207222116364174,0.01733200798943532,0.05633248879910896,0.007497332954322829,-0.039176682588089644,-0.018147983826145603,0.04486188455877456,0.06107652031497567,0.03772807273142082,0.007405081703554978,0.0046633798043082845,-0.011241393589480474,0.015509680761814061,0.055063618352064435,0.037746668262045854
DKK3,0.013009713760348254,0.015017539137473552,-0.050147345779284695,-0.08904276936101174,-0.10125804997056055,0.019981391547826872,-0.004727824026188651,0.02829239884461128,0.0019803175598915447,-0.011306303137822013,0.008422488060965218,-0.04580637142042876,0.027627725983761814,0.011768708123006958,-0.009108997028932303,0.09519048499381984
COL16A1,0.025809668748099337,0.05148553508394126,0.020757891254953434,0.03716810769144246,0.047939283849479444,-0.01905574222757607,-0.0013411962985539472,0.03959690094327878,0.0629643810807233,0.07255279865853465,0.1288727357686605,0.023241119376672222,0.055911567369362945,-0.007865784871655266,0.05683974755987155,0.09979928377843385
TPH1,-0.031226873791841532,0.09207383406751658,0.01089844695265758,-0.013321586902195462,0.1926584193173789,-0.021617846536020495,,,0.02119093763775199,,0.05289024403838464,-0.00011032013346876118,,0.008599204765185957,0.010136871585464656,0.07018244636852139
TNC,-0.008317920931552846,-0.08896902086731417,0.05147398198245515,0.07214658004132808,0.12490129353559469,-0.010914912699009606,0.03040852939844537,-0.04044396471560249,0.09518965827283576,-0.0404564471374712,-0.06679991847976768,-0.07481513018917893,0.04183541412005074,-0.01571002204206994,-0.05900149948966865,0.007379516493666172
TNFSF9,-0.01676206970787559,-0.022865758826329425,-0.026210575841041146,0.026690563629653132,-0.03393236799669318,0.012015312003787117,-0.020943528039857915,0.0331047547908704,0.060825111682021184,,,0.03518756323805362,-0.04442421620818155,-0.022588506971843256,-0.044378491365204026,0.03154793918801406
C4A,,,-0.0014685437251449524,,,-0.011080500590820263,,0.0025461727107954717,0.006203534158748479,,0.03882743366140754,,,0.0010721754767104702,,0.07409525662744566
CNTN2,-0.06332285382743513,0.025239625356759103,0.0034210658091380665,0.009071104757003819,-0.028041391021916433,-0.02737581879104343,0.0024253929211358943,0.025947909363442406,-0.02084467791596389,-0.027695118817619525,0.0009531908682445299,0.04621680631300187,-0.029506759201362046,0.060269476614655745,0.024215874402812598,0.025610649279254695
F7,,-0.012544742005724733,,-0.01156983623863921,0.10807298025145093,,,0.008919851853828585,,,,,,-0.025449323983972757,,
LUM,0.07036440110708961,0.01766881810659133,-0.022684437726476776,0.04674934773902381,0.0725576533796319,-0.022055234894620204,-0.01010143865926091,-0.04939281542593263,-0.002915808192054573,0.06695828219163795,-0.025175473512470715,9.221954626845962e-05,0.01082588909608777,-0.014394053330725923,-0.03789772302514643,-0.042017641316391546
IZUMO1,-0.0160166886064803,,,,,,,,,,,,,,,
BTC,,-0.011381072606847946,0.005651098237706058,,,,0.007798932648266967,,,,,0.033697136473305106,,-0.018411691198459208,-0.0013334436426214876,0.11756804274675962
APOC1,-0.024901580057720658,-0.005206576971777762,-0.018269639662351345,0.06553867617623339,0.07748468914895391,-0.05240701241892574,-0.02608181451133189,-0.01457227960622895,0.08620208930870464,0.10075622188796504,0.014199525349939532,-0.011442614497612476,-0.0011656575315750074,0.05565236611962427,-0.06056211933710971,0.06436391202268925
PKM,0.011407385048484629,-0.037777443864421195,0.06383207416990057,0.007454942085853774,0.025641198023817247,0.04333666085020668,0.00012847317990072722,0.02167950993774611,0.033030559572469365,0.027109367252822862,-0.04928857223027022,0.01859785819924934,-0.027730991282910632,-0.034493641479010954,0.027599005498130533,-0.0307638220662223
TNF,,0.04028096296167654,0.02305679215677566,-0.0022946160406597843,0.002167202607740152,-0.02527936999656238,0.013055297061002181,0.009867061858294992,0.00010401722677386995,-0.04297412162496493,-0.09922243207955786,0.08434439255443626,0.04271840714229261,-0.0178703635029149,-0.020606743747110714,0.0684958356353
GNAS,-0.06419200207532891,0.041586471481438306,-0.06306428178957134,-0.049175150162579756,-0.06108484899802549,2.0069207539800463e-05,-0.006615572907051149,-0.0041740661574614715,0.05565911864635563,0.06959241158176205,-0.0765835727624757,0.05206755854104712,0.03938068454639343,-0.06181535341129464,-0.007123794044151972,0.08534156860846914
BMP8B,-0.0016722966671289898,-0.017784337447678048,0.0016130771253411215,0.10907236278745594,-0.01107750920430738,-0.028779011105685096,0.26430676041972423,0.015801684542257947,0.02163624323179364,0.07903654289304128,0.10403351362038207,0.027148758226904757,-0.0837999509609187,-0.012889673092580161,0.016653424144269336,0.019463049317401997
LIPH,,-0.012858810653506246,-0.02272818695055508,,,-0.008933912513844811,,,,,0.04216502757390859,,,-0.018142928004575443,0.048005492139306015,0.10178024054475437
CCL28,,-0.018087516728478126,,-0.02488058708513806,,0.20728289534705627,-0.014396742096098526,,-0.013969071728576518,,-0.047870308928914876,,,,,-0.026751862438731035
PTPN11,0.06315999876512639,0.025359617120286566,-0.06135126477345983,0.08354076627195392,0.004740185735845558,-0.016181659330082473,-0.0735197432617491,0.026204331138649183,0.026478645522126826,-0.07401042751804367,-0.05316349517932792,-0.07396128006603649,-0.048274964428211393,-0.05528611876051798,0.0070632951305172375,0.012861838714218537
ADAM12,0.017213903983871476,-0.04894160709269583,0.04516681558178923,-0.0035099318340503917,0.10283853827612023,-0.003659326115767112,-0.013913556256083261,0.02474093392193508,0.05824291366010798,0.04692628935537004,-0.021237080889663296,-0.031930882479887984,-0.029805048304849736,-0.022160297905436332,-0.027704294802594374,0.0056624363542331375
EPO,,-0.017278060657586386,0.06322707408687783,,,-0.009347085543821472,,-0.02177723860149406,-0.017614512740171184,,,-0.03036650634844503,-0.030657700333222154,-0.019703683160284202,-0.006446572860413093,0.10664432483323164
EDN3,-0.023540349504668524,0.05394738039693301,-0.028844669213511618,-0.01659455994884494,0.013065249635346702,0.11655030614982755,-0.002127866862647674,,-0.01779626829727546,,,,-0.02349276562910679,-0.055272250440749654,0.0881046775523567,-0.03543562925615442
CCL22,,,,,,-0.01882055916624422,,,,,,,,-0.02230032551060967,0.016353214966919792,-0.024423015720907923
CCL2,-0.07101279329581543,-0.05863789135508715,0.007067620490693165,0.0012736578562876947,0.05567086773629218,-0.039338012119923965,0.028393650582568302,-0.005977132070291225,0.03608132988479699,0.02438420089489121,-0.06300214279205536,0.01782016240943165,0.04984424620688683,-0.02761903110765488,-0.0718657501193601,-0.026459448016306737
DSCAM,0.07057923390133626,0.00946290835761816,-0.030176691601214098,0.04699382080652367,-0.005408925426766163,0.03274489466087864,0.0688755005144959,-0.03203921218846838,-0.0038984798767480082,0.03204419116690213,-0.05616834366349873,-0.0495753803678546,0.03349846832562874,0.010277799188723832,0.04235007426835377,0.07271231777641753
GPHA2,,0.07894418604592433,,,,,,,,,,,,,,
ANG,0.03242982961211598,-0.03895834551367025,0.05382097334402189,-0.02709026463483291,0.09362004717383565,0.0011222546078471485,0.003586136681782855,0.0012560889360824464,0.01836890662796386,0.0525516622117813,-0.041641117389415123,0.01361534900846224,0.026138207116264734,-0.04634799817722169,0.03985966919274581,0.10294405427066697
FBLN2,-0.02207197380214647,-0.00975048078827493,-0.026362067583281756,-0.0068227264966187525,-0.03168787327024633,0.16486858549191885,0.0211475877939278,0.08118776911773555,-0.03872406905606922,-0.004963351914071041,-0.057918088547505915,,-0.042302151009952764,0.053228195253681276,0.01793273258189584,0.028982264738172028
VTN,,0.03316768131331389,0.0004550418591422326,0.06915571900072381,0.10580934220414698,0.05558151965571841,0.039390226046202764,,-0.01463659957932096,-0.024614843188665865,0.024831960750556454,-0.07377019094590906,,-0.022522658241084875,-0.016778592207109307,0.08146018046313061
VEGFA,-0.022451594137622193,-0.04089480958770354,0.06428419494575612,0.08340347276862822,0.1124503597935291,0.04548960240780443,-0.008784110466125128,0.02225987191437323,0.07517491543358601,0.021459710748652258,-0.09307008520370061,0.03720804873537111,-0.05611040078345671,-0.05324474479771224,-0.0071736611350331735,-0.09606616256930682
F10,,,,0.0407445883455596,0.05505777521545401,-0.010248877275943351,-0.0021885149627296437,-0.018066826953767757,,0.0028552410921620147,,0.02793720365930949,,,0.02715840864999861,0.04252029175751884
SERPINA1,0.010310534897952268,-0.04481784300237095,-0.03040799202926944,0.07533792094889587,0.09204464624545503,0.0003581172597946206,0.02171240684080967,0.049239773220650526,0.011120950656659157,0.04721546123379353,0.08183116176867619,-0.009024543748470497,0.06851381810659922,0.03132149647020351,-0.06018150334793446,0.051287743536924474
VWF,0.010657005221495739,0.012088931801994617,-0.04193460382489376,0.003168305616454606,0.10809902257632494,-0.03136669067465406,-0.018721087668431804,0.03216022965679863,0.013182156075942595,0.0019340654309270395,-0.11589398045404943,-0.0302939116169451,0.02603020503990251,0.03343017527362708,-0.038644669709764774,-0.016462947557158807
GDNF,,0.04812739089784292,-0.00373635985411584,-0.0207355597560076,,,,0.07722258202626815,-0.017614511368409427,,,-0.02612609320992836,0.056452972727797375,0.013917154363418106,-0.04393963314241834,
VASP,0.008220037505861278,-0.027470709622903593,-0.006942575299065606,0.088527971492187,0.054075993733332904,-0.013985570152403003,-0.00042839900165010533,-0.020367013697911628,0.08311902135926094,0.07672843025359292,0.02377798249336067,0.03544660517780636,-0.011785532493671693,-0.009545850201257795,-0.05647342288108266,0.028767989264451423
ADAM15,0.04067644380054759,-0.056983790482149105,0.03464457030804985,0.06585121398563491,0.024798016097128076,0.0024198227536101256,0.029507337342338402,0.02315447183185944,0.058442188386922576,-0.07174571614996951,-0.033192611228921996,0.0024547745980245126,0.012137045853120023,-0.007157566872730053,0.01283514434747783,0.0701709749251322
WNT2,,-0.02249334860185216,,-0.02192190679991344,-0.03245748074984266,,0.05455674498910519,,-0.016484571072500877,,-0.015370483507933819,,,0.047490245075719806,-0.02450646855973876,0.008237750339419037
CALCB,,,,0.14818594276293628,-0.013977897484809996,,,,,,,,,0.1212471086284777,0.08236123003711458,
OLFM2,0.01784130282443075,-0.043079354655729096,0.011553801937666456,0.0368578917647401,-0.049310407516058204,-0.005188919587776296,0.0044256705728991175,0.054760631442416614,-0.023351795566876134,-0.058797623125839575,0.0894909158822971,0.014492531762591436,0.01517909670394371,-0.009429116519392317,-0.011085392433909307,0.0920090881768394
MFAP2,-0.019035616300197518,-0.028735208572916792,0.029099460715628217,0.1382742913645972,0.07548678319493463,-0.01288214178363582,-0.017241913520020302,0.024551909055837637,-0.04122985275306232,0.060930699725586956,-0.027051420320008592,0.11689095694880708,0.026959437970388047,0.058546498663308875,-0.03895486691409926,0.032994422557786264
HLA-C,0.046050407099207026,-0.01403417854085953,0.059398005066540104,0.010000430052911638,0.12614462340811908,-0.008539833293701084,0.006264073318636691,0.02050191230845859,0.0036667031715635003,0.07537737245443071,0.03048833766064623,-0.05077088342060112,0.020112027866154132,-0.00077837948043795,0.008454332540497881,0.06667419784264172
THBS1,-0.03638355495407193,-0.01584629502737237,-0.022861254698849618,0.11864216337532468,0.12289667990475418,-0.008594073158076693,-0.035328141293179814,-0.025313955222723394,-0.0215008690872172,0.008578906718625011,-0.03840714910705139,0.06026793708715676,0.06095176475680336,-0.030890742536198522,0.0034225789941905015,-0.10109958031616982
HSPA4,-0.04709583734514404,0.050037595732519986,-0.022132082291313422,0.04121772497690243,0.02604704440629278,-0.032781561389403115,-0.0023933598839999083,0.02550498253082077,0.014930338194263953,-0.0170250164516633,-0.03956791777285786,-0.04363113309297845,0.017930856948314762,0.054102640620944276,-0.023669935544726343,0.007589646714233661
LMAN1,0.020643486930000874,-0.033379662468148094,0.031098770929501897,0.038970618536968586,0.08583329896743416,0.016478542418428867,0.00943908070909102,-0.010134965818902091,-0.018770190962437584,0.024499454563622836,-0.030964775880688616,0.028270494341603027,-0.008074460445579287,0.021264795178430756,-0.03405712064809005,-0.042744941200013944
LYPD3,,0.049075940432164844,-0.016988480648360366,-0.016742534617429312,-0.021683682230710797,-0.013086671592813045,0.025741808762476965,0.06888348663732978,,-0.02139278027520929,-0.0395938327565527,-0.042639466114750425,-0.012526837203726694,0.08256912134147669,0.11182797936784786,-0.021113305692937883
APOE,-0.013497110350743979,0.02744326120367048,-0.04826565301257033,0.020638986874657112,0.02087450145557866,-0.02574762483666179,-0.00144920344012994,0.030787529688848257,0.027626200801543543,-0.007091624351348129,0.06238115037157326,-0.1275621450802209,0.08236568014919052,0.05100615167206415,-0.08201061938800105,0.10642647002706285
SOSTDC1,-0.016762076271207467,0.06214403312846116,,-0.0402522422984594,0.003948772367320507,-0.010543681857690697,-0.01966352427379282,,-0.026784412159465545,,,,,-0.04069574468582985,0.07918398098167531,0.032915187532861816
ANXA1,0.0014474132899679813,-0.08890349785305213,0.06463015500504384,0.03751999052109508,0.10385524369118851,-0.012295057023750226,-0.026385477910635845,-0.04399297237367645,0.04933435882950556,-0.015293565859743282,-0.05007138726744644,-0.0264887781159816,-0.019970667799281302,-0.0016481123476366198,-0.008712271481613595,-0.018037028203469835
WNT2B,0.056071124892889034,-0.03277066141708148,-0.05692396114341122,-0.010697700813108654,0.027003029481473022,-0.03340143405090353,0.11137016376125267,0.03619543313929014,-0.028843679653499654,0.011129003738449135,0.04611746949838319,-0.013861861601890256,-0.026179180548061103,-0.01847577626567185,-0.03106361105600225,0.06706323971382769
AMH,,0.018456161625796285,0.02424670364262668,0.14467918482274655,0.01106904025644472,-0.013473350628917361,-0.01619291236000223,0.03653276321543075,0.009320101019804558,,,0.009262467979847767,0.0066402424283310115,0.04522600340462089,0.04539143186910111,0.012206348448345629
GDF10,,-0.014882719771446992,,0.08023702198622827,-0.022523218002441545,-0.012587858003507363,0.0026356421517592338,,-0.03388800116237531,0.03439940891437223,0.010855335395413494,-0.025619567693906137,,0.13126735423162544,0.020045309139731047,-0.06923998316073139
EFNB3,0.0016998516272936125,-0.014594874501002934,0.022475767684761817,-0.04227636919263365,0.03795449845631002,0.06205381998964122,-0.040956128460244684,-0.00391505825380424,0.01184935541730635,0.044890411641509205,-0.014695855843349207,-0.08805498054045766,0.07575616792064853,0.008154254129015,0.011124479431916566,0.07407217057730762
LTB,0.02909571619959898,0.027359183086242477,-0.010699719146767298,-0.013858642458372965,-0.022874896488593383,0.05245615839000827,-0.014811454061710888,0.031963094920926784,-0.0009855267264643893,0.0014052302349733513,0.0013126617297039402,-0.04652129597752571,-0.04442418534163474,-0.03985072223047872,-0.029145685680876936,0.10306198804529011
ANGPT2,-0.022423950942630715,0.0032593316039935213,0.005568357575786232,0.06876311944312102,0.1142892977209939,-0.017572998200514632,0.004131046793790011,0.07167940007567843,0.04205279183996434,0.03784383275522271,-0.10864777713664314,-0.05860860138874284,0.008717470317667984,-0.0522357531483416,-0.05213441230321303,-0.019710514700605957
NRTN,,,,,,,,,,,,,-0.02681642557981858,,,
ADAM17,0.014130058372010269,0.019083096221473583,0.03243643036226705,0.023822899425166754,0.039687792241020634,0.008866403921336523,0.05433959754686117,0.0540816393903241,0.01277674830079254,-0.010088751880766156,-0.05376203166525232,0.034986049366048974,0.03600425384181274,-0.039077687349351735,0.022989054899428554,-0.024409896895222185
LRPAP1,-0.016632234524931344,0.07181786067767051,0.019622684151505563,-0.04484876472028866,0.06590418875701667,0.0339212788710175,-0.01517585675050358,0.006893028443358809,0.019711164657052502,0.05703687287711834,0.03592580698651478,0.009470723238653302,0.05975248796986194,0.033552010389198625,-0.033212398745567154,0.053866083499160805
NID1,0.023955468956334908,0.014219850898435284,-0.0234155876715796,0.02320103058672771,0.111799737419549,-0.009702957334333682,-0.03562158616173906,0.040684044166609416,0.0028922213166279126,0.03273822449807169,0.008181587484695798,-0.010961588174230943,0.042245391322130926,-0.04086894685045629,-0.04221187714852954,-0.018981987039869423
MST1,-0.04330274985088839,-0.009654751268561189,0.004659332857720823,0.06416877990304778,0.0901681584930957,-0.024864210386297613,0.04815883049986372,0.028940378498260835,0.040243125464945566,-0.014467000971301025,0.0014320321028645324,0.04495569413146495,-0.05913993371208187,0.06152758832448293,-0.014432672675773875,0.12175167849409264
CCL14,,,,,,,,0.014011485254103374,,,,,,,,
IL13,,,,,-0.014158627844602336,,,,-0.02065847782304887,,0.097816200526645,,,,,
DCN,0.009170438833047443,0.03495961322310725,-0.0025569330158098165,-0.03342267964094201,0.10308016345221972,0.00342436315613889,-0.015052701873467831,-0.05250924771812036,-0.02321130571173483,0.013616842482416696,0.005135783834487068,0.04231338678341732,0.05278602404549659,0.006911375058000927,-0.06020600266318162,-0.03247266076852327
IGFL2,,,,,,-0.011080501763272022,,,,,,,,,-0.023642303717623117,-0.015326281096372001
COL7A1,-0.027060710834763912,0.010169489521612673,-0.006757975953434536,0.025886280477215164,0.08921905034560589,-0.023070830709257074,0.05917117060819531,0.04985854712458621,-0.02633564464646583,0.04018073531198561,-0.03968668751893822,0.13067842082477088,0.03922487707335274,-0.048184198028012465,0.021302966253356564,0.08982164776874127
CALR,-0.008843199623613211,-0.05145350318510624,-0.04698735955978704,0.06462401017858478,0.06255370997967498,0.010856613970821537,-0.007918159292140495,-0.059251075768266145,0.05224480710809088,0.02520142029892651,0.000591811691312236,0.0134793954591588,-0.019692944093038914,-0.02989885258878111,-0.03646144964627188,0.005921333257752988
PIGA,0.061722048166391666,-0.015438165182960314,-0.03409755596139799,0.06376553151197184,0.07343635968377253,0.0493411859272056,-0.03080956592330965,0.0036142202840770757,0.03353447220440818,0.05002670357323258,0.023777715281397657,0.00310357976106951,0.0558419737685228,0.037605678254889044,0.03840084837803818,0.13189402066311187
CD200,0.0739574167651888,0.03919858356844521,-0.01646622008765394,-0.04865038940042578,-0.024443857457332095,0.04060663472397486,0.01425829234065811,0.012256847005867471,-0.07117881369082751,0.01090529186467176,-0.021594064921189624,-0.08234576041715014,0.028678752811480912,0.0748743468843776,-0.02681818627571549,0.05083621105208388
GRP,,0.018723016303328725,,-0.018024108330691877,,-0.01720381977328552,-0.02002949615469421,,-0.017796270975746587,-0.042464351912367686,,,,,0.05029232268031052,-0.03375584100683697
CDH1,-0.023770039029154057,0.031139662685824746,-0.021273924338689482,-0.02085684213876111,0.02850000627605959,-0.0032735198828983745,,,-0.005539047693259281,-0.03763344978251964,-0.06519275750557771,0.034339660239392354,-0.039363047251853196,0.02109515168888804,0.021776613731490486,0.03766518844642527
LPL,0.08420130727309508,0.039872994804399695,0.0799162437260347,0.05353050125013238,0.09147592950504317,-0.03680956175907932,-0.04487756637065629,-0.05782070048595474,0.04931338610964627,0.07011811270124983,-0.019580562230297655,0.09556298570230673,0.07938135299640679,0.10121067002697837,0.028279792604594966,0.10144430061305498
SEMA5A,0.07799748892368903,0.012472651643617511,-0.017808135544327967,0.0917132745340393,0.06325902568398348,0.012830503132190153,-0.029003967412597687,0.038904668902305595,0.030600303633319503,-0.032217929443170944,0.10076647613907543,0.030267431936942486,0.0499737709181633,0.06372651915427187,-0.018919701881312912,0.033757520673175265
SEMA7A,-0.02896176795470744,0.0285782901657944,-0.028204326547465457,0.061158200518070714,0.05346459461237047,-0.0520299463413313,0.031244620861294984,0.006392182271151189,0.011207553895781753,0.030431001446331714,-0.10202898792077131,0.030417640971039755,-0.003980034060266631,-0.014109321984830952,0.03344596852834014,0.03969832228450245
SEMA4G,0.012808594685265432,-0.019826973277409166,-0.029179159705597184,0.11929689701499036,-0.03786926922675804,-0.0007518115014014798,0.0295117015131297,-0.02436439936592125,-0.031675412139123595,-0.046900709235800704,0.14360332811746646,-0.01712843109515741,-0.044005725493638514,0.07515283637956753,-0.0028513830542209215,0.031162630022171525
SEMA3B,0.03331958258755332,0.03148365638541757,0.009301848542067783,0.04488025054414124,0.003613902150645154,-0.045059063530611204,0.017293144725005007,-0.04512286779360101,-0.01092825823453045,-0.004431148164566284,0.04129706744790034,0.04075254075513158,0.06582662192500133,-0.011080047836634934,0.022153523338878215,0.09889144011362173
RPH3A,0.05051899436516677,0.060465761054074606,-0.00047800288255900493,0.021695372968971033,0.00032677916542060996,0.025443172950316763,0.04650132948165252,,-0.04481616674031643,0.050686560913305374,0.0997219287576299,,0.004338570695226324,0.08573673089039939,0.045069427045506365,-0.0013353634130543648
JAG2,0.08877028757408564,0.015940951716882576,-0.003809109046957831,0.0033445184631233247,0.0985252973462957,-0.01890348838246437,-0.007259652282694297,0.05400199204263171,-0.028595237775688054,0.05001718346341305,-0.032557067220357866,0.009750504202463858,-0.04527486588090906,-0.013756508810895466,-0.05114337945579413,0.011929884827913712
CGN,0.09018894613166925,-0.03897988442730801,0.00012313071873520286,-0.00467350620449657,0.09026181679263562,0.05702291569112282,0.060015511532712146,,0.002081056288653299,0.024780407420910998,0.0005214136007293808,-0.0699292899034267,0.11794449596528885,0.09761099708992223,0.05155742565074147,0.13187256466474265
GDF15,0.031420345667459104,-0.016548013194139233,0.022131043743831316,0.019073842134010713,0.13130895035005383,0.015416123620384687,,0.0470278051493462,0.01322201235497881,0.10789393348330571,-0.055389761819277746,0.03742518025336547,-0.059064768188104584,-0.04365974074060641,0.013884166571914738,0.12690129988786478
SEMA4F,-0.023519515041334028,0.039815564490688675,0.026349047960532935,0.010145135313923708,-0.06927467576258377,0.05499031018696873,0.08700912369233144,0.027310046033541563,0.02055062372216764,0.06315701411028657,-0.06723337981748578,-0.010273019263144698,0.02424036102193522,0.08403334634817627,0.04378035424291547,0.08021367115449698
NXPH1,0.052139489726227284,0.10690587822615821,-0.034781076163643065,0.0698454845614028,0.002675136066576618,-0.051336328052381974,-0.016665430068204683,,-0.04688121019756705,-0.011263232193696219,0.1357440581414033,-0.05793823054043151,0.05627989284223126,0.07581271208645429,0.01726404265514572,0.07472722268754675
ARF1,0.06999461205877253,0.00589769024265609,0.02662631284232447,0.019385094340285614,-0.07567589994222094,0.003962717813454962,0.036194532667388916,0.027093931257827008,-0.034886863323021246,0.038419600844639586,-0.033899716153533814,-0.014186539817042196,0.020050510558845935,0.01786326289969848,0.0076898445407362495,-0.02545846736831899
DSC3,,-0.010846021122553656,,,,,,0.08065077030949644,,,,,,,,-0.0284483910471082
EBI3,0.005178446480096186,0.031974814187825086,-0.028893165279720117,0.05734398416520531,0.06553693813465655,0.013252196882844208,0.03985995774450589,0.00358312115697736,0.038455401336726126,0.10000118076452522,0.03831403047014985,-0.005825862495522627,0.03467470704491395,-0.004120168504107199,0.017936518779760876,0.0302325948832251
TIMP1,-0.006633914898409228,-0.06528063562506992,0.04891835582048024,0.0023177487713594873,0.11829737314863399,-0.030772447568742797,-0.024317950670149035,-0.033277464075145854,-0.03415274195658721,0.13868169204077402,-0.0736319043625025,0.06919572911779219,-0.05022544600414521,-0.06709136369152441,-0.022564360751908766,-0.04348668369925964
SEMA3C,0.033910482790802145,-0.014799897577270679,-0.03543908238851897,-0.01606497580028111,0.008292852857940076,-0.03228630479987355,-0.013138706926956744,-0.04781394032237234,-0.025954126275449137,-0.016951718508721722,0.029828966972416236,0.02287270911704672,0.015370570411330726,0.00488118065558659,-0.012560766388187365,-0.013094450142299546
GNRH2,,,,,,,,,,,,,,,,0.025281306605741148
GAS6,0.051443720863508124,0.00907037219550813,0.0342919676035079,0.006158618935731374,0.05217587005518135,-0.020671680316126817,-0.004260172765865683,0.017024619633977122,-0.017088245905659747,0.006418490337163855,0.026505936015957757,-0.01379480352939191,0.03960467569346865,0.043074673148291755,-0.02979696403367641,0.002735427675664487
MEPE,,0.06652600942027319,0.034090476371832545,0.05320857302694758,-0.022286125509085476,0.050072063828915686,0.015385178088965444,,-0.03263319492123075,0.021702227197635284,,,,-0.034099456295840755,-0.03396509427158537,-0.016327033440912964
SERPINE1,0.02120494447675988,-0.08027260736447264,0.03614768077951873,0.04702476173777408,-0.020141740919402185,-0.004018970357897186,-0.028352398364510645,-0.0426105497667452,0.02948233179664629,0.08454489718474618,-0.1658265044363963,0.058119861387373344,-0.024264141934025117,-0.030375563294298455,-0.005399632315943058,-0.10292169057130526
RSPO2,-0.01771009480282848,0.04542258349500317,0.026249647914568637,-0.002997266929543575,0.008614602651232615,0.0638209137622801,0.021982350994915342,,-0.03858650655838264,,,,,0.03481502952755663,0.01879614038938522,0.1178639916676398
SHBG,0.0038147265951870455,-0.01404880338794004,0.08338502014198619,-0.014877891906178024,-0.016790822529145964,0.04021049734153805,-0.0004298894065684059,,-0.014194921016544222,5.9560578061330234e-05,0.004832517642869212,0.05406212559290463,-0.0356317124423828,-0.02952376680031289,-0.029156865697708187,0.11016751157935685
LGALS3BP,0.010763602285672426,0.003575133961509368,0.01799818878356883,0.031393058662898016,0.08936002720184137,-0.037405925479063976,-0.02045980862046329,0.07269399387436065,0.032147306121544254,-0.041454536660256794,0.0675515878505594,0.004764438331405352,-0.04856692788175429,-0.006508448836077352,-0.049125389449271514,0.028044547476469204
LAMB1,0.020172329701463664,-0.07179512861255924,-0.015515019168266657,0.06641935891395911,0.13213737317683827,-0.00014832374083315742,-0.04848762017511728,0.003999153983400151,-0.02152543718011717,0.042520353337840634,0.015261550950599563,-0.02051677436831877,0.005266008780794645,-0.004340765792093851,-0.021378088577373108,0.01882882711601534
SPTBN2,-0.025292797065587003,0.07807427874590366,-0.004986241926975534,0.009824692370939461,-0.0346189188047507,-0.004563126282513893,-0.02175735075447699,-0.002372667101387115,-0.006863468482250424,-0.08187926314268068,0.024035312458772932,-0.009390202060733982,0.11349776260133397,0.09310844806227572,-0.011996700520386152,0.08407353735067204
COL1A2,0.021568509443333262,-0.01836095695290081,0.017206154349177407,0.02044911946618329,0.1447843474332898,-0.00444042518843026,-0.01856505138874384,-0.016870154802240613,0.05371001857075646,0.10716238269707003,-0.01470608270436725,-0.012376723550238104,0.025597197057984213,-0.05809066024022312,0.005948799574300076,-0.09167124717633886
DEFB1,,,,,,-0.009872074498983826,,,,,,,,,,-0.039629296585198724
CEACAM16,,,,,,,,,0.06750488542359136,,0.025116290567829557,,,,,
SCT,,,,,,-0.009073653017529128,,,,,,,,,,
WNT11,,-0.015545870640998782,-0.014970743965478128,,-0.01379495111692044,,-0.029606253727536374,-0.004981690196030089,,,,,,0.011120942334204685,0.008436566011085757,-0.03775457631859825
LGALS1,-0.06745273128235002,-0.0833347444291967,0.022377982893054003,0.018648594817092447,0.028523259992256283,0.04029691948817336,-0.03203292172074041,-0.05366119587054702,0.06887007831562506,0.026538813229574326,-0.09026149195868882,0.01606438148083377,-0.07126911456435929,-0.0801282707244955,0.030446803215595734,-0.10469520037636294
BCAN,0.09690813268067204,0.11779952151636172,-0.027008078645303073,0.08980623557905751,0.05580199734624811,0.012418191099059697,0.025623843250086344,0.006539216236632704,0.023645535369285087,-0.047300902814858756,0.07492546021583904,-0.11085172615391982,0.1375368591515772,0.06593297052158725,0.02484309222128744,0.10411223405480474
ANOS1,0.04037129988172498,0.025870167902703214,-0.010526426339015557,0.05772960866393447,0.06703728485139956,0.022283566298003404,0.012556805617644974,0.016427368296325365,0.05118720645848857,-0.03221518250262392,0.09440029233667972,-0.04015084957498169,0.07020328236736509,0.05546979671688826,-0.018460022353249093,0.06708792594543228
EDA,0.050594234219189814,-0.011381076506360565,0.07279682735254339,0.10636506112536284,-0.016494117591816473,0.06154396066329818,-0.03349077955830145,-0.008904989327084917,-0.031008165184015096,0.0683587030075097,0.07172224457028734,-0.02941941235644788,0.07343299940334469,-0.018762625320132696,-0.002474543074561716,-0.01322411157190342
FGF22,,-0.016183935270611818,,-0.021805800801867038,-0.012644887839673222,,-0.017688924147198373,,-0.03220633586908622,,,,0.01227352839708574,0.05576020680530644,0.05072760154050131,0.06609530984385473
SHANK1,-0.021108226062168903,0.07044063864949772,-0.011688653636628937,-0.01177676297047013,-0.012030807672150517,0.06835518026011742,-0.022144932859605615,,-0.019856308079467123,,,,0.02913255274271366,0.016704416909340387,0.04283137148341959,0.03414403723663579
NPVF,,,,,,,,,,,,,,-0.0029201601143836273,0.018939333578855317,
RAET1G,,,,,,,,,,,,,,,,-0.03547207188076542
TGFB1,0.03731383130031142,0.006494420098969511,-0.009392662003719004,,0.02837321651462831,-0.021617845318299984,0.0168363787577128,0.010591158560112545,0.017105762071682233,0.11249977749204587,-0.018394005194270355,0.004689771557508654,0.021406485825310618,-0.05558904550573728,-0.05313664781365892,-0.0011673589095917247
MSTN,-0.00991817012353562,0.054072609636461315,-0.05282069210306415,0.03245146577671994,0.02660530059796393,-0.023972440851079187,-7.389096429945519e-05,,-0.010951380208478984,-0.026295430429433417,-0.04433590936899977,-0.09212644863084403,0.047442822379957714,0.07883567144442714,0.06700806871441933,0.13581511299141247
WNT4,,-0.010474772918945536,,0.052520758403643564,-0.014337204968657627,0.0055122242586057,-0.004656811691027999,,-0.019692283574696944,0.012986812686458068,,,-0.026816419854007515,0.07618970978756535,0.01922070250951088,0.0388219415298742
TNFSF4,-0.012488542763503238,-0.02395388820350138,0.014064219942214701,-0.014376751545696877,0.046223727708537256,0.010669218278871037,0.0364332018966543,0.029425723200109465,-0.017082486626686644,0.004010454033044852,-0.02177461462242346,0.0021086915289548216,0.0317320348787981,0.10942099632691255,-0.04106605218880447,0.06825201994040792
NTN1,0.020779702607750326,-0.022284262518638458,0.033851230255384876,0.10835370945433515,0.05443686385996446,-0.0015138135923493579,-0.026179742656414318,0.005586957815983268,0.007550308902150892,0.052273889049374515,0.03741301202855744,0.05678507631166028,-0.02157314348374132,0.06997785170511783,0.007339701056685572,0.11272835256966972
CXCL12,-0.016226802359092452,-0.009005696690626614,-0.016997974018776292,0.010258503080161407,-0.008996884999926728,0.007290483993336683,-0.013731114901017735,0.011770156487773792,-0.03384016641687494,0.060152967872114764,-0.05582241634792596,0.06028466576425552,0.09709315589093655,0.026728887830698156,0.0003999508028957833,-0.017497756377554505
GNRH1,-0.02721854992252258,-0.03032293313589319,0.05565910714169296,0.018646736496092893,0.03429857650921847,-0.021044632003595305,-0.024488015618939676,0.07502435303724408,0.02902243643549388,0.07268451486078796,0.0973419299106825,0.020465482725961773,-0.034633769307810584,0.11248534127305783,0.01202205283817388,0.07031618612975281
FGF8,,,,0.07038962673064164,,,,,,,,,,-0.033634099075342566,-0.02809701429942792,
RIMS1,-0.02263252998002852,0.041983355201829504,-0.013976745919952505,-0.0363642401827011,-0.04692571922251056,0.09121854351610499,-0.0013748471044567213,,-0.051850930053117736,0.004919045306497479,,-0.07578247237730501,0.004920038312136447,0.03329337255701348,-0.03462422321677407,0.051540832557386534
FGF14,0.04239435767585281,-0.0010252795350871398,-0.015131406635951798,0.02303610031058984,0.07463582024125674,0.0007152941934986265,-0.02298373129807316,,0.017393388634473723,0.06192516749306879,0.005749767017795807,0.09002588288609023,0.026604832730379877,0.029592926398563774,0.0271237309932485,0.04607684071657905
IGF1,-0.05193717142052784,0.05465684815248042,0.05278718026108539,-0.022228017693365045,-0.012734208064345167,-0.02362237120693258,-0.03599524942272199,-0.0425701517332939,-0.03144814289755398,0.01970660569980911,0.12085698148313186,-0.06711341308340553,-0.0009117943538080724,0.010041850241175286,0.004475355487685962,0.03101082503832618
TNFSF10,-0.05142737399521271,0.04328230268373093,-0.006445307514437106,0.06362952894474487,0.037228798869433026,-0.018057725878938367,0.024909482012303766,0.04485399058442214,-0.0029680738846401145,0.015372939624008668,-0.0727435351093292,-0.019825398607420792,-0.041687106456781,0.027445076541655636,0.0011649032452699165,0.07383240597445492
GDF5,-0.017710087812489405,0.004977057417582358,,-0.01385864784078832,0.03180106083858029,,0.014006145150868732,0.032983952056457586,-0.014417379730905995,,,,-0.026182016493944322,-0.014412082280757256,0.0640356265241697,0.02662247848648525
CHAD,,,,0.05434719607695791,,,-0.014864992042903223,,,,,,,-0.00611720330730202,0.04340385489934819,
RGMA,-0.03578020726738103,0.03570729495147149,-0.03597421993074768,0.06710270645943912,0.07786839437415201,0.011514156831640506,-0.013545760232969996,0.010082393584668475,-0.005996472341367075,-0.03297524718911761,0.023572170097678702,0.013424840549385506,0.0231675171026181,0.02250660596847262,0.06164710256280858,0.15223812553802282
CLEC3A,,,,,,,-0.03512637728527695,,,,,,,,,
WNT16,-0.004667224343434079,-0.0334664660277712,-0.000981135769634944,-0.01614317784188413,0.019918029463062568,-0.015608263875781713,0.010800165898604532,0.06610381587777739,,,,,,,,-0.02217816841720637
CX3CL1,-0.06812208224856856,0.019552411201909363,0.05961072563353544,0.02924128063028087,0.029464391996136888,0.017524079568677384,0.01242040156179351,0.010473362714820892,-0.05299721866163515,-0.003265042733873288,0.01748489640129222,0.01819806698815062,0.07144921494159637,0.020416584185958306,-0.03496627648596377,0.07393575018254098
FGF1,-0.000858720468777103,-0.031211948035035998,-0.05137305281245066,-0.03708736142316379,-0.05006050263241467,-5.945074967944433e-06,-0.026942797853932922,0.04071967797979854,-0.03549030309393085,-0.025119342344466195,-0.01822043302041039,0.061413549869592875,-0.029621069779341147,0.0012437258932830736,0.013063121313423702,0.06253026719693511
ALOX5AP,-0.046070347302810274,-0.09075962534426778,-0.012112814141989626,0.008922536805817533,0.08889450525954837,-0.00843096266746929,-0.02172856966731084,0.02308597715381054,-0.004889809852457514,0.08891857075318202,-0.011976592983693976,0.07424218643743362,0.026509152286042583,0.006234563372282419,-0.02404537933196119,-0.020883588718753777
IL1RN,-0.015760856704347022,0.04447615215543858,0.00033607421008545685,0.05023558369242092,-0.01284335306737895,-0.02454723180585529,,0.05835369127205721,0.13836000551721153,,-0.054329848334087875,-0.0004514532770959494,0.11171096721813116,-0.022491073671409977,-0.03383250312045002,-0.012434636471886848
PCSK9,,,,,,,,-0.0052198375882700696,,,,,,-0.019451728149726965,-0.021582873058738565,
NPW,,,0.017997774606528308,-0.017034930428792623,,-0.012587859189849806,,-0.03177382130381986,-0.017245604454374317,-0.03356562371790494,-0.04265752434341152,0.07554143759927154,-0.03941975128048942,-0.002135898974625309,0.03438625393502671,0.06982660863174235
CXCL9,0.019036067404646324,0.026767816312538027,0.0066623805774060334,,-0.015533295580889814,-0.0016967445037280801,-0.017688921517397375,-0.03125234937485526,,0.12913464808852204,,0.037021276464109326,-0.013770269432822295,,,0.08780129069219259
ANGPTL4,0.0327625796672853,-0.08000861371583372,0.045600599023771005,0.00021978514380865827,0.008492206765334019,8.697566202095241e-05,0.045666180290196354,0.0029283725957685246,0.06891336193161744,0.048883078302783656,-0.011920621806822719,0.047367977742842696,0.00936634273427642,-0.017785096465698782,-0.03658328058796786,-0.015447968705912965
CCL11,,,,,,,,-0.0074776410622628105,,,,,,,,
UCN2,,,-0.014912638017994173,,0.09913609512467633,-0.014217521863283946,,0.08276910507734242,,,-0.007807760752059522,,,0.07054725133859618,0.03019708601178019,
OBP2A,,,,,,,,-0.025628710711554006,,-0.03154019519010069,0.062086070444527026,,,,,-0.019338283917292903
COL4A3,,-0.021047617037617365,-0.038062349836490886,,,-0.018391872553258644,-0.014002776146157794,,0.10587489295871347,,,,,,0.0062073084813078555,-0.043107219831530263
NRG3,0.039016491620119984,-0.0397901567238916,-0.0018268295847017185,0.032559250576686495,-0.0521206356848721,0.03135402007420798,0.059210806235097335,,-0.045986407022370564,0.026821493793092753,,0.05021451380871163,-0.04099075858268372,0.06884299270366914,0.059340175770650413,0.11255798413265988
IL23A,,-0.017159620196514055,0.10272264934310167,,0.006546807991742673,,,,0.004027506062479435,-0.029023402497889605,-0.0564495319235671,0.09596078975709596,,-0.019451721364149,-0.013069659049937931,-0.01871963071252707
COLQ,-0.012865810538191151,0.022422548526338553,-0.009592212577552627,0.07306987114131804,0.04698182561463586,-0.017171749041908352,0.05123852026608036,-0.03788603199551932,-0.03213358098201257,0.17000597477427506,-0.015599176785797557,0.022966464891761625,0.06875297640822779,0.06636546867070262,0.037672345281622235,0.06811993328140789
SCGB1A1,,,,,,,,,,,,,,,0.1405726536671914,
TNFSF12,-0.00393824511316708,0.04633493160580002,-0.03444746788628612,-0.0168359005760797,0.08790323686287681,0.01138509093648973,0.033343880187063156,0.028330423412605478,0.013719534463342396,0.013646011040941678,0.015805722635970573,-0.012943561246964457,0.025332562679628537,0.03635994132585166,-0.01080995962437048,0.031342068255960226
DKK2,,-0.017973881000514797,0.004546705463237788,0.008738543393192693,-0.024237991549545878,0.04217329566889096,-0.012171860230103911,-0.04279509420887681,,,,,-0.022775834863523137,0.014238238481674152,,0.04874385932461656
FYN,0.008144175713191431,0.030874888287136727,-0.060212243417007066,0.08424057509743128,0.09049494442773139,0.017233839672000997,0.001387107287267036,0.015482171992392161,0.009190684626475185,0.01616942101997406,0.07610504269404593,-0.032268255410102656,0.05997947629935958,0.07206631250824809,0.008265165718579609,0.07871259954665281
ACE,-0.007560886700740696,-0.0010630585310491742,-0.0402562801814501,0.04474614871921479,0.13286671015611584,0.018243596191247772,0.027117424171172508,0.0892830459772048,-0.025185022655400405,0.08455699348287914,-0.025983033632766033,-0.010819182502049123,0.05487214490953037,0.02539324580545927,-0.021765598245793584,-0.0015497837522214634
IL18,-0.008378134516458738,-0.017030369195686585,-0.030724482287368876,0.03677796895978642,0.0972501081374223,-0.010026151644857345,-0.005056156828258374,0.006106717277875128,0.023031365553378026,0.03582179643939655,-0.09956183529200698,0.08009908553317316,-0.05581975646771728,0.06842598733183602,0.03002533944079214,0.06489563560126124
PPBP,,,,,,,,0.04042849555520054,,,,,,-0.0238167621673731,-0.009332316715502444,
CCL27,-0.01793979195497913,-0.011381076582821635,-0.035133908247541056,,-0.0017584983598733753,-0.020392224542626736,-0.012538767274034237,,0.010416369969337445,0.04908032649709893,-0.00973119540999838,-0.009063698391589464,-0.04099077090315584,-0.03333001250456489,-0.0356484457875288,-0.008215043021238804
SERPING1,0.030845189595958743,-0.06212652588838559,0.03803462109063665,0.015326677395550587,0.12403249904864895,0.0066567363815930045,0.0242141098632263,0.004324594032003578,-0.03052808719854517,0.02371445738159903,-0.06623779942898453,0.020780786578530056,-0.009637256412462743,-0.05123143240326981,-0.029235866724521747,-0.010774220905803133
AZGP1,0.058928704454508984,0.011388725600204612,0.04808733009583428,0.06578802847734218,0.09323659493401136,-0.03061524281301464,-0.0119613674665255,,0.05391401976027254,0.05691981154836181,0.006960190490891005,,-0.06290627213618655,0.03558706475374775,0.015997049556426706,0.11747423251108156
INHA,0.11211216125408753,0.04305851743141535,0.1131538398610988,-0.021689155319353694,-0.020116395594025466,-0.015307634677466988,-0.004800157025755179,0.0018331662152244867,0.04703211408228287,,0.1570807887919618,0.18193837725008635,-0.03335236063324689,0.002471854049607605,0.023680484987126393,0.01715871475433273
SEMA3G,0.0788851876396411,0.0021562871103492664,-0.028114149813637482,0.05956212197687853,0.03557793853749213,0.0034617355407441314,0.012537387341205325,0.0553322039716596,-0.022034985799523565,0.002140291166795598,0.04299449763719021,0.05359987449534969,-0.040990743030628225,,,0.04546959527980821
COL6A1,0.01316448208176152,-0.07293673236388837,0.01766783889744238,0.043856707121803735,0.09607450702071292,-0.01121136067576455,-0.0360022939954185,-0.0009818821318317804,0.011704208579248141,0.09071214133720686,-0.06020717308709246,-0.058050601177103534,-0.050876562874186355,-0.020278789783497765,-0.00876177507196123,-0.06576294061887719
FGF17,,-0.021743749985914124,0.026138139924179828,0.009320703592543614,-0.020044163155036918,-0.007156683114862379,0.033557878826375044,-0.027208791524209172,-0.020500341780937646,,,,,0.00612811622701215,-0.0007386166709467879,-0.03044329449764164
TNFSF8,-0.01947726476302381,,-0.019023253506086822,,0.0479207688521713,0.08196168752214913,,,,-0.014752733991521076,-0.018201750447831937,,,0.02539908922800785,0.06127993641224074,-0.051072128219982145
FGF20,-0.025933145644016546,-0.022586934726333684,0.025201827035287578,-0.014376756084440808,-0.020688236986777107,0.048365417162750536,0.019570628206425595,,-0.018852430265889692,-0.025044644728672308,,0.03715125374381442,0.07029856716520609,0.01920573758970146,-0.03689784983402153,0.033666476161944056
ICAM3,0.02323895637421567,0.009551425562116982,0.07653756593555154,0.017492999447091134,0.020855684608041596,-0.002387662926849728,0.006434058120980163,0.09064480547598049,0.05713479211850018,0.0388284263304674,0.007482275977161341,0.021926792721613582,0.05439415121308428,0.06627107749885994,0.029106955950030988,0.044830224365888655
LAMA4,0.03795152474768681,0.0007769206284798418,-0.020638096726008606,0.045238114355921615,0.12930323651714373,0.010040892861462416,-0.01545534181123002,0.023769815887926454,0.022915524672047962,0.07605098132833177,-0.022488788929153607,-0.0034200462214343946,0.037295099268699096,0.023866399374975877,-0.013576971976947943,-0.004019529499959895
INHBE,,,,,,,,0.10231475761932171,,,,,,,,
DLL4,-0.0023044470037707396,-0.0503611620867189,0.050480600972076316,0.059295984692670264,0.09381660236150097,-0.03696213614161687,-0.017557826465174883,-0.004962992994569298,0.05689626633098782,0.08904076559167327,0.003494659522647978,-0.0298582317647305,0.011939879061714911,-0.000867092150757536,0.02511480786291298,0.02905200977639337
SEMA3A,-0.005677387789199852,-0.02056562694614251,0.02939247852852008,0.10385643219734213,-0.029914813631231107,0.04150579484822126,-0.012234866365384275,0.10810421412685314,-0.03067480358759445,0.04125193327629902,0.06487933213337721,,,0.044105035050298336,0.0741056160409182,0.07395601840493839
RLN2,,,0.026168579251122176,0.07104945216381794,-0.016494115465427738,-0.011856740373508081,0.00601871262713785,,-0.01485273000718688,,0.027657443268706297,,,-0.017870357701266056,,-0.035134977346289335
C5,-0.035190365710916154,0.0637463430901773,0.043658580112877175,0.08543233181506808,0.07157973213036434,0.014738925091224254,0.09749830948183608,0.06867501481353226,0.02708636885582201,0.016668735621130543,0.04817148505239528,-0.03905953103160045,0.057850252756924916,0.010794848196153698,0.03372379970228758,0.10030229645201186
COMP,,,,,,,,-0.0036272387403489493,,,,,,,,-0.013432733623235039
EDN2,,-0.012858812627838086,,,0.07074916112728404,0.004838703245565695,,-0.024970433629284618,0.03496799330335254,,,,,,,
C1QA,-0.0010238533955448804,-0.06412249923684955,-0.049954292094056434,0.06035942540044858,0.08063459947333161,-0.02553486644248856,0.004493218752605834,0.020637256750451954,0.08044431941304102,0.024816966666360074,0.15541547483031623,-0.01141860972295832,-0.034559171498447755,-0.013341983159944166,-0.03251231192429833,-0.014309983935828247
UTS2B,-0.01651712493204402,0.08456156491650936,-0.0038664770761278376,0.01638287755537632,,-0.010248877026937876,-0.01188126916241583,,,,,0.07398589865487468,,,,0.11120492223314138
COL9A3,0.0015118896719792628,0.050943272137033896,-0.04624487741401977,0.08013426549694658,0.045234427416284514,0.005115802720621558,0.02035742840350169,-0.004932223982637035,0.06156106616541314,-0.01068829303969745,0.10750622444945557,0.008556290232695793,0.01478780697981652,0.04132261749732768,0.07979489827925804,0.11078169828605247
DLK1,,,-0.02214596044170887,0.013659365258524406,,0.051993688325844625,,-0.020720087286934353,,0.07562820011122849,-0.0402003931054172,,,,,
HGF,-0.03077477215864512,0.0421615531612831,0.018093383920319773,0.1051540391959012,-0.009688066591547242,0.061929796229084684,-0.042742512538960324,0.03213208567028347,0.037783398535354555,0.027449059946681613,-0.03273236419451446,-0.030374873095490675,-0.03850018426578535,0.03753843063560225,0.013200784098577823,0.022704972019163223
GIP,,,,,,,,0.03914209415430748,,,,,,,,
P4HB,0.11844598571972509,-0.07752877960334031,0.04875406442403135,0.05736908083085024,0.09466183333526784,-0.01898132688988124,0.0017301504338567207,0.012827141307423105,0.0447211657893514,0.07152493494821319,-0.06205401026092498,-0.015021053408424523,-0.006421575212577113,-0.0604989345524735,-0.04942482071307952,-0.05234487776972303
ADCYAP1,-0.018166777217384505,0.07050121854982008,0.02484478114173075,0.023341350084711828,-0.039981687796537574,-0.019653826608041245,-0.012163289477479952,,-0.02188591850404698,0.021592465401021884,,0.11132968703931354,-0.025203860183231595,0.0056838708335502745,0.047363867984609315,-0.004962995135517304
GREM1,-0.05966958783685741,0.00037551513614748005,-0.01659320238730838,0.04830525008281014,-0.019914549703366903,-0.02366349029739589,-0.014237412376408841,-0.01684323317035363,-0.015009882497474973,-0.03603507136417968,-0.0015997138762432644,0.00032938955547515337,0.03655735734627796,-0.034756019410692215,-0.014214977787047214,0.011664530970077703
EGF,0.004329353648295781,-0.045864615967037295,-0.04121660670691666,-0.020119553683945038,-0.038429739887033194,-0.0239504694060898,0.030265498289995158,-0.03256406931165513,-0.014470461898407429,0.08893857016319841,-0.0795439155452931,0.05018921961039553,0.014093471515271655,0.058514609726605674,0.19321145223088973,0.09672629010605086
VEGFB,0.013022558792952296,0.006989367125533794,-0.021097398893199882,0.03807197832053283,0.014023125649484767,-0.0006301869563106278,-0.00739048240713387,-0.01125198341537965,0.009987829516424646,-0.023474623122478656,0.010601331194406012,0.04602186004414804,-0.02664157610014735,-0.02985421482205349,0.012755665232518925,-0.0012253820039958242
FARP2,0.027338544025048588,0.09992358830328452,-0.02541944333948373,0.08790803563321359,0.023687364669496523,-0.009407240848259,-0.006627223557026617,0.029783686900106843,-0.015463007074640945,0.050232937651399016,-0.02444892666730166,-0.10649929953431529,-0.058789754438524085,0.024865940913797322,0.0034063243142767106,0.11887026969957959
BMP3,,,,0.05599177182319174,,,-0.034685996527323085,,,,,,,,,
IHH,,,,,,,-0.024465991747273118,,,,,,,0.051359786018378165,-0.0251368168591799,
LAMA2,0.03512015596328732,0.07652678560229213,0.045326279897438815,0.034719539735509834,0.08335514550376714,-0.015669939076166116,0.05930307531441753,0.00013950396030116736,0.029390820949114334,0.09100131201530852,0.0772147122496244,-0.04535243436640417,0.045686582565053334,-0.04560014839781174,0.021003946852059686,-0.026339732215902897
SERPINC1,,,,,,-0.010965372567969303,,,,,,,,,0.01819446022552448,
NRG1,,-0.02386478084274397,-0.03357451738209906,0.02785299326239914,0.06704074191407876,-0.03367664750424024,-0.01297619486457089,0.02405262569577164,-0.00757270994503855,-0.025884605913867965,-0.05060557962167422,0.008059262319430037,-0.03826767833737709,0.022501605093919484,0.0020780194035550665,0.024077587184497398
SPINK1,,0.007683754016406098,0.072911097915332,,,,,0.03366378201238415,-0.01485273000718688,,,,-0.024190334890398832,0.03879655294658774,0.007372417717809452,-0.032070047116406146
EFEMP2,-0.005905822082797681,-0.0002654335673801138,0.0037513672061154565,0.0521139053150737,0.09384164137939352,-0.018256406068077536,0.005206505832814416,-0.033446432875182355,0.003998741436771774,0.0638475947110766,-0.01905562600576459,0.03964575065508628,0.09113925530700444,-0.05435854986157783,0.0016631704384289857,0.009212834153025994
SELPLG,0.014129648338485536,0.04611834349633608,-0.020864034836221842,-0.007872670607321632,0.005438967340435274,0.021837184122197012,-0.02095780522213081,0.029292533646270297,0.013866557873237227,0.06022754706832591,0.15289548439949746,0.12111936554171139,0.007978862510710342,0.03989355043864078,-0.009740077268373422,0.09532794017649318
GDF6,,0.009868374012540692,-0.008261801907992871,0.04868829209839747,-0.01649411724465091,,,,,,,,,0.030434115537338966,0.021886394957959097,
HLA-E,0.008840800529945216,-0.04821646800277031,-0.02028314990594884,0.003953468951879016,0.10513556726817373,-0.07535505268982215,-0.04455913358606875,0.04417625004569253,0.02423564863893242,-0.013677295294090917,0.012604765060120907,0.038626369267505206,-0.022560478230782093,-0.014085405402844134,-0.05764373166409358,0.002993601478324255
PTN,0.06632453716019347,0.07816996679625185,-0.02817764202337561,0.06442156070125898,0.09372885790565075,-0.03406955662845592,0.027350341564731803,0.04335782783030505,0.07132399888839354,0.07912970769880884,0.10047878296564515,-0.044135601498438405,0.0730037578471472,-0.0044472681195087405,0.07289097006335749,0.11615269857776829
CD274,0.06004543357914667,-0.034627411833375386,-0.02225323378170467,-0.028047938418981174,0.0514819364863296,-0.009637262170230625,-2.342079700930222e-05,0.03511813173578618,0.032154660973477724,0.030901973752086413,-0.10076674758078198,0.05407151234201117,0.09005304799470011,-0.005498873290248896,-0.043008016155311836,0.03142095304681707
FGF10,,,,,,,-0.015906844327363338,,,,0.07498103751487004,,,,,
CD14,0.006652583195256435,-0.04405327716666364,-0.03274393145471298,0.026180774500994868,0.06324920511413057,0.033450034997253804,-0.025666686488972267,0.059911525435402076,0.041814939602768546,0.0573966810316259,-0.047104480905058636,0.02094941493036726,-0.06280658094554412,0.007273904839421686,-0.0329685438969502,0.02130326983724365
SFTPD,,0.01353952678610398,,-0.0284238442647813,,-0.018820559247861097,0.016816541184694347,,-0.025113000259268863,-0.033235460015571545,-0.03582206419068776,-0.04934863131515564,0.015488743994162054,0.01144883890228387,0.02516669113479319,0.13375773726756077
SLIT1,-0.03909012802055329,0.04185998316573409,-0.0066291931054961225,0.11369524411847397,0.09407112720483422,-0.03566305442674033,0.0030539024053144767,0.010362039341666462,-0.02095740670759734,-0.006026234980389202,0.08092704744436101,0.09459897402867762,0.008435914040911116,0.01828127532301111,-0.05559964435126477,0.057594915017521064
LPA,,,,-0.012571812101853576,,,,,,,,,,,,
CNTF,0.024560649508819324,,-0.015132488038057437,,-0.017257035583478884,-0.00934708465010263,-0.014237411145902877,,0.10150622299463294,,,,,,,
BST1,0.060213774364251134,-0.02289388444929973,-0.0050698259095858286,0.016091741898744898,0.06975619434845527,-0.035920585894520324,0.08140381624106109,-0.002584203572402177,-0.006926661277877864,0.007630897415647219,0.052785472136557786,-0.0026653261478856876,0.05323013570207953,0.029333294020813364,0.02195000981896791,0.0484713286253214
AGTRAP,-0.016380411979191843,-0.04901208015493066,0.005024423703473713,0.05613540987083877,0.09839708000211617,-0.060865596162509056,-0.06934165704875384,0.08694338020830426,0.027602842425138677,0.03330688598831095,0.09019220499346933,-0.04764269570992537,0.012418255189127293,-0.031195556290439384,0.022134757599337005,0.03859867363118913
LAMC1,0.06960324910715569,-0.01417322681692641,-0.0030708370185472435,0.026495751103765196,0.09658413086765981,0.04188560870867667,0.04083518213509681,0.046959087856717714,0.037604843925332004,0.0811351203114022,-0.01971210918776855,0.07537601627421346,0.033496478562936624,-0.027925948354600993,0.027977979133876164,-0.01678982113205254
COL6A3,-0.008949021587708368,-0.013124546534383889,-0.021171011601367227,0.07729578844533794,0.09217720707776222,-0.019379458354698804,-0.009057940922744092,0.07571182769507417,-0.009228900327222874,0.06823535438940778,0.024440829427634442,0.03765219916715482,0.12018442350349991,-0.0024157951906901647,0.03000961547343699,-0.02392214133059625
FN1,0.03961362888535266,-0.054208454688981396,-0.009061796940418828,0.02952572298346923,0.14251004610479878,0.010703391870053163,0.05906590270232336,-0.020770778815447758,0.01849642145535735,0.085198671326975,-0.028946869002676925,-0.01936819617069355,0.021367518413847143,-0.040587127177481246,-0.04157037532332101,-0.10172529360882585
MIF,-0.005802397987771394,-0.027912007925672368,0.02473354883057717,0.03905311410280769,0.060177517647304536,-0.007779856287531482,-0.039006586327119064,-0.05969691454623783,0.020944852665616836,-0.007794833109641702,-0.06572867253042243,0.010940931989608493,-0.0015688183757532894,0.014191359598602536,-0.0021056810472300158,0.03772226998831678
JAG1,0.01684096912501165,0.014482250676222804,-0.038673276368860116,0.09352593872815468,0.039176420911724304,-0.042586523381767195,0.02694574703727859,0.07405825290253133,0.07713026208783828,0.020737229429349642,-0.01768324319063161,-0.009791229041296975,0.010188510130459466,0.021274199635729286,-0.019153663086234788,-0.07896198320576756
NID2,-0.05979353055171158,-0.025135680247112803,-0.06664104116871279,0.08692960661411694,0.08614697581796471,-0.024604141056881745,-0.002464102366233893,0.026706256208951198,0.005139750917540278,0.043257419946076646,-0.03811747567593609,-0.024377096794293264,0.015094191051474717,0.028220143396800904,-0.027476881171212487,-0.03114702843059076
EFNB1,-0.020647634961911843,0.022510914710946198,0.008804128175154897,0.04840180927310341,0.011424264081325932,-0.06346197926835842,-0.029920858732219613,-0.0021318837412717187,0.014691257286780014,0.07463190446873813,0.020624823592626185,-0.0022301601948486634,0.002339557732967128,0.03840466290924116,-0.02707556130759311,0.037735841786035784
COL4A2,0.037191588752255186,0.0005799244103512142,-0.021991127294417927,0.02630583006077567,0.1291380137572885,-0.01152473228851442,0.0008863098833135591,0.02008500171945767,-0.007898355468611807,0.06854964852963662,-0.07289579574466717,-0.038809467997132564,0.02211322964493178,-0.009786778073174214,-0.016224988508864047,-0.05836210916630156
SPP1,-0.058553252956359735,-0.09228382400481581,0.04682801617717974,0.06685246074183412,0.08045335485744715,-0.020495660229489857,-0.0030827551795210464,-0.0014469284477164645,0.09196730130546726,0.09368420305001533,0.01662153833267265,0.04681366331206199,-0.08422323502538395,-0.016925745223655406,-0.07038007094757306,-0.07796598599887893
PODXL2,-0.04087729650035005,0.02554067256210204,0.009531934285046723,0.04874734522217104,-0.005897004925482246,-0.02399347735461272,0.0007449745921706518,0.08003755009991939,0.03210488390475585,0.03275570875683789,0.056395289540494664,0.035150033669365845,0.07289862144009293,0.02902189820792704,0.06360517363684068,0.1221893614677175
IFNE,,,,,,,-0.015906843086255194,,,,,,,,,
FGF9,-0.019477267877780507,0.0016070964750404316,-0.02652672816572808,0.03614026067099399,-0.040058293918406485,-0.0065973426492270575,0.028164356437001735,,-0.03220632326568372,,,,,0.055042543691607534,0.011195833812558646,-0.023371107988234215
ITIH2,0.02388918269919734,0.009518636942791389,0.09776931784222184,-0.019994343052281073,-0.016803102083064295,,-0.041995583172159213,,0.003701998957312114,,,0.0028603428160852186,-0.021980558301119946,0.09631156329156239,-0.01987736074621806,0.07890972223684241
ADAM10,-0.0013561516234039791,-0.0070862079882864455,0.0035611022695220484,0.07151050534273842,0.0221548364529253,0.027956402245769084,-0.007430533980908767,0.06358401003126937,-0.02361286855533472,-0.009761490505730426,-0.044085412862879265,-0.017084731801843018,0.10137169573139646,0.006176868963279375,-0.047613409172629184,-0.040818810541810566
CFH,0.05376530472023204,-0.03988761208633573,0.0022780111829904643,0.008850598212056845,0.11113805350520185,-0.04355905719656847,-0.0037268333178417322,0.0199427956436457,0.0060155572411474826,0.01525989356819064,-0.007027130994675529,-0.011672116968832814,0.025125233398145992,0.0024263352664835687,0.041333758609311294,0.0012988419169939474
COL4A5,0.03530311604737816,0.04467322058935787,0.03040625138936522,0.08345770734046243,0.019166747222511823,-0.020672209795253013,-0.011302938326533089,0.053119232900683766,0.05358765065708339,-0.0032217387423222523,0.018611333695676854,-0.00011522789261967139,0.07478981331688185,0.012936693809133686,0.017789615235312264,0.09925618626179358
LTBP3,-0.008376213006574297,-0.07249537398282226,0.0028617689583684543,0.02202141495155936,0.09869398265291371,-0.020605635265731843,-0.012661464382804011,-0.02137008225528633,-0.004785402833484987,0.006869722123576608,-0.06114491014339154,-0.0060534638063426665,0.0063176326888646035,-0.03877388214819709,-0.021363443213152682,0.049455237884447195
GNB3,0.0015842150110356385,0.08944259065854969,0.00977679936407667,0.08098054204701421,0.05954971766419069,0.01391100954804889,0.006546043369040459,0.0017793649260585854,0.006618224401783288,0.06609510466873925,0.03571963838544591,0.013437120472809221,0.02070629842789278,0.015071274516063259,0.019439439843127678,0.08618018288007048
COL6A2,0.0021124670805472995,-0.05238132531005775,-0.02711766625647928,0.030896164065753913,0.10854643510175957,0.033526380163947905,0.03320512636523697,0.011259709305275818,-0.020944367007340876,0.1188664750668852,-0.021158339764215467,-0.026914823886753238,0.004289201087957667,-0.05002337874000555,0.010161531400287341,-0.033669053238510736
PLG,,,,,,,,,0.04796357152512353,,,,,,,
GDF9,-0.020910691867521203,0.0043467628302893534,0.06697342308397042,0.13315908787439457,0.09831825571519899,-0.015462948260223229,-0.021823120394084773,0.010686971188840579,0.002704541685955491,-0.03389308334089057,0.10096907673553616,-0.0014533259504442605,-0.009523965495042674,-0.03664546834636296,-0.008636006419747393,-0.019897156481245397
NCAM1,0.012145468477448117,0.1094441468719015,0.010147556069079258,0.0029410992471875486,-0.06714756135342898,-0.0014925625698102248,0.028395357429202954,0.06939861815873005,0.0722375039742124,-0.03102164552728816,0.10796572900277274,0.01999356553864091,-0.0335962830096108,0.03966545962276982,-0.04093204234969673,0.02950858575961038
APOC2,0.031631321411245666,-0.03206450182960565,0.026923686457113634,0.059148128288118905,5.747339074195792e-05,-0.01061877662986754,0.04403094473968006,0.031863818997021114,0.08776385761373942,0.0034122490395307008,0.1188372288321456,0.021086262051861912,0.004234973254797356,0.07371582651122864,-0.00305547283220255,0.10211595239025795
BST2,0.04891257675388138,-0.010706144242647715,-0.01959545456482849,0.0233243372641799,0.074503353819467,-0.008368682270110442,0.01486483753215828,0.025240923310992657,0.054724742686187704,0.053445990208509424,-0.044766308634742694,-0.05970888772752348,0.009662603134526418,0.011839005763462794,-0.04290134562437884,0.0454369538635803
COL5A1,0.04263846397460672,-0.07033345445358666,-0.02399047284139729,0.055305073117858976,0.0803056554034434,0.022477297556135232,0.05361821341268433,0.0008736817382959232,0.0052462426844982835,0.07295431426000903,0.030255168210884618,0.1545988129857052,0.020276963586956524,-0.062088317132472585,0.04636769590479055,-0.02902110890350621
CALM3,-0.060201511119049346,0.03676070909881701,-0.023032136075142286,-0.03297424589665482,-0.05604198326624023,0.03096907385811218,0.01571634324228288,0.03509872817323656,-0.04866999080008305,0.031750749602376636,0.11276613984721963,-0.07700553377337437,0.06836002780182548,0.089091126745074,0.013943261213614182,0.049102054676348934
THBS2,-0.007255943273970581,-0.026195175118583016,0.06099819952899603,0.023509346713781538,0.05847381455254069,0.02911458562292467,-0.0005972437823962191,-0.0028048200817999414,0.06524608788622537,-0.11343293258019292,0.07129424318760676,-0.04301016110303794,-0.05946043865814485,-0.053678751170917735,0.009780935147084955,-0.007778957187845464
SERPINE2,0.043734007635970754,0.047484272620939925,0.01806197602123917,-0.0375863335666067,0.0043401886611579114,0.010923337087335866,0.02104543188706877,0.020654210888253702,0.010316909261753873,-0.022530423270011462,0.01812388194701986,-0.06492553576149454,-0.04786919092897218,0.022510717321351157,0.02796685850504327,0.09392333710377998
EFNB2,0.03151733292110604,0.001587404044481596,0.047239219977314235,0.023465241915285356,0.06353890266863078,-0.04121609602755099,-0.055316211436329775,0.07251884766652261,-0.026649767672663333,0.02416705966230636,-0.023431808503850918,-0.09610372934914316,0.037675680058172026,-0.05149032644760848,0.020042092734275086,-0.006725316783486057
PROK1,,-0.021047620062625567,-0.03673797175245957,0.0024324282903865845,,0.05700673790650964,,,,,,,,-0.017870361665725486,-0.005294651891898572,
LACRT,,,,,,,-0.02014579236023928,,,,,,,,,
MMP9,-0.0008446610822965951,-0.07374639099575185,-0.05709195594934433,0.04092092039152806,0.0477269053551845,-0.015608261278461152,,0.05957289190279099,-0.06430065778382632,0.08590591868892421,-0.004845308499773659,0.056004352003782454,-0.031827493170762534,-0.008442797838453638,0.048763479808070075,-0.040743079396315315
DMP1,,-0.015415348346909542,,,,,,,,0.09717663166964437,,,,,,
NPPA,0.1222111412946933,0.01844486648046563,0.02928508055951544,0.0722613902333653,-0.005607563312189574,-0.0007556363349121039,0.019758816818904488,,0.04356628223686101,-0.003764881928668337,0.06426951158247148,0.05758797357091855,-0.003686494642976657,0.027767194597326343,0.13051069490426645,0.08658222844855112
APOB,,,,,-0.013231781339424776,-0.018961602903093365,-0.014864992019279545,,,,,,-0.02585963536162866,,,0.02841317982082735
C4B,,,-0.025815046802194618,,,-0.01227951754709446,,-0.026271442771236143,-0.02576699552418111,-0.02826809722992418,-0.026747431855815764,,,,,0.007137287713462119
NTNG2,-0.02350665896700321,-0.02705644879076959,-0.0026641790861104747,-0.016163142785945377,0.050058877936765014,-0.00796397201817671,-0.002033451169328336,0.030576542177150275,0.02984267804883586,-0.07318529434749382,-0.010923924694539277,0.034364463065969554,0.01998889007308219,0.0335993935447643,0.0030835494468571378,0.07674955164055042
LAMA1,0.0005798051403868512,0.0028750953457322495,-0.016782222909779043,0.12924214870017486,0.09724257745322526,0.001467862022038715,0.014300854451418477,0.03233935522884787,0.019416883259452934,0.04193624858527686,,0.05413220574989883,0.03633927630296272,0.04128765583162037,0.0729182604977164,0.10758311613959136
UCN,-0.025269588555505863,0.07474093226582844,-0.032908863774490364,0.008830764680923997,-0.02216677885368991,0.02857346010294945,-0.021055273113141662,0.022778313803935836,0.030698406881294067,-0.006580197718142336,-0.00989736251179777,-0.014074503517047171,-0.01720428965804191,0.0036933049335152964,-0.02787770920736911,0.13681625825691796
ARTN,,-0.00391323709354246,0.10132590688324267,0.15809864000867865,0.018954536210813677,-0.015608262793564656,,0.01516908238650048,-0.01724560573369826,,,-0.03438247962528699,0.01980703637183899,-0.03363410385866851,0.04471219282764043,0.09147968562099233
PDGFD,-0.012693439445982517,-0.04690002840181422,0.010656943727127235,0.002412790550056774,0.11275107875784665,-0.013043805823839686,0.031501933282158036,-0.0023202480648292926,-0.020365582245555774,0.06781279340460733,0.042561385894216965,0.027545268716991665,0.04651818563836346,-0.05055715658935144,-0.016038222529111214,0.027960575085704466
EDN1,0.06905291647520333,-0.011839948330801592,-0.001232266892661391,0.029402700350103696,0.014314188618645068,0.030419668116582088,-0.017532128440537424,-0.0012889320758170005,0.025096414141559064,0.12814850063459443,-0.01860792037913349,0.05683102041665158,0.02644125264108874,-0.014389837560738116,-0.004069025462167689,0.0309594918118671
ARPC5,0.01666021656051423,-0.014789074729952983,0.08388561844829784,0.04365209104941629,6.839138942621543e-05,-0.02986592367293093,-0.03502104255364821,0.012673281103579114,0.06273630437602065,0.01437159724422622,-0.0700340743949491,0.09853074531143512,0.024532916308450586,0.0006002522958966428,0.04172534904489254,-0.04828487323269428
GSTO1,-0.07619588475196405,-0.012394978365312505,0.004449106604112946,-0.07986182491372011,-0.06495905803944765,0.007503708699114225,0.01815671540256611,-0.029779431349252407,-0.059738592098849574,0.0764297278892197,-0.028580384746470858,-0.04650711273578374,-0.021151584223046197,0.02211362165293363,0.02982694710431001,-0.04604302915160028
PROK2,,,,,,,0.022048728264546763,,,,,,,-0.015527947133696271,0.04693511882980654,-0.009458084890808573
SYK,-0.02636215887053816,-0.004423098769033196,-0.020796725811038648,0.0968825202012142,0.06834255517934593,0.010124196127398377,-0.0019147794991892066,0.011955424925553088,0.010933771399350103,-0.010827120362491224,-0.02787143925778622,0.05206271356437517,-0.03252698087031503,-0.003154233817237647,0.018112575947341784,0.07145034399378584
CD40LG,,,,,,,,,,,,,,,,-0.031207693321279463
ST6GAL1,0.01681975431361368,0.013643303576559365,0.0050092217737486315,0.0158415311907255,-0.016379053113155528,-0.0017635064940292673,0.01327920291855823,0.03301706852954861,0.023180513761980867,-0.04253331270171846,0.012701340011379802,-0.039569246124143594,-0.035720828302161826,0.04964347887662237,-0.046270886542414374,0.11111833377956477
WNT3,-0.029205000502659523,0.0571076206044053,0.06482021049566031,0.05126999371640862,-0.02125399952943355,0.025248973610746486,0.049603083367108405,-0.01563257308086157,0.008772883958779149,0.02209594551572599,-0.013423526438698482,0.0014940185102297067,0.03087524715884896,0.037911562278463394,0.01494800844539114,0.04684488348556443
HSP90B1,0.0032961754033303233,-0.07085895551565238,0.01146620736159264,0.05025759477736925,0.0730525292073178,0.006186544994522934,0.02927887210795909,0.07396531886207267,0.046005378481829756,0.03816339060648955,0.0528786651902221,0.03162928229608767,0.010629892837677395,-0.07288761884896329,-0.05177051679355109,-0.10902721113581314
ZP3,-0.025545584664758477,-0.022680195156281942,-0.0025580667331191794,0.016563330538238927,0.03035005752761501,-0.0076135955731900535,-0.014864993342205618,0.11319448423170725,0.009289180230122528,-0.026836442064166608,-0.016137709028045566,-0.02874040372197978,-0.02050249729533801,0.001373425848863678,0.007055837614333528,0.14050846076162676
ANGPT4,,-0.012059129268548678,,,,,,,,,,,,,,
NRG2,-0.02260331434509538,-0.022551044399842714,0.012791652515094013,0.1533961140432884,0.015848710547091284,0.005660171924902643,-0.023283305133443535,,-0.02396871788196525,0.023084035547836012,0.009911810659908656,0.0257281256607046,0.026276439879605852,-0.01667967295461159,-0.01929750617317756,0.08355054942110218
MELTF,-0.055427428879945576,-0.04759998158534766,0.012452119998571019,0.08970902625861364,0.04921501293327251,-0.025889736289655133,0.03517553786392209,-0.03446703192995107,-0.04149633568997225,0.05603547566874922,0.08714231941907237,-0.024695716256728936,0.08580034209617954,0.06215386274317377,0.027605795464966366,0.1413993271767077
NLGN1,0.07581636387923087,0.014416962762016991,0.01916910381156083,0.0832316587688463,0.059656557731529655,-0.05027344966657044,-0.04064611181243717,0.042646983191223765,-0.06420774663619144,-0.03766289948888912,0.04379270185997931,-0.029239270671838652,-0.020858622397868672,0.03391298526447238,-0.018078153100385068,0.09966065766522694
SLIT3,0.05235523269010281,0.024333548453005126,0.03335124790200973,0.02539114426629718,-0.03731286618113914,0.020492100017687205,0.012838186264241165,0.0012673622447200374,0.011188131546719155,0.014464194103957705,-0.017739936135675774,0.011461590897891104,0.022340083286656938,0.04039350135161417,-0.028757016450819496,0.02559468171570899
CCL8,,0.04808232977943139,0.056840542677236656,-0.021689155076509186,0.09502651616486937,-0.026857925899450196,-0.013413827706344143,0.032528796926472064,-0.01609135710708236,-0.03852108417228695,0.009330560545517577,0.11887754506136905,-0.024190361574349367,0.029252288390579556,-0.027862674564461294,0.044019783175050384
S100A4,-0.01662317216662094,-0.060138601308906484,-0.021126428080245285,0.06161743442376032,0.057733857286971384,-0.04252020710326163,-0.060171360940025446,-0.01194292394006061,0.06413503678890325,0.052260917430004473,-0.16188244479164987,0.00644208460006547,-0.004838185827084385,-0.055050006821843266,0.018038804579044897,-0.009437823609506561
TNFSF13B,-0.05299773623523841,-0.055061391053424495,0.009817405917259521,0.058141273350942414,0.10643045364639735,0.002150340595073022,-0.018240240562318148,0.044198547990468205,0.07507714489342378,-0.05591785680330759,-0.038044255447071594,0.035834577116747666,0.009240347630434607,0.03994848045526245,0.02215261366363965,0.028329598978004147
HSPG2,-0.02206482354797986,0.01669630343721208,-0.06847397508206261,0.029065962614957627,0.14136207357232103,0.008737369048945419,0.16696288513201085,-0.033647050567563196,0.05076222149772353,0.08808430808940197,-0.028582087212838923,-0.0465866621767996,0.026608514668806316,-0.024020970737565716,-0.024403477118398187,-0.020810007079818862
FAM3C,0.03818053105173476,0.09588031591878605,0.0023104261645428715,-0.0004395832409309697,0.060649437246940066,0.04527107564636499,0.06288893331985565,0.04095478994130401,0.007234251283658111,0.04699531309473167,0.06975856205043655,-0.027863862670864423,0.05899441392560919,0.03584496023239538,-0.020363847023548463,0.0504164019655835
FLT3LG,0.04852745688781016,0.009780170507955295,0.026280780286637388,0.07426649676110775,0.0035645311734272536,-0.05672803589897923,-0.010669553980145675,0.020219320030819214,0.03862677183417442,0.02339918872188603,0.03328892101845443,0.07695091784458462,-0.0282186191038617,0.03026653813451562,0.004035868015465793,0.07358567249769804
A2M,-0.016564461111939252,-0.02669551389221522,-0.07255271621476225,0.008190864492204354,0.09384556080408228,-0.06005415146959301,0.0015206613206442566,0.045577311252513,0.006565872061119783,0.09244287386355914,0.013358134447051475,-0.016644540254288517,-0.05770375841351554,-0.006836429208987661,-0.038381087398713876,0.03317229986449352
VCL,0.05690955845086979,-0.009216138154356221,0.039367055965509226,0.040270213470187756,-0.0002898897790778665,0.04840917183963846,-0.006882023288774684,0.028250930009478443,0.040093141970181205,0.03129179824630893,-0.1046271074649827,0.03545096693388341,-0.007862619109373341,-0.050870852734563855,-0.00622080601457912,-0.0407879823021222
FGF2,0.012610640381325911,-0.0005360259536766626,-0.03359637730616324,0.018482760727394548,0.05999756106753095,-0.020803828479642582,0.009042532390807835,-0.027131983693814036,0.06730683264644327,-0.06973458575694737,0.0003912243343897869,-0.006040568191794277,-0.022939465384940093,-0.030872135722701307,-0.012303931728897256,0.027711068885948653
AGRP,0.012493361567384485,,-0.020931464214089073,-0.013137952957560213,,-0.011080501763272022,,0.11775688798831709,,-0.0367282453162012,-0.048718235169091816,0.04842277978054221,0.012127370068438904,-0.018411687908117477,0.07383930769342513,
CNTN3,,0.042762440112373755,0.006587160701057516,0.01417865474820404,-0.032001872941265955,-0.018080734489075868,0.04857310727265192,,-0.03687771850591096,,,-0.0515763918887277,,0.028588562353297993,-0.010838766139258464,
RNASE2,0.05024839907285826,0.022182420216194012,0.04442857657759121,0.027949396957559172,0.07654215117367633,-0.022264671412231863,0.03436766832937844,-0.006382728780987341,0.042689384129779455,0.056148201354156296,0.042116365436379866,-0.09535327701244005,0.01817351712264805,0.02529014288692772,0.029762268732043913,0.09248992423983185
ADM2,,0.0024066248676096772,0.0019663279071594248,,,,,-0.013575878956019211,,,,-0.04531632487759119,,,,-0.01427004054481051
GAL,,-0.045382390380548934,0.03616893902856753,-0.009742019909731899,-0.0018866473640232933,0.03348298712600284,-0.02439022580879695,0.09444755263112006,-0.00825042262264566,0.07068350210463784,0.009238441385532425,-0.07422690185132318,-0.04009875737017416,0.05701654931869657,-0.02662352781610281,-0.02926170162326168
CXCL6,,-0.01285881061946605,,,,,0.06345215318408276,,,,,,,-0.01034488348317521,-0.010747490785764058,-0.006792292843443733
PDGFC,0.028691085110498154,0.014813244893034413,0.011027486109352148,0.0338686446691597,0.038180693560237185,0.013077073349385522,0.0039564348515983986,-0.05458923145053594,0.04889264684305388,0.03069160390808364,-0.0110367630717533,-0.07589327632170417,0.10467378651792064,0.046705365024550645,0.03236561546399245,0.04136875294059693
COL8A2,-0.007849352213275585,0.01851425271148502,0.034751003228902906,0.012521789400998363,0.010398953194659983,-0.05033727828227703,0.019155028130153327,-0.004248329378249351,0.034536237474768174,0.09187182743421449,0.0784692178665266,-0.07221299617186666,-0.07508304633535644,0.03659557221809361,-0.01238514913951237,0.15741873866501827
SPON2,0.036554822101832876,-0.004421775732684165,-0.014548094732191211,-0.0240239948922486,0.060272917438463525,0.021007594853194953,0.01773622661110467,0.049316031141233285,0.026216131017076972,0.08040107381905637,-0.06494870194890433,-0.029441576000378333,0.05740062068698884,0.008827995630965764,-0.018028337591377706,-0.004007192875465598
LCN2,,,0.015362255545612265,,,,,,,,,,,0.02275299565301592,-0.037195542325135916,
SEMA3D,-0.02244706001247159,0.09868203782097563,-0.03574216550005003,0.002971253257621869,0.03396277076402523,0.06872307557815076,0.031150378782838536,-0.030415249834341136,0.0017840169697880782,-0.027099999013769038,,-0.025574158934401358,-0.030936020714207174,,,
BMP6,,-0.014746781819413014,0.05458376605238488,-0.017179416259029422,-0.01468824323648632,-0.010124766598781578,-0.016685108664283126,,,,,,,-0.03252713834226657,0.030288907982052422,0.010828435798299813
TIMP2,-0.02075504546274562,0.04832239775157369,0.013177231647424457,0.0835464167743024,0.07249418217743137,0.007948707116822907,0.00265876232499314,0.0032513157081052284,-0.01910123618392944,-0.03272981493882464,0.01532435788332299,0.05942451262082672,-0.0394595901359436,-0.04341452146786895,-0.04435773807312412,0.05487750723822083
EFNA1,0.0016248106935720565,-0.030855924201667755,0.017056902660695886,0.04776131155549603,0.0719610863656854,0.04011880200108482,-0.014468540091820761,0.019900444430423315,0.019750670625526344,0.04622531680331067,0.0650492090877201,0.0715328457804806,-0.08048859874767042,0.026324133642072377,0.028385818763172397,0.03213432149288142
S100A12,,-0.017629057461977595,-0.01866889165231844,,,,,0.01100855660288513,,,,,,-0.019703682189901525,,-0.018532382518146765
TFPI,0.01257364447935354,-0.01561109353264585,0.0057830983198442825,0.05470286368396202,0.1425417052481446,-0.0350777573202035,0.004158170013856514,0.04203984311911793,0.1121608477161638,-0.023699035007952902,-0.04307009086642553,0.03192801074007551,-0.020621979123624543,0.02064100630769921,0.0472877553695904,0.005086233154581901
GPC3,-0.02299946004991032,0.0225879738425553,-0.010780366048880824,0.14074210112324032,0.06291543883382797,-0.013281320839998868,-0.013417152658841042,-0.028707435376376118,,-0.034539995342573834,,0.06882682098658806,0.06810766700725236,0.01625919788507455,0.0003273041520984217,0.04645389250272928
NMU,0.007231446219057676,-0.022877889639638046,,0.12413826802172162,-0.03384689821788337,,-0.017688924528619993,0.04048879918324104,0.00805111353236535,-0.029879254950301404,0.08316614150098912,-0.03881831458210523,-0.03636561634181073,-0.015608161011242003,0.04727311449241463,0.07061473678383555
SCGB3A2,,-0.020137823575044195,,,,,,,0.07500656985851033,-0.022821440242906325,,,,-0.022300330624305365,-0.03199955149335249,-0.046658234475904024
LAMB3,0.03316988863018049,0.04343647420123725,-0.05397453306131042,0.041096481115281545,-0.03772600815930691,0.0035324220496670334,0.051298607529747534,0.01549834338911068,0.011376545750713972,0.028364750896656195,0.13288758098240558,-0.051518520364872235,-0.009889065178725462,0.0004404949112994616,0.05004242174816291,0.06298307760567178
LGALS9,0.020852575612605076,-0.05710345442726731,-0.0372781300325057,0.04450649073328637,0.05666316905230031,0.0009661077675488574,0.0016690719349106054,0.019467518924839333,0.0044671335166913415,0.08237109030993903,-0.1411811183209364,0.0010042343068934927,-0.012026380490689322,0.06689149792544166,-0.024563616487932823,0.042222401216846076
VIM,0.0036082444447446222,-0.12306231099500456,0.06962539221402958,-0.006326881875067047,0.11307411615590836,-0.020542712013695293,-0.051496874462543425,0.0008347839360017011,0.0897666940778687,0.036777642815442775,-0.06685765112841746,0.018434530591699538,0.002596414580150059,-0.04485389484751254,0.03738454841489341,0.07040073648944897
PLAU,0.007272579450704443,-0.07736599207201299,0.031931929783056125,0.024935061818355638,0.09956034639305818,-0.010803054929338614,-0.017912387723324177,0.06251927702172329,0.05226877705956918,0.020253486282079944,-0.010782821308964033,0.0711779953467694,0.0030743337767792766,-0.027054035575611757,-0.05592091885832292,0.026036903796220156
TGFB3,0.050193311244016436,0.0044887884688947,-0.04473570563554444,0.004443751521433661,0.07937963395769597,-0.01923489064992619,-0.012941234641440638,0.05290444585247216,0.048819872360503905,0.10119336727709581,-0.02854919300219685,0.1064115627185435,-0.02247024347099997,-0.009272761680385237,0.0020525108841594453,0.021125612840883008
APLN,0.03587814907556116,-0.014681092726410752,0.06124116250625962,0.06067205636104889,0.12009841634103076,0.03964886749954485,0.04822771049313142,0.06002722697716195,0.06142374365202754,0.051665359109587625,-0.025704930142913227,0.034645383138761573,-0.014947893477517326,0.05704444649405294,0.06278373960833927,-0.11238342577369652
SHANK2,-0.019264563480792984,0.08531255957821933,-0.0409822426999882,0.012242311272097663,0.0024526988346184396,-0.03830127594799513,0.023635903739378027,,-0.05129309286460468,,-0.06351925780761286,,,0.03200995560701081,0.022187803232774993,0.030724160061204785
LTF,,-0.049163980532738266,0.00727700941489474,-0.021454216810765623,0.1321707743504883,-0.034943631085035065,-0.02794913070851265,,-0.026203417251945894,-0.060279923412943415,-0.05905101311871565,-0.05613616960217225,-0.02841294939581056,0.003832268603917008,-0.030650423404318658,-0.028809870100100977
PYY,,,,,,0.0749500884433406,,-0.02360201178597155,-0.014417381910522147,,,,,-0.026037833191019814,-0.02534377311637028,0.048712415737522115
PENK,-0.01676207418287376,-0.03367328126421826,-0.05829330668163707,-0.03425642018577066,-0.05017247916426025,-0.034055035806378316,-0.001074832121975589,,-0.025766988360646278,-0.014197559653298754,,,,,,-0.010502631556360551
CTF1,0.012461021556201426,0.010137292561331305,0.053900409165933576,-0.015676380070462164,0.007927282349648639,-0.01432358688290945,0.048037088590407805,0.007550659200574543,0.11284266039779157,-0.05383873345706358,-0.06487869949163234,0.09205122093441158,-0.05577974767548772,0.0562272576318256,-0.013292625051316264,0.058312306296390164
COL3A1,0.03262576163108809,-0.01859563342645304,0.021217350389950717,0.05743705380184418,0.15561810404751633,0.004079326135468544,-0.019716441734439507,-0.01780240608586276,-0.013107845767830209,0.09964817011888498,-0.025191472776692113,-0.04263368378622398,0.020408211804542657,-0.05765642305951267,-5.623270549803026e-05,-0.05900466324348735
S100A10,-0.024260874876049,-0.13191906822570565,0.07819397612728644,0.0019975106508096025,0.09794140035696608,-0.042435067311178,-0.020828846860940803,-0.032892774984829926,0.029037420623866796,-0.013283715166171635,-0.0761970519858634,0.06413181376319084,-0.013734951624608013,-0.044644320462406434,0.05389990367012445,-0.05349110726047963
FGF13,-0.024932112355835142,-0.028988175271038974,-0.0013570210707903802,-0.033614709642856115,-0.06154266767193039,0.0717289424598792,0.06497797379322781,0.021273987222285642,-0.034537236791640905,-0.02710002980051213,,,,-0.022680710703478164,0.023036461421221534,0.07031826758887608
SEMA4A,-0.027375622119276584,-0.009178715000812628,0.03839770002542913,-0.02537096694914057,-0.031070428117020703,0.020908491840605177,0.02792987486125241,0.09827856990183453,-0.05390939030883991,0.0736664225086888,0.002807633107895179,-0.049785794576745125,-0.007450473651611733,-0.0016830443742438534,-0.017719198180258862,0.030621117108931555
EFNA4,0.02119169474489262,-0.05895414951029476,0.00034956019949770883,0.1138257150165111,0.019350211974684672,-0.027145817790983816,0.0029352333051186567,0.054391507630628166,0.014347106392050167,0.05888040673009441,0.0934578343426351,0.02524811858690638,-0.049743587518906916,0.02118598254632666,0.0980202573199005,0.11429408788390048
HSPA8,0.0709701219796534,0.027777298695237054,0.04972557163051043,-0.060242847591386456,-0.06262928705363788,-0.03827887526074543,-0.028540230416099963,0.04220408689604272,-0.07126336462990443,0.055212693697660735,-0.05963291669837769,-0.0457431766257805,0.06479339310005476,0.0910219556399769,0.0777635250309648,-0.04624312590512793
NPB,0.05921303209156361,-0.011205448293416775,-0.016188732781356737,-0.020613656816089777,,-0.015014211825488937,0.049336555084413924,,-0.01155413481946308,0.05140869714592299,0.08120599309614226,-0.001381686121402327,0.03513300739614566,0.08406080584699124,0.0030261696154852908,0.12615949768278342
ULBP1,,-0.009293265068569265,0.012969295542213285,-0.018567823854157485,0.026075742719453447,0.020571409045432434,,-0.021048241066629725,-0.01609135672298285,,0.0661661172347416,-0.05171931896186041,,0.11909377210938632,-0.021582874703668313,0.018682934412458517
SEMA3E,0.06334097210208355,-0.004645777114559068,0.04712605508917846,0.0545114259650761,-0.03167566529604053,-0.03489883526981584,0.020704077041072196,7.03058986084855e-05,-0.00974770846203025,-0.01782955236536668,0.09752300801235395,0.027709718480073545,0.0034442240790979154,0.06649474467767791,-0.007339289401732514,0.0494150579766344
FGF3,,,,,,,,,,,,,,0.06593730717915386,0.009401753625418199,
ADAM9,-0.029613879659724247,-0.03868414741403674,-0.03666636769716347,0.04159130096750899,0.09402586185443763,0.028542086558006635,0.043277242365608926,0.019552999510242818,0.0825160944153107,0.09779270020518764,0.007304064804677785,0.026938590009612663,-0.06554799434346915,-0.015379897039728172,0.0016403778809403835,0.01937931113295491
ASIP,-0.024415647745957923,,0.024387231253896982,,,0.005928452742450951,-0.013243251066055015,0.01008655165413188,-0.020658476301279732,-0.04096766739379877,-0.08578176255128915,0.08582148516802876,-0.029087263549911153,-0.03230546930407527,-0.004852160752859724,0.11303840774817639
IBSP,,-0.046148370304471484,-0.009079347052566019,0.14479730953228884,0.004803151547901143,,,0.046251306234933745,-0.017597583291490044,0.08741648092301028,-0.002584732484748757,0.12687625166795174,0.06084268348941844,-0.05374594574192577,-0.026179484697140383,-0.057790726843235565
MMP12,,-0.011381071804007612,,,,,,-0.02658731663496437,,,,,,,,
FAT4,0.028749118748855614,0.024194411317036958,-0.019851360937822356,-0.017680866012480517,0.02667764898384016,-0.020458242727366273,0.07701477611575445,0.09982067133231068,-0.030674808309069174,0.013529254167089064,-0.03455142075694047,-0.06072907571381436,0.0002369660957485118,0.0036030050714229846,-0.036103403830525974,0.004744381617551925
MDK,0.029885187248934245,-0.000283925758617601,0.02262710107578509,0.11953831322677079,0.10205155045061505,-0.04542626279544198,0.028150428350185303,0.011515845663715829,0.041560960502352404,0.017964963745504912,0.10398345658606835,-0.040670574460203994,-0.035808657650249036,0.0417275257680199,0.11053522904301204,0.05114939399836497
BMP5,,,-0.02445556870591654,,,,,,,-0.030483950896522526,,,,0.02202013197424643,0.028451283808793335,0.018833491889441622
CAMP,,,0.020762943627883022,,,,,,,,,,,0.0427254286796182,0.024082406166427834,0.005694758670141249
HSPA1A,-0.004096761327425696,-0.07141938765447729,-0.005667052306942816,-0.05236263686257144,0.06633435010958923,-0.06021690108285645,0.019663106945357434,-0.04116231570011715,-0.026106549476977995,0.023678001797898172,-0.040294683305662576,-0.014271601406922525,-0.009124531359386606,-0.0416276602001416,-0.036351215948271245,-0.009772874723206756
SOST,,-0.017629057512842272,,,,,,,-0.019856310393913355,,,-0.03316633376516938,,,,
SEMA3F,-0.00650329435537769,-0.05208334331094686,-0.013353254839764198,0.03381479284690148,0.0753617622341499,0.034348128390133445,-0.02002949468541564,0.06396110394207025,-0.0505312763771446,0.0759840992732576,0.03277134785109621,-0.021531396736920505,0.042697203197872305,-0.002637477707208245,0.024541751940801316,0.07106288274448148
ARF6,-0.02580953860708973,-0.011883886175258335,0.0634610009906206,0.041179944809734956,0.022564081917546202,-0.0310517814190963,0.008674173228771757,0.06869644286643262,0.07685870764289204,0.07723213623078465,-0.20863101432815861,0.013544261247385577,-0.025170852533242135,-0.01909370604281464,-0.0353881885987853,-0.031060709778226368
IL6,-0.022071976583504734,-0.03818123214723847,0.011417432389937322,-0.01974182166546933,0.11083674628285656,-0.038961688644190307,,0.0036091647366037383,0.07852631615226585,0.05008072554481431,-0.03795399515851976,0.06557982739210313,,0.08746244403317319,-0.025057750308589095,0.025411974072843065
CALM1,0.06470928963244679,0.08769047947865298,-0.06556748154490953,-0.09234660947134035,-0.10337686652728001,-0.039862346843656464,0.04128441688374884,-0.01836378154057859,-0.08575568008685094,-0.0033289473591580983,0.013811824939881284,0.007671733024548598,-0.0018057724019625958,0.013009995782786119,0.04609801958940692,0.05780054698541471
VIP,,0.08806977367868483,-0.02527911666341746,0.015505641794726173,-0.04565490551328045,-0.013295081305165213,0.0005812727815123872,,-0.030225644203232063,-0.027100063017905258,,,,,,0.0355097959692742
NMB,-0.012973352717111163,0.00633361993137643,-0.01659319242619424,0.03798367623264744,0.10445927966004014,-0.003336572839170312,0.007431105246984249,-0.030659049860740074,0.03537647740264105,0.014716991681930771,0.00616974313567795,0.02128705964771545,0.007828046779498254,0.02141470912439854,0.021789419980760873,0.03311238467528735
CCL26,-0.02510135068100879,-0.0005305425416820044,0.0069836780126564515,-0.01332158633399901,0.06738124948422367,-0.009347084844389312,,-0.0651776802143002,0.008612728479811463,-0.055275157081178285,-0.07296495221725098,0.012379837513114639,-0.053963749767959555,0.054402588283472914,-0.051264116334829475,0.05608622067532862
FBLN1,-0.04888303053900614,0.0016662400191192399,-0.009392919477393104,-0.03933675563403962,0.03977651040399518,-0.01339198768893206,0.013397900993893683,0.061730799475671026,0.0028646328327991562,0.06346830398828689,-0.012608010784124615,0.07034575147618126,0.011849477945244427,-0.024641671375694937,-0.012748352748556437,0.07068871423388498
SAA1,-0.01839118207372306,0.04249677146477364,0.009689304607349368,,0.11662686126036184,-0.016203195784681126,0.058550420610906956,0.039093623824996586,,0.006875637174779858,0.04165459469425243,0.006258595718858296,-0.0004852112405500055,-0.050362637493643905,-0.009841028215783912,-0.038042715601090446
MICB,0.09321265315198947,-0.043653252787750625,0.018441487727584575,0.042698179078362056,0.026299279263830255,-0.03561139520333419,-0.02439022717890583,0.030415486969600794,-0.01700643733702787,0.0902880964666866,-0.043428818262216756,-0.004468887689122279,-0.04143135622103467,-0.030298941878280434,-0.03165202165224827,0.011762230267831806
MMP13,,-0.013466167651326457,,-0.01257180895005097,,,,-0.034202690336438434,-0.013739653596896188,0.072526992499588,,-0.007903017913343352,0.09738495741841917,,,-0.03513496643214439
F13A1,0.05104936459435948,-0.0757057729430867,0.011903535024905876,0.06808401530896889,0.17254531804980933,-0.020673811354545716,-0.034631671350071815,0.05024165556061723,0.02797423503563668,0.10611589198786077,-0.11737072844244534,,-0.03538433614709064,-0.07416230827655981,-0.04721135869554341,-0.04997923732972889
CXCL11,0.0037617065243847453,0.020551647802419824,-0.023100211161166187,0.017541249627022838,0.10389851741313998,-0.013252333452644422,-0.019558051850664587,,0.023703183897613046,,-0.04715641496888431,0.03766193214863446,,,,0.02986552942790683
COL5A2,0.06754818028515769,-0.039839655271527746,-0.003694297768943129,0.08313903641517767,0.13038506732258326,0.011437506374814752,0.039266424130039924,-0.005774059922343496,0.03191104265037974,0.09285622891989735,0.046764729938085337,-0.01792699535139266,-0.006385451350155521,-0.04368584521812117,-0.001548783649160097,-0.028331401212174
EFNA5,0.012547954745496477,-0.016765821867665464,0.005587979626217517,-0.0147636003816915,-0.04164743942312654,0.028493789527039362,0.01928158843952172,0.007491469823417776,-0.03388393010196643,0.14185163874871892,-0.1281175780395876,-0.008502102467722187,-0.02313688593878455,0.011308348728550077,0.026065055522358434,0.08514495796532573
AREG,,-0.022016340036139743,-0.02864432258943508,,0.008852210851697555,-0.02893079696087064,,-0.010805765569001443,,,,,,0.0571314021027733,0.009726160973556653,-0.031992410858408704
EDIL3,-0.027570125178157337,0.025520004187844652,0.00364645038909136,-0.08842118753285046,-0.08689342910038585,-0.04624682396924112,0.012126635996924073,-0.027611083646494176,-0.015566944735074086,-0.032260797447239434,0.004612365277174049,-0.0769272162362665,-0.02475267612105475,0.059774939783321664,-0.00020457059816294686,0.020376603489827085
CD86,0.0038340693535590547,0.03570002023213227,-0.005018955280570309,0.049722620745313195,0.054596583491778476,0.01191613815043881,-0.017671390452196765,0.07184418504826091,-0.0077041697063400015,0.10254655231083726,-0.03884543832750396,0.03128758687710855,0.04713114162625244,-0.03286223943029348,-0.010603449618884412,0.01608316061641969
AHSG,,,,,,,,,,-0.028268108540858313,-0.021369361019559947,,,,-0.02134273965856645,
WNT9B,,,0.00486924952259397,,,-0.011080501763272022,-0.01979504784156827,,,,,,,,,
HRAS,0.011184882957740623,-0.016083587138287385,-0.02316214383999587,0.003686142042090211,-0.00463807395280413,-0.012300262953355243,-0.03170602783655851,0.008268853281969845,-0.06760774017783996,0.005885516422481788,0.10518993079933936,0.03803352117299285,0.04119799808873888,-0.033486364765217276,-0.044745934437314706,0.09691461037648173
C1QTNF5,0.077677399583947,,,,,,,,,,0.015481924471332871,-0.019285292426445135,0.0347140538407128,0.0934945242277952,0.07902819206646636,-0.01460748950114379
RLN1,0.09592495952264173,-0.011724781985055577,,,-0.019246211866473018,,0.031083873780991346,,,,0.1819487552674572,,,0.0015078043506968498,-0.02386102475336438,0.003384172235054807
COL4A1,-0.008738826085671043,-0.017774062449555154,-0.022594597456185406,0.07814383683469274,0.12493028643212424,-0.028578872273194295,0.020147205117998678,0.04917380024367985,0.02451593794385666,0.07879659741032548,-0.045826521541858,-0.02244788194616501,0.00036079918983436684,-0.016599678824134594,-0.052640218808494926,-0.06111264767802973
CCL3,-0.0028849869881192214,0.008911157458193661,-0.026692935687500363,0.023656736771103283,0.06780315207755697,-0.06491557970133728,0.003068546497659643,0.061018155724180824,0.03719466535411862,0.026504806638808127,-0.08852294002615464,0.05238631187185096,-0.041567620927183524,0.034244532108593545,0.03805647806894732,0.1226570874512816
BGN,0.006797807131926451,-0.02727568089150587,0.006952896530605412,0.0374689762305429,0.09717572311235742,-0.021944381872042982,0.014448055381215807,-0.0232312758135206,-0.012963448715674232,0.06087422118647214,-0.012077671081496773,0.0045947691723590076,0.04113000329973736,-0.06267374843722875,-0.054342140321579316,-0.03852545110811224
RETN,,-0.015803933833801385,0.04445364387436253,,,,0.0203740939146497,-0.02324798720234471,,0.07980847487892653,-0.06471164328220094,-0.03202627077606193,,-0.018766826584062746,0.02099370252819494,-0.03910389651552869
S100A9,0.00817975654561913,-0.04624988137612092,0.02380402454090454,0.07542394957798078,0.057787086265981544,-0.011680729184862801,0.0017350288779650112,-0.00960657900901248,0.07422187908469298,0.09063310448702137,-0.09828401993171974,0.03326665188850621,-0.009187585684386643,-0.04287636119446558,-0.007267394410252486,-0.038609468379665765
HCRT,0.07008375907277074,,-0.015128690672001642,0.10216287431237517,0.19530788481801825,-0.013281316060611944,-0.012149685917468771,,0.05171143855397991,0.04790849752384294,0.007353008136274051,0.13390696968218566,0.002397557927887813,0.05702680997247818,0.01995612191512084,0.12452224811576329
FADD,-0.04897820376865839,0.0008197832455786863,-0.0018163169640589844,0.0842997013785669,0.09992158105435686,-0.0421839237701698,-0.0179541132755539,0.013716682295244092,0.01365646907569398,-0.029891086763695722,0.01007325120400627,-0.09185102388771853,-0.03525130581170326,-0.01467214070194781,-0.01623371400572763,0.0739706443496931
ACTR2,0.016575314386885788,-0.03103581264208321,-0.04496338302087854,0.04496020333876259,0.028500994334817672,-0.018546537516997322,0.025863425166654668,0.024237288105409906,-0.0627956191913968,0.02343089120136739,-0.07703889446080517,0.0003112499914248862,0.029755930187307315,-0.04638667945256109,-0.09432653808129395,-0.09130547015493297
BMP2,0.047862564349765414,-0.010957297968665155,0.011486961840706937,0.05086851242906753,0.015101554179340679,-0.006546817376561597,0.021865272897409152,-0.003642309702785285,0.03077627238716294,-0.040017672513877764,-0.01836483890921152,0.02276413005429765,0.014369525522040105,-0.030985014378455238,-0.00020952308566812793,-0.008658526617748918
PDYN,,0.0033614893590609776,0.008099448234857679,-0.028653420582180313,-0.050476113738901165,0.0017890700123779264,0.01766719794144495,,-0.019692126215066746,,,,,0.030700748048591603,0.007789383791971172,
CD55,0.02524597197000141,-0.053224506129587845,-0.0040777438208382715,0.02901381421186152,0.01213933652238669,-0.021084722096330343,-0.001379354006025749,-0.006155186098472243,0.03937851263802975,-0.005615783335500554,-0.05053796089355269,0.08696271894643198,0.02462845287967317,0.06442745108089061,0.0033666363580242254,0.004488695268781655
OSTN,,,-0.020561849548702195,,-0.01486082964477135,0.03219732511927033,-0.009677034946539757,,,,,,,,,
PDX1,,,,0.06079858900290115,,-0.014217521352888366,,,,,,,,0.012847347278537128,0.032882212069303,
CD6,-0.02737562276010618,-0.023141769165864672,0.07740620246415297,-0.014712624058990634,0.059944182499297095,-0.01874969527003876,-0.0038570723716770524,-0.03924888694181957,-0.01815468352224938,-0.0413682028679198,0.12350855005748523,0.046597994179015036,-0.0064977449023861725,-0.02339263411973552,,0.025861825417537888
IL16,-0.01795351922453952,-0.04610487430289427,-0.025704195255033178,0.04292746948859145,0.029311638412123024,0.010389145737672204,-0.023306654890242768,0.035960392715084305,-0.03529913044873385,0.05974857178597802,0.07492658786530954,-0.002226003751068693,0.005557769058936176,0.05370532258907749,0.011743504037275665,0.056581513649949025
LAMA5,-0.006093370405613683,-0.0028190084484421103,-0.0686664140479841,0.050759096301789736,0.11783939119803379,0.009388106555944142,-0.02375166263173928,-0.00026785274353976574,0.10087493003669755,0.08948901040233875,-0.0666652698048004,-0.01622526446748743,0.0027285210855196506,-0.06924918034960031,-0.04605854044036221,0.039643122387541314
RGMB,-0.010291381527644182,0.051308602793587905,0.04131596070093423,0.08772494748641184,0.01306677148259499,0.0059023920381744395,-0.0075126717154020495,0.019036217946488704,-0.004418072663183585,0.01291208591617509,0.06867284951262907,-0.025205286414967647,0.0706586784587406,0.05681195972773722,-0.002251525883259788,0.02062557262324609
INSL5,-0.016268721050975158,,-0.0024874590719323776,,0.03580293756420904,-0.016972993438498715,0.0016310834675344408,,,-0.029761610157245096,,-0.0770533258732684,0.0008187131747479235,,,0.03453066800875685
IL12A,0.07137354614310999,-0.016061685609487304,-0.005181560774184496,-0.02036792163613802,0.058431330706686865,0.00486470586929377,0.04612586699252782,,0.030648368832718632,0.050965614541401374,-0.052603683978074564,0.039528449485823236,,0.09948942575933375,0.058012858192564104,-0.06107299498596265
S100A8,-0.05493071646653537,-0.05775876097527025,0.03285083863179118,-0.007466241751161261,0.0927935165755361,-0.046178753994902295,0.0006892691704710054,-0.05940741634539354,0.09134325624906148,0.10406609418639226,-0.10858085113725746,0.018935966916083735,-0.013897198971430168,-0.03376295019318181,0.006731996424801906,0.021115593784977738
TAC3,,0.013145034375639856,0.007732762434362439,0.018249577723358883,-0.05158502866329326,0.0965489915391215,0.03254267748515017,,-0.039236190550901134,,,,,0.027917617083295036,0.0022508577489804196,0.1025292633663605
TAC4,,-0.0252328054070898,0.013943488584718675,-0.01614318013623862,0.06256224149847896,,,,,,,-0.0068230119005730705,0.1638854715439144,,,
MFAP5,0.012111034009912635,-0.012384878576764525,,,,,0.005249284719475096,0.03568903204396383,,-0.027883630373264474,,-0.04714742675855751,0.07464023638941106,7.722589864503331e-05,0.04608258687236373,0.023563732199744558
CXCL16,-0.01236909908767594,-0.009473961151618504,-0.0035492317724569898,0.034110098150753346,0.11906253189309293,-0.017762455991278965,0.028743624752089664,-0.00037394113694151653,-0.06255553479532018,0.10803808387798713,0.05300666667142115,0.09051555612148585,0.03522493938649097,0.06227611686349171,-0.07584412259179475,0.009282880370734332
AGRN,-0.00016018056040793086,0.008055302989798181,0.001578807227525165,0.05000465175637086,0.1128479307319898,-0.008136939270336692,-0.00044817814215489206,0.026453930776405423,0.026532103979488783,0.06534600297868973,0.03217467861577145,-0.007408137277000473,0.06452725444235519,0.016055320115308445,0.00364566432612956,0.04542558090083187
COL4A6,-0.02244706526390186,-0.015803934114669703,-0.02005104330620548,,0.06008946989558911,-0.017050241804722047,-0.0032380014358045104,,0.007299491906923018,-0.05081055446574059,0.18419537430647986,0.02019462562357881,0.0021479219570643966,0.05392522754633084,-0.0047762632926332356,0.09371353322980738
FST,,0.0044997940070821,-0.0051426001638606765,-0.04277108245765747,0.012572246800758398,0.05292411333570842,0.05172279508227893,-0.005980129802026499,,0.06981675629253462,0.08984465383212169,-0.016293696645154,-0.031758620503408004,0.04149210537798225,-0.012778789102217742,0.046129531632811444
MEGF10,-0.010938827148492144,0.06248347982358034,0.028885800342390525,0.05939083007831779,-0.06867612865579059,0.004853495166676193,0.025904419458320515,-0.026043470035420898,-0.016907896458116155,0.04572121893207725,-0.008721519693594838,0.04176410897675529,0.005295231344783156,0.05244837361836698,0.01251007467013174,0.12008456783757418
C1QB,-0.0022709056805698866,-0.024448456004356762,-0.02378234603055293,0.03793541021180007,0.0631232492192869,-0.11192054229387634,-0.007240471195582108,0.04128809390178608,0.039255827805131226,0.05998000717987415,0.12265870205307165,0.10344598282646657,-0.02777759665359393,0.03564984766228344,-0.03539196341303251,0.0489330246065469
HLA-B,0.015284115434971081,-0.028381516054965684,0.032197796565536015,-0.04071638428339085,0.11831268999950117,-0.0567671058969018,0.02286273846067934,0.06533890448936039,0.03508225859511116,0.049518306738274065,0.07235429195031537,0.04521178075293832,-0.041507625109373544,-0.02607601154290945,-0.016861245619520307,-0.041752446125809986
PDGFA,-0.05007205189407694,-0.0018597506494558895,0.018763110933904315,0.03812583832233042,0.06274758540731981,-0.0005299310103494638,-6.682364044615582e-05,0.0518616042538396,0.03541021281314475,-0.024628774246651663,-0.036052946331673816,0.009699992535458342,0.03818689520236503,-0.06540919833190675,-0.024138315591422228,0.0032889248458897943
LAMA3,,-0.020948217900814955,0.023917958206514895,0.013337327007653603,0.007797078178198533,-0.02136464079270273,-0.01841946240573261,-0.032256052744374646,0.043285200223891346,,,0.014291195011537588,0.08612708402448237,,-0.01878514026510243,0.06601366989132355
DKK1,-0.016762079751765375,0.040499010314393964,,-0.01332158633399901,-0.013230560400370812,-0.031529241942741676,-0.018331400816025092,,,0.11231306694171467,0.022748573426801873,-0.0011602527443221732,-0.029232202602632783,0.038160776922164755,0.03401448242040037,0.039374894396164546
INHBA,-0.02091067945837025,-0.01430012573672325,-0.014157239732216404,-0.03281328034516989,-0.04730029238220602,-0.002221859428703083,-0.026902085205007913,0.1027723626548377,-0.029077806982358782,0.016109046662656105,-0.01668694262121723,-0.035682882506440805,0.027292466220931285,0.028369123864724184,-0.042804405992672476,-0.05203905850851843
LEP,,,,,,,,,,,,,,,,0.03095576995504433
IL7,0.012367540389299726,-0.029726160229374802,-0.024315873772501086,,-0.017106946328241987,0.007288764347107607,-0.03446425171252327,0.0016009935229190358,-0.017614512740171184,0.050864659934508095,,0.08907208898115575,-0.028047103683883568,-0.03751103201635448,-0.024594751695181438,0.10609324465065371
FABP5,-0.016410373712644984,-0.01919631698244547,-0.020307127845842102,0.07064829882689933,-0.011913679260469922,-0.04930103370462089,0.0025226646013766746,0.02766744813285268,0.05928771210334098,0.07475717369448277,0.006348873943958476,-0.06754748503592395,-0.04341625080284137,0.04690036733861945,-0.007719832877834048,0.06554183988890203
CCL4,-0.05001504617026529,-0.0027593560897483517,-0.0462851225145767,0.06265160490719454,0.04666216145466793,-0.053292535398364406,-0.0337467489874412,-0.015409331540285202,0.04312903536008561,0.08280799097064324,-0.005635939961770142,-0.007327798273791484,0.05486233700979944,0.030547056508659968,-0.025004275101358865,0.04963026948038964
FBN1,-0.014664750930540014,-0.034234101480508115,0.05747292281802988,0.04685491271303541,0.12870471918777684,-0.05542527299198795,-0.007457415511563483,0.03484777626042744,0.03123363139847048,0.07778600168060586,-0.05769082040211506,-0.10572456305098452,0.03769890669407659,0.04335807311252715,0.03484559041149062,-0.024020125194156926
TCTN1,0.016215167691201494,0.0207193688915502,0.04196652963705486,0.026181857637783773,0.09297009178021436,-0.014836081098310552,-0.003764031685458154,0.021974524610321518,0.025518760031765203,-0.015469471537157352,0.06288756553398138,0.08387760526574156,0.08585052684614213,-0.009691381588743374,0.04059391316368288,0.04332354971760082
NCR3LG1,0.004039832131743286,,,,,,,,,,,,,0.010333997061121482,0.09087819926731698,
BMP7,0.09092488983552673,0.05209861619421822,0.011096582450463513,0.027374959752503505,0.0381612944565158,0.01617313744662033,0.023784975902246742,0.06511538382701977,0.028186188957500847,0.006676785821512462,0.05685510162700319,0.02340636983660833,0.011189662728939464,0.03859542130456462,0.022240496536440765,0.09818836691606235
NLGN2,-0.011497777822656414,0.00437695137446076,-0.0224910630167255,0.06121866517334553,0.0605056969990047,0.06847122031957317,0.026037504414576907,0.04969471966799319,-0.024751062817017708,0.06325848093236763,0.08545202747966704,-0.04078732667413796,-0.010159548163535972,0.005423208732607738,-0.029520546612342723,0.09291936996032514
CCL25,-0.016268718903219348,0.05198938414241487,-0.025007304127936687,,0.0035044215976764563,,,,0.031490308313351034,0.12037285110387357,0.07088452204137471,,,0.05972253085283322,0.026125817720658074,-0.023329247001069538
NPNT,0.048694923927458576,0.005202802473394718,-0.03366769531515665,0.0599708958654195,0.1070664094594119,0.04384881347808615,0.04988222008206847,0.05918397558239394,0.05007024684229068,0.0025974314235101812,0.1087578934351822,-0.017506738865907322,-0.03960932595896478,0.03444684109980312,-0.032058646704352836,0.1039894311233841
KITLG,-0.017963457706646525,0.006825911010465478,0.029632986398521608,-0.004832200241860712,0.08470274769157117,-0.01663540612680871,0.02695991735894617,-0.007762374253064056,-0.024714335839919752,0.05234448946142313,0.0999304811834082,0.07993931427634186,0.002249240623823911,0.03342315378465658,0.05150635355129753,0.06518112124672945
MADCAM1,-0.016762079751765375,0.03728035192692566,-0.003943540151677384,-0.020367923912878748,0.04249196061835594,-0.018607277738890055,0.08843980059074474,,-0.02524498658513758,-0.03323542751831713,0.018548146502641416,0.018261303662545893,-0.04099076322810634,-0.024026296351237698,0.05126286919041224,0.05593694069479521
F12,-0.033946660744940085,-0.05676404052976798,-0.0025485435727088074,-0.026387290005930385,-0.0028882921138338722,-0.03364472809759664,0.030971774342921022,0.06772485638927056,0.04259923301746302,-0.04292638233968195,-0.0036755975825504906,0.10217213651884145,0.08752910138047323,-0.011107332573090736,0.015069724935180256,0.1692792476363833
S100B,0.07732383595615065,0.11847951859854845,-0.08793818911444817,0.039441427294265474,0.016696687730222145,-0.039619627685568544,0.03713739176322308,0.060350155011750325,-0.06161201653481468,-0.08726398290052603,0.10628797460807282,-0.07333536949068475,0.006326454600379139,0.07223674038837938,0.061450533189833845,0.1242891196794123
IL27,,-0.01751276220690759,-0.003166538608796005,,,-0.011856741721197396,,,,-0.027100048839734714,-0.04569968361389954,,,,0.03337648763171861,0.06597622677244884
CD99,0.08056506280054396,-0.06434043017331628,0.01554308871168961,0.06289543993579895,0.11070287722242216,0.018022664231746127,0.021927164693068126,0.005452003336926707,0.03906558600514223,0.12359596245706045,0.05111599791358294,-0.006285370177543344,0.029001804414657946,0.024320879015321806,-0.024180447844850766,0.046846689024695375
PDGFB,-0.036219313941369936,0.018363255129384425,-0.07546057665022925,-0.02670441933983547,0.0036267966450349138,-0.06858518058434979,0.058636271218608337,0.05456798669484314,-0.015926982310047764,0.09177877114317268,0.024355027924329895,0.06583820659069475,0.047979910488902745,0.014138104891315666,0.039729404946196714,0.037650117444654706
CLEC2D,-0.046812700349264796,0.04512839694734508,0.045459734552460634,0.07724928055240865,-0.005063031782400179,-0.04609252965537082,0.015033032021400279,0.06917429680322716,-0.033829979453459114,-0.023364219226379285,0.14297455868851228,0.05133531013835183,0.041397301775395544,0.0071748293499650576,0.06837546824684604,0.07753195675128613
F8,0.01582403370791374,0.0017026119292509801,-0.003783165284091031,0.0424907118173523,0.08189582526810524,0.034388896779790505,0.009112488985145037,0.029245428216818244,-0.003154444776208016,0.1167386371804338,-0.03553454205969656,0.0495265210609354,0.049670002560458,0.09803721596443686,0.07980795583883757,0.1442320004030549
C3,-0.020994594199729585,-0.04509928559658256,-0.05500756083048993,-0.02270651992744587,0.05441851135355224,-0.011350717634966666,0.021892946554556206,0.02114115463874812,0.0687125513453351,-0.011504627302453021,0.09136271447560221,0.02748262227328463,-0.04820328613810681,0.02295333782268203,-0.097992212839492,0.01532784891140228
DLK2,,-0.019017066430014516,0.003489970574051278,0.10730126527795104,-0.03667511569679895,-0.01585294309223144,-0.014666095360405237,0.04186188145771865,-0.02361863700030866,-0.02504463950638326,-0.11340265836250622,0.004341410273750103,-0.027743935017412315,0.01712164872556182,0.06919406189380456,-0.031207674322169594
TSLP,-0.01651712583949131,-0.03563079030944781,0.07165526727244108,0.05245480682456053,-0.02129764065170204,-0.022849508067320945,0.05336251635362409,-0.028116887889137927,-0.020500348319583646,-0.0361143162172963,-0.06791245440283511,,,0.06620130610135648,0.023188639422743896,0.07046157958005377
OSM,-0.015760859444172316,-0.007056125916449199,0.017239008395760848,0.017726068951334165,0.09576761690706188,-0.01655074879838854,,-0.013413216982338138,-0.03592964756089632,0.10688062544298378,-0.05981625943685667,-0.10742341522946049,0.03502419752774741,0.04840432823643137,0.02877200471610816,0.012639672099947845
PRND,-0.01676207766343037,0.013131688507595076,,,-0.015533292828522406,,,-0.005844091505886844,,,,-0.05331570097632279,-0.01087811175099011,,,-0.025089244074778038
SLPI,0.008660167546468448,-0.04574900912517925,0.07415171767128574,0.06603062583084929,0.07255563766894982,-0.007643784061336069,-0.011131746050446277,0.005794194090101418,0.044733584645159044,-0.02360844269688525,0.10209613237025103,0.036908704661468165,0.051324085106844726,-0.024591345388742598,-0.05405679589429453,-0.009970827187477391
AFDN,-0.026286429905036313,0.006794751768320213,0.03908794922140643,0.054414151237819564,0.031506084878421395,0.0036101703573399578,0.0009497627184643613,-0.039396880224905326,0.04981608841354988,-0.02032491341561174,0.018404968847213737,0.03317962176961433,-0.08681883577109775,-0.03968623457796257,-0.0031710927621811905,-0.009763347269650075
KISS1,,,-0.023606226824665403,,,,,,0.0019873168438461256,,0.013296441597878947,,,0.16895984626604135,0.15182220273733688,
ULBP2,-0.031507138613119164,-0.03020735351333298,0.012449356933882022,0.05583817091591336,0.022061045671292974,0.005187196100574853,-0.02506783663688988,0.08081351337044548,-0.0284894730772532,0.11448451045507543,-0.04257107496350155,0.01923293203889501,-0.032828286354740624,-0.017943967616052676,0.02762911880299259,0.03380171268703103
ICAM4,,-0.011554150678602895,-0.014689623301411285,,,-0.013756756468205242,,,,,,-0.05171931896186041,,,0.09110898925569351,-0.020046813853383617
TDGF1,,,,-0.014206026191231059,,-0.010248876849076832,-0.018707123517118163,,,,,,,,,
ANGPTL1,0.011339937559840923,0.05293689243787709,0.03884553856450493,0.03453414789023396,0.0010383335254109173,-0.02441922461437383,-0.026808834587312577,0.013706622798060626,0.038847134260080185,-0.028268110100988227,,-0.0006972854047274552,0.06863162792399669,0.08812256929686477,0.06916634765754592,-0.014871601273079392
LTBP1,-0.03241312739211929,-0.022312422338049025,0.03071910559878983,0.03336183326170784,0.04085732342716229,-0.019842474626243035,0.0062153498680232655,0.06170843407030748,0.0022208591387363192,0.07841147459830411,0.07319016936980757,0.013335012776854912,0.01224588888496154,0.012230611709184318,-0.08326216240875493,0.0276949436836882
NTN4,0.07014881619044021,0.036238672555793244,0.0315339410402507,0.0014662000446180473,-0.026208020345920173,0.030727098726226563,0.008927130461800286,0.039954066847351956,0.031066560619429685,-0.017324385629455853,-0.01581078113209024,0.04497290365598107,0.059752436501084305,0.07695229896620195,-0.00262376888534542,0.0415959852191582
APP,0.05639880784675682,-0.007992322194240216,0.02273922498170834,-0.06119347987759896,-0.07028506230819674,0.018703400655898386,-0.022981693660705134,0.016655618026442977,0.011853678321848167,0.06682360450883573,0.034425589804726514,-0.026193316947210964,-0.023843635268412783,-0.04060659384953752,-0.0414890306351429,0.008540690886111497
RIMS2,0.040439884971812896,0.05486680739297158,-0.03654053419796521,0.00507701222005483,-0.0595409694503745,0.0744829451338915,0.04662613459738681,0.06304644892430664,-0.05540742163011391,-0.0013027421485518587,-0.039514643470996584,,-0.02277584647002051,0.02059297506278721,0.007518273497738918,-0.03445176279552268
WNT7A,-0.01724216512278489,0.01853281620179702,0.07166131807076752,0.05561215460312256,0.09452320247354909,-0.05012450915448743,0.013742647634495205,,0.048720693099004654,0.009467996972137651,-0.05873999837013813,0.015872742847214426,0.055310254584130226,-0.017357630119895637,-0.007774244024419892,0.03102400813231577
GAST,,,,,,,,,,,,,,,-0.02110006478694144,-0.015453614231281504
GPI,0.05212222848882401,-0.011950487537779737,0.09933409266867918,-0.0362726312955653,-0.0045684976518122105,0.00961376388557521,-0.005962084755705165,0.001338103271302931,-0.010036079578598278,-0.004276009299895728,-0.029835705767884572,0.018235559221423617,-0.0381828207272755,-0.020257317781049812,-0.002859830607086171,-0.05138177120794869
IL1B,0.04494041925539742,-0.017133264626818644,-0.04355022497099757,0.027612224359390324,0.02662762373662583,-0.03450078455864735,-0.01875565573937882,-0.02177709330178061,0.028755304398562657,0.09805008272635737,-0.1389523964495554,0.11852353792650379,0.04298405565270282,-0.010774328044892452,0.007118044707719821,0.058244862167853524
SFTPA2,,,,,,,,,-0.013969065330621139,,,,,-0.01945173038182653,-0.018233281988202468,
HAS2,-0.01762453150695643,-0.09564372427833295,0.050990926579398556,0.08521580531532381,0.05186150383001743,0.025778191717131572,0.016056328161215005,0.03231034268007437,0.023125183396847795,0.017190566020987518,-0.08471770485987326,-0.023339611859425857,0.02729343375667748,-0.06181678886993727,-0.02358626413411205,0.024403140506857424
IL11,,0.06281564690656437,-0.028359470888863845,0.010199717619647877,0.009460699377440287,0.0006563196938535695,,-0.022524077602963245,-0.015688814274712956,0.00035234380309503597,-0.018069176649161408,-0.005071537255272432,,0.050274370064309334,-0.02220929415552347,-0.03518433596766814
SEMA4B,0.005612830621567334,-0.017006699796628746,-0.040052389501382124,0.017418303599521012,0.14308275158558956,-0.027246825889760243,0.05607038933676612,0.005280099285311695,0.004877878926927804,0.058548023005224235,0.027922254402292786,-0.018613243016467485,0.0072267633709194425,-0.033171659150018275,-0.055007770606039855,0.07669874850099459
FGF12,0.065777619152235,0.006456835393144293,0.027348115168374598,0.0756339393343466,-0.04510761937225591,0.02864216505176962,-0.02546996556348252,-0.03855827632680361,-0.055883984474400766,-0.010190947577274734,-0.04626619550787514,0.037643213557153395,0.08010159041816377,0.11262275013451728,0.025983592583285725,0.04066669493504115
CP,-0.011979174477055031,-0.011107667395420247,0.05214712665964223,0.0733250860051407,0.012200751788654866,0.006843502039210605,-0.042381804251995274,0.04323039468852972,-0.025893665433127547,-0.05659508145405274,-0.04201249650440216,0.0925721447296765,-0.06019434867968823,-0.06266712861265542,-0.02567406640833966,0.004914342445848542
NLGN3,0.04926707454219975,0.03926256060869727,-0.053321609192104436,0.012880181966207369,0.024766231891778685,-0.030245838632303935,-0.05477448260461757,-0.02159375825349965,-0.030041165141532596,-0.0650785871463491,0.12496949343745634,0.10515088507409312,0.07293845357164622,0.02967972661720777,0.0287575854730451,0.14597583932356442
GZMB,-0.020711445859189603,0.033374040279945234,-0.0029544823992886118,0.01254742330008231,,-0.023268184278253702,-0.01590684386194775,-0.010931434864811034,,,,,,-0.02791993320339552,-0.026156815481835915,0.009518090373294607
PROC,0.028287177625864357,-0.0239538885744653,-0.01810638521958514,0.13389721375793026,0.0038596403354315793,-0.01985749616695309,0.03206251881360859,,-0.010028666858450804,0.1109202440099296,0.06124832978313049,0.007961254778658831,0.04041146224163788,-0.011987466701775949,-0.022288852224570353,-0.006053599128845551
TNFSF11,,-0.011893068054616018,,,,,,0.05776488696087873,,0.015933533185515276,,,,-0.018411686968020164,-0.02228884366079568,0.020119525120905007
AGT,0.01986488790561054,0.10281567347306239,0.0579623902454899,0.012512603954508683,0.089110650772888,-0.01654065991072032,0.05602322884212604,0.055712113066126986,0.11015377893263617,0.05604278289165544,0.04887230040424857,-0.07224703007403865,0.03712271082117274,-0.07996637794817632,-0.016201353930233826,0.10184275278551942
PTHLH,0.06231113102244401,0.005719895173852387,0.05611259550521104,0.002144393457267785,-0.04778968867090597,0.02787126754008676,-0.005249084538074496,0.01605454456186724,-0.028706104449492124,0.007759858108129248,0.022443863389713624,0.07452672764606537,-0.02929351501105377,0.05228490554890853,0.050596852496847575,0.03302745829627857
COL1A1,0.0454147452964297,-0.006875466015752227,0.008792810540837134,0.03805942967454124,0.13896722660318303,-0.02047452794612626,-0.027066709621920797,-0.00288571836097328,0.016214546703147023,0.11891186142872823,-0.006638023176032961,0.009790097576674806,0.00880076462875093,-0.08546026444294672,0.0015430075838476478,-0.08580513052316627
LAMB2,-0.007349401281115825,-0.02625152358320915,-0.026061655457841816,0.027533416505068593,0.07769244049915545,0.027564728913363125,0.003320318058806753,-0.0026587675292753673,0.04738429518604052,0.06677942617580823,0.10436184462725545,-0.012331460691792459,-0.06525847096292765,-0.012291593800982903,0.04905026251981743,-0.010708010338514866
DSC2,-0.034859358862448724,0.04965573331749181,0.022104833572629885,0.04838802913387819,0.08728881093041405,-0.008897179454492539,0.03488810124391095,0.05478323140659544,-0.013629868922624126,0.021137582733332053,0.06258214590901796,0.057197953166210076,0.029363738516431644,-0.007459793250221484,0.05513074464037683,0.05782578146147331
WNT5B,-0.01621913633199698,-0.024916784976272935,0.029244315388946424,0.015948298479538665,-0.010961587399406697,-0.024030397625693384,-0.01805529688924036,0.044723393620113905,-0.019986929345974992,-0.017348537100889218,0.013536893706321747,0.035083169308578147,-0.039873427791336034,0.0034910381427657247,0.04610624755911249,-0.023497563037638072
LEFTY1,-0.01861305994386317,-0.003519355479283675,0.01985207242927601,-0.01829779167380817,0.13943084201064218,0.022833383902185707,-0.022462661109364575,,-0.016722151029815648,0.024682012109780167,-0.02142325369101101,0.08799481172457795,0.004542118185828938,-0.014682775273192986,0.028106497229255515,0.023229593216474997
FGL1,,-0.006835411305243764,0.01950079550681165,-0.02133591509622237,0.05891683145700203,,,,0.004355454334068527,,,,,-0.02699331619791844,-0.02956777779677387,
CXCL5,0.005702120071128236,-0.019082969297975386,0.004913436850791399,0.1137023101480052,-0.015367752736067825,-0.012485869978753127,0.0353626819254468,0.0701432204412033,,0.05509197324740967,0.039715765031217126,,,0.008820198273607556,-0.028657923866748442,0.061336575892924815
S100A1,-0.016971098915488026,-0.04108275549611962,-0.060115042451743074,-0.07983734555563657,-0.11041941131244246,-0.03467432265526315,0.039891798578031025,0.03363274767143872,0.06222026080039779,-0.11732252342957554,-0.003401733692305597,-0.09524652534533459,0.004244364125499269,0.053237786590874935,0.025144687588050354,0.04160885828360865
C4BPA,,,0.02399666102704322,,,-0.014840537938206284,,,,-0.026295430429433417,,,,,,-0.028033374100697048
NPTX1,0.10536043121046028,0.05486954687634858,0.005962779562322871,-0.08112221770155738,-0.06432642411183617,0.021855862447386215,0.05855670216259478,-0.022153666870172162,0.0005901037442367873,-0.003749857566821058,0.005759142223546058,-0.05297623477592664,0.013114820826169772,-0.03329425454222683,0.01098526061221962,
TGS1,0.02637030048548926,0.025228953243024866,0.017785360587751296,0.04137943397455514,0.06260563664773747,-0.04060405495614822,0.04911806148205222,0.0705582995566051,0.02380293474020745,0.06358580286869348,-0.003020700721716468,0.003852598287303939,0.01726720920195065,0.02583626264573933,0.0010529897952307197,0.09684851635534625
SST,-0.021498384271415937,-0.02741324799482322,-0.04125676721380929,-0.007924822267882785,-0.07688868920667034,0.008059109172561373,0.05446432044812378,,-0.03605381028712139,,,,,0.0456016821052086,-0.008616520663370689,
IL34,0.005328906094733809,0.06699850752407872,0.07945555362817014,0.006487560035994263,-0.016421070077835893,0.013049315140859304,-0.010223519231127198,0.005938888828678476,-0.031771489491151626,0.06070743883253447,0.012035436311799293,-0.10132578995347503,0.007789619145758796,0.08250764415427904,0.07239641892439345,0.0720257783484532
DHH,,,,,,,,,,-0.028268123752135974,,,,0.07100135911446773,0.046968556542875003,-0.04140201491739518
XCL2,-0.03150713804181645,-0.013316776290072399,,,,0.053570915379454805,,0.0628595937060733,,,,,,,,-0.029261694378805745
RSPO1,,,,,,,,,0.030469698044858145,,,,,,,
TF,-0.05207163974629027,-0.01110615758798917,-0.004978993385193294,0.04456906818133292,-0.10582171615257363,-0.008298528203571088,-0.012388922865726735,0.03393241154349918,0.03200364013364075,-0.055036013723682435,-0.010573400409688042,-0.014257201655570826,-0.014367606763638931,0.021049473802323113,0.03983550217843866,-0.008434508215651748
IL33,0.06493058929122111,0.02933701936568648,0.005218470078385367,0.07564239956869434,0.07158618017088896,-0.021015323048384858,0.04197191675239094,0.04001608074649225,0.061882803578030596,-0.03069532413997905,0.039787461227222085,-0.016769730547093083,0.017759481347112593,0.022612140300326898,0.027449812732313,-0.006440938434264752
RBP4,,0.019851035733469052,-0.009380162415313946,-0.013171282893652868,-0.05671830459512691,0.01428990272449718,0.04293988007113604,0.010603680951332838,-0.05827133182448761,-0.006904242677330205,-0.0349160942175595,,-0.04251786358935037,0.06599856504286944,-0.0006569845720721928,-0.018266849003606197
CCL19,,,,-0.015041467383759303,,-0.009480947714534702,-0.027103035253379554,0.0321442212023539,,,,,-0.020083343588906864,,,0.005566665132738354
CCL20,,-0.030174540470329605,0.011323884607371753,,0.06696331483029178,-0.028707664335006145,,0.00976676663012194,-0.014636599626024914,,0.030144417918935566,-0.017137582250437947,,0.01091220214382615,-0.029276070761887884,0.06827703773568186
NAMPT,0.02717293981886699,-0.11593060742480908,0.06130538279235943,0.007014502773813424,0.08674325254959712,-0.0005195428921666432,-0.0016133660764189337,0.04090739637235487,0.007439400608535558,0.04694557150503837,-0.11221643105158018,0.041359550328175704,-0.02880264174246645,-0.06730964996466039,-0.0586459823640748,-0.07841066644682351
