,MGH258,UKF243,UKF248,UKF251,UKF255,UKF259,UKF260,UKF266,UKF269,UKF275,UKF296,UKF304,UKF313,UKF334,ZH1007inf,ZH1007nec,ZH1019T1,ZH1019inf,ZH8811Abulk,ZH8811Bbulk,ZH8812bulk,ZH881T1,ZH881inf,ZH916T1,ZH916bulk,ZH916inf
IGFL3,,,,,,,,,0.06433640724759118,,,,,,,,,,,,-0.012234983224361855,,,0.046094045352149234,,
BMP1,-0.0993527851793238,0.1407524008342455,0.11843693969346673,0.021778600260556728,0.09037229392379288,0.07711413366128675,0.06612197364370626,0.06829217720159186,0.2685444124037846,0.013907154919658092,0.019720447460162157,0.12093463518377785,0.12158024968326225,0.05619979747434253,-0.005555471809408245,-0.03887563486058544,0.006861951846146507,0.11111264669748795,0.05292365267458352,0.0677712310026513,-0.0198273017057641,-0.0003745767817264616,0.12374565740384275,0.0801734284890596,0.032544392913335135,0.11141786549770456
NDP,0.06191428117295492,0.08035802568588216,0.05472949037597537,0.04376093537499838,0.10771147124557884,0.0296469360793487,0.02228596790986293,0.01937035449764596,0.0903486444474883,0.042510262642049344,0.007134161760854885,0.13076524171163845,0.05928022689669712,0.06154979825504074,-0.008147626849033945,0.050882832262836936,0.000384394671310135,-0.04626695227145097,0.014907773732916204,0.0614766567909422,-0.07807513903742935,0.09929141463489319,-0.02227535327679721,0.07630006753842226,0.03482449172116242,0.03331554986223789
TNFSF18,0.08987596631625346,-0.01704308397944329,0.034798132295831806,0.030681612459126317,,,,0.02979636973227459,0.05190047995696188,0.07552797343074086,,,,,-0.014382574931647836,,-0.04813909059999902,,,,0.008576171623139716,,-0.06481407944838065,0.0609746192208057,-0.031701889676687835,
IL36G,,,,,,,,,,,,,,0.030053584188362358,,,,,,,,,,,,
RTN4,0.15245329532700597,0.029672566068328396,0.053988480055233073,-0.044351902587420645,0.08416799280929041,0.1151885230509567,-0.008101203943130526,-0.09272923556696984,-0.3116599743909085,0.07778060469969264,-0.03150587692163783,-0.2870318557301752,-0.04312259188006488,-0.028266641417420243,0.13468062252823954,-0.044790261383661996,0.06380487281206638,0.019311607366943703,0.07852139001400325,0.07277862006752343,0.10939880024938493,-0.018689560944928366,-0.011265984419324254,-0.037864443011228474,0.07526181148650364,-0.03621714056531776
HEBP1,0.014674136659779928,0.11029936726585032,0.08939020996532969,0.06801895387609823,0.03938996104074519,0.003817879265845395,0.02380931815924638,0.018916938453692186,0.16554569267065564,0.001451652837857343,-0.046297491434220676,0.12530058982928127,0.0022661787983552437,0.11410067004948252,0.11107458189421736,-0.013235278630175784,0.06074497730768993,-0.009152459909973145,0.050845527921612184,0.08787751506141263,0.007837653772374026,0.007692575534435744,0.01636752108932107,0.0693669466416935,0.021289411874712283,0.15991148422335355
WNT7B,-0.015040639245284756,0.16642023083205262,0.005722881171499269,0.015546271509806853,0.06396087616327015,-0.025421048681868813,-0.009597829663464492,0.03367169639502885,-0.1358668060326862,-0.0024044127352604843,-0.013602940785855945,,0.09102428407363584,-0.05442222116910135,0.003642381611954084,-0.0037900394156496196,,0.05977719295931,-0.04301784238393246,0.0064359625598455275,0.0183616218817958,-0.0749747261949783,0.019145864479107856,-0.05261181069549029,-0.004287919269860135,-0.07686572743663925
PTMA,0.11071072376515793,-0.07540070700862857,0.015233231064463528,-0.02254342229342502,0.14576861567434576,-0.07401066804117,0.0209759119479215,0.11096597449968794,-0.1137579425563825,-0.007834921223897055,0.04983604120263098,0.40026949016496094,0.2523952713770007,0.05868596651006321,0.13903639462818682,0.12343364041390122,-0.009532811141601445,-0.053687784978826245,0.007414070762630008,-0.041146244708881057,0.018878105887031954,0.02623324262351503,0.0625607059014764,-0.003995062953267606,-0.05510432495215153,0.14315663780257673
FASLG,-0.04543537681774736,,,,,,,,,,,,,,,,,,,,,,,0.02165379032278216,,
CEACAM1,0.012788134698325362,,-0.010496882206161611,-0.029835255705026743,,0.01028384027956488,-0.017556988989335567,,0.0725025040150055,0.04548295106890773,,,,,,-0.05399767184526104,-0.07215465855039624,-0.010037196720653804,0.03478121774658109,-0.004108976671777896,-0.02327080834266529,0.006047056851676134,,0.034039960568077246,,
PDAP1,-0.1679233050645645,-0.060019530267644665,0.057636954204983555,-0.016220320995223417,0.009376952447451705,-0.00822754951242505,-0.03656063596143543,0.07415502800078642,0.22526898670549542,0.05759242800839245,0.008223777370696033,-0.0599058132619062,0.1309737898137424,0.07118739387093892,0.010533028756767752,0.05689226487928837,-0.030030049130134344,-0.032829137984269896,0.07893546452436641,0.007908941544044501,-0.025707130730393154,0.003094208205791097,-0.005837000072560564,0.07751544114140413,-0.04542720092024864,0.1598243862662957
QDPR,0.2201857669892295,0.06468729658557325,-0.09297990148813638,0.023612889826590575,0.07425648001747605,0.08127228576536404,0.09469072659063789,-0.05063495883484019,-0.17797199002468342,-0.01103430855483331,0.03307730988000068,0.3186362141709885,0.12736835547682349,0.01443440367085785,-0.007880998642313133,0.058425955883579864,-0.034281210188365704,-0.09637387416126537,0.021484423929117008,0.04744932289853921,-0.021563862588365817,-0.01111557403078604,0.010436957506047638,0.042479681394101146,0.06549976230945077,0.18932944714574546
POMC,-0.07435324802764047,0.041899512946072165,0.12231530627498201,0.04845430660884818,,0.044820521827618816,-0.014487880203022881,-0.010379773119708346,0.0524936487228262,-0.004390852510461371,0.02868389750465103,0.10450832665664272,0.04565758955463504,-0.015963496470886327,0.10983379345898556,-0.0011536206641494728,-0.008542140502445426,0.061940760113282894,0.060646378601949665,0.02957289806034236,0.00649241561012626,0.02564131175245539,,0.09798656849042238,0.08243052258303928,0.06191576782980716
CCL18,,-0.02841114530817847,-0.044983547167517075,,,,,,,,,0.1546094984939946,0.21016527224415865,,,0.008958502340573427,,0.027165853551264524,-0.009378514342607898,-0.016343436262489987,,-0.06871382982358148,,,,
CCL17,,,,,,0.024120629589395284,,,,-0.03517985901864829,-0.0461892561809101,,,0.0203407340055364,,,,,0.062042364862449344,0.025592790134509276,-0.0692865751783575,,,0.00176002893046818,,
VEGFD,,-0.05525842892539246,0.02645264444680131,-0.01150435950606555,,-0.039848080924698964,-0.06657153131977316,,0.07456399037517189,-0.053300817995949275,0.016208018317195698,-0.02827899411184809,0.10574237863526272,0.0502133296002287,,0.16755471100084818,0.020762923093282613,,,0.0032353828199562103,-0.0028547314141845297,,,,,
TNFSF13,,,-0.007775405966732594,,,0.008150717037192508,,0.026929763038359082,,,,,,,,,,,0.011016885061791593,0.061318447679758824,-0.03801635764852984,0.011793119167501686,,0.009888003697795503,-0.01973875407712895,
WNT5A,-0.08628857805854648,0.10968222309494505,0.002362597387491424,0.010708653755765194,0.14215907216652537,0.0603374759969922,0.04042786532342359,0.0712759977420631,0.20466018462416585,0.05201415687740109,0.06945474662871044,-0.004907210333412084,0.04333596159505069,0.08779974076581662,0.00423176608881949,0.037414869063750536,0.11060215237556438,-0.0057583472757705865,0.05242852179493905,0.07637248248510635,-0.0017464002574289282,0.0038437601283622257,0.05400444978033999,0.04579117677501061,-0.029570831990390827,0.030253265723673217
CXCL8,,-0.02552209237976253,0.018365467915223203,-0.026853505461408734,-0.19649486341885689,-0.16446423655130835,-0.058734541690311205,0.009619932452736315,0.06639798370328176,0.008322797327353934,0.017870403329020755,0.12314721535099729,0.05396693770156365,0.017973799703702425,,-0.021096848297577353,-0.01943127027280854,0.0030280949032407624,-0.047957344702995036,-0.10244992322786652,0.0022164998108860096,-0.08459929301269782,-0.023334230175876793,0.004938899381152485,-0.08895653487421476,-0.1090143083279048
GRN,0.2258563918737475,0.08416770457208571,0.1946379398004169,0.058998505626471257,0.1411205467560315,0.0829594589678269,0.02730146962353454,0.044497175435163336,0.23799274803386355,0.05141152371099829,0.044833691884556,0.30457732160404594,0.0027884104003981455,-0.01754898466191905,0.06181986032084051,0.06788672475897746,-0.01791064094218207,0.08754064115502973,0.13491124826310247,0.12389316403237802,-0.048333679291746985,0.1100219822816603,0.10244506212526253,0.07398955679604928,0.08930367671970585,-0.010205643789947054
MIA,-0.044342700242960595,-0.0134635527108717,-0.016888337633891255,0.010435605950073533,-0.07310320964564448,-0.08303202339357887,0.007639268317210891,0.059937036921340926,0.10900022273402499,-0.02252614556296373,0.005167549975146016,,0.04760134762684081,0.02639386838905781,0.039338515373527866,-0.12107248118443704,-0.003742481634808197,0.017750050030684382,-0.13651370233311927,0.028345519446610477,-0.011511534437840431,0.06568159221847715,,0.09959621433187,-0.012507983298109036,
COL4A4,-0.030605509348247524,0.07896866571033044,-0.0055865141010486025,-0.07334512819156588,-0.03350236933053889,0.017359222719614004,-0.03941128506304521,0.06611491276266702,0.0008658322952151498,0.015622537192284116,-0.03044974413992994,,,0.04093357763981118,,,0.11489631722108408,0.017123407420377695,-0.006732279547145049,-0.027684353572524488,-0.032783792481532646,0.03153074022012928,,0.014332682348350462,-0.0029752886129215286,
TAC1,-0.05480809014744024,0.0657092665696316,0.04444018958200722,-0.005069131878573411,0.12288173155104963,0.09037893653258276,0.012643476114747941,-0.041261186374571976,-0.22375355728887164,0.011549397346864634,-0.03457058184476593,-0.19294411879282197,,-0.037540696518684545,,,,,,,,0.025966519960595878,-0.03206900490384233,0.04812989375941192,-0.026196952655041014,-0.02735045868779595
RARRES2,-0.2192274456668651,0.0016574466308621788,-0.05566657624301813,0.009798879020136039,-0.07847825775705862,0.025152397240601355,-0.03736388311623371,0.003380714734925578,0.3093223162233642,0.08405042095006411,-0.0003066259778794453,0.11057727968777019,-0.08332781891082133,0.059111778262195415,-0.09542865374912851,0.02078894633497863,-0.0409114344062272,-0.013888402445366621,0.01962921196389747,-0.023460904415220033,-0.06808231361713638,0.009604534894708751,0.10011169126900674,0.06567401786969172,-0.04911265917448189,-0.043009128422081926
FGF7,-0.011651384206415708,0.05372586976467161,,-0.017328006936992685,-0.010499003491384318,-0.019725920688980637,-0.0030590820127789973,0.058547112848161074,0.07773649858182498,-0.007117828479234613,0.02171667243942173,-0.008698920132205558,0.03230099168019144,0.08641801891122315,0.02104632878550884,-0.001748484529120065,0.04094192794299528,0.07321347977880194,0.015036574372854722,0.05787831252332805,-0.012731647717329644,0.0035810506131302515,0.03611257511276923,0.112471786118711,0.05411298133560446,0.015617234415255497
EFNA2,,,,,,,,,,,,,,,,,,,,0.036293310978786186,,,,,,
HBEGF,-0.0194481885825597,0.14635363568070903,0.15325746674301646,0.020962024763929835,-0.010311157667631845,-0.047997593774092524,-0.014995691430924602,0.04774226252754858,0.16207423228317666,-0.05186297733596512,0.0026472749381326395,0.2110088685484597,0.1987492680889013,0.044941237094649054,0.056125210917050264,-0.040587591028720255,-0.03648144725117782,-0.01846490480012086,0.03932945213830371,0.04450427329781274,0.02055642949006017,-0.06419852634459766,0.0477636997404937,-0.010246420200703524,-0.026496591569804308,0.11342421350769939
CSF3,,0.031608964949037956,,,-0.03335221075106396,-0.1377413713565993,-0.017658432960330813,,0.046661316322188014,,,,0.05723756748469961,,,,,,0.06830951924626444,-0.017581805754096926,,-0.07450729288835595,0.0015843719431924749,0.022893688073713555,0.01887773040857911,
PI3,,-0.0031215500469480937,0.02592173604304772,,-0.14974145252368684,-0.1671999946961688,0.032190402618532704,,0.07613788575130652,,,,,,,-0.08317170507100782,,,0.022137641548165728,-0.08593930868313136,0.03212228339648176,-0.015370867703058115,,-0.08182162160168552,-0.08931441289584945,
PCSK1N,-0.224039291928439,0.09621615473397317,-0.028616689846212122,-0.01382424764973328,0.19140209532754135,0.1360853480120032,-0.008607290642974703,-0.030517256217603435,-0.1056601643991189,0.03434818592418638,-0.06174733183185414,-0.34544333776170394,0.08031796790655937,-0.03943266771936394,-0.018378443284438287,0.0852609893336347,-0.01763884574612691,-0.052227428137574014,0.013033239538264619,0.05397089840859614,-0.016976254683260646,-0.036087208103658834,-0.11271673225570049,0.021190921080389863,-0.0005257010259987015,-0.07765489133142083
NTS,,,,,,,0.058332358512138575,-0.02593993188979207,0.08270929204031882,-0.01799294793211078,0.06600038185562292,0.09029260832463158,,,,,,,0.008486877503637049,0.014345020730362808,,-0.044695148774562356,,-0.00740364856099245,,
SFRP1,0.08146054134831288,0.10862618982375903,0.11262159426146665,-0.00680920447898545,,-0.006891668098528954,0.013458976735910793,0.051807630755878874,0.025549241258849314,-0.010206964863482777,0.0011313865525825065,0.11277296916722312,0.09629217638850195,0.00944197288722605,0.017899820147081642,-0.010705958850155708,0.005112789116685418,-0.026440097129849457,0.03245940748104285,0.08213820789529014,0.02294892025384349,-0.014699401648649357,0.15034233718359685,-0.020509220038973573,0.013647514618377357,0.02103085419576479
CXCL13,,,,-0.07336099893123595,0.014767073091615816,,-0.03666885485981071,,,,,,0.04791604795265064,,,,,,0.09086263264527823,0.04575858418869192,,0.03197686792049392,,,-0.0642524481007064,
MICA,-0.032133920264883375,-0.07732222509599739,0.11841127299919521,0.017744132211155905,0.016717672888672392,-0.02110047090645947,0.004334754530425929,-0.004453713692914321,0.15865337329806287,0.0024850846705214255,-0.015669421866628848,0.07434889062554532,0.11087410904353875,0.0681696741682818,0.06417868997695353,-0.1270047430847159,0.09770359538279595,0.07958081003574152,0.0010262140264075672,0.05035896295279306,0.012455335953290672,0.023513178066757724,0.07126990961298714,0.117794870892582,-0.02474604276666995,0.03637284188659753
TG,-0.009150533624055865,-0.007054954334919944,0.013385636632453958,-0.0016766672141583358,,-0.004819126530534661,0.0011189735372891807,0.006790993707659734,0.04275146735826625,0.008868453628452927,-0.0316366586439457,,0.02643547892903482,0.07391973859227,-0.02984029762159613,0.02742749079972447,-0.045889304262616115,-0.026824913999322395,0.07343380343745377,0.055494070892486196,,-0.013269015261814824,,0.03276579237414576,0.030206919062649943,
ADA,-0.032864536547462714,0.028497586666053114,0.15388054846459434,-0.01676463137012937,0.13517815573962036,0.0006692253818083306,-0.004189113712447316,-0.033309143548445976,0.2067182263149127,0.04427645958829462,0.019726736729800753,0.15001229925745466,0.17061699349816567,0.013193873577180876,0.0295047094137635,0.06897668692236965,0.026570820499472094,0.00758182095767007,0.05725065401390763,-0.011183572110524911,-0.041357188862852695,-0.0018575415706502667,0.060398832172918776,0.17198556312426064,0.013960284116240257,0.010913141091365161
LAMC3,-0.09663548574478477,0.06370724669448541,0.20205083851214434,-0.0029672514706324863,0.17066333438697243,-0.046197269067330946,0.06916260466994816,0.03682679906608352,0.20963859037862181,0.07016890719454963,-0.02840126453262258,0.0731736782889985,0.13587924517674024,0.041008518503401446,0.1631380020998013,0.029557522541802,0.037137770152158814,0.0644522683879876,0.06179658454929265,0.1496102438975349,-0.025358394482908053,0.029143202635597432,0.08549838428738717,0.1344323274221955,0.07282107613145705,0.04611503109441201
CCL7,,,0.028648877024017364,,,-0.022959282336421267,-0.021628336643810184,,,,,,,,,,,,0.026430365044166456,,,,,-0.05010871513603316,-0.03759181380359564,
NGF,,0.07431388550552719,0.06709600873254805,,,-0.044954774115811086,0.03271776863688315,-0.051137335281987086,,,,-0.10275419725270982,0.08347695012821961,,,,0.01996476420944034,0.09235506065459877,-0.03594295688772695,0.04565402474084331,,0.07160947420728353,,0.050038657019213825,0.02102326033704575,
TNFSF15,,0.05933004195913604,,,,0.04070692848229199,0.04996113358602726,0.006611322677539105,,,,,0.007629372759510729,,-0.02880001289843693,,-0.07753325077610287,0.015410850915051354,0.015300174132309363,,,0.003249284506501998,,0.0550596998719228,-0.029315735309104904,
HMGB1,0.03463562549887465,0.06846099815385448,0.006190683073220514,0.005674848750171413,0.16248355229566264,0.07736127088500981,0.007162333668063976,0.11451974625629202,0.2604075565823074,0.025070986827611517,0.011764871230947906,0.19822465992475433,0.1885662949704854,0.0652365926097037,-0.01769208918558988,0.17071025573787713,0.1674349628136533,-0.10238780619563574,0.050972716159082714,-0.021642914436223928,-0.02530700539169814,0.03101808464324355,0.01425073253339408,-0.03860480343402428,0.08609565878501971,0.10402152139696481
ITGB3BP,-0.03795612261430511,-0.017363961666771024,0.036073725570541885,0.02691332577941059,0.10542093659058509,-0.004718151602203016,0.0483694973603964,0.02940621933901896,0.19575650457630495,0.017924474747589684,0.028427328566956834,0.04336375408111211,0.11172294309381586,0.06494448176292135,-0.10381927318802726,0.11253700092059775,-0.041835638741246114,0.009393741499884325,0.07786444676715289,-0.02021040341954216,-0.003257106542160049,0.01857881899202154,0.06523677067176713,0.09000416352741793,0.018734101707373562,-0.011156619467237222
AANAT,,0.046839283537192286,0.054158407222330576,,,0.019456831383515675,0.019734585184663055,,-0.004028002476371026,0.02230263532917908,-0.027532832492654192,0.06059181114305185,,0.032932473295878305,,0.003810638264880943,,-0.05839453170168138,-0.00966121827002789,0.07186191273919484,0.00984825833400148,,,-0.002214955987529091,0.019864038061745335,
RELN,-0.03504191621266235,0.02814506026735439,0.042272184051671546,-0.1317093289998048,0.020562002357667537,0.05108861249243896,0.043413953136385686,0.022162876154741693,-0.1045325603076436,0.023939847997183378,-0.02875962845144636,-0.06879780436669575,,0.011033663053750201,,,0.02048211282883515,,,,0.04114560656433637,-0.0626802046148601,0.10187044922204076,,0.1073298430494678,0.020101067574821933
IL15,-0.06741271090508193,0.05067415498194909,0.12363711134710438,0.02425101013334742,,0.019932463486646342,0.04186428437422199,-0.005097143837524969,0.07895766226377557,0.06274200690747891,0.014569826257686883,0.07166824597722052,0.0412921956891873,0.03615263132991457,0.03771653488143975,0.04181748717409909,0.005757816115927314,0.0584574323859033,-0.0039394733236555205,0.040585234529808015,-0.04030705721500787,0.0021183284332827747,0.011245330064121614,0.11448417865441499,-0.047965068715856866,
UTS2,,,,,,,,,0.133199309437171,,,,,,-0.0393196888093286,0.02676774644107856,,,-0.027943610233156536,,,,,,,
BSG,-0.20942517453331502,-0.004137396204203686,0.018452730850191328,-0.04486898448012206,0.04720370633389926,0.005152740696142948,-0.10926418431681488,-0.007091190900349297,-0.05868514660330208,-0.035914454882848224,0.03764518784404512,-0.21800222132741084,-0.06185815097624869,-0.014056008983937242,-0.07440217525187844,-0.20285295917358467,0.03147990812425427,-0.00848084414454055,-0.07244874895252987,0.013319712650127696,-0.016801860904986966,-0.010778637002763745,-0.015107662149177891,0.04499676874853022,-0.04891827329131925,-0.04823781312026947
ADAMTS3,-0.1847386374328729,0.024225890683607046,0.06681965638046226,-0.0029271814620276584,,0.0280418903686084,-0.02126058672529749,0.06627535607064279,0.26338504765930865,0.030759250184401246,0.024308127243740277,-0.03371899160397394,0.07156676304360744,0.043006919150096745,0.07235794894027218,-0.048467243326753257,,-0.07988938080285475,0.037630892382409895,0.07336682820738773,-0.06782711848587562,-0.0026864231708672867,0.06217339655877694,0.14637665494616212,0.016322100063906574,
CD34,-0.1090468159922511,0.10312501574321122,0.14409897310026581,-0.01040480385329615,0.14807123342009088,-0.05858055982093918,-0.014034324966991571,0.09795403960070304,0.22670520349281661,0.03682118479906319,0.010602200627075918,0.016155199258332358,0.17286138286457411,0.01411447109187468,0.08518295569696756,-0.014596038606619637,0.04895666888193211,0.10664125160990497,0.05785415369171142,0.08005819209504426,-0.10875447373222265,0.06671759179897306,0.017995980673276363,0.05089711368315107,0.06125478597448817,0.08648348466622816
CCL23,,,,,,,,,0.020865166844042122,,,,,,0.006028530872644515,,,,,,,,,,,
PLAT,-0.23706906784272963,0.07199890233688212,0.15135404359206564,-0.004772128406476252,0.15013058885670588,0.12101409270614764,0.09455162591695129,0.07793812022255747,0.2290911618437172,0.017887843879468637,0.030183963707595116,-0.00082940742438152,0.06492097488144927,0.12131566744607634,0.032180352633785284,0.06514815066598481,-0.016443701242216825,0.08708356344052019,0.021128415446044022,0.1530568361901126,0.03652893923108463,-0.01732690200695108,-0.026448929424876283,0.07363848979881081,0.002959418265021572,0.08314241970382398
NTF3,,,,,,,,,,,0.004624796086733236,,0.029630799275196677,,,,,,-0.010971137218169173,0.09138950451891101,,-0.09700374256898868,,,,
LTA,,,,0.008325960188880294,,0.011050815048293255,,,,0.008703911760707348,,,,0.006941489804331626,,,,,,,,,,0.054819168247868796,,
CKLF,0.019616627093832904,0.12868849474004396,-0.0022771537543846204,-0.009245635037216385,0.08699046015492028,0.05964403506833816,-0.019803422358459232,0.07447831788165664,0.2587253985304958,0.020431039145459698,0.05043290041095356,0.32412920092130465,0.15482779134697353,0.08169962572531511,-0.09824605100963528,0.11399352415565611,0.06538123876717955,0.00666094338832247,0.05930433284829387,0.05756970686723636,-0.060989582068778705,0.10336342465974431,0.00454307394020277,0.022884656540304076,0.0676138571359195,0.029533033832128946
APELA,,,,,,,,,,,,,0.012025603081046393,,,,,,,,,,,,,
CD24,0.10518081717987733,-0.07332710903510965,0.07840758639868597,-0.038499401121631624,0.015615272103185442,-0.07104066332887045,0.05424571867460987,0.04098661233139833,0.06561817691350277,0.07541026108823073,0.056811623729958044,0.08691535180907319,0.1430141117430131,0.020495539999516362,0.02274776317307165,-0.0756395681015586,-0.0068451803700957485,0.01941904608233822,0.02907101606901446,0.007189418673607565,-0.04193115730075526,-0.04668951181979208,0.006109650881869775,0.04952655485075794,0.03051089874853721,-0.017010075983692814
HSP90AA1,0.21828347445809823,-0.08228664664438415,-0.10207386627022999,0.012069138801536289,-0.22440624134372625,0.011186967867654746,0.011770829346600861,-0.10763672393759409,-0.3061656461433238,0.0109193385959251,0.09514761327392932,-0.3596647692521085,0.037214561977070695,-0.11842914675052105,0.21988939932700813,0.13980449925682606,0.05222561948331435,0.011854065397549152,-0.03724578145905052,-0.17558301410371646,0.04379021200153635,5.3159729917302665e-06,-0.030209788903408225,-0.1160995118589793,0.015925177449153106,0.07371066011209702
BMP4,0.008577848970895504,-0.00907766253519654,0.04306945516988443,0.03275148094916599,0.06115796062944127,-0.02936615340686641,-0.00997602342855491,0.09428178700277173,-0.011775137693082874,0.009905260244182394,0.009485748442607649,0.006242253344501091,0.003805786578466348,0.03220083622068469,0.10848825203563578,-0.04618355269253576,-0.0840650456427181,-0.023615996681298403,0.03229367217274215,0.02179483398513033,-0.10412758155576178,0.02562937438243308,,0.06201456874835197,0.013093499648442461,
SCGB3A1,,,0.030227468353487656,,-0.020869073171423513,,-0.025104327241348545,-0.018678313077819263,,,-0.05001174417601566,0.011025290835942381,0.09295952770850864,0.06603515345912078,-0.03966236063798978,-0.13066188134788148,-0.027980841320890397,,0.004917012566234515,0.012413642202125985,,0.02820509136762194,,0.06355715479871325,-0.032031598702613705,
IGFBP4,-0.09428124524149797,0.1298569582622619,0.20413482290456064,0.017359591423495156,0.15361637223870833,-0.08527696232693399,0.04943526292144175,0.05087233844495333,0.2130991452217487,0.06808314280926316,-0.04303322103342686,0.17828582778100724,0.16159080089207842,0.093261631232716,0.20724405308517566,0.06752935245653126,-0.08358032280073163,0.05842775340587155,0.14111442427291274,0.11189816058213109,-0.041909393423999956,-0.005296865764206391,0.07007649513146318,0.09921335341885212,0.017578558057819237,-0.08741353357666558
RSPO4,,-0.039743069718604196,,0.008382822966186407,,-0.041769198802223025,0.04866479543894165,,,0.005035426032515522,0.026124308030520436,,,0.0321194658043384,,,0.09591527482826773,,,,,0.02649908548613614,,0.05895029652316228,-0.028559499861045532,
LEFTY2,-0.028553130502915827,0.05890582247364103,0.2061023554683859,0.062011011040865094,0.17604733207831594,0.061570337444479,0.025636552890596548,0.06283854015266002,0.1999934017795922,0.00581356454792136,0.003483768875232868,0.01522021761139691,-0.0474498116594655,-0.043632243985075744,0.2622026990158969,0.01681559274431406,,0.024376941095988935,-0.019199474162111253,0.005267510256670943,-0.06615735795776448,0.021571572585009625,0.032675621446763205,0.05187997852613401,0.020116519760492713,
PF4,,,0.0467065150326421,0.010367719092696955,,-0.019992207836270377,,,,,,,,,,,,,,0.0034250450603211754,,,,-0.004861962575276417,0.04020989577126241,
ANGPTL2,0.0028544891817695968,0.04256497380177693,0.08999943290526642,0.003198572495136817,0.1594379813975963,0.00010132437786898996,0.006457948544786909,0.08478589567084754,0.17363249551516982,-0.0026994372935665394,0.02606623654325142,0.17846226457705788,-0.053488716881141325,0.1249268461392699,0.14379407947541262,0.021311601188968233,-0.1267688465223476,-0.07518581655896371,0.028796778960387064,0.15180678363196048,-0.0402070479444162,-0.058362438163027906,-0.021761276807564095,0.14490890192822575,-0.03087115360870686,0.006164975151253093
LRIG2,-0.09319751052268073,0.03680876100791493,0.025386935016584396,0.07878518715320672,0.1185588896195444,0.02092299712117372,0.0001661986145788524,0.04822697921747092,0.11584778328835409,-0.004747108648580433,-0.01032369105807784,0.01025198281712354,0.1286593880103759,0.05206738215851785,0.0468055919486143,-0.12253577544466988,-0.03750689654953186,-0.024342023440902874,-0.0015479215938818398,0.09356388642369379,-0.046184248738334925,-0.016497907429546113,-0.03622411064927085,0.07581174264340773,0.024315728561463145,-0.03135127064225785
ICOSLG,0.11258053583555565,0.0633266219692202,0.09349396620861847,-0.01531062168552868,0.020736730498749013,-0.01535923179283914,0.034835705632656616,0.09008731396676298,0.1898967631374365,-0.008519306177378201,0.0008495726515883952,0.08323678122347317,0.0966049626726819,0.013764516163065696,0.08888391243110956,-0.0025195235586521632,-0.002996941300710726,-0.06714792796188108,0.12873933424557754,0.10278681766521557,-0.0206028468608384,0.056950128942005004,0.09823167466145513,0.08901240480016623,0.05930004039538288,0.04644893567011635
WIF1,,0.054150959495035594,-0.006394220634277485,,0.01517108822211736,,-0.072119937720511,-0.098381050317836,-0.20472886557442194,0.036084418700108346,-0.05247407050161486,-0.22133308892633877,,-0.033289316146031075,,,,,,,,0.05413911576724553,-0.08890640273253167,,-0.027787474201350578,-0.047356550168348346
NPPC,-0.12755229846648897,-0.025231011352633337,-0.0019282750398903056,,-0.04718334120247945,0.031132849824700885,-0.04944315616114815,0.00791700440572978,0.0051132036328825296,0.007514149620729508,0.056401670747823304,-0.16836072624358656,,0.02635464027548533,-0.019797158596380753,-0.005868638784735231,-0.09123028361366183,0.00886645183279538,0.06190929045389896,0.04289405429458418,0.0386136061861814,0.008848012003297942,0.05341294931016106,,0.03630390260582331,-0.04459265490249935
LYZ,0.16396694866517994,-0.010435595582478039,0.12351110205874091,0.08797833199646447,0.14533766328078743,-0.00809078540170694,0.028514830238127134,0.03681530867641633,0.1946816582628686,0.039938555836552,0.03066428993692951,0.27707043440826323,0.08194093344080693,0.05218038735836911,0.1163644454497448,0.027920238535109273,0.04436954852495917,0.10396856620683884,0.08275129433526408,0.008351328475945299,-0.02630799420580005,0.09647039907036445,0.057710011085551946,0.09511032801931553,0.00666827090187745,0.016328607051889613
EREG,,,,,-0.05425019292155251,,0.023997894319116957,,,,,0.09658326609148868,0.04619243300114302,,,,,,0.026082830039121034,0.0038049732713546776,,-0.006103750469039489,,-0.0633511303971759,0.0788712629452251,
SPTAN1,-0.16949349383734086,0.05887475390168101,-0.05945274888202572,0.009638086693313067,0.201490756425573,0.13070970404461396,0.018800349680266865,-0.034206473191973175,-0.1410427306777983,0.05464783266217782,0.017124153404191652,-0.3213717460335972,0.09531913043369244,-0.03319475022654541,0.050120125227459504,0.06581027126286401,-0.04374360877737013,0.15131838888132854,-0.04048343392236895,0.047144060167127494,0.05302269199365745,-0.009484783267510876,-0.040600009354196664,0.12736373350112867,0.12973382183116103,-0.12809934908582865
PTH2,,,,,,,,,,,,,,,,,,,,,,-0.0009503022669652253,,,,
LIPC,-0.0038477411374398217,0.07776318033947673,-0.00142175472715357,0.014918335189183745,,0.01922360733955391,-0.01976245525969592,0.005316190496632426,0.10813368515865249,0.025101106004143142,,-0.030777267621042208,0.11861712784857066,0.05418123091098795,0.00219815120006321,0.020280292361836965,-0.05117518162740654,0.013288923365478928,,,0.041619538130475475,,,0.06222522080148253,-0.050182055912514636,
COL8A1,0.03937106682711629,0.13163669752915244,0.16714686654944938,0.03763430679055051,0.02003348174970973,-0.006968694601770327,0.002566147002097906,0.0311842323956067,0.13960230658498196,0.034480897621249736,-0.018978806671071036,0.1307935517208805,-0.13180283938770507,0.10658089329236793,0.15049217430278872,-0.03059673438476311,0.028409281476810162,0.0718263686303298,0.014777911066396598,0.02997044383280175,-0.033200192033133576,0.045513510748083026,0.04358963458010122,-0.008520661781738085,0.015162062843810917,
GSTM2,-0.04447771567784739,0.06509903230687253,-0.05389403506941852,-0.026106749532950845,-0.032102548010130474,0.06331571312644771,-0.010977767727312229,-0.04128449351461697,0.02207696238106597,-0.0030327892391906267,-0.012837819440173101,0.03015533733489741,0.04306891152721325,0.008642588984538391,-0.02929181709831566,0.06746027783466299,-0.04211882546828711,0.05006487808154492,-0.015682739530510865,0.048611581348063114,0.03719552098582105,-0.006832647356506743,-0.09325767723931526,-0.0013387526047653436,-0.0010959024035763025,
IL4,,,,,,,,,,,,,,,,-0.008641618726762307,,,,,,,,,,
SPX,0.06544613317570598,0.10625061136645868,0.013457611975367037,0.023242864031331873,,0.034390784096366145,0.022050525672591765,0.021066011235836082,-0.05393743454513686,0.04447116148087088,0.021757704831095542,-0.05869829472654069,,-0.007351388482275885,0.08100973008479034,,,0.056386499425738916,0.027405225897861037,-0.06131673139520527,0.12709033953032933,0.051619523059193546,0.12416569685503817,0.11948291967126927,0.12672776161547614,0.13039317689359528
MFGE8,-0.03009316321874876,0.023766429939111933,0.1463489253020032,0.00793060383222487,0.05758840695731188,-0.05755875783997321,0.03797165218871197,0.027382921826432538,0.0817641760391763,0.017144556428592563,0.04328754841972231,-0.03472645400291355,-0.0029086479348971886,0.12682329157829714,0.11360303008898222,0.014822776679189669,0.008550180427503334,-0.0419235237556624,-0.004610811685041287,0.042985705620635764,-0.09144724571830337,0.052229325399787925,-0.004579609755962564,0.10471001691319701,0.03314032544626448,-0.04836631004307768
TGFA,0.10195320455655409,-0.054818811630268076,0.010092970065177242,-0.02357156365326721,0.051882074857694034,-0.017919522820902367,0.011225951656045938,0.013570852015730705,0.131054956714457,-0.012432338062035876,0.008640490638567177,0.1355336997193121,0.1435282061171082,0.11315335655343253,-0.011038560029546096,-0.07824498597533622,0.02019145732364762,0.049452884523816146,-0.015752956303077003,0.10616391329005043,0.006476509743236404,-0.021204531287469436,0.003285517594443754,0.10753140463992002,0.045256875631623145,0.060066644373132944
SLIT2,0.008681042184555334,0.03350600255676213,0.10471068465558245,-0.005115518253786255,0.060578233937790125,0.03865917526011902,-0.010117847115147694,0.0400892849181293,-0.16315215457754095,0.04039418894919969,0.12214733826725706,-0.1827455452979282,0.03184008808415964,-0.05456885696129789,-0.005868443043026937,-0.0005833578196117187,-0.030972060346872457,-0.03091106619545456,0.03808162129247343,0.06370656531767348,-0.015452252115825916,0.023306023552848203,0.122569077833214,0.12149208225433693,0.011863279576580642,-0.04015813975863881
PLTP,-0.10577287760864726,0.08219033421500116,0.04535140094862757,0.005452667124621957,0.21071231244476837,0.045652940178489435,0.11124132318899799,0.07827762383821357,0.2831097818200804,0.08377590223555778,-0.025688631757291573,0.3653564624265169,0.1027003173048911,0.04148466745124797,0.025745649426392524,0.11501329764260412,0.03673951286714401,0.04472804006569307,0.18884480385287208,0.11287411527291046,-0.06165088760767197,0.05021932617775395,-0.02621414756802145,0.19238746720205582,0.007609614771300962,0.1242920224012797
APOD,0.3457259216952828,0.01411169979794838,-0.14114732091900775,-0.023124429926856187,0.18258512412899644,0.05589905127573725,-0.0398681804250683,-0.0369675405411812,0.1843723083002712,0.04302610938126497,-0.0029173734501193945,0.2187679518797603,0.05638934166411124,0.00854810830236431,0.1278317101720542,-0.09318816630686269,-0.07012685568366725,-0.06850948599310705,-0.03297968794334781,0.10170242605459057,0.002114905099474427,-0.04374031714688706,0.03020973552579411,-0.031123065044382413,0.013322850432001434,0.13485876186916582
B2M,-0.07788778834452774,0.053067430445585394,0.21916583230802844,0.09462249776760463,0.25187959543100663,0.02017891101239174,0.09436825450204954,0.12001480316798652,0.3328108063297452,0.025341200192009725,0.042835091123563984,0.43195847945996685,0.18414940848582187,0.08986640657860295,0.17931834477508854,0.0307286082525914,0.019068200902183342,0.07271360208876962,0.19077912388165713,0.1777004971994908,-0.06425364757481182,0.11851967678097543,0.02684040405564545,0.03851065857490604,0.05478176898645045,0.09333763766237814
OMG,0.1157527786050948,0.04657391710142772,-0.07494701801071958,-0.013207827196807916,0.16841958781725422,0.07225996506400298,-0.013331184917396459,-0.06477462987648358,-0.0024616866257561086,0.04127845371951661,-0.002067186314622759,-0.004430815259368371,-0.03590209108145496,-0.046795976139164315,-0.02153701592380867,0.021763371530270584,0.060502152464720085,-0.06193125090784719,0.08090188634292164,0.14226383227283668,0.033326345816151216,0.018550978371938594,-0.03219515790807316,0.19596065695057396,0.09557314634260945,0.14317315221137708
CXCL3,0.025449356155978306,0.04730062920994965,-0.01549079737450584,0.015222106153794391,-0.01808230239865694,-0.10077689728203991,0.0022076100038373016,,0.00912978938098669,-0.007547934258144578,-0.0005251049022622267,0.052421534343272284,0.15967790763286624,0.047976270370916126,0.07484620663925941,-0.07830463267560948,,,0.019569920558531427,0.017452627175029413,-0.007996300955922402,0.0010075475387507757,0.01730300024360397,0.06461897196771563,-0.026076505222249517,
CXCL10,-0.1344928682386929,-0.01281060166934966,0.12231747605661508,-0.004258928861808282,,0.012129727256669788,0.04610346039368122,-0.02045353044357142,0.25524319067569207,0.0328840834722037,0.008173499550361622,0.07691728526241566,0.0696801485956962,0.014636072302080975,0.061206389078359964,0.056837232003975675,-0.013301373155336374,0.07804800622798364,0.030859917089909674,0.008718387586044677,-0.02263647483660402,-0.05979439039272592,,0.06986617076227698,0.016654824460350107,
RSPO3,,,-0.046477645508271485,,0.04713111595614888,0.017896153459401393,-0.007911436622618841,-0.05328950559701859,-0.07912021628714103,0.025046498201416436,0.013144351906648564,-0.14724338706329784,,0.037439091661844046,,,,,-0.02202761418163866,0.032899643648315845,,0.057696302354097194,0.009093478628497145,0.026690566544435655,0.046127275235229234,0.025283293104145867
CORT,-0.0527255583477483,0.07534086190668572,0.076310151377626,0.0180903703065132,0.16574266885558528,0.016003990914184755,-0.01765212273419388,-0.01633631518394371,-0.03715122790733072,0.0171129033249385,-0.004984608549194389,-0.06673292263480135,,-0.016680020540738104,,,,,0.025834126820027618,0.06118859029794449,,0.00046105786253434583,0.05900541080643965,,,0.003976096338940218
NCAN,0.073166198461376,0.09151248605905134,0.03184368480280017,-0.01145313574625674,0.1008949646741841,0.02365660564375948,0.03166185291494998,0.02922571950702002,0.11258207664790548,-0.020949970387108132,0.02445667234277392,-0.2596023561027095,,0.13651388224959798,0.1250481158401265,0.1197415894243835,0.043753691092092574,0.06638961633847522,-0.007181383691934091,0.14176624825068343,0.058254046800857134,-0.0034779819552099556,0.10111476376852355,0.12350667026722456,0.14128895935808122,-0.0036337747581414556
PRG4,,-0.011881103452273003,0.08081846518787522,,0.07866007629255915,-0.013679154505228051,-0.010254287776344044,,0.045455212844509034,0.013889009991906454,,,,0.04475039124345214,,,,,-0.0020059665066795144,0.005879240643259126,,0.02819268343688188,,0.06908247774665187,0.04250685257875977,
ZG16B,,,-0.016628992423229193,0.024633870391948462,,0.02612597419249514,,,-0.004107357474747313,-0.028788138358635182,,,0.041608137462866776,,,,,0.022652156402909143,,,,,,0.01978034242265614,0.05085885959334439,
TGM2,-0.015144988855624932,0.0856334994721044,0.13983901731341772,0.006031204801782133,-0.02596295182865361,-0.05780231576175309,-0.0284418780101076,0.03224709503529956,0.08886599957145012,0.07162805391451711,-0.028347488388069376,0.017818048240447328,0.1087533527437219,0.020173804533138898,0.0668334752666547,-0.11115352233423252,0.07494557150038879,0.06049563270205173,0.027490739753331984,0.10315823102166263,-0.052337934276405616,0.0028612972298231267,-0.019771737108430533,0.06490715082793515,0.032880273234271964,0.05717505981350624
VEGFC,0.05745840931881449,0.12686176591421408,0.030838663089732255,0.0371891997954032,-0.014536503169990962,-0.013936381933552242,0.06624000439443221,0.036627010655972125,0.06575612112289911,0.06639178405750557,0.0066911593187242505,-0.028714859990650293,-0.030945000576339234,0.03455266882052934,0.1177621681615119,0.09078109514588,0.05025463627448186,-0.02661300376916176,-0.015737239080038868,0.06963837616605108,0.0007769121311843234,-0.026237760522212376,,0.007332430376338811,0.03185277235145631,
WNT6,,0.048063211914502475,0.047886695418065936,-0.02822140298976474,0.00675980496807151,0.01635157579808313,0.012557224888954121,0.006122261332532012,0.05100118695323202,0.005807363355299244,,,-0.03645736849857158,-0.010575594957123327,,-0.026151611088736038,,0.014271071996748137,0.08757846542218067,-0.020185551338543137,,0.0322559247244714,,0.04292293666050974,0.010643200322252652,
NRG4,,-0.06634124822845003,0.013071111467383247,,0.06113571788986161,0.00298210414496203,-0.026138900816307598,-0.009353999776342697,0.026266363026679306,-0.026933739196633937,0.08064748939985814,-0.08834775196118427,,-0.008791492454251853,,,0.02796342197433651,,,,0.0018421929717586142,-0.010338299350831233,,-0.027278196224689903,0.050790402034177486,
PMCH,,,-0.0026679883081777715,,,0.010351631979513902,,,,-0.034138372223514325,,,,,,,,,0.047701172551554046,0.06161212211398211,,-0.02105579410168182,,0.03250819359181624,0.0474363444407428,
COL9A1,-0.15488210450644718,0.050447503242863845,0.11692914388518315,-0.05561096568806153,0.038323367557823125,-0.04307958092984941,0.014745977941243259,0.08330429293532951,0.05887129248252969,-0.0015618598736383419,0.01220993006533529,-0.056691431302388344,,-0.04342552079672613,0.10792213629284429,0.04545249572969172,0.08070581373116299,-0.05848856685253989,0.0703801245352625,0.1213053638595574,-0.0012524088269611155,0.04698642152720782,,0.1811459806990406,0.01871979081946351,0.10639366029594591
GDF11,-0.017323192627264113,0.08327748463136203,0.0716025007204335,-0.05268459072674787,0.0812260636750344,-0.014137534449062841,-0.06322357507865055,0.10531384834126385,0.20135948560803607,0.0050388226198264325,-0.022350762835047628,0.01684443854005735,0.12472817705789392,0.06458210281667313,-0.02329202206211568,0.0014088064399500094,0.021257276893577662,-0.03364104240168853,0.030176507630110316,0.0549050629799587,0.004238608041779325,0.04729120521093179,-0.0010215275733891397,0.16144313915421982,0.05187974277244357,-0.014668094002481343
RAET1E,,,,,,,,,,,,,,,,,,,,,,,,-0.01644458897989404,,
IL24,,,,,,,,,,,,,-0.0031535764134776973,,,,,,-0.06582836143983943,-0.06983534925106973,,,,,-0.045328907437645165,
SORBS1,0.010271855808926715,0.11034717937173755,0.10101050579120313,0.000435213280323085,0.20728672576794524,0.11228598834804543,-0.054365115391145545,0.041149931727376146,0.04194140292422054,0.041958736681899665,-0.014010753355842145,0.11029271122020355,-0.007721404111500717,0.039537906707359335,0.11393554277511603,-0.07351841150973777,0.04822475758568274,0.05431462139108065,-0.02759422025597473,0.04327762105302802,0.045364398093824095,-0.023887123153207474,0.07546171814433747,0.04911319218616271,0.05990737894293151,0.014194687082331745
DLL1,0.03860844298446757,0.05055962098415312,0.0874321258138739,-0.02608102291629247,0.09657502864222968,0.11973957063447382,-0.01910479238877156,0.0864739833831263,0.14760638134713153,0.02475483292821621,-0.0278203700781433,0.07844753734950816,0.06644965933961762,0.029365036552622376,0.006561389713821258,0.0219006532963075,-0.019386256005943306,-0.05566377594813705,0.00012813535908150263,0.04167202723819936,0.023902203291230807,0.05419509295027343,0.0038648197386271692,0.11744929693584855,0.02862234987572483,0.13381669776357846
TLN1,0.008749624589928536,0.04611070083792366,0.15510869065946786,0.07287932953270998,-0.027304627911049192,0.049806917484149726,0.03196001410167201,0.0863834962724667,0.2455548052556326,0.04399887681926206,-0.011493367276867845,0.28159299052616016,0.1446450117508626,0.11919259804072126,0.15474208835326178,-0.02939873794309288,-0.002652692729259761,0.03724740586237866,0.10104836723596723,-0.0453979680441637,-0.05119049579727483,-0.018636910925524858,-0.042787935920548956,0.054025228911822445,-0.02024696424562546,0.0775820548983211
COL2A1,0.03819728048500178,0.0365894132780848,-0.0042159458017281305,,,,0.03921739775388776,0.041655983005325865,0.04034315365292736,,,,,0.06766620710329882,,,,,0.0009293364627347245,0.08255145413000668,,0.044913148994822634,,0.03762810048665142,0.04444623741010625,
SHH,,,,,,-0.028733246478207176,-0.02285514694094421,0.013006824049567779,0.017731858285748515,0.013285173909840978,0.014928385985375072,,,-0.04964041184709997,0.04450652444052709,-0.07575549351746927,,,0.03654679736462952,0.014338188187771309,-0.01627359806735694,-0.02332429865409122,,0.05875740270486865,-0.01715041649826543,
PON2,-0.15587076780734305,0.1027689669381837,0.005598608124923858,-0.08524726211828317,0.2106782252491588,0.14883762391289393,0.03522412817351172,0.014851212817730688,0.27511054386818123,0.032398603608020625,0.015871621061657043,0.16580692644452924,0.24709778750891304,0.07301704220571247,-0.011735619344427482,-0.09906724993987369,-0.05415721631761349,0.004665566603571744,0.0846933993934769,0.08869032440716093,0.008359609450427548,0.057404469235684895,0.10521291253377865,0.09103632642521921,0.02153181976540159,0.016261098306416755
ICAM5,,0.05829419359347371,0.016654184804764948,-0.027069233181117064,0.051970366354802705,0.06997474538871849,0.004708948518843689,-0.08220479098611097,-0.10204574273461964,0.04433713295552584,-0.04953318049309964,-0.19315319396088948,-0.023827342345164336,-0.02093085632574571,,,,,-0.0034095595331895276,0.009149312108721044,,0.0401661183578669,-0.06188822628178125,0.05724323125889791,0.058721132624705,-0.02299668647113475
HPX,0.02052458486289389,0.07406340275366818,0.004924450979358589,,0.04266810259598526,-0.017003720674279115,0.010308805080582661,0.04955465050487024,0.0736663885150778,-0.03722289881008969,-0.007383552300645676,,0.054130550581522746,0.05166107269182471,0.07457347789055975,-0.008482168766794003,0.0008090765585968075,-0.000701035427133755,0.033180077578577265,0.029959503287725793,-0.03976163602003647,0.003983011655347544,,0.03232558266840694,-0.061245190419030704,
SFRP2,,0.07652778123952948,0.06660462535106197,,,-0.03798097021035772,,0.02525758351354073,-0.01702075472932678,-0.014821693473916766,-0.05670805049426963,0.12344558271932185,-0.0353146367710751,0.041372289242026086,0.11205069752361714,-0.06590336293889244,,0.0947644814572639,0.09957151069207051,0.07905771254187163,-0.0012388991625253427,-0.027312715002386863,0.05722652521390441,0.05658935684909553,-0.01254653621181594,0.05829531034927478
CFC1,,,,,,,,-0.024574470936172068,,-0.03378729766859088,,-0.0061880983582165835,,,,,,,,,,,,,0.024373557188231938,
CD70,,,0.02446074272960141,,,-0.0629779237980126,,,,-0.04800244873999607,,,0.0873655699840391,,,,-0.00627036083979639,,0.07625970790736857,0.050707251383199495,,0.03620375027093798,,-0.028244548779299133,-0.06685653067814397,
HP,0.12363359760864484,0.1561172204322825,0.05028840577838515,,0.20059008919881818,-0.012230220719924174,0.09348493819103337,,0.1854930527255137,0.007750727850461462,0.024120209428501672,0.07421093076785171,,0.051971760021892445,-0.09562814596167012,0.02705830705020761,0.0250649755463723,0.004430485612053632,0.17241761228203686,0.07483707556797757,0.011882193613482847,0.028133059741693694,,0.03803802305374117,0.05284326626542763,
CXCL2,0.00825868701000734,0.06375989117141677,-0.0016369241490423786,-0.006463341793074736,0.021787018396404154,-0.03485659269908824,-0.05436903710420821,0.020161310585175743,0.0741449734309595,-0.004781632689102103,-0.01759716615643752,0.02651249818835015,0.1999719878836358,0.05523647392281789,0.05524134285955111,0.07868481326740935,-0.029964811847231175,,0.011800576493773971,0.01240363125131412,0.040190667954491804,0.006447450069489912,-0.01872761306407327,0.08985211944424652,-0.018930884740535444,0.0430389411252102
NPPB,,,0.06855203119564666,,-0.1919361425362501,-0.13801000618895692,,,,-0.006689568740372163,,,,-0.016069057750162617,,,,,0.017919610351154885,0.00010583101313469182,,-0.04641975305390469,,0.007966666033238964,,
CCK,-0.09003123036788911,0.030110246498605327,-0.0404522766646361,-0.06635732193034138,0.13898265539310978,0.1081622845208395,0.022428223904670797,-0.06416081705492861,-0.30925225899247316,0.004107083251080496,-0.1176713672928333,-0.37992783624262727,,-0.07103107211035382,0.031560640837229016,,,0.006776362532546595,0.03599951947648986,0.059832920453380165,-0.013641999737865293,0.024392582123354576,-0.10974779769534654,-0.014344663785334402,0.08664140498620573,-0.17284500865362581
SEMA6A,0.022944550530212555,0.09766671412406379,0.010576928047867862,0.012156754844898492,0.11921119409209938,0.058143177515872,0.01817152562290585,0.05748430781750029,0.21300686293852503,0.05843190712218025,0.01849124252471358,0.1434016872797116,0.04978324839840099,0.08696763854933016,-0.030722049885762864,0.0023999238284488533,0.0976805220584579,0.00031879686773628993,0.028485170180424433,0.06234023744435764,-0.04726251843547038,-0.04866027890950332,-0.055562813218503974,0.11993696464847109,-0.015410601503643855,0.07478760730994141
IRAK4,-0.029953654727386998,0.06950594080852374,0.08784070920974688,0.009447994456703692,0.06809429477250364,0.003380407461689463,0.04830160865337424,0.05772034326958562,0.1344224611791043,-0.0069598500740252625,-0.022720534783751432,0.010677033002423345,0.11227943257295514,0.09143155278063529,0.12647048426040391,-0.0175745254974308,0.004733350762197287,0.06038133354470483,-0.02125439746257019,-0.001572619295723303,-0.00045806178516838664,0.01025242036538607,-0.020487537495449036,0.16774859308563622,0.03761214124998474,0.0637886114581174
GSTP1,-0.153450147724535,0.02036395500745935,-0.056479897836339395,-0.0067940564716733355,0.10614084463996908,-0.03648147980422905,0.04679605672615422,0.09181437078432038,0.2979402056402719,0.008257954747887675,0.04768757372259213,0.33193992594289357,-0.02384945170810747,0.08536014537988089,-0.2846720004841572,-0.02535958785519977,-0.06494694139836124,-0.08174155685392609,-0.08099693378891974,0.0042070056905882435,-0.0856488527844662,-0.0190520270409989,-0.03932946942341567,0.10274580105550403,-0.007913558435050587,0.0884604733693299
VCAM1,0.027767871112118314,0.061703386062769365,0.1116576574502987,0.01595317684694555,0.06338318211160755,0.038846474059826996,-0.013496510924151025,0.0799170044310032,0.2613292312044551,0.059454938740524016,0.019776692158811185,0.13811668034285723,-0.018980409429565602,0.04876723773475486,0.12367031427980543,-0.061952944171977734,0.12007723814699924,0.009712552404450063,0.03728014995440665,0.08211195811605088,-0.019140070264932398,0.037938695106783576,0.1442942910353931,0.14845448150153942,-0.017576811801068133,0.026305477308630126
NXPH3,0.04963492452712516,0.11737199373397053,0.028798750124901056,0.015539848032117744,-0.017140237339409607,0.0437780321748943,-0.013742811716475394,0.0884910723126614,0.15789566130828833,0.056359085859074586,0.05754564874225537,-0.10807113304344082,-0.01311525104282347,0.019296562255044634,0.08265915949422509,0.04160992248513312,-0.036880523664922615,-0.011917709575963201,0.07121663665508941,0.07046095374248437,0.07013818165217427,0.035662324050984746,0.02368803316602364,0.1639760527792361,0.04052635651041013,0.03335968939529
MTMR4,-0.04807532466572666,0.06401624144758833,0.05616722841216379,0.03323454873919975,0.09963140861572972,0.028261713888956836,-0.010640741512086625,0.034653888684195194,0.08854189028812982,0.046369359939728835,0.04350631695294948,-0.1035854446646921,0.0921172367797895,-0.0003821931183360168,0.04130691640828261,-0.015354870315995662,0.02231155361119919,0.0797347773277673,0.09099405465912838,0.044127833008752906,-0.0075975592560602314,0.048001066273033896,0.09519558636959764,0.09709865607560418,0.12775672751451184,0.07507538246297751
LAMC2,,0.11435787109898281,-0.022013481489073897,,,-0.07548148964596677,,0.08574760466203603,,0.04243815416200982,,,0.03448240141167022,,,,-0.02502023660986423,,-0.009906498910123391,0.024710391977523158,0.03780550356124398,-0.014505405731057065,,0.04031580808831741,0.034248010727366204,
IL10,-0.0368799501455306,0.07359083088560824,-0.0012739468516249455,0.05946022112163563,0.06084094247143457,-0.0905637701070017,0.06886174447034954,,0.050470279031892926,0.0055385144646637454,,0.1337302137844165,0.08186244409980391,0.044675226153204725,-0.021882602647196353,0.016970736257014424,0.0861112618595337,0.027954617366595668,0.054780620046986535,0.04465965973433021,-0.03879596348865952,0.02104524351254893,,0.11530040006676828,-0.01785751826486239,
SEMA4D,0.16489272413943887,0.10996393698210533,0.08370086105733998,0.0010433311109706394,0.21719260943095467,0.07388522702449281,0.023776030039825834,-0.002198006780868992,0.004540164497080324,0.053429157142213426,0.016117959827984245,0.16634976873318558,0.011495711983783746,0.06361611203181088,0.08797202258094151,-0.012600193316949854,0.04279216066419378,-0.012761899654096494,0.012467245616148245,0.1299435672245489,-0.017042507975149297,0.025864773368190316,0.026557257579613684,0.14940851883294862,0.11769172635847863,0.17929558197376974
TRH,0.024232857744992575,-0.03572063459584398,0.07978050211387774,,0.05321891987853053,-0.05659622935641461,-0.03315923065500866,0.038748272248618175,0.08060185968931913,0.032260177175158555,,-0.05566922884424419,,0.11410132963243882,0.07408375550322473,0.004831131524158679,,,0.13362847308295667,0.07856021526244866,-0.017895636418064673,0.012907908866159036,0.05164633672576795,0.08323945362047584,0.06298572216702317,
SEMA6D,-0.06437369645231135,0.11225834345200748,0.03652858780110906,0.014018881730659212,0.15088762634017028,0.09416515850332692,0.09610871900637735,0.11405877821610073,0.11452253506010099,0.02182579808185037,0.005529198860448627,-0.06291282618221739,0.0322403607162543,0.10374012786743397,0.00719701544368066,-0.021063763336435802,0.04874384229603885,0.1059996959254611,0.03341979251755598,0.0958734037113836,0.07405748680706332,-0.04996971437426343,-0.07975903339106126,0.04903377194384524,0.02814070566894928,0.0789303064841153
CEL,,,,,0.03803457537297982,,-0.0065793326194784375,,,,,,,,,-0.029092715218778542,-0.05005659390182906,-0.06855441371060973,-0.03643670816101173,-0.009186150605273787,0.03192836954770146,0.03195935897552007,,0.042152932041361835,0.004838123464397496,
PDCD1LG2,0.1200096550899605,0.06336538536865279,0.11530136014275208,0.04021123909120172,0.031426974225338175,0.009066740816528304,0.03987853352651615,0.027278580979034482,0.11309863799475431,0.019159524283921914,0.058683730078729165,0.030973951097424266,0.005179201995360567,0.03286105307216834,0.10383897447951931,-0.04039831138565498,0.06578477011580097,-0.02239439384882525,0.06545224700627582,0.03921035277606752,-0.01906361465078919,0.04453172282915427,,0.09958224831529447,0.026931705826824606,
SPINT1,0.0008984679568966537,-0.046882588885056975,0.09609328073554788,0.09287578980079027,0.001212692669151199,0.05328142873906341,-0.02600198516997488,0.014308534336983222,0.07450350403413712,0.017343361440741396,-0.03429269972586669,0.06471652273945042,-0.014026191861859778,0.054535482826799736,0.035460764482963876,-0.016674419817212724,-0.05234000658794577,0.14640727448374263,-0.030500747271007978,0.06835331077603853,-0.02087744490902454,-0.008840457639672976,,0.059853969072029965,0.02021035090960685,
CTHRC1,-0.09284331820683639,0.006136658039955159,0.20258406752462155,-0.010523500695184715,0.055653953565336145,-0.034209325633835566,0.005336664878886777,0.11501645778243451,0.18972613869743302,0.025906139737678163,0.049764969304134814,0.03515198230141968,-0.016728276887551453,0.10994594767188173,0.031210305354112507,-0.03758104761146549,-0.0482365879454368,0.00429087130112689,0.07013212055663363,0.09457936127542486,-0.013905754894986022,0.017651133017167805,,0.07615621853276275,0.11797131054168988,-0.005571527472263529
PODXL,-0.024876599403331468,0.15569272043968646,0.2065968572729079,-0.026640344071730278,0.20308788128554148,0.013064551310807101,0.01351222238360451,0.1052951272919126,0.26913564503594634,0.02080674303266528,-0.02470690047413223,-0.03771296501814213,0.11370098904127997,0.09908494071517522,0.19829784024424024,0.021692277630857848,0.05587040535301264,-0.002256528997565888,0.17381814077085833,0.08497971560581256,-0.029454221286046127,0.05680492766373565,-0.047410647480984655,0.028641136497028003,0.010604373354067793,-0.1156149258868459
JAM3,0.06086501965681889,0.001415847425368431,0.07519831619502966,0.03212884443405897,0.08158839215387606,0.03793840999905609,0.026657578167352626,0.057940687851212,0.2484160258391047,-0.008671168488186689,-0.007203704332520837,0.33480379740602684,0.13361339043561485,0.04299351086684541,0.042379572780903305,-0.06991380425990047,0.0027338534678871375,0.0043353056598573435,0.07359731381878218,0.017860388995763064,0.10841788789264857,0.018027542277490108,0.013505868990591802,-0.034423516036880035,0.03443876062203332,0.12029182764853152
TGFB2,0.09408820342404589,0.09365224649063743,0.20733034923449833,0.007146529301439114,0.11632188320215361,0.05583339674247103,0.03412205934873067,-0.03524090994599454,0.27062553706480674,0.03393032821467924,-0.015338950965844667,0.0724310095327142,0.12911676094851254,0.005583113255763883,0.16795703318747118,-0.00851919792528829,-0.011100640089363822,0.0048827931964219575,0.058163421431357935,0.15955200872180203,0.03426099684403301,0.045735369427935275,0.008602605320811006,-0.000837069515510117,0.011151194420953104,-0.06437204343997739
COL18A1,-0.01504073956451817,0.11845479771494571,0.22248939341831725,-0.0015928114060868926,0.21195111074806267,-0.0423993605499128,0.023216922434911337,0.08239153915174996,0.21413202652925753,-0.014341725925781033,-0.03608867289165867,0.1973019415665565,0.1984205952379385,0.08823403044055769,0.3112202442765267,-0.07605105902049053,0.021881885010616022,0.07672422896192668,0.008573896636915546,0.03913578437405747,-0.05389315804740793,0.02784829855692043,0.13583212200596384,0.01545053453330051,-0.009040667041037493,0.04556127671639889
NODAL,0.042140800968272406,,0.06237521599233671,-0.011774203340356825,,-0.011487193431564905,-0.025745646596725978,0.0931488709097031,0.06813500762707601,,,,,-0.017852301368254615,0.028455723629854796,-0.04743233313046718,0.03460524877508089,-0.01990281268346848,0.023537423668107314,0.03703395043540171,-0.012069866224267582,0.007941715796604834,,0.05112504224581806,0.06462337720724198,
INHBB,0.01732981366029058,-0.002850717218529881,0.05066405690522474,0.04658384392414712,0.10143178304806585,-0.053090668479659965,0.021149742867377808,0.03604037345029822,0.09758804252850171,0.018552560675722828,0.016487276342810626,0.03420107396256949,0.14546731693238102,0.0808751365981592,0.03410705355635745,0.017160552556911297,0.058558945590500754,-0.006520407840212534,0.023308725827854343,0.05584636725883178,-0.028508053408594386,0.0737749941440796,0.027390182753197833,0.14602159884201063,0.07950870673776152,-0.04691882039100806
LCN1,,,0.07398478589826207,,,,,,-0.01855238424161789,,,,,,0.0689249709005554,,,,0.009673426546557007,0.02519772202603788,,,,0.0028313349805087072,-0.04467440140002093,
ARF4,-0.08020778791306661,0.040283758571758956,0.11405347612359361,0.004970552627153195,-0.11721661311904301,-0.046385323971567936,0.027590913121839027,0.1271511766150649,0.14157901994253397,-0.052700635257150005,-0.060472018727189505,0.08701013887677125,0.20810261996717855,0.08093151594985219,0.14366677797662208,0.021109704618104214,-0.0046703190109760526,0.002080671267394112,0.048493572757204804,0.04821778823060887,-0.026656116346759243,-0.01562775485767825,0.09031496261031022,-0.04492156546910608,-0.022412511141046136,0.03696251059761733
CXCL14,0.1645730268268315,0.022846395341272863,0.07414898116930228,0.054590675703687704,0.0011141265063888746,-0.06239000587540479,0.021998157256672014,-0.030525176698508755,-0.10017926392415442,-0.0004922006199072782,-0.027182857036119987,-0.02564507713596946,0.017215901679966963,-0.0437497645307735,0.18160752719221532,-0.09670870867166663,0.04934896846274949,-0.007566564620285013,0.1301110971850524,0.0689120785394735,-0.0019707646764206732,0.11796241180135575,0.024914664325901954,-0.01606247275557934,0.06691184126875586,-0.011821975523474719
LIF,-0.03868263238596102,0.029969760871294538,0.14250758251720735,0.07257597621133399,-0.12552626646054352,-0.08379500988854759,0.022468247186904346,-0.012304147200039079,0.13031499961945756,0.012876687301240846,-0.02281123612623561,0.05724414978905886,0.14699828570092513,0.05701971118652825,0.009923208590761168,-0.061808312192560805,-0.02168406444416526,-0.0038389008494210826,0.07235244776995998,0.00833462177753018,-0.08604532850088242,-0.015448205643189885,-0.0085246082158399,-0.07274926250529384,-0.06895995926600697,
IL17B,,0.0555051452147893,,,-0.010266856258539908,,,,0.09289623041798126,,,,0.04424669366416476,,-0.002721375186807283,-0.015089077134097335,-0.0852035755049965,,0.05484446349867144,0.02370557467085522,,0.04776663277663411,,0.04917400528472313,-0.011995304344912876,
MMP1,,,0.05788491885982612,,-0.10567808401127257,,0.018278420120316725,,,,,,-0.13278236779228278,,-0.016007040581208797,-0.008310087914251089,,,0.052503958687085406,0.009489986426860832,,-0.01710018556007666,,0.048905301324285715,0.05477541372502828,
MATN1,,0.020497692559787527,0.03995300934218357,,-0.024816452744738746,,,0.05313363462987634,-0.041035659436301684,0.025646255936637555,,,0.029499960393586534,0.005748431586928945,,,-0.09028495237843648,,0.04742002726644134,0.03448131633253028,0.0001590784522953455,-0.023757979255560308,,-0.020171871171157353,-0.0014537111751696157,
ADAM28,0.11380908655173737,0.030442071463552052,0.10394641733256399,0.0028668435673410487,0.027314560733802958,0.0921545684045697,0.03808177488809357,0.06008401432363283,0.17616173531535123,0.0520487937851738,0.004714300629205875,0.1744893983382782,0.05647653385807952,0.1124963010695529,0.02834860127883836,-0.027198756145865068,-0.04713533963315421,0.0003192096373216997,0.09855477895500542,0.10418106303339321,0.056985697785245565,-0.0251110938268282,-0.03718261774652366,0.1564479461863181,0.033537439327625776,-0.05468492361280954
TCN2,-0.03188246296984671,0.04399898818697013,0.15869317705491456,0.045595865359569256,0.06926075644324468,-0.05468796519351719,0.019708337025358288,0.03565152721667631,0.20691002831806643,0.04416930165767089,-0.005454901828022373,0.2183431781214047,0.016450071659151317,0.010378621991956067,0.0481620912138653,-0.05992313285003186,0.024767912015163783,0.008854226948926106,0.05957825102155893,0.0045458419146432736,-0.023784077584703075,0.06380736400610719,0.015175588808995917,0.05922569518240506,0.10196722808967827,-0.012820712283523238
THPO,,,0.025532618795658393,,,0.00042927473375972767,,0.01366314756287005,0.01740804328397182,0.00984909248560663,-0.01644098932277654,0.03620965671865275,,0.016329519644373264,,-0.09194572446797968,-0.026776924759485236,0.017944555527864354,,,,-0.01029328067760279,,0.018942871919673056,-0.04892665881985251,
CUBN,-0.038986930132818315,0.03426745395285534,0.08821447998053365,0.02039160161871175,0.07411327046765026,0.04121158647214837,-0.03729564925326775,0.02379837435140709,0.05676993515107264,0.020842998352546844,0.01698448520433535,0.02133794877013359,0.13081710876363473,0.056326242379503705,0.033159969279508546,-0.06419186226919386,0.03892769984634492,0.045405038507801025,0.024776045060684565,0.04289921092452158,0.02786851555061502,0.027935347922454137,0.02931345117901905,0.11236243515545362,-0.07014280027576998,
TIMP3,-0.07407963722828201,0.02927323768406424,0.0019460705672537362,-0.05764219949545226,-0.013771259228466207,0.035340699310477085,0.0406825200038647,-0.036003994451372985,0.19204901650294715,0.06474967488294997,0.02608929651448416,-0.028283457294448876,-0.09123671960134465,0.024477640371926974,0.12394536493298323,-0.034846216549256875,0.05423026057218486,-0.030901880317926726,-0.07752706187204149,-0.012628159540813515,-0.04085452183232851,0.05582275353098214,-0.0077823765968640145,0.02644755546247842,-0.03387940645736961,0.07126856091648782
PIGF,-0.07659993245334186,0.04202049161070663,0.051831497619441884,-0.006195911636436262,0.06591688825314443,0.009362914955256055,0.015269535206056891,0.021646843331296163,0.18118554336104575,-0.004489882078762025,0.004011425553648521,0.09728421050817349,0.10270834166954719,0.05077043148103625,0.07984128707455719,0.08739475522178633,0.07221286011652801,0.0679952037784008,0.06810768438703144,0.05948733515026084,-0.012167899770544706,0.018288811097502664,-0.06420614633380797,0.079297492519522,0.02448170713954399,0.055891191341307274
CRH,,,0.002352435149218147,-0.006823296949371765,,-0.007911381539832495,0.0034389052338076966,0.029521621347474943,-0.10596496991118895,-0.01801673985913595,-0.04309466514876823,-0.0795186890783901,,0.006893968753305358,,,,,-0.0013002440411234858,0.11826720226342514,-0.03720982181652241,0.0202419425189679,0.04164684238492434,-0.010541563978408731,-0.05159074215046664,-0.0077451521270632115
BDNF,,-0.007036114369849065,0.03652328822531529,0.029153827959387354,0.05450549621252126,0.002861864572699245,-0.005804733542721839,-0.014427000735314223,-0.18822233011235787,-0.01120069232977764,-0.0325800352595527,-0.014266611959864837,0.007549628774661406,-0.003468180615003614,-0.05231908132593545,-0.07952514933956427,,,0.08422392254609547,0.07999731153938233,-0.0989390635861029,-0.007551401479433234,-0.05292935153262254,0.06842765940643922,-0.03341988547650267,-0.01674976272140608
CCL5,0.10375147651683479,0.017426772725498713,0.16339123049302473,-0.05876322488200801,,-0.02283000765254919,0.05541343953459199,0.0263008881407982,0.07203234430685049,0.03501730201341331,-0.0210840236420841,0.07314450227804283,0.10876733432238567,0.01794560508651727,0.15536127121882212,-0.048566872688356605,0.12527835870842866,0.04170137052581192,-0.02461624722461097,0.064094804908696,0.037422281455394044,0.02210641048189468,0.04346679775012654,0.13487282884232438,-0.053660331304361944,
GAD1,-0.11118323874496717,0.05201043044193199,0.017212070731490413,-0.026549332339164122,0.05317424444139091,0.05812428709100136,-0.008679538939285737,-0.0419816961760665,-0.1758036629126391,0.02554199143597168,-0.06712544398713777,-0.31433099058726344,-0.03187058710037102,-0.08634712343554944,0.02094193336269832,-0.104077786906375,0.018532228852741674,0.008018035140535142,0.05000701147448254,0.014609046362652629,0.039902723851859105,-0.024413469439086125,-0.030453866697219324,0.09666990506460806,0.016824725160554974,-0.05221601890597379
COL14A1,0.08300003839531656,0.022433407157825415,0.039404660731258354,0.06059750602368083,0.11688054058151656,-0.014406234706001941,0.06760396549268201,0.00014497558676082646,0.12519137766267094,-0.02361268766297071,-0.050330130742798754,0.08534139171494504,-0.0015695722337331819,0.11587777338948692,0.14184984411445922,0.0034625878375452793,-0.04591217273578548,0.0810695432870466,0.033225768291529074,0.07475607830357743,-0.05848966733532193,0.051298831459469486,,0.06997638589776879,0.006188462486304219,
HLA-A,-0.23243746231684506,0.04396745980228542,0.09921848238527096,0.10133201438962636,0.06956319471677275,-0.0688070620437463,-0.03881454097031141,0.06969174137518651,0.3053787076170025,0.09798529594058344,-0.003551213862736745,0.43407487168721737,-0.13027464684505177,0.10893663035215877,0.05325481352545153,-0.0287764694403036,-0.0642144815967009,0.025789425982457065,0.06452806461294246,-0.05437441786240713,-0.059289018275003824,0.032774822255791224,0.03600195943324593,-0.031143270012665893,-0.052342095460192146,0.02360788731122915
CD5L,0.08683683325764979,,-0.013773354550582937,0.04286078385266336,,,,,,,,-0.02638798905902934,,,,,,-0.017928010301350897,,,,,,,,
FGF18,,,-0.028656097240324228,,-0.032276397806809756,-0.03130801606069548,-0.020237898992656666,0.04023656050503604,,0.029653250046955213,,,-0.0770077443203503,,,,,,0.04038223799909406,-0.01015243768035317,,-0.04487354920129797,,0.016216570622373774,-0.01627741461817217,
ADM,-0.05167491024210109,-0.083367029956039,-0.019478211836740717,-0.026713309497209355,-0.25334352707187224,-0.1341168492335997,-0.031034106290240226,0.09633717478385265,0.20196338571064026,-0.04718607506550113,0.041388438463483064,0.1741325896135104,-0.14834627253016974,0.017080080805330557,0.09535365064869793,-0.1033965609420554,-0.022166427752982613,0.033573671397470334,-0.06666802990087484,-0.14328846340639498,-0.08861677691851515,-0.038912322767291486,0.016625266561042053,-0.04786777486133849,-0.07726227131335611,0.08994669113307911
CCL15,,,0.16752345512787054,,,,,,,,-0.06455447279248303,,,,-0.055975164411472794,,,,,,,,,-0.009852341987752918,,
GNAI2,0.04042064974650744,0.0632019345159928,0.1037574300641302,-0.06173692131309977,0.017096468479561065,0.06106591254447595,0.017806379051482062,0.1195143537660168,0.28488756859426806,0.041098328335647416,0.015870085910392708,0.3118367530623195,0.0022503138469662145,0.11255078609340455,0.16539885289271797,-0.07267378513860252,0.0779008010608864,0.08213743388751009,-0.01788167081931595,0.043309450257962095,-0.021012313355209263,-0.0331540547242985,0.04159120531862123,0.07774931325876003,0.01589341379618405,0.032818351412892806
HDC,,,,,,,,,0.15361401267543534,,-0.0004350578876988218,,,,,,0.008195182828715012,,,,,,,0.09862135400038177,-0.016501325044143256,
COL11A1,-0.05136995640686255,,0.08968937463826859,-0.0749019648063311,-0.014875901073145154,-0.023970402410823603,-0.029472110416854675,0.11267622628680153,0.0014104078443028852,-0.0345694156664105,-0.0028904135567840417,-0.05223250638714942,-0.05708896233296901,0.03948634128784038,0.06299804450715454,-0.09994375343541463,,0.02710280826617145,-0.02310049295405914,-0.01006564101382571,0.05231282063224154,0.04543818536273993,,-0.01066351336791736,0.002317046052986282,-0.0546585471590453
NUCB2,-0.015805108779746994,0.020846548935159286,-0.0015901111164957158,0.07749984922225464,-0.008851036791605102,-0.05449300497580981,-0.0035706755232762285,-0.029877690647172273,0.08601841187013778,-0.005181757145370698,0.00033618673210709254,-0.01473777036122982,0.11055972698986419,0.0034863232313761846,0.12610186176029722,-0.01521052892877913,0.12117719457074264,0.08573485096092154,0.0676333744808282,0.041081905143191204,0.041863237953645514,-0.04189030447152436,0.09542530454382303,0.054573725180424436,0.05144193378372895,-0.020370236942837756
FGF16,,,,,,,,,,,,,,,,,,,,,,,,,0.026154586925558602,
CXCL1,,0.04877867392704555,0.017660933452276786,0.0499298065982527,0.021506435262515798,-0.05715082584664481,-0.008789857619324892,,0.015202604883803981,0.03423281827621612,-0.008002339352197043,0.06075179573822573,0.213367512269975,-0.009205671272904224,0.0015723861658747354,0.07889800070324529,0.015164853203621705,,-0.01908867536653934,0.041413091174180426,-0.05283905846017468,-0.009521483507107407,-0.00767984992638265,0.052706041898545816,-0.017969092852589096,0.02975499897193412
VCAN,-0.13202307685643377,0.11097703336377385,0.01784028714613093,-0.08426226546019769,0.19197096788138043,0.12361349232437552,0.025829573722537143,0.11877566949518065,0.2218316139704004,0.06613252358518965,0.014879845757791083,0.07715705865502906,0.17427619198840752,0.08327597152934207,0.23082840019643613,0.11186764730505898,0.1402636101190732,0.02538327560333517,0.012666080922983077,0.05903612773538237,0.017740741299893673,-0.014735576435735191,-0.05234514035010626,-0.12391887069475703,0.014912899628071564,0.03733444020763032
MMP7,,0.02701866025250681,0.15137368909462928,,,-0.04517624226267249,,-0.04218673981944646,0.040565801108347774,0.020405235618300703,0.01981867791464645,0.04602991395946087,-0.03768093271348625,-0.004059310924876027,0.0032474931108750363,-0.05230763104967052,,,0.10370469179001816,0.036637659839952194,,-0.01865862761476465,,-0.007817463313770773,0.00013417416436177547,
PTPN6,0.06535512404232095,0.17415671030873522,0.118688798992486,0.05155431811068482,0.13435328630336454,0.038519269478762296,-0.0218212062196086,0.024370491438544223,0.2216949296067651,0.10289703802732952,0.048518224189156876,0.15814717151659818,0.13117549309522164,0.08319041213912515,0.007535846224879975,0.027226353742231504,0.06740176951604634,0.015616800862701206,0.10197596866324353,0.06739803776615592,0.1418132826042111,0.048542932743636316,0.05389515876492003,0.13917785796428575,-0.04000534528317686,0.0374058730718665
PTGS2,-0.08341185465513982,-0.04657933519447347,0.05456316287292628,-0.005787454112573576,-0.2092374252424705,-0.061916974924821504,-0.025143376641573383,0.06872665624300449,-0.1983377400078293,-0.03837312679049304,-0.01125884462894345,-0.05125912660680725,0.04746688917347147,0.03154441304857772,-0.02560905373262423,0.10548395985428358,0.018847979096453815,-0.08431960779721741,0.014807114411081186,-0.12424197444941713,0.023547831906884965,-0.02840788999404352,-0.016658814946776016,-0.05744760894969854,-0.06476176886030464,-0.02063296131682251
XCL1,-0.021516592989743254,,0.015714999160185667,,,-0.013127653772445317,0.05867648545733499,,,0.026781829177149424,,0.009524793226818965,-0.0009948701389964044,,,,,,,,,,,,-0.02491138890483766,
CD58,-0.03516547732763227,0.08663760151253512,0.06263982634534736,0.006883808155345953,0.05010958701618994,0.018888039743291327,0.06392235845285839,0.07470884174237741,0.2549288324342598,0.04144725521053452,0.016694044280043927,-0.015568955265629979,0.17438190154374797,0.0920260097857673,-0.039830542918008624,-0.004109296921363013,0.052161506652282856,0.06221453278529408,0.06367051537247452,0.07404100197131987,-0.011935481317705759,-0.0002174535301607333,0.023580636139604573,0.05389719223673215,0.10138815249435824,0.12936823358461957
TNFSF14,0.08571633629697782,-0.02155041202535734,0.07468734888618914,0.03252752005764596,0.054753216710896925,0.01668795142187185,0.027689418470337995,,0.1058293215546338,-0.020746119796469245,0.009333859681043243,0.12902284743724637,,,0.0191095145499756,0.03206291471911011,,0.017128853389904237,0.011503487738283507,0.010305383125970093,-0.07784183670902586,-0.0797687645393023,0.06493814543686267,0.04944234299606294,0.06785277269733601,0.04770777143175802
CNTN4,,0.10713607163411078,0.03641574167463056,-0.007889978447924117,0.03301234196364984,0.019368798872761838,0.00047053177339355487,-0.03264014156469866,-0.12325047323304873,0.03644293293690733,-0.029295058270430926,-0.21684368973177695,,0.010755282501072902,0.04535804061960457,,,-0.0037334786854118004,0.02302581190861993,0.0250099328093981,0.052324023529595295,-0.02730105092007956,0.015289170965035676,0.008017861206009896,0.08060216019624702,-0.03228754643464915
NTF4,,,,,,-0.019798753685642326,,,,,,,,,,,,,,,,,,,,
INSL3,,,0.0807593927814899,,,-0.01857805848475563,,,,0.030503331795611204,,,,,,,,,0.005816023637709414,0.025544957359489914,,0.010088631742220166,,0.018470050968712234,,
BTLA,,,,,,0.010816920210101938,0.016720924822267707,,,,0.04957385458787711,,,,,,,0.004939372114743746,,,,,,0.07264404942951812,,
MFNG,0.12886034374543373,0.07314990582220654,0.1381086186136503,0.006298171065772648,0.09430790039126259,-0.007787405828422061,0.025643147921826516,0.05534151069433247,0.2063092000247134,0.07829647197275039,0.012751328703872512,0.13355219830524928,0.11520185885241765,0.04200117237819635,0.020460621876710244,0.00297422280926199,-0.02751883114613194,0.011568613362077493,0.06572523009521425,0.17464263483160647,0.00761027307795855,0.04825999106283268,-0.0034905784550083863,0.04975555991541526,-0.04222583850442048,0.038397962478182585
ICAM1,0.024009731533143973,0.021692442103125473,0.0596960548740698,-0.04595268214448073,-0.08482051198775503,0.0019039944905832062,0.0203543293148676,0.09273659812095852,0.1861126779463321,0.03249092025637372,0.02948816955649609,0.14149114321444836,0.030669772851031535,0.017602427445470175,0.014771648872033251,-0.04053237837579459,-0.03376457549646732,0.06251366341369827,0.012187071385717039,-0.001694765757154619,0.03221975507022866,-0.06340328868639805,0.04845049334498118,0.06295069287897789,-0.030743945517459046,0.03251087680971731
PROS1,0.036512631412190036,0.04637033018090265,0.18179428153195087,-0.003542176828376072,0.07640033056603658,-0.01783893816745454,-0.035377977721715206,0.061885228234245526,0.27179441733081255,-0.020585454998704608,0.04762085995509532,0.1480679772837348,0.15040037861968544,0.03233842578423163,0.1256715076692511,0.004818848286469207,0.12312636907156994,0.03171374044862903,0.07916034214455184,-0.011518371989917826,-0.09663007804337626,0.048051104402922484,0.07865965847771178,0.00937851526023047,0.025825655337417246,0.000717239949070281
CLCF1,-0.009700415961737563,0.08857398949661127,0.11617245014151978,0.06481032742285542,0.02088976493277435,-0.061479057524910535,0.030787340672513427,0.022217247981851734,0.06739089140653201,-0.006468083762382278,0.022117458001399824,0.14117865267706167,0.07227928237881946,0.05166060854296473,0.012053314504790448,-0.004819785560999072,-0.015800510658777342,0.01245207983948645,0.0778755526617838,-0.006108601903742467,-0.02383563475004422,0.017077868079184814,0.04050298003559929,-0.05965783079158943,0.0012589281263686585,
PSAP,0.30517396753594894,-0.043406868050845135,0.18652820861293187,0.11377386940906802,0.17254727693842475,0.006630596356531722,-0.004501975843545197,-0.12223666643614105,-0.05943551634991459,0.08078294049814067,-0.025308358595559598,0.21602465822323563,-0.03703540636033337,0.012586548488761387,0.12593658231535948,0.0645001857856798,0.01637345606013219,0.04512152761265083,0.01016296277945298,0.023774454107641518,0.012347093791554976,0.033147592015304886,-0.0830669471166724,0.09652592668294996,0.07725777103847456,0.1503022506281157
EFEMP1,0.14740206083348237,0.01013664712650712,0.17559760161396942,0.08992266891595407,0.07476082466442781,0.03764949442253684,0.010380770626883497,0.04955686741859197,0.23836335387099283,0.10425472969157194,0.01989299158644536,0.34415598154734417,0.05950435442723164,0.08005789934217059,0.20714563410059111,-0.06490517878435577,0.0488179002311665,0.012957727536599812,0.12949688104219426,0.06949982939288772,-0.033802909630961865,0.027160670327060363,0.036030031963034684,-0.07187072690499914,0.015373273079327015,0.10668061206436062
C1QTNF1,-0.16453624091962682,0.020187030422397903,0.07893275082155908,0.06022928403990249,-0.018525675064022872,-0.015404919787282928,-0.012551840544487134,0.004400592589769668,0.19005685148378157,-0.007869042151096234,0.016318672312270636,-0.022772754641707835,-0.0037775600202698267,0.03750416924570821,0.045966989366599535,0.02663931065628755,-0.0486204290124873,0.05755858571981015,0.011642229758473037,-0.05207144663752173,0.008381428641462976,-0.01817086026790733,-0.004385947716816137,-0.09475179053796412,0.009956877431106055,-0.013459257962912705
ALB,0.08790421886423334,0.016562317403119597,0.020800372840231268,-0.01043181335613302,,-0.011564998819187376,-0.004624577925588608,0.0910861605137503,-0.08759237674835224,-0.028837873850955494,-0.008816995062801876,0.14809710780184965,0.033146072332396886,0.04872118506774202,0.012770947434266574,0.006470139580829009,-0.07342298551877648,-0.018707087870399507,-0.003776311445968471,0.0800573083405803,-0.013280218756384368,0.01925394484375962,0.042481747767141566,0.04021946330475752,-0.02764867642557157,0.014350960144841874
CCL13,,,,,,,,,,,,,0.07277405307942632,,,,,,-0.011833986787320014,,,-0.04996241752244326,,,,
EFNA3,-0.047514075535835094,-0.02163745614155114,-0.06820423654802196,0.022886465935078572,-0.03357724031567238,-0.012209440609094006,-0.044694767803881,-0.016106895003271435,-0.2430020379181819,0.004471254570719485,-0.009626236109748141,-0.21531743372584242,0.01619314451944491,0.023507286061919656,-0.04049409406379691,-0.05558306627477142,-0.03982451833635037,-0.008075928306123515,0.11080495637999407,0.0032168121827544807,0.010102861065276874,-0.05341460956844574,-0.0012443064660458932,0.08758564250087265,0.13416209306191668,-0.08370161140815174
DRAXIN,-0.11462255190906989,0.031611886395929385,0.014853278393995549,0.046860956425763274,-0.09487435677190059,0.01388809412002827,-0.06394789038778766,0.11805708283887545,0.14209315899503255,-0.016724429863506914,-0.02267183188104065,-0.013225135457142857,0.10264348648638631,0.14073920169444168,-0.046289529314384556,-0.16343584607805783,-0.08263142266182456,0.07857462136001701,0.048603859481121565,-0.008467642614018195,0.017631810500498928,-0.05519270844031643,-0.017028861040398503,0.09915230726797838,0.03973445522855097,-0.0668878536827303
RAET1L,,,0.053926591931898644,,,,,,,,-0.022128746715189294,,,,,,,,,-0.0011458666183835039,,0.012251499867548971,,,,
NPTX2,0.021139253096806726,0.12132057087632657,-0.017043506819387218,0.054178439437634215,0.09059555604705304,0.008522874531072575,0.017274538090595707,-0.08134088106785456,-0.2839896524045208,0.007030386467572628,-0.09993739998530754,0.12645374214261262,0.16885999119313813,0.0551988829228768,-0.18611790039380943,0.003591658273978254,,-0.0010597154216753471,0.047611454096095567,0.04394346875626098,0.0021569609658263628,0.017577392744749305,-0.0044022538495561035,0.07633679396601667,0.07478465248723001,-0.04576897751672368
FGF11,-0.044493957992342736,0.04449532596113974,-0.01804949235116017,-0.012478527314443592,-0.08897332385536146,-0.07614948046323586,-0.02623247713981486,0.05561957959144202,0.20605931710969144,0.011936273790416063,0.009897270030434134,-0.05370863756294796,-0.03172715121988801,-0.00938421730077406,-0.05245961478652639,-0.04955573453776563,-0.014220816885377715,0.003942524776965017,0.001273807976037771,-0.029507987061566102,0.03142659731135719,-0.05758440164255709,0.098531984795897,0.07348819873539318,-0.03225560260540077,0.03321770385227267
CD59,0.20706154537060112,0.05830169172246294,0.22345984404109143,0.0648447574992136,0.09660021554359406,0.054467085003975235,-0.005578849636549699,-0.0028047980531299786,-0.0890280952748338,0.08628213641191969,-0.02004646367606079,0.13742720318138457,0.03636557136296565,0.011419913189993735,0.20514503226586076,-0.043955077339218336,0.030267005913991594,0.05302387723131055,0.04056546317427761,0.061112523519190595,0.009291260387963594,0.05096565283074449,0.02936265964412903,0.02111599352325483,0.05413198174087399,0.06990064227863202
COL9A2,0.00343547956394729,0.09542781487728778,0.028927248808808956,0.0013735604739006648,0.20813888406686049,0.06896171419159389,0.014386886969974946,0.046188648822360366,0.09949300775274894,0.08397130695601432,-0.009196730167558686,0.15481200232305178,0.07064329719088633,0.0718230259261029,0.044287006407129174,-0.032471778891306174,-0.026724355763915592,0.020000824945041344,0.08139763621560209,0.13871717681940815,0.06185278834397664,0.03694984419695023,0.06741733924471564,0.19304418026568207,0.00017926728997191848,0.0889133663830416
DLL3,0.15602927017541238,0.01947257216567508,-0.012762429408801103,-0.07055867722434875,0.1990356490284358,0.14363256049834214,0.005301157959551168,0.11045747114051706,0.12521905581842938,0.10702712795287507,-0.05473353949586505,-0.19261895957259254,0.0447345681209163,0.0430963610544216,-0.2030857720266125,-0.06649519364414729,-0.06083351765826821,-0.00026015403804874267,-0.0343059623741721,0.11868276789225501,0.016494692074356485,0.0033805457834905806,-0.09715954247002988,0.130486900674859,0.026187080157428794,0.04204816547398943
FGF5,,,,,,,,,-0.07642362774501306,,,-0.10739584672048631,-0.024900300077599677,,,,,,,,,,,0.028056793536299016,0.022631122473618415,
LIN7C,0.011427872663110761,0.037631782558786485,-0.00933658558412634,0.068077095840766,0.13788024735354665,0.02475832962238293,0.07129745957647655,-0.04955726162830236,0.1371909041114447,-0.018338292519919346,0.040886863346984485,-0.04323044906606733,0.07866078351182741,0.047208465102873604,0.2888714465826626,0.006556623605656098,0.09712892018526546,0.04307694808864575,-0.03318164156315378,0.08443533165725653,0.006356247389207984,0.013648205439182581,-0.04404988630543265,0.039560690176787684,-0.004558000048144289,0.08393575394280023
GDF7,0.05635211389121568,0.030579994720710584,0.031617928565947556,0.014560795711591787,,0.0026559398600806885,,0.036014027664983,0.06026970253924202,0.05334379168994809,0.029522142307675244,-0.13257042893349638,,,,,,0.022353476267781846,,0.048846902697160785,0.007836443147516742,-0.020296673598857375,,0.04438281281084169,0.07377635136104062,
PSPN,-0.05896606859651109,0.018548018429114566,0.036382622938513264,-0.018265331717074475,0.07686846423446331,-0.08174712136655793,-0.07761008659477078,0.02421653664010564,0.04336542783754895,0.035804330048744705,0.054858798534573296,-0.06003231054279285,0.004902324734130877,0.033387672543944015,-0.04096755348507906,-0.014372968313077354,-0.03721155800816967,-0.023490270828668454,0.01059936903990622,0.0778269540244771,-0.002636332378223484,0.004781140226991372,0.021722721852162365,0.14858803755197936,0.09953803256153454,-0.010112362582831597
ANGPT1,-0.06162225472355698,0.045638342760104124,0.05751749011369044,-0.026706031332252533,0.01788825324986637,0.06770244302261232,0.0371880786291944,0.03397259582669715,0.2154986117693197,0.06537770608795827,0.014367559258672741,0.13501247569840505,0.09020276854555284,0.00964935126558459,0.07357289282495667,0.025203940685917848,0.07959714056073176,-0.007106930588486556,0.05537305238891442,0.07005608055343376,0.05056976350654416,0.046057266628125454,-0.02683181213962905,0.0845290156428108,0.03641843152050558,0.06660277097171591
PNOC,-0.08783629216126884,0.1476474002435936,0.08314089868704017,-0.03814081321744505,0.13886135334611815,0.12676232201715043,0.009781980434877158,-0.058411254231548075,-0.22645928509750243,-0.016652742445312542,-0.016098586417908435,-0.17090694098355444,-0.030605941577240475,-0.033912422066787795,,,,,,0.011417476743842692,,-0.002857225698276174,-0.08172190284439014,0.049359127128204464,-0.04358204402667529,-0.04651485663905044
L1CAM,-0.042278455140843156,0.05150427317440463,-0.08901906910451271,-0.06508249440252283,-0.061281664108337214,0.04550865252998743,-0.02331113503945129,-0.06633904363204568,-0.20111984796270146,0.001300685463198756,-0.015161924438029281,-0.24092294033415482,0.06177335613561527,-0.07892452143472194,0.10255239671432033,-0.08792232004738867,0.005391123902902808,-0.0471684024059376,-0.020584055326217394,-0.07094799541009304,0.056490353943642276,-0.09700626780398769,0.03553743084606413,0.017361788564838127,0.06352723940860627,-0.08083163300720446
APOA1,-0.031070601593510962,0.02976652720044855,0.0018206877386042312,-0.01080563236720626,-0.0028724745106574845,-8.799124427349858e-05,-0.03782891082302779,0.039227892581906364,0.07408115576235197,0.003097548811086312,-0.056821775685611156,-0.005084620618676877,0.0029339267545435907,0.02124235687497902,-0.09040440226163772,0.04259705170099752,-0.05902304159357924,0.026872552608970524,-0.017250776131072214,0.06058211194703957,-0.02268342635354301,-0.05871859810487729,,0.015592068698165993,0.07434780186151634,0.06430005600068349
PSEN1,0.13148284253197695,-0.004286275897974371,0.06036681812885245,0.06676896711092299,0.05444309417380451,0.04514090849331161,0.046721882495535105,0.06430398698278941,0.08004880922526751,0.08235636779246563,0.04160461909021228,0.186796474635181,0.008668276516379384,0.05089490734008304,0.161035713439573,0.013046746485499989,-0.017262752976174387,0.044518693883558516,0.04586191389151643,0.048695933287020564,0.04917716433005442,0.028969368364805216,0.027880165676407703,-0.0089858920376701,0.05547885997363031,0.08804632822130985
CALM2,0.10825889611435538,0.11857621923037227,0.020209864810902405,0.06262713457990444,0.18648087933381097,0.14363398836129143,0.08178066891339902,-0.12127849703186068,-0.2899313039016059,0.036684250610361645,-0.011389882384020056,-0.3785369922712809,0.14990864481540017,-0.025072180591901555,0.03139307599393524,0.08952702120404289,0.08761905275039639,-0.05450683011496146,0.09902390032131649,0.12273100487088345,-0.12183717552799016,-0.03908458526772799,-0.09057012585503309,0.08844714952613718,0.09235896454973999,0.09882306613930536
CLEC2B,0.09012551342954685,-0.06587384936812232,0.10274214248515717,-0.018531610997702515,-0.17133836207075648,0.018692587479273208,0.0033715652823068927,0.0317826274907992,0.21327555039079302,0.0029525946020491894,0.00828523867350281,0.1126731567176011,-0.0024871715875960064,-0.01306281135395607,0.23182844831998728,0.06237252069463135,0.010473241864279453,0.020591693597475213,0.050681585925224266,0.0390052537747749,-0.013104230364986865,0.007145479063637618,0.09406628004073224,0.16956573517594875,0.02404261438468602,0.07498130701464105
NTNG1,-0.16014584158414133,0.06942263440372025,0.022163461169402175,-0.009334061060328702,,-0.005126586982125789,0.038146436820056244,0.010692223423158674,0.07794677380366413,0.009784429442195739,-0.031458952315099514,-0.04881740755993596,0.03434663061962699,-0.006508049156461907,0.0713215084466865,-0.011708516917140515,-0.05339064510986982,-0.025973599882421546,0.06311371529262816,0.025221865387278074,-0.018401802543006003,-0.015640101474313023,-0.04750392073569775,0.11383075827433536,0.03571690705228365,-0.09825223350793569
LRIG1,-0.09598849313191185,0.12277380640767752,0.04574184666701181,-0.038266547722964846,0.13905279891001573,0.05412106126651793,-0.005726601087820679,0.06192023569552791,0.16641378267377194,0.00978603990775637,0.04004658815001652,0.1310081714428533,-0.07322632385431559,0.0682538166566693,0.12131600071700106,-0.0628920164097793,0.15172869611146877,0.02168082976846005,0.0377296320586659,0.12375602057022507,-0.02105509541895948,0.03980051220873069,-0.04372888486568358,-0.04179704256270567,0.09384713352923242,0.06980323500332468
CPAMD8,0.034516125233065416,,0.01188075001788059,,,0.014345480959177065,0.029820913648483792,0.005845021953503932,0.03381456698230114,0.023292709189107377,0.0017109376299480653,0.10378490354527767,,-0.03055075933683837,-0.08090271577664865,,0.0779640155282361,0.010972928350653013,,0.003925511949814371,-0.025375557634564117,,-0.08017321286224367,0.007414861799260937,-0.015619367105587626,0.10049824114700963
GHRL,-0.028354605360080828,,0.033481911975585026,-0.01411419979405974,,0.031192342750609225,-0.007245439798556081,0.031204552512076676,-0.04485599773092907,0.03951975110763982,-0.003076168789005748,-0.04547484024572027,,0.10086072105824045,0.030058443103406034,-0.03848474595540013,-0.061786061788826986,0.024316086239795236,,,-0.022648544628219126,0.02284687284135781,,0.14562529425801227,-0.05170400188154883,
NPY,0.01281185298602789,0.015080754301306327,0.04091385396373158,-0.02583490240331912,0.037264945107914005,0.04080006226834876,0.022298081714810528,-0.09538006213685737,-0.17987754927625782,-0.012273413158177314,0.03309518283169954,-0.011114907827555835,,-0.009090577527373776,-0.11044298740175916,-0.041267608297015736,,-0.0640849657837543,0.07046000370228625,-0.010444017753943866,-0.02544951715684846,0.018906953586587585,-0.07223889462604409,-0.0216517644498537,0.02515886356259994,0.009561806977447877
MMP2,-0.028575009005543904,0.08444242032065727,0.15884334722914376,0.011434844045230473,0.2223434755999558,0.07138138408630311,0.022189786559763974,0.01258277849943451,0.20644961691219443,0.024814373374626778,0.0647616926931928,0.12863914534879764,-0.1353048387833933,0.1552532640358111,-0.024900055574439705,0.016936399831872433,-0.09380054778274759,0.025261409692600083,0.08440590714621246,0.09707952339245292,-0.02813724561153622,-0.017007102673594364,0.0299770635385221,0.08897991219524153,0.015674424404042344,-0.06695556716340009
LHB,,,,,,0.004632437480255385,,,,,,,,,,,,,,,,,,,,
PPY,,,0.09831432556971978,,,-0.01226962588277743,,,,-0.008842751982285794,,,-0.02561465426065239,,,,,,-0.010403407785301449,0.007866464221726958,,0.006534859052657553,,0.08503036617492436,-0.024905716088522746,
ALKAL2,0.03036317446689449,-0.005059042493701433,-0.003394688028778017,-0.002864375219827077,,0.006923956929260003,,0.0037360978490645442,-0.029416257785059515,-0.03610705338970599,0.02035759465181639,0.12080701487269095,-0.06340606820561409,0.018022303838401088,-0.020842939691881685,-0.01571688487653702,,-0.039615113873478464,0.07904438723264791,0.07572085333838055,0.04847715367146551,-0.015475602985202383,,0.0260623028140653,-0.008178529292337477,-0.015698470540158254
CSF1,0.0011661655717799479,0.058740117191046104,0.06011194896840662,0.0028062990262970643,0.12135589194274751,-0.02518391408758171,0.013260446837479605,0.03925308192561953,0.19030522507068107,0.044262257272208054,0.006050288561265656,0.17995023461598317,0.15795447404010252,0.13455513256419172,0.12160316618904998,-0.03896410294799945,0.00023442609497315457,-0.03743549758942528,0.11176394304271806,0.06279670879390438,-0.026662263249323644,-0.022095869168077202,0.06429099881795522,0.11207687759071924,-0.0073385701340277845,0.13865530823804367
SEMA4C,0.009936790493490121,0.04165224508200592,0.1277248646973188,-0.016095012605538646,0.022490916262456598,0.03823034247239468,-0.0007047782541421707,0.04977232509072171,0.07717119648143603,0.02676180110804227,0.03281636348471825,-0.04120550991517436,0.06995055152638104,0.06020211315161388,0.08569464511958916,0.09952029194139277,0.0539225540520284,0.03543739637836209,0.023825828494547265,0.008093272998838889,0.0026319513599641245,-0.0391542533936758,0.032600105465455075,0.06010824257495716,0.06307128321838838,0.13578904993391044
BMP8A,,,,,,,,,,,,,,,,,,,,,,,,0.035537031785552835,,
ICAM2,-0.050176433644749406,-0.0289383568008258,0.1332848613628573,0.013775393451688349,0.1243577536441663,-0.034055719080607,-0.06997541942493922,-0.0108531764943399,0.147422110744368,0.010903000456869072,0.010325704753734797,-0.01341519664825941,0.11167677335126548,0.021987055588810735,0.10134445886096469,-0.026272789826436077,-0.06623268122481943,0.062761445184061,0.06346283596300167,0.12473915130774027,-0.00644400486761835,0.04920654723548035,0.02078083014901359,0.10742618198128716,0.04533651950062901,-0.020565495015730875
SYTL3,0.03180198316441237,-0.0010320993787071083,0.01907636147743328,0.03688874344354863,0.026053750625433695,-0.001299366163542996,0.03968763478525049,0.02086283553900777,0.20518037332992634,0.0008063863684509611,-0.028497227446423253,0.023514029302027836,0.044603138377993706,0.09828912374746641,-0.021929576655738983,-0.025558162443100517,-0.05445742256052799,0.007051446249792095,0.027903758132174668,0.03666020295285188,0.03169590063399669,0.07236460028016871,0.01706238425339474,0.1209660671056212,-0.048057446316628886,
IL1A,-0.034992375124506495,0.034732460510241654,0.037474658188602135,0.08483792453324301,-0.13329231070740954,-0.006049493370406448,0.0634807720156035,-0.007422693002647052,0.12423188710696202,-0.013110107323827223,0.004089453352733693,0.1113393413052765,,0.04573930147111192,0.0074423700855185205,-0.03868776085532429,-0.03426918105782691,-0.03959665114855358,0.009623548369587672,-0.04578235171739732,-0.03129245279982078,-0.05423785525004547,0.003451221195118939,0.031106283799083895,-0.0009617798732184215,0.03287892492733359
HLA-G,,0.017643938458396433,-0.06263029258030149,,,-0.023984774204470184,,0.08014683607309936,,,,,,,,-0.0844957824471225,-0.05041481637802511,,-0.020362186124591133,-0.05009591037114638,,0.04653089637631124,,,,
PGF,-0.1563297053559173,-0.029016262340538456,0.15094507895615664,-0.06802740527872052,-0.05344348004308338,0.015718453934132535,-0.036227518320999436,0.008663672852200575,0.20351944835789798,-0.026200938181349224,-0.015610394520343818,0.013485076509283597,0.21363207169170276,0.03898486832525084,0.17589833264815297,-0.015841858744827648,-0.021255620820021106,0.00843231248288238,0.06335848511544576,0.10641201516167119,-0.03469866499529816,0.024217810608690108,-0.02320164918932029,0.08643964356071299,0.06324743196526438,0.006217326684623091
LGALS8,-0.0070777750019096666,0.04914730266993336,0.03190265625865617,0.025909608360085844,0.09833986915784863,0.015054613528158812,0.032089197860401576,-0.01327630553544854,0.06673921274154739,-0.06872343667376073,0.022879252074486482,-0.1000813144604008,0.06356027714795129,0.028332599958589447,0.06560681552797017,0.01707003156412255,0.14058613230905112,0.03542910961062462,0.019210898344711458,0.06710883925331317,-0.000998424874658113,-0.01569946796685682,0.10765401331674229,-0.006058171987951726,0.0648984309210909,-0.015082330211393631
DKK3,-0.027841470326275253,0.07490328359967938,0.08178966625514296,0.002854658578609992,0.08826820298668317,0.0928138975478249,-0.0025649137290054864,-0.10002327801086426,-0.2534829274029483,0.06071007226382191,-0.00982397453132794,-0.4006204103149218,-0.008881172685883345,-0.04190099946202673,0.21600181949777256,0.028623301975115492,0.025521001421136363,0.02425565976486006,-0.05002294015172864,0.1289953844600374,-0.06670284600299492,0.1003933278138335,-0.039906890802072104,0.03886349361171342,0.11799793551251403,-0.036632098294129334
COL16A1,-0.1667855161012651,0.1225110714353107,0.11586337272726101,0.0070684936730073655,0.21109310162574502,0.04839683004729621,0.000920387295306892,-0.016656480612166902,0.06793967817127378,-0.012763523461092195,0.022387980141368814,0.021962328786703254,0.1832819718349228,0.1276115465888994,0.04491760383644094,-0.019933730363476173,0.044099582886742934,0.024807204705090243,0.0165318702914919,0.036738257173585066,0.019727904507474216,0.009846453264662448,-0.029475932949144898,0.12289252715725095,0.002175830563147108,0.09590540409030877
TPH1,0.016025557719261976,0.058002652940208815,0.011884508447611889,,0.05591592363258132,0.019124650633577017,-0.032155110659194165,0.054914016853602345,0.08330206056112159,-0.028784297557890776,,,,0.029666763181772176,,0.021247810609879084,0.0831189167215724,,-0.001241270075068417,-0.047910336763726975,-0.006127457196805853,-0.019159320976702903,,0.03639135721662224,0.015149451154733153,-0.04371085500932844
TNC,-0.06209114618200051,0.05470359322462895,0.18681907867500144,0.08053695183038014,-0.03274258787265698,-0.03973564002069808,-0.013758617029067407,0.09851376620732982,0.31356870211871385,-0.03173538353197102,-0.0017898268554838654,0.2989979303721648,-0.12588930389154274,0.12592579614823549,0.14453515909441314,-0.09892070818475937,0.038639223704808406,-0.00344643706993664,0.16558608189606608,0.029964526809077983,-0.004559476678250092,-0.006140199780004191,0.0408202117727725,-0.06202981661048826,0.00036062387305530174,0.016196775074396673
TNFSF9,0.06370159777517773,0.025588982587557367,0.003991851663042138,-0.0008103740705547123,0.1084624551974882,0.008136516666290082,0.03083948311886083,-0.024558379169895717,-0.08884955207146689,-0.01688762640108061,-0.05596082432791636,-0.0069842242103893525,0.0172710423398363,-0.0045354490273390065,,,0.09258819848496151,0.06385476739465738,0.0015037510038536043,0.04573250518399538,-0.037021273642694016,0.04220384770927533,-0.03141908009050977,0.011207835587294466,0.016226114564324882,0.0077984775834473875
C4A,,,,-0.003160746525834385,,0.044473474162436195,,,,-0.013422334264450823,,0.07733745008858985,0.07796595819900823,0.014660816297749624,,-0.05083510375774121,,,0.038888400744811334,,-0.06911991365965703,-0.004107326015999283,-0.060935462570785234,-0.0038500236420035477,,
CNTN2,0.3130783438363855,0.020633118409885947,-0.043705708871650796,0.13702408199886876,0.0917208493156175,0.05203314730703875,0.011254102360450713,0.0015068980037946128,0.08598287252346695,0.014390363994457098,0.038857202213715504,0.35102462524787,0.011682246814748219,0.08144838590910727,0.10209612042557364,-0.05667936047168022,0.09473424276419574,-0.0382983310013603,0.03775923457540813,0.09463134451188417,-0.026020789904111743,0.03420815343234391,0.029537735755318748,0.01926890099601396,0.07913761296480949,0.181611837399531
F7,,,-0.014882925566289276,,,,,-0.044507633982602754,-0.026512687269382742,,,,-0.0045790930472681905,,,,,,0.000705310075795376,,,0.006337725856779952,,,0.014400040018311557,
LUM,-0.11490007947745152,0.06564488314258031,0.21365095477905932,0.010257024872610342,0.08763639866239822,-0.07339872312403725,0.03775009730424327,0.012904154460224351,0.2201116324999717,0.04313125258798297,0.07273435484443676,0.028241348588495897,-0.10285717666989838,0.006241206736934991,0.1261148870034842,-0.07092721656491383,0.07337780770388748,0.0745203778735701,0.11664976452595355,0.12748307535828637,-0.05674333515053601,0.05791472966417017,0.026224374983864755,0.07675849370955078,0.007993537760598758,
IZUMO1,-0.009259575648219732,,,,,,,,,,,,,,,,,,,,,,,,,
BTC,,,0.0025841017433851548,-0.008731617392084275,,0.0036944537232058657,0.038973596747193355,,,,0.03151992002334706,-0.01183634720612679,,,,,0.027434339394547976,,-0.029447514247329935,-0.058975327674215844,-0.03728963284357888,-0.027070505319718052,,0.08447213146218477,-0.08095209848032361,
APOC1,0.36299309874243496,-0.04460670040356212,0.06292955357955955,0.13889876205484059,0.2212954829539838,0.11866982289897492,0.02533725573666459,0.07141867105227095,0.34267876312223966,0.011599694665657757,0.059742636041347955,0.41572370308518236,0.11645227746112827,0.11025795107899042,0.09880895071339607,0.16807634440250296,-0.022022189359617837,0.1032204325305493,0.1420438610402583,0.18463280114866287,0.02046263408649246,0.1472027522558145,0.07776332582332289,0.18104495254302316,0.061594604682262015,0.12653944221329463
PKM,0.031793241409422954,-0.01782618426095459,-0.01615931325372502,-0.014238572340018995,-0.13500551032304775,-0.1434444239220499,-0.05004281021467017,-0.03986498383886219,0.03759206104439489,-0.012004885687462273,-0.014571462187345598,-0.2899701038496447,-0.11019643937931287,-0.023976891871820803,-0.027036505392441228,-0.06106359786104322,-0.09790651037778697,-0.003769066740141769,-0.022673327683947638,-0.05518818838593373,0.04799450723671042,-0.0586738076687307,-0.12706647374655444,-0.06332614375745017,-0.009126177177795451,0.0017989183371723803
TNF,,0.037133364660342026,0.09951574870786872,0.013931394971619477,,-0.07396623302638117,0.04421145158979619,0.06683370252664586,0.051600162612179,0.008011394414772374,0.0027335518860066746,0.13804541172010834,-0.00430899638962166,0.039751374851608956,0.03432581020425,-0.03995150603041134,-0.0484859084231932,-0.025907834604221573,0.024622025399662663,-0.012573323601332785,,,,0.1538557384395557,-0.01870337293089208,0.00035194908299381316
GNAS,-0.171488248800003,0.08166734924867226,-0.1902033712648554,-0.03104663475588162,-0.11085400665403547,0.12698759487319808,0.0171403027774969,-0.051348885881769314,-0.30126680670301564,0.056901562843093875,-0.05790123601728708,-0.4321496435557939,-0.13672003668738925,0.04603555389092601,0.042465493390013424,-0.03534973443165765,0.13651819654406344,-0.026640131802665303,-0.10112886412685691,-0.07351161752554251,-0.04805642421624521,-0.08738739253175566,-0.07502548637690495,0.07942843402550444,0.05229202296102642,-0.08814004239383305
BMP8B,0.04559190380431832,-0.030804550380901925,0.06732410361510752,0.0013965248152650604,0.0072450836184835355,-0.017240452500011466,0.010059841459732823,0.06290632435121214,0.016291120994895023,-0.0348723422378793,0.016419572972400875,0.15091692019096983,-0.04334146219597062,0.11622977146146908,-0.026956134594862832,-0.05229361874307391,0.03512847624753991,-0.034045979303721496,0.009193927112442365,0.07075197965758331,-0.024833867937134872,-0.03674020527232442,0.05864094127991626,0.042556884022818174,0.022104282109756634,0.05835294897381542
LIPH,,-0.00535748017896685,0.03303538418360519,,0.05903380938131768,-0.0297419470905559,,,,0.0031976528297152193,,,,,,0.043498248902833256,,,-0.00012267054611958346,-0.008609169639598877,,0.034860405363252266,,0.08944358772732222,0.012272661185422256,
CCL28,,0.001034302129567103,0.03525186283982305,,,,,0.021205555088609194,,-0.015944590178882424,-0.019394218089220656,0.029780791960138442,,0.04965953658587616,,-0.07119131448362084,,,,,-0.05412959012207505,,,-0.03397830661411898,0.014876294934955295,
PTPN11,0.06757459912273438,-0.06251263960510768,0.0059167691961542965,0.00881339251208084,0.048186069899017824,0.0716579630420434,-0.06578767043324309,0.03744428351092524,0.061390035724032316,0.0486101122241627,0.007408866972931654,0.09355300342122695,0.059341561568048304,0.030689128556842374,0.10342521054280014,0.010765515623482576,0.008111384315721261,-0.13441798382052123,-0.011442374281581763,0.01496398262615005,0.03989762784580946,-0.021632549930872186,0.02670097009842122,0.08584913516296543,0.04230128218541619,0.059239052628034826
ADAM12,-0.10035567662050346,0.09332463879973822,0.17212511481720483,0.0028810001144773485,0.09963851026232981,-0.11510467960099273,0.05777046418676969,0.06731243944363953,0.16997042442626267,-0.043183386230088786,0.006485391992332396,0.023433530353399432,0.13842886951220224,0.10715277546471899,-0.02600278266635552,0.02886519481997516,0.00040996163376193093,-0.07330063421313061,0.049369292336429046,0.08143938164180527,0.005237343591791628,0.02768057730301078,0.08228827169372614,0.09468241074726758,0.08120849560186585,
EPO,,-0.011679971502293211,0.022074503131290012,,,0.006252841773578041,0.047535997093765034,,,0.03247914844090866,,,-0.037418233812651,0.0021298910763218873,,,-0.02942617890690215,0.01719328846440579,-0.02983297680851901,0.022027388508498016,,0.03341324719491294,,0.0022063975152705907,,
EDN3,-0.03932547393218729,0.03811718630072354,0.023658137034092627,0.0011896247520118348,-0.05242229635004078,0.033275337153769353,0.029238505213237363,-0.001927729174079054,-0.019031879198341255,0.058890134711136015,0.014671872957729964,-0.05801225731154404,,0.02520133263395454,,,,0.003330271067990938,0.09383413083896695,-0.004408234738453241,0.03545044542833167,-0.03827622125664513,,0.07214661444306437,0.006669860576094111,0.01237844597403299
CCL22,,,,-7.196779867503683e-05,,,,,,-0.03530628425938525,,,,,,,,,0.0481664698370201,-0.007152871220886094,-0.0425527115158771,-0.05061071690809021,0.054051404337110115,0.010014276255175475,,
CCL2,0.14885155823488166,0.06617158953254941,0.21658256277461885,0.07212299272391184,0.07799490695825124,-0.02671545182997232,0.036059923749740055,0.12654256797897626,0.05362862550163566,0.014095209726806605,-0.03975019583928388,0.30704694719805975,0.1252591684500871,0.08597715552448242,0.2203264827965138,-0.07590667504626117,0.1110029333462316,0.094164890278528,0.14039866310793342,0.10980026500757571,0.0503838947135928,-0.015635417622186464,0.06021598217396932,-0.0761238876407404,0.024270297590142313,0.04144333782128828
DSCAM,-0.03546616863221316,0.06459161420798146,0.0344194067689391,-0.03858948553995749,0.06284706034236225,-0.017616457563742152,-0.040816824379504686,0.06913859327533621,0.05939193795553342,0.012601262167366067,-0.0218751945097954,-0.09588301836724039,0.06288511507984947,0.06996806618649842,0.029929843984425608,-0.037428781971108556,0.027374412964136334,0.008525128463640142,0.00011087019256412693,0.06394888753327557,-0.011661735175784291,0.007452595195419112,0.034244279957710934,0.011906699864137069,0.07830497751011258,0.06690247391637319
GPHA2,,,0.05292644197828924,,,,,,,,,,,,,,,,,,,,,,,
ANG,-0.05697742667376065,-0.1102868715778482,-0.019967613134439663,0.07020405358677342,-0.2005466995466374,-0.13336627010110316,-0.02169137919719879,-0.06284040850092244,0.12142653584230742,-0.0034420491647725914,-0.0026846109489724428,0.09663873879224917,-0.03898265027953075,0.04768979709976038,-0.02505608879938071,-0.07001688612597637,-0.13116255894644763,-0.005189871298036909,-0.0008224349138472238,0.020831522195293394,-0.015131614782124724,0.013824833641304305,-0.02261392423176645,0.04423461216397902,-0.024060342574541475,
FBLN2,0.00753370421459487,0.04620783276877604,0.08027588268080975,0.012590610038034536,0.06093538593137922,0.00467410694108906,-0.00823882204489944,-0.02870593731134925,0.05735545705338464,-0.027132651444665628,0.00790621917288767,0.03440949719946215,0.1495897775370265,-0.0409836898407824,0.05891729495902258,-0.06647646679832352,,0.03348023629392981,0.05595039964259408,0.011692471578158984,0.037209923812506186,-0.036185610725464536,0.037587257138845316,0.13316439622501564,-0.04432734414282028,0.0028627568421691835
VTN,,0.02419515249109358,0.056589788315067564,,-0.057346595624657805,0.00807088494409926,0.0440161282413192,-0.006723446432068841,0.043068997580396534,-0.014496420921473786,0.014442438823937313,,,0.008489723384017139,-0.07613932843167913,-0.05300533130480165,0.00029011075578612623,,0.026969176159560484,-0.044980057321578185,,0.045135959324633976,,0.07512007200419496,0.030121310834478273,
VEGFA,-0.10946846853225933,-0.0769928552055954,-0.13413122848486095,0.011593768323635584,-0.30855514278508245,-0.145645398071643,-0.07117940821999383,0.06953405865783677,0.07158405837011524,-0.09282065026476836,0.0072512146617990355,0.01290076927144985,-0.24069046045837814,0.04105931936192348,-0.06721519995730893,-0.08949492811926672,-0.08751461391644211,0.02090601673163435,-0.06950951093170285,-0.1893228252323477,0.041546613468108264,-0.08625926624163391,0.0738666388145222,-0.19908315706066163,-0.09328827873044007,-0.11043163580630833
F10,,,,-0.05392573240693553,,,0.05650416448883485,-0.02458309465905392,0.08198590916950388,0.0032675751632647615,-0.03177362718689611,-0.10167840228148203,0.03575080243181855,,-0.038065390049845715,,0.11503200991309548,,,-0.025836359599610774,0.061959063270327214,-0.030497964600201245,-0.03517740387858216,0.0744895765910888,0.00392037666156186,
SERPINA1,0.19343597917634286,0.0853917129346325,0.1337319532126052,-0.0008470604156178244,0.17383841952766238,-0.00040389559135547135,0.020424625406942277,0.09518550225552501,0.25190102441275086,0.02008008119901207,0.022884220121672173,0.34313216036438426,0.13435677203613436,0.0410390147914853,-0.01348668434878777,0.02577811953538229,-0.030784712259109694,0.03908299911473128,0.15763895569792244,0.06645515571214869,-0.03461230218175115,0.0023329548240548213,0.03044926744678301,0.09652457745396395,-0.02822433673000426,0.011142359660188332
VWF,-0.233406631687341,0.038417866963305174,0.20825030303904593,-0.006371914733385069,0.2226509640835991,-0.02623259265593481,0.04640690012625263,9.990111427263843e-05,0.23642283766272001,0.06798185571613063,0.007381466310964064,0.06542558454352339,0.17175463535535662,0.05941924035443389,0.15383861082373984,-0.09706260259947792,0.020567271892520597,0.007324250393228326,0.05271940761720176,0.09462242987428374,-0.0631281567268198,0.08863480666701902,0.022089625528102112,0.04842503620355562,0.03071185743892283,0.15190284134464915
GDNF,,,0.00018363005036139604,,0.002632263032515337,-0.03494297840936926,,0.05163610633881902,,,,,-0.008897136544517644,0.03312305247903472,,,-0.03819921487270206,0.06375160302485008,0.013773140130702122,-0.011473435913678066,,-0.029216208477534776,,,,0.0783484106714202
VASP,-0.06509030402465138,0.04182723673493336,0.11128313287424056,0.025922304556726946,0.009939343640619446,-0.05280292197278383,-0.0005954277871179592,0.06346229601672126,0.1745404196670912,0.0063581957028993105,0.047742262398002104,0.17410827463475662,0.08150426081841361,0.12988915993948033,0.10689246076432074,-0.008620229405413673,0.014462824789567017,0.02909809522013724,0.03367633979791018,0.0003024279561297257,-0.042294660060919524,0.052622908996940033,0.13549127238630992,0.0781374903636358,-0.009009614169490556,0.014613110789391663
ADAM15,-0.13066152818303917,0.11319759671009001,0.07111077826870466,-0.04113174715208035,0.04263587059050808,-0.004118668200315004,-0.009963977174849028,0.034214542109365906,0.14012805607909615,0.07843373782057325,-0.03956408506243606,0.12889932867458423,0.11446185975447533,0.07965403657719812,0.13443180539320873,-0.03835963807175678,-0.04862649206095029,0.0068034348388955074,0.048961666258549336,0.03643500476546761,-0.0009423300252708059,-0.02559526027613289,0.11596700388264197,0.08756858504958537,0.010832309777040066,0.07916183374764463
WNT2,,0.10539392935050777,0.030662463172305095,,0.039276003927482775,,0.0010760630072281763,-0.04329734757733059,-0.08395006159293153,,-0.04452280831758951,0.017632198718633387,,-0.0011761526067196816,,0.029820088908353692,,,0.0070848770418368194,-0.0046175374267252295,,0.05486244649588598,,0.03856398758039068,-0.02309783605050719,
CALCB,,-0.06014942008737063,,-0.01315120197446315,0.048015212133451016,,0.014510944944693615,-0.03191714243624166,-0.017563944277761062,,,0.01130283134973457,,,,,,,-0.018639019289110353,9.603791807161855e-05,,-0.0017724624113550592,,,-0.018246641851692103,
OLFM2,0.00041490000242593624,0.0983588305354964,-0.0064694595356283545,-0.018616846021925613,0.18495480565310582,0.06449082390709107,0.027766078701284752,0.030852195551289357,-0.10397587887221411,0.05227499525753802,-0.006784886701003577,-0.10089243667327863,0.10492690128335157,0.04400870211383047,0.022244636510484646,-0.01475373868506637,0.08294964394148238,0.014431198182350004,-0.07426726069075452,0.056505629100740494,0.044636484473413174,0.009861875654749929,0.07952315917336521,0.01891612688714508,0.09975762606510508,0.00456382482570095
MFAP2,-0.07868372811949609,0.09024980991362741,0.16424286959614648,-0.06374117312912471,,-0.011112750035091433,0.0054944629357371495,0.10142961610597771,0.18128357084555538,0.014943803278222667,-0.01351147754549863,-0.012611662155003141,0.15413426536397357,0.04852776294741227,0.0009587119927990363,-0.01627478708330298,0.11095269525792974,-0.01955645979348341,0.08694220348936885,0.08588103765254085,-0.050160118009156957,0.0025678853520358924,,0.11107114368540522,0.10448721174479277,
HLA-C,-0.2344159426972179,0.07857974005162857,0.10560867925758892,0.03291716360789984,0.17939689713652535,0.014461717696002645,-0.022332767298547062,0.050934552638335115,0.30663196842417556,0.029015399628505852,-0.015103920641995925,0.3779028032450866,0.08586985519718199,0.10568188365913637,0.06538751783289311,-0.042008785692316454,-0.07966205496551793,0.05146431808172268,0.08250972912996958,-0.016672729636874585,-0.07572558877767,0.09672931122896632,-0.0777317256688606,0.16068990803735958,-9.535650962286936e-06,0.03573770640606937
THBS1,0.029896187993644314,0.13137442193275295,0.19934353800734078,0.059320018381722295,0.009792798210198683,-0.02832694861230692,0.03354522797544187,0.07859289705580728,0.08665419674403325,0.017398535035282204,0.03846352350214145,0.16289095774325058,0.07801422184068973,0.016263504124929686,0.20675656274913268,-0.023055711557406648,-0.02469732067677692,0.034712053912979414,0.03880439220099949,0.07775450076156118,-0.026584124734236526,0.0005234982506248406,0.026279305161648753,-0.04582478501346523,0.015856276131100897,0.000337759922220725
HSPA4,0.03941440732748937,0.06309741819706062,0.044111914381560535,0.054758735968681964,0.022219483520442496,0.02237164072761816,-0.017328349953708213,0.04357104904200422,0.05637974608931237,0.053203475524445765,-0.003413543769221885,-0.06114190058059137,0.16167423538888623,0.04300709373097425,0.1049832269038535,0.16739706462148496,-0.053819853717877945,0.06042691416969316,0.0031141563462323617,0.005128062913174179,0.003959620580431599,0.008137038050926937,-0.03541445862822189,0.0032220956907652028,0.0768230920343447,0.06541748861790736
LMAN1,-0.01688612366950008,-0.03791598286673735,0.04387348950956528,0.0578974031387611,-0.20298656422708158,-0.09267387222469749,-0.06554806635607296,0.017815434208555463,0.27166122586339125,0.022990161570512414,0.028840150864046326,0.08832394643403568,0.02462999991214845,0.13413941745580588,0.10120742586080772,0.06660521917324111,-0.027463730207392668,0.05169518166346329,0.014873183360772138,-0.06594260031491539,-0.019204990589075255,-0.005814564484862038,0.03182553083105254,-0.06673624135057717,-0.08055421407956066,-0.08294170077069854
LYPD3,,,0.05550674832218515,-0.039315909116323246,0.09492645418242837,-0.0035189905903311993,0.007916857372113933,-0.0069455823922407595,0.09486459386415737,0.008973696882381756,0.015012880200780543,0.024568410065215405,0.09927792327556052,,0.038258940789665095,0.07807981095085656,0.05474171873875033,-0.10853876339449503,0.052133351384996245,-0.012037406835600105,,-0.027229284057150926,,0.03685006521674322,0.0015619652182413944,
APOE,0.05729281743100983,0.030131631175697077,-0.046472202737741324,0.12403377830134071,0.20189937421819878,0.2178236139315796,0.030424848309052604,0.061246648219032224,0.27554935038098466,0.06710104186072115,-0.012451233776944336,0.38455705916757066,0.09946823388169697,0.020191368265452803,0.21093659752390634,0.18838094640700173,-0.0583344162521272,0.04090083138474766,0.05944005832570326,0.17362031052872837,0.016044098191618065,0.1259836365153221,0.03366371033996488,0.1282606727083192,0.11069654766890513,0.08578175123808912
SOSTDC1,0.025978270091131572,0.04735831240177922,-0.02346732356588308,,,,-0.04558551637441835,-0.026664922461369717,0.014418158582499117,-0.0025912431419592933,-0.07672664587696504,-0.15931625869830465,,-0.020250905216554874,,,,,-0.002202576714573759,0.03808086631846213,,-0.00992472871507502,,0.027841281705396455,0.07791483623021887,-0.037189493284408424
ANXA1,0.07397713147863884,-0.020227708663175324,0.17700573502973968,0.06220705874183346,-0.08866948767743989,-0.014533936323987754,0.05857227752512377,0.0779563592073377,0.32125843704439677,0.059156582216339376,0.053705601428308165,0.356633311696197,-0.024457270785175393,0.05392953287222496,0.22254464781127328,0.012127185833212234,-0.02898266965476084,0.06945323050019978,0.050716969581563465,0.059317152887372285,0.008902404240637495,0.07303103389451532,0.05741901688724908,-0.04157892988412102,0.03576576111511613,-0.014945404426230473
WNT2B,-0.0015615603603551377,0.03892479129941855,0.06412889732131392,0.015404916167681451,0.08147958602526942,0.06564244488575251,0.056958905619621795,-0.026822393914457072,0.0934273743394508,0.009837943523323322,-0.027904119618201755,-0.13213157083983365,-0.018062351335571134,-0.01383225626157644,0.08234979827066294,-0.04389574876693776,0.04811214655237865,0.03220439107501028,0.013537144810071627,0.005487070826530539,-0.05526408418473637,0.004776600792180689,0.029575901463228128,0.09659945183956743,-0.03989158652703224,-0.02657941365898805
AMH,,-0.01769446458035466,-0.01764364434538999,0.07750811007902723,-0.012677884646557672,-0.05079442039664465,0.062414899767592645,0.05963635791224713,0.031991063378029184,0.014980422748215452,-0.016849983275759574,,0.044390117844169276,0.04537796610140212,,,0.0334252472621359,0.0319552850052429,-0.0004068311797218753,0.02450668921193212,-0.04616685590460405,-0.010761904041672475,,0.04584275909975935,-0.04589164721739761,
GDF10,,0.04852240889406087,-0.01715533362370917,-0.09401518979765505,,,-0.028909562299415693,-0.023163179679228513,-0.005314094962815334,0.02012468377553688,-0.02086189064580544,-0.10146116228979277,,-0.025382504346167335,0.013233528610233017,-0.011453806180665016,-0.03944485158335572,,0.04450064096894834,0.07583054791704322,-0.037456372585294634,-0.005872283711441657,0.003868859489681748,0.016208958595387093,-0.01711462213989218,0.007578743353873093
EFNB3,-0.07808185982390001,0.08081281920876955,0.025235306368604573,0.013641434005945061,0.02272540037267614,0.05571450999947853,0.09464251040498839,-0.08152765064599414,-0.1501677555289257,0.005122236946469689,-0.034516266452396936,-0.32539901000911203,0.005119857386477594,-0.008563136613285708,-0.06838622777214878,-0.07215100238998134,0.009944670237515694,0.07022395691171632,0.01888945506296526,0.025469986724605917,-0.03835554537940064,-0.09375927147492027,-0.0007876877117109699,0.06041886042698172,0.02114655476177159,-0.08361162817574337
LTB,-0.03172815647506419,-0.018811874244500437,-0.011668249502677972,0.03197879637915765,,-0.001382350857314706,0.006936749063004715,0.02268349267678152,0.002109458014331502,0.00694764910481151,0.0040307560084024896,0.0825136624422329,0.059417306302175614,0.017237707049310706,0.023344368751766664,-0.04306507171972462,-0.1124275034973709,-0.015519075830210786,-0.046001462438758314,0.04001210101602446,-0.0029513882013279197,-0.025144945780423957,,0.1482625858288007,0.0299117974373397,0.0028317989065419985
ANGPT2,-0.08263188727537488,0.120544888855222,0.21886053307777778,0.023492503998634645,0.12062150419418767,-0.03219355755886514,0.04367491541087207,0.08174950754397603,0.24179799605370308,0.001808148506920023,-0.01846574189349099,0.12102540049398289,0.191807107329404,0.10134476528409274,0.26782005375696866,-0.021681971225012406,0.0919549782525749,0.02773281681738315,0.10959808855388208,0.0914066524449215,-0.05002437954805881,0.04039846489066991,0.036725622995842415,0.07644816586724273,0.1053633935539394,-0.008408069935641025
NRTN,,,,,,,,,,,,,,,,,,0.028291174081405943,,,-0.061514870610724165,0.053540215513180126,,,,0.026376325914511386
ADAM17,-0.06872803145792322,0.04160142575315517,0.014445805606505869,0.026132215116903678,0.028962816861466886,0.016031322719621804,0.016776248886896425,0.06913896056363118,0.19897826077305858,0.026423527665714555,-0.014131622832314268,0.050795494969974916,0.003031935430283805,0.06331349118000905,0.09083733581510432,0.002763844087521439,-0.03472452602642558,0.021306544521796807,0.0022083438934334828,-0.028264557285814673,0.03995221213190641,-0.041266961405341404,0.026104489236186044,0.11061354247893158,-0.001692690246192271,0.08561958697526942
LRPAP1,-0.017519315575793993,0.06727080640154358,0.006469813690180582,-0.05970677416200593,0.14642785173976008,0.03611968292345799,0.04024491691259618,-0.0846245501496589,0.11152771624928218,0.004938220463204225,0.01579485174362004,-0.12532049824161226,0.013493020895020837,-0.015518571094230287,0.02173317228669772,-0.05705586528123704,0.01872698823790056,-0.010673925730736595,0.01648162676596866,0.03423576380150157,-0.010622699858498313,0.02591150338327774,0.032381310363462125,0.06040131304441071,0.07279041333979816,-0.056571014950971936
NID1,-0.15676278746501376,0.08505613236557619,0.18172631777280193,0.032140784191624513,0.05860719381202696,-0.0423456357150754,0.04978746366968841,0.07753031541087821,0.2905812279913751,0.006122477331061994,0.02208068585098089,0.05710771206153817,0.10706657778307449,0.07644306589462985,0.17655364585219277,-0.016733268002928674,0.055039532010412145,-0.00748572466013333,0.07192232956997882,0.08436235015190885,-0.05076609110601278,0.06786419936654492,0.01103997878830754,0.052243895337269766,0.07128074018479422,0.00032941215717223157
MST1,-0.05463762688707697,0.008496022155364491,0.04925856345249536,0.02370379024387354,0.08712596808403794,0.026504330509244625,-0.010869403036501633,0.06707477311720805,0.21029048267524775,0.03702624382256398,-0.016668048840236645,-0.01768365732185775,0.01403574948266126,0.0916946356035821,-0.07632282231679689,-0.019320404797239926,-0.02814001176453757,0.008754845112614396,0.036455573950247656,0.051348399231174964,0.0005368074142945192,-0.005659424736335417,-0.07068375931292863,0.07502639948034937,0.06066190868822972,0.1640452362020278
CCL14,,,,,,,,,,,,,0.05067194357848519,,,,,,,,,,,,,
IL13,,,,,,,,,0.006435438491509808,,,,,0.02456003530881667,,0.06580197257062492,,,,,,,,,,
DCN,-0.0671241176027485,0.05423795517434925,0.11878992926029819,-0.01962076104531097,0.15416851580810745,0.008511798355458093,0.041481075685118406,0.014692866349300296,0.189452054231192,0.0761352247215408,0.011262392130890756,0.000899462139891751,-0.05342220493967137,0.004580667099765151,0.20613109218475908,0.0059471219174472845,0.05417268795040799,0.06358491737397322,0.044747201675321986,0.1341668759782495,-0.031287288286668706,0.03599194030445277,0.05917107932883196,0.04930501627267582,-0.0052105523174316975,0.05413619951059246
IGFL2,,,,,,,,,,-0.020515689388368646,,,,,,,,,,-0.04385105391014194,,,,0.020705133897262203,,0.03113252055846375
COL7A1,-0.01485940883402439,-0.051850374552680836,0.10938195904581989,0.020114889943047724,0.07785582142072836,-0.09643703570453076,-0.021642768463493677,0.022873299213819517,0.18437700591974396,-0.00575819311915321,-0.007417005997851152,0.026388096120052783,0.06433785880620721,0.024183639192766643,-0.011082535098601916,-0.12609632826181397,-0.03391787991302326,-0.048471954170023285,0.007750063239417625,0.006046539719451773,-0.01997999468909323,-0.0022152606050901513,0.06871059213771365,0.06559963505212464,0.00325244917356024,2.8580638363464033e-05
CALR,-0.07652382831910906,0.03549348714307238,0.13190761879041804,-0.017800260798442304,-0.019228490074269407,-0.022525125498724142,-0.01579737392426442,0.1127788418382196,0.2545098241701362,-0.005814854984607686,0.0038313958117695487,0.195954994283366,0.023192030507629576,0.10908857447583349,0.23841113481457168,-0.06987780290837098,0.033955619965671945,0.0019234670803405134,-0.02593327119782361,-0.0678176944076631,-0.031101979004070406,0.016531142968140868,0.03459512947613358,0.03845192269325204,0.017600200599655245,0.03006828600693788
PIGA,0.07714178164173069,0.017670016575125666,0.07050604679033932,0.014983840988355803,0.014958263290781091,-0.03866446205158678,0.004018186281947119,0.03404295661543967,0.04774878875296849,0.006349588868474675,-0.0360262322939076,0.05083077022562965,0.05511919240968358,0.07772443249610862,0.02090428142306639,-0.10778586569214259,-0.07692419484199847,0.036906889673436756,0.010640565899849895,0.038153047175628486,-0.0009726671946757703,0.010719799780577398,0.0444452837675901,0.09455371762702827,-0.008301496373809348,0.016159802114479663
CD200,-0.09607380841555677,0.027920678563731625,0.10434336034499571,0.05259158684830833,0.11508309021427213,0.012267840618484724,0.059130778109357976,-0.060384783853692094,-0.1768996243920193,0.03609394679242997,0.013894120003806956,-0.24279312580776044,0.09525998908597061,-0.05897435329053907,0.07149205714239225,0.057917386197646394,-0.05020103020317831,0.033629535450708604,0.04760208668905172,0.13622181760848415,-0.01652712833704446,-0.08996971563184965,0.019915977172112465,0.13507323453164696,0.08147239836341627,-0.006532815712536892
GRP,,,0.017843910450173812,-0.01423558259940068,,,,0.022346822634019933,,-0.014065886892932956,-0.0263970166003282,0.0709919074024293,,-0.023953701192354803,0.05413684524684268,,,,,0.0068973236417200195,-0.07268502176238889,-0.02547463194601718,,0.08385763936193696,0.052660801768659414,
CDH1,0.00715998478828265,,0.007458301990642581,0.028706827134398396,,0.0017883305382600545,,0.01578702415689635,0.12937986874738652,0.011747763930405546,,0.03390751197777186,,0.029161527255973377,0.10206699827275499,-0.007442895717390091,0.04034771715559488,-0.01609071870656237,0.0012003475381163725,0.12371841664806318,-0.02490941068784685,0.05041458035603912,0.09140947748691214,-0.028009472560148355,-0.03290638199695698,0.08856212879058567
LPL,-0.16400815516729508,0.11541650112410733,0.06466047535437992,0.06696504158016857,0.09464205670710653,-0.04763688567216338,0.006667803610150623,0.04559634592403113,0.2716063341225834,-0.06381259162996945,0.004141857149834002,0.08681747388436918,0.04373177425185622,0.11901798918845442,0.043801018115040016,-0.09683797987181818,0.05793423403950203,0.0922232275615613,-0.07520432634269102,0.0755379181296986,-0.0221492261169994,0.032691305390310406,0.06090909016997398,0.0006281872606951401,-0.008883023671546883,0.08616799488966495
SEMA5A,-0.07691476685310585,0.09185580631316469,0.0470934312804075,0.030967985817830862,0.22110455812407148,0.09211487363780632,0.017746137242257213,0.09048502903921204,0.23529008036397692,0.05382079410749748,0.02905470705273873,0.05517165460615503,0.07012745051615564,0.10587494995342714,0.2092532495175484,-0.1196946890116881,0.0035467958671360584,-0.04806553118603875,-0.03209789174233582,0.024920220329250568,-0.05295552432235343,0.07129984611012914,0.16960038819043322,0.09580708657354536,0.06958512538938667,-0.009245754238761521
SEMA7A,-0.01768536396566408,0.0025090750796297402,0.13345559588648007,0.032230202060423346,0.13037990309522315,0.006712409709893837,0.017065139755901137,0.04615038055381434,0.03838897177561323,-0.060915709975659385,0.012801542825169283,0.05196181062487938,0.06708188995801953,0.05922609239576763,0.1169392152539106,-0.12682842869477792,0.03516684403068075,-0.07278949006256345,0.0007741609329881546,0.09647763141205672,-0.006882146491774367,-0.0260950249020303,-0.05459917098009937,0.06428718542072846,0.02035550212036905,0.08230777073930454
SEMA4G,-0.01851965998709793,0.06019826976326881,0.036588482737598065,-0.03647546466249034,0.06335978555990177,-0.027075438855647845,0.013409409397544305,0.01031594720862446,0.1240502720075602,0.03838618845368864,-0.019257372196450986,-0.06894803609450775,-0.04928515017658834,0.006462699154682993,-0.0353511850650378,0.02462243410863923,-0.05433995528445552,0.046708418512929034,0.035438874213134235,0.05735203332944745,-0.0020233959770846062,-0.011545871660525378,0.028565326318504808,0.020851139226452157,0.014990758313793135,0.03416095902420192
SEMA3B,0.19073340968798969,0.03459489071964078,0.07691633227234344,-0.02779389463375828,0.01864087834073449,0.010648145565714076,-0.0628401810028458,0.05024517409014281,0.11088936197694273,0.035356083969585415,0.027951692166489968,0.30711720204147325,0.009113748579623616,0.007643409564648813,0.026880685080201347,0.06766658799298914,0.01495241219149889,0.026752771015917044,-0.06791741355257358,-0.004718012959766974,0.07649513522845994,0.047530035045245396,0.0008366378755249895,0.016617796283974386,0.022174814320957022,0.056496617726506666
RPH3A,-0.2682864101489376,0.0972879601657204,-0.03566511055776643,-0.0006451992590616545,0.039991858505488746,0.03928368040145785,0.016237701612095104,-0.06142279558151918,-0.17639875111336015,0.009592431306948649,-0.025467527923736275,-0.29568452684656604,,0.03645406951128642,0.00024475489710124563,0.008601344043535195,,0.03914160057284111,-0.0377044973561132,0.05096331630716219,-0.019857953422359173,0.06898391818725334,0.022120781772845054,0.04717170791388109,0.05840787175596435,-0.04410563180441455
JAG2,-0.017484302266173826,0.027449143152046617,0.12368347719138545,0.035538059901394844,0.012126786166965445,-0.009546200602300116,-0.02276522236341049,0.02406279762104429,-0.027676582151837815,0.02571828239726784,0.02148497887560537,-0.11546791985176713,0.14627968072414613,-0.03845700954031707,0.05553924813585748,0.057836158968168926,-0.028920729325428923,-0.0540438526186787,0.08619068111999631,0.0912871801895703,-0.015615710325308362,-0.0020961297217500364,0.034506130070858725,0.14398449764666776,0.008800690196850567,0.039319921758041596
CGN,-0.0331747665515473,0.021915912637771918,0.016193987841639803,0.002950764395248706,0.052062919594471166,-0.022855923413387755,-0.03482753251599491,-0.003716541580399503,0.10410937973115396,-0.054138368139281016,0.011112832247087735,0.031219977945879048,,0.004813630030310675,-0.04881656722447727,-0.08450751466486146,0.0022953425087435973,-0.03788355170448326,0.04937128289739012,0.04110352767155161,-0.0048688971583838525,0.03870926815980555,0.012883726157367844,0.06230819660899602,0.03290726251440999,0.05829892667195285
GDF15,-0.05051716444331208,-0.026882209912131343,-0.027539038240176505,0.04166123921304379,-0.13606101851082852,-0.04916479629602656,0.019410225444909678,0.06533198276100742,0.19606977570415152,-0.039219116535481845,,0.19367358833090398,0.028794351786714557,0.035333653869768764,0.011858525945068326,-0.1426399293803866,-0.039586343768103154,0.050284838355522644,-0.08434562204780705,-0.03525292453671371,0.038036221038638,-0.04593982678735826,0.07272347595563072,0.09769764952228052,0.0034859611532852674,
SEMA4F,-0.035950911427196815,0.09475986552016494,0.028521248182224783,0.004676894936273223,0.0692151842416106,-0.01745110700304265,-0.019705196049547714,0.025008877502194854,-0.09158444916630831,-0.019855672231028146,-0.06624804122750075,-0.11587356398713224,0.035759737553304465,0.03170629674152576,0.10082037601323914,-0.046784204616733105,-0.02926224369236495,0.00709102505685174,0.032321987625051445,0.05343809246569833,-0.009365830356823876,-0.01363644106126877,-0.039205817752039816,0.05504699735942262,0.06300893752703812,-0.008550521240408667
NXPH1,-0.11232766216864869,0.11878687903555125,-0.01582174388717488,-0.03353002240662771,0.08817351750943873,0.040526633422674006,0.023097620450665088,0.06583271584309339,0.11456887191787196,0.010652459819440999,-0.053283077372464675,-0.2157206519709941,,0.07997984206005716,-0.06877659323535205,0.040908914621406264,-0.034691610247618465,0.015649774738440096,0.010053727293403312,0.0677427114450613,0.03124137691242673,0.017699126024412537,0.009727944608309409,0.06365382015631207,0.010227660719571282,0.009581964295187501
ARF1,-0.09526133681336323,-0.029590342083350353,0.07198300311312138,0.02065066820240435,-0.1216370029943689,-0.06192054895807328,-0.025274432656011602,-0.014055385285084177,-0.18378193206646554,-0.03720329945918195,-0.027628673527883077,-0.25133424612258026,0.17904789671882543,0.019530672741501408,0.07232320569185847,0.02417307270199679,0.039662627501130254,0.02603572872845426,0.04963194081903558,0.020474968740823524,0.049206958244133764,-0.005359226595217524,-0.025479169430588828,0.028122072087836316,-0.039164547570300884,-0.04074707340765812
DSC3,,,-0.0011916676098093818,,,,,,,,,,0.04342806569796209,,,,,,,,,,,-0.0038138358039606704,,
EBI3,-0.02112260240379646,0.11576220178596759,0.10563681135315635,0.020655653596312995,0.0586496433689326,-0.04324999325325148,0.001697172682898808,0.057695393910388186,0.0771754748304856,0.022375213280466526,-0.01798143681071951,0.19178866053903865,0.04590595312753784,0.03597365434049698,-0.005440920179269639,-0.009064900320493684,-0.07580803727271278,-0.011629977487049617,-0.004108074745650601,0.0646848595722854,0.06229884457881349,-0.04995690177623262,0.010298863943861956,0.1562462005978599,0.08740950100270778,0.020098434218850054
TIMP1,-0.07736994683946116,0.03411183963353497,0.21510921416965392,0.05511790985581396,-0.19437356936943104,-0.12019221580361462,-0.024524358208726463,0.07978987623374842,0.26121827606745246,-0.058179191884828854,-0.02540220404001511,0.30497413453663635,-0.03225546639709792,0.09242816272177215,0.08113927920124221,-0.1282622295895886,0.021310472919516994,0.06798015797272529,-0.018919145447350415,-0.07307134739016637,-0.08837612892141616,0.0014673077651720802,0.15666885463838687,-0.053060536784700595,-0.07462945150402128,-0.09416873579994237
SEMA3C,0.09014769942503653,0.023543466983813703,0.08649822627515749,0.046813891446152334,0.10235454543489796,-0.03952944793739197,-0.007999168956915511,0.039443474484014196,-0.03584028594698886,0.009182666264198423,0.010449374203916202,0.059694278565768734,-0.05177778995426796,0.024475570697422365,0.015727197426632363,-0.046254685691368966,0.05698360778827426,0.05921328420461881,0.035727148374033985,0.011424310612923639,0.03967975075902179,0.02873686943336373,-0.025046032275949738,0.08893357226517837,0.09429632661052724,0.02659320526685761
GNRH2,,,,,,,,,,,,,,,,,,,,,,,,0.013850546273538508,,
GAS6,0.12995151684410292,-0.041050120405787344,-0.03243021933182123,-0.05800042681787218,0.06003996814823266,-0.027579434265261205,-0.02973458030081473,0.09650084226501712,0.13946371431924284,0.05827129413535057,-0.004540782487460186,-0.00039592432911787117,-0.09101223618003079,-0.0157842200552353,0.08195141804310346,-0.030081035420437618,0.02690008597921886,-0.024981068231861556,0.18150690592859187,0.1381704821508072,-0.02668107641027386,-0.03658000320558365,-0.01749347748158919,0.06419227905629063,0.049572537870895585,0.000868371691765408
MEPE,,0.06214449316265403,-0.0069806613433918965,,0.09580871614726524,0.07434927325950383,0.012012384725202933,0.01878912259506429,-0.09900409476716789,-0.049325979995424984,-0.004747088479858363,-0.19025809341318467,,-0.0596683232851354,-0.04653666681175197,,,,0.056380588465283814,0.06514906141125874,,0.015589670453195167,,0.0606719375195908,0.0048491873120452885,-0.033341668393211364
SERPINE1,-0.01837920012378193,-0.030551812150355063,0.15348953712609947,0.10840606501092222,-0.225295067273754,-0.1469143481241332,-0.014337589128243995,0.018581864640282796,-0.14806736935415438,-0.04984271882143602,0.007156855841799192,0.12535970852919046,-0.15183423828693499,0.07627024083758002,0.14376080827828777,-0.18656522882928933,-0.05104980896767572,-0.01251659092355093,-0.0451188083797007,-0.11561234518100157,-0.020293068653226637,0.0072716043210342045,0.12579438762115022,-0.15096635543280254,-0.09110431046535486,-0.047625374986317
RSPO2,0.03356093285490217,0.03146238136845827,0.015754598356539452,-0.020475436664497994,-0.015262912159016557,0.03390371468647167,-0.0004495345258608244,-0.050204820992536585,0.012842838337122225,-0.04038952920226366,0.02000891322139589,-0.20315647136963885,,0.020825678017576683,,,,,0.015465333844735186,0.02891858137325395,-0.02077085100026076,0.020429524717086252,0.06382537161251386,0.0562550672285939,0.054867311672516066,-0.07024280806603175
SHBG,-0.03131129513857325,-0.01217500367729242,-0.0037612340749231302,0.030644349930946,,-0.02347817666600905,-0.011716210966102852,-0.028032771446300887,0.024990668592429186,-0.017215872315579087,0.030503811203331246,-0.02689487081609776,,0.026784685738470294,-0.0020870756113168863,-0.13526745142723773,0.05278702447515146,0.009192885009285215,0.000974917345902516,0.051650555390879406,0.002088674994182944,-0.03294763654716367,,0.04871319300251114,0.023717153463076526,
LGALS3BP,-0.07609183079535244,0.07089793705559143,0.13840600313306115,0.03918888597314634,0.2176782596805092,0.03236670803477852,-0.04410429422068597,0.10399299076634798,0.24501101092538036,0.04730947618239618,0.06849522207739038,0.37260147815939937,-0.0401418715463934,0.11018603444041503,0.11318624062399979,-0.07298002346477857,0.07199526136995715,0.009485561017446572,0.07289880103453264,0.024999285900255585,-0.07644964344575693,0.06095278916825955,-0.02807010808756643,0.01571433140010593,-0.0239158864103017,0.11308517796056877
LAMB1,-0.07362149905148052,0.15627577300210815,0.25780532773761133,-0.055015652954417654,0.04836846126452522,-0.0739071301992436,0.010538146605360097,0.03478370429543233,0.2684804701039059,0.04748348813752761,-0.02388970653457186,-0.006047316244096172,0.057802973249367874,0.09772286162545027,0.2612127516488853,-0.08629716214993258,0.007036987038025975,0.06380619992422883,0.0917615393083818,0.05162256672881088,-0.054098500052981745,0.023738443303567506,0.010673771513237122,0.04786690678448494,-0.0536623498520499,0.03536874774946255
SPTBN2,-0.09320602128231527,0.02070220927580797,0.057925670181101285,0.023969959217101062,0.11158715569409412,0.008983336161594028,0.030829705644474646,-0.01231079799179161,-0.2098576413826763,0.03896526116027295,0.03217289106281871,-0.3026794391811743,0.06974392518003993,-0.06462177927171806,-0.029602119813202016,-0.07428577129687883,-0.06480493803991762,0.05524337235191508,0.009955379352602472,0.050388856895769794,-0.011991319730462486,0.005845115833999271,-0.12440858938706752,0.09925730823431592,0.05967893772511534,-0.03659479577606948
COL1A2,-0.047732865996997095,0.11011110459830145,0.24566624100025802,0.04296814616961347,0.17138451749756822,-0.07270094252788308,0.10194605123543153,0.06872722927694846,0.2652131187775256,0.09395288771188694,0.03785595400022304,0.12475712802463748,-0.10417916645674681,0.07501743431522916,0.23002774074557267,-0.052837471164410524,0.037957613619133794,0.10442743460352603,-0.0296067292483696,0.048663228496837276,-0.07818959645025651,0.022144186521245734,0.10438061079756024,-0.03757053059369561,-0.003112142477765162,0.05083360652404808
DEFB1,,,,-0.0419464713224508,,,0.04353848857003877,,,0.004412052954588549,,,,,,,,,,,,,,0.09402783710570181,0.005110654177674595,
CEACAM16,,,,,,,,,,,,,,0.014502181998000862,,0.07156431225719717,,,,,,,,,,
SCT,,,,,,,,,,-0.011685365550391088,,,,,,,,,,,,,,,,
WNT11,,,0.023671254398431266,,,-0.013773297941858947,,,0.03405202299913575,,0.010852104570169817,,0.06007424045185442,,,,,,0.03376530777009418,-0.02944422998941683,,-0.044939344452670095,,-0.01897340677668022,0.011779486935972576,
LGALS1,0.2596770932242668,-0.08164243589460841,0.037497032446154016,0.05288886952254449,-0.26678220466669883,-0.11724196744694475,0.08482784917273341,0.040610168586093356,0.1198439951322715,-0.042064051210515006,0.0431588906070944,0.327972342472774,-0.1702140604910725,0.1357898261281488,0.02334763615351652,-0.08932697853873292,-0.003144115403319474,0.006045913472482783,-0.025909316894214763,-0.16295438749098998,-0.03358437046252309,-0.05112592729035842,0.02900180035745797,-0.028148876669885716,-0.020880602247797697,0.023016330225943526
BCAN,-0.2941780309327293,0.09069130847547488,-0.06584236238755187,-0.04968471091159187,0.19001744025584497,0.15144449672039634,-0.0038785311880075624,0.09456704635992363,0.3330711153864189,0.07252884867784262,-0.043926773153616656,-0.2997479315380135,0.04890523215106588,0.13216230872813517,-0.1879399634950483,0.04302265344450118,-6.362940351093208e-06,0.06646349447087196,-0.007948956175739581,0.15015323073839665,0.007576641666450905,0.06272143528241259,0.011050718650043931,0.12980047387213844,0.06359383323369201,0.03132564703850351
ANOS1,-0.05775974972607634,0.0648613725127101,0.05503875319433453,0.020948940710985554,0.1721604408604188,0.06338355748877138,0.02620881061691045,0.10135830449157535,0.24864062502237005,0.04893418097400977,0.0243546692920194,0.11168078672850075,0.11239401385651834,0.10410531927112625,0.08428648763213137,-0.08571472890256888,0.05996836375524075,0.08433191975280085,-0.04229284506325432,0.10912716076034928,-0.001386205283052268,0.010559767333613444,0.14051726716889568,0.15325983083193492,0.10176283583279595,0.06613145038236218
EDA,0.09313434462426251,-0.009730933810736501,0.0043944852058758425,0.05645057839408451,0.06872784430417378,-0.00903015979440696,-0.03444501681167531,0.07153198744855514,0.03355639132311425,0.034164952066088716,-0.008578974513729187,-0.007367300429158611,0.020311282895424956,0.028992274683953767,-0.0038383303425083264,0.0363934792595646,-0.049723268271273324,-0.03688564551799877,0.0060047111612400875,0.010237055840680177,-0.015013881960809862,0.035065676946336076,-0.0883761483315481,0.0940728377690802,0.058840489429671045,0.04422791503549479
FGF22,,0.027672902297157183,-0.07500818524507524,-0.017615180007471837,,,-0.020197184562186728,0.03221102914738173,-0.0704348832224944,,-0.026358647868392537,-0.01563739507635149,,0.005447412356061628,,,,0.023494191164608755,0.011931995617870892,0.0039417320510170585,-0.057935373889937046,-0.0033535080946976454,0.008392859451956058,-0.0003159605953317496,0.03114159565496857,0.034756042453687894
SHANK1,-0.05926282806607367,,0.013054572908990555,-0.04091388893073822,,0.011772904989913022,,0.014398960883568889,0.022292548721571333,0.01807711873796728,-0.0025728539624951955,0.006552267856253203,,-0.04427174494990606,,,,0.004177774461223372,-0.018070895263552076,0.02479975286501017,,-0.027030747336496633,,0.029915772104736,0.01163057293481194,
NPVF,,,,,,,,,,,,,,,,,,,0.018109998493762745,-0.044719494910263245,,,,,,
RAET1G,,,,,,,,,,,,,,,,,,,,,,,,0.03969018930252224,-0.018789926191676652,
TGFB1,0.014115062895573302,0.03609913245550353,0.04342669974803159,0.042588472296785876,0.03115708380835735,-0.024541820615037555,-0.06863700372659581,,0.05566336421318184,0.009498068710946397,0.03754094585875528,0.12737662440846997,0.018845576866268643,0.01885378839697986,0.1394584606800673,0.06814894479095042,0.03460317984415691,-0.02144234765921647,0.10469572374555654,0.09419350521019033,0.03813357417745819,0.05418777416779422,0.05407393924775524,0.09319577725709555,0.07116767065622359,0.10411960844665982
MSTN,-0.107017876819874,0.09499736132732378,-0.04021069279693179,-0.059789992869985625,,0.04958532277378066,0.04315428147103017,0.07004168684899682,0.2276149763852941,0.026963237825420955,-0.07894279224644424,,,0.06768777702306987,0.0596312714830584,0.13689794968608093,0.09433616879732626,0.06912180683473707,-0.022185556635644033,0.05524608544501089,-0.03869601376418706,0.03976806879575051,,0.041943916719690486,-0.02184965177216329,-0.010092295656852195
WNT4,,0.049853688216824746,0.04851103119417406,-0.030502602230197958,-0.021914170078590728,,-0.0059775435606925515,-0.033824710274340856,-0.042094320701893465,0.06494816042404587,0.05813199042737714,-0.024262433461068027,,0.016240822237498394,0.07067006101407636,,,0.08101489383587188,-0.009151880009715311,0.06943398517735583,0.0038699740383722997,0.024167180425297155,,0.09998627568590623,-0.0024117622242987567,0.09245825737496821
TNFSF4,0.015367032607537768,0.09216189714372074,0.018090987025281818,0.04427306414970104,0.0018924067991576258,-0.05541814733912549,-0.017482909435369638,0.00017725405395019366,0.043055257708844594,0.01664675803148219,0.009783686739395048,0.028974322839839296,0.042761281615565194,0.04820764099214381,-0.04229211242814698,0.07632866309139028,-0.009573211219506602,-0.002676463851477476,-0.02972240363647507,0.019265041999016904,0.08318951544016574,-0.03419465367986962,,0.09125431048699446,0.049968977313316655,-0.04425152243974251
NTN1,-0.005070233318597912,0.10963652282628789,0.061354059243832866,-0.0009284409215969379,0.11034871681821437,0.09059682253735316,-0.00563321951028764,0.07619869261204919,0.2580090449269306,-0.029372391965967415,0.050201622540182185,0.05901617013303423,0.061081247721274184,0.06821286544102886,0.15251107053111146,-0.06489266711117671,0.011272677315509785,-0.008036395355643997,-0.05616006210392275,0.0463586671290563,-0.012036212183051035,-0.0029308143200653487,0.07729451098546172,0.05961935362366058,0.020903391758437286,-0.02545356641145208
CXCL12,-0.010558509178922532,0.0652387720922071,0.13447133778465706,0.010291501713528868,0.1596198531789158,0.016723963695978082,0.008913239802448451,-0.021078122062414387,0.021654607081311644,0.006675502697110346,0.0794816807285475,0.12259005875915843,0.1766826666408346,0.03160451647185448,0.09820563703205894,0.018177389234149115,-0.03585840424409833,-0.000137883183500407,0.09094042756053348,0.1024469174262145,-0.04617335009462293,-0.005489964554993348,0.07208104053747813,0.10307344031893947,0.04955576869313637,0.04747891400846898
GNRH1,-0.01791412476640355,0.040303407089970086,-0.043594053352011504,0.035552774309424565,0.0033453499933735263,-0.05846784751394783,-0.00590315051459348,0.059343825497316864,0.07857102745186668,0.0018238512788705905,-0.020320393031513537,0.014494686452466845,0.04902411224480225,0.0435701928720213,0.006580872909716844,-0.04765075475006028,-0.02075018981427532,0.03420115631735963,0.0592041158983094,-0.007035031915148354,0.03570546458593309,0.0095569625871405,,0.06236202636372778,-0.01348667936859556,
FGF8,,,,,,,,0.00046851833214468097,,,,,,,,,,,0.03906708645237924,0.06493558126238169,,-0.042298834184271175,,,,
RIMS1,0.07649665194039924,0.08245152567325639,-0.030289420029002506,-0.03790018045315072,0.026171821006067603,0.027057558265453335,-0.03262011302345342,-0.0026033302910048856,-0.09750808438611804,-0.012552399774856438,0.03434584893180723,-0.23826598960216264,,-0.10858396839715118,0.12362849262082634,,-0.07145336121529858,0.022823602228972426,0.08349269182683222,0.003970815109484697,-0.024892611118232273,0.009040993703854151,-0.049737476542420986,-0.008118867909299702,0.020469596232422085,0.11874500907499613
FGF14,-0.12670660324480487,0.02489548198063853,0.0017959177810503801,0.04375822590498787,0.08923230235277395,0.06169322601711112,-0.017693918825027723,0.029965155933032984,0.15424174413022904,0.026070368683931467,0.004646699150411404,-0.23794464343263144,,-0.05186552300396725,0.08910922552424981,0.06035169121472355,0.14726071816158823,-0.035617861193272614,0.020063762349112144,0.02099426134629611,-0.008961388789219671,0.016147026078989768,-0.05006970581922315,0.07444887488213844,0.0026570809397972487,-0.006461379425867532
IGF1,0.01744152000660769,0.14895596853974322,0.07020896776547843,0.03184033750463933,0.0957099534239254,0.03131783702379049,0.011370517570868923,0.09227860587323661,0.007891072260144823,0.05603812814246369,0.00645800364855183,0.14515390950967574,0.07860315162076453,0.06449007453382344,0.10413834027948186,-0.05483460833051511,-0.11708826262973164,-0.08206604287001167,0.025353835101011003,0.025653935348910643,-0.047599316099728346,0.02858848820045626,-0.045688664680525834,0.08638763474078691,0.08397168780238055,0.07396993766632629
TNFSF10,-0.04663104861829102,0.07188472916307624,0.08953281299576546,0.022238525807248763,0.055589849799438464,0.049829628361977484,0.0033333548434016542,-0.003448223966455759,0.1792451872725882,0.028754124784174575,0.003673721533128448,0.11206005016737809,0.09253422254474822,0.03848602097092925,0.05486418163589547,-0.019442078439448035,0.008209652033779526,-0.05119046711758347,0.1004439603552035,0.14488982326471025,-0.023570712599846035,-0.00019093568366038656,0.00850927449134529,0.1299230819863783,0.014602736244754565,0.013104868656056527
GDF5,0.017310048595858215,0.022129574756330567,0.08202727934765354,,,,-0.013938663722901593,-0.029770298187367036,0.03341654799483863,,-0.01847613839025172,-0.0030877153684115933,0.07458672978913249,0.014179455498696885,,,,0.07108640480437182,0.03789036584651447,0.003883434125906606,0.027568398511769312,0.0204471690121975,,0.057018636009986426,0.11204203427295746,
CHAD,,,,,0.065832082018588,,-0.011948236668084878,-0.02170018485662009,,,0.03753258288650885,,,,,,,,-0.01977225306983523,0.04699047024709101,-0.03294092957594688,0.01347462543985,-0.00740364397741919,,,-0.07163475392265632
RGMA,-0.0077884866947018,0.08086047495976394,-0.014901961437472199,0.0033385805704726937,0.16279840574182414,0.11224327328041467,0.019100996813202972,0.05846972398523287,0.2684629248005246,0.03470133892116716,-0.05775726994583363,0.030491168263458816,0.07126599396499435,0.07634293775049322,-0.04031875924620233,0.09626567751629761,0.08330514512252313,0.10628739860195566,0.09305245345564758,0.15670269628770014,0.022765513757755183,0.024828828070575574,0.09219163540155498,0.061459395557262264,0.026468452188204435,0.05792760474372118
CLEC3A,,,,,,,,,,,-0.01437513824043417,,,,,,,,,,,,,,,
WNT16,0.018525437781896362,0.00937303808639836,-0.009334113112700165,-0.028358367304819318,0.07842793727439742,0.03812548797888035,-0.011525405708872106,-0.028295232960685843,0.08224839821239413,-0.07788498816864611,-0.010619577588178039,-0.11144591090148413,0.0526060887271348,,,,,,,,-0.027618089334551288,0.035544496179672556,,-0.003994877757628063,-0.012542389162187528,
CX3CL1,-0.04857391743329784,0.06859288293932658,0.03907977010501313,-0.011264306185031802,0.17681715873381254,-0.030138919434316278,0.04969140189929612,-0.0435980731610245,0.018811919450769907,0.013434037145029328,0.013588424466896678,-0.1976042197727115,0.16495183424442003,-0.06747577229811763,0.07098055701681666,-0.01931681836881256,0.006917840213396791,0.07763620467627912,0.05794383830266759,0.044867296917740926,-0.0355378845072195,0.01825825501223792,-0.013158658863380903,0.15024514822861285,0.03632781481689002,-0.054162501328468025
FGF1,0.17005150531347443,0.006882639739472751,0.1187867490848858,0.09159925851887328,0.13830339560516616,0.0788933373101176,0.08259556973574943,-0.02670965062454101,0.12065701877448506,0.061870599216675926,0.021845863612115168,0.3218340643287278,0.056082725645490834,0.05298989287352755,0.2665656437613263,0.05302456623529693,0.07383331164935292,-0.0763491574226639,0.00571397580121364,0.10564655572001103,-0.01808230110435398,0.054927145083208076,-0.008462136373102998,0.12131601091464145,0.08685331206047452,0.04977128578547741
ALOX5AP,0.16215920132618025,0.048047600187632516,0.1503722088381695,0.12441606047959777,0.05349844224169493,0.005675502198639813,0.057380276303696506,0.03591416723152332,0.325002331377488,0.024700212478179343,0.008254475146305448,0.3559688246651722,0.08527639539115034,0.15350310462973574,0.17931033349975237,0.1290097457839749,0.08824968958688843,0.06636312807185064,0.15891216027777882,-0.0013226165940063619,0.043366974892950216,0.0559463861840209,0.005166282769329516,0.0037671417987418278,-0.04891894880557465,0.15023075473786254
IL1RN,0.0072763277549718905,-0.01492059021137241,-0.00018831843472314004,0.03204808693705067,-0.01512639409283864,-0.12111699601818524,0.015185933094385628,0.048436330385063196,0.054647709637500916,-0.07319491994453618,,0.08727130244603853,-0.0025782053011674283,0.031092111681930608,,0.03618059061660696,0.0501180511682793,0.05178322822084446,0.007572327482752097,-0.038778786140128994,,-0.05674842678373677,-0.061949346297768604,0.05228295279752342,-0.0480760703504126,
PCSK9,,,,,,,,,,,,,0.05120991294009454,,,,,,-0.0071738447305015034,-0.015657105149883693,,0.005432247916327504,,,,
FGF23,,,,,,,,,,,,,,,,,,,,,,,,,,0.04251695687312901
NPW,,0.05958503672088929,,,-0.071458680213863,-0.004401895508587682,-0.037741690160865315,0.036614029544329296,,-0.030375404015203798,,,0.03189036263018228,-0.025546645002034858,0.012862717486496209,-0.013194135192128545,0.050423622533995585,-0.0037724964599252096,-0.004382723474683596,-0.04951653973304274,0.032543472453219265,-0.019418232660128328,,0.0598889197403415,-0.025415213568140686,0.003918380749188756
CXCL9,0.07075654156881413,-0.015003389473511451,0.06840084796450954,0.09502517289330695,,0.044610068005948356,-0.05350187958642179,,0.043722640575116614,-0.029501060440671092,-0.06280503242835883,0.10936071357395308,0.07818036697844012,,0.0954054126688636,,0.04156149544100727,-0.010127955624132092,,,0.010897771454578731,,,0.06788497706318199,-0.020627134248259543,
ANGPTL4,0.06317750414971134,-0.059759653636145854,0.020634456753333693,0.01864319267006207,-0.2691820335458873,-0.18725604129453535,-0.018177055293681826,0.09866619522328256,-0.039825853724886034,-0.012821819406701167,-0.017457301347164885,0.0773632890142145,-0.24154503464028187,0.013511166535524156,0.04484365477754581,-0.018194469928830396,-0.04036468841852502,0.016154607009250237,0.018395859456726952,-0.05874366353050021,0.05591881436005193,-0.035169250971366584,0.0300634309679828,-0.08579847931699701,-0.04965717290204734,0.03270240920959789
CCL11,,,,,,,,,,,,,-0.014689599406166367,,,,,,,,,,,,,
UCN2,,,,,-0.06073269375478308,-0.012872261275342585,,,0.04322467612118287,-0.01964183789087664,,,0.10332576388865715,,,0.04862953470321179,,,0.006007836062862864,-0.05382672825515411,,-0.04373233457163929,,,,
OBP2A,,,,,,,,,,,,,0.02253662927507949,,-0.04477692403389699,0.0327900064463385,,,,,,,,0.04402959686853237,,
COL4A3,,0.059813863005874594,0.039248261405660304,-0.027377577081331886,0.0072386686332325595,-0.016043632681087733,-0.03539923381634198,,,0.020167215983684733,-0.01091125685092157,,,-0.015541818765741596,,,,,,0.005146108403839418,-0.013200525174225486,-0.0007701536991722304,,-0.0005418441411053228,0.005301686437464232,
NRG3,-0.03167929601324551,0.05164880148315893,0.0058339837317272466,0.07308162324353623,0.1202850593452276,0.022779173715115793,0.027918336360492905,-0.028595939111446655,-0.17569907533515744,0.01863770333013496,-0.025169999320482587,-0.21090504461137713,,-0.016440641260424594,-0.0261086184528961,,0.0339112890373234,0.06656114039512137,0.0987547544658552,0.07461447649334846,-0.01637977144628665,-0.009681145922906205,0.02923913978395117,0.17021143693084662,0.10910446496020726,-0.06511760599552256
IL23A,,0.018422195707174526,-0.05225347999388069,0.015428323349355628,0.0035566100984962,-0.017024224433369574,0.022294101837869205,,0.03990373057864152,,,,,0.10539872115289284,0.03698614067141391,-0.020571462089217354,-0.02923400802381049,,0.03844154804827437,0.013696970324799055,,,,0.04176799646736072,-0.03949941415497617,
COLQ,-0.0012951106091452507,-0.0006875529400230442,0.008063989477591297,-0.028034837700125107,0.11596454303845914,0.034696567455157735,0.03269702658709573,0.08179227277284393,0.0952580320503153,0.0008216299343936758,-0.07264978766187274,-0.1053326950945665,0.06614194258121484,0.03915940155904563,0.010573420518540301,-0.04373269545667608,-0.09249451694649118,0.018031820828563437,0.06305659518202243,0.04055894938648311,0.01196109160329056,0.00936891727884735,,0.028144019733256285,-0.0040663086695941625,0.038521513251431924
SCGB1A1,,,,0.01746501300347927,,,,,,,,,,,,,,,,0.0014566901582812593,,-0.037053666218988535,,,,
TNFSF12,0.04713610407472787,-0.05114850115067628,0.07276698977664853,0.013993654768802669,0.058857418089729385,0.02592387469299713,0.012970705150449766,0.027342959849033135,0.17794425827558166,0.028408222643618676,0.002829492018831247,0.05506970866974412,0.08488309507519615,-0.0005236404695398451,0.050025249542497104,-0.15780918784240855,0.01167332090277093,0.06969292056403116,0.08534664609912324,0.047614954122645305,0.01784158563502149,0.06087537614737169,-0.013103214781640843,0.08699232434904389,0.10157978192721409,0.005880073348028986
DKK2,,0.12149921677347952,0.026770468411489817,-0.006912000766887426,,0.015477674410607533,0.011367766063698093,-0.01558600141700875,-0.06162100887207228,0.05858499367900708,-0.0008006974056677765,-0.09581842040966108,-0.013774508565041662,,,,,0.011832159227210046,0.010271033372637938,,,0.021415759484760415,-0.052299030137049576,0.014626693891464045,0.028302257676771667,
FYN,-0.06356998862136294,0.009840675826070958,-0.01833541719232892,-0.061088499606860615,0.17023443012830125,0.14950366547513783,-0.010953013881911845,0.22454208068991718,0.15014345648566527,0.009611788122131221,-0.03440549266151638,0.03530744962874325,0.14759846499036824,0.023209078842361706,0.0560009303226977,-0.0607759607800916,-0.04806878451672702,-0.037114173745342,-0.003935966472631751,0.09588111853360565,0.01350731813596121,-0.015321191505334609,-0.031821568251309974,0.11908716011781821,0.07965061088161916,0.06194555359243563
ACE,-0.1332466538638859,0.04049171239605029,0.23106195650237746,-0.03705692227781537,0.09968137348160941,-0.02758143272023754,0.022463043607506304,0.03542501663857701,0.16890344099964513,0.026631098500896584,0.0022521654099875465,-0.016241182074786423,0.18718880389340448,0.02442777463194903,0.12451841022742725,0.031692675687769706,0.03522706549123292,0.01867428095023934,0.07773039521186505,0.11901713127887187,-0.04428350806786926,0.04284185789123228,,0.035204599396710834,0.04938174150577733,0.15017752512100513
IL18,0.2144632470630293,-0.0048599016147182605,0.1264963729437601,0.08012804458446032,0.1952652925791821,0.07148815288541123,0.08030402218106768,0.061290828478218914,0.27814583330390696,0.01284569735910688,0.01716131790851849,0.19932463676357243,0.0925630275941354,0.0802510085990711,0.044806007983960235,0.15580257796469857,-0.04701872831425729,0.10969035029991495,0.12976499967521166,0.18430947078111748,0.04376045599466947,0.05229644454335366,0.018321235053774493,0.1743382251142367,0.08064809627963597,0.009209347422659322
PPBP,,,,,,,-0.026759930028875962,,,,,,0.008777312997269934,,,,,,-0.014954818281250774,-0.05469721246432865,-0.07307993752363925,,,,-0.06859372754212358,
CCL27,-0.017695083092963998,0.018359031049698542,-0.011724604002267292,,-0.02002951325255532,0.016643105644220547,0.013748585414866813,,-0.0031914824668574497,0.01140934498314115,0.005458361846088322,0.0014649843167678174,,0.037683773657739006,-0.015818671497029035,0.07120898584194617,-0.11091196806252969,-0.01953452069289127,0.03765925569317331,-0.013820431317764158,-0.021418795467391557,-0.02508563962483609,,0.010143808606436154,-0.014388264491483818,
SERPING1,0.02681133121493465,0.09585946712678456,0.17037686058104837,0.052987684397557036,0.13468722793395355,0.05736167633470552,0.06403827004750418,-0.008172022125898284,0.2615048894196087,0.08553370441774964,0.0508312441173908,0.26312000612388725,0.03194004617765177,0.021291992306095818,0.2106223045531205,-0.059207073811797156,0.06246040992721101,-0.03637283424996455,0.1670860397867922,0.1757290255129155,-0.04127603599883912,0.08036598280848113,0.034037171041387544,0.015318973102896748,0.043145030036854215,0.11797654083632708
AZGP1,-0.054326219137675505,0.09321153247943667,0.06102804013981556,-0.054101751405642086,0.03850274683511629,-0.048193930043557716,-0.059302636250333045,0.07261113977335018,0.053883871165385365,0.005477778185928343,-0.013519965268891699,0.12738058182286774,,0.10640241427732941,-0.015346228807848646,-0.11432847342526674,,0.008761335242632395,-0.06670000513759068,-0.012020165075490299,-0.06697430262635803,0.04702896533438658,-3.3171495007033435e-05,0.06792983584769345,0.04601845228595194,0.03506771591072288
INHA,-0.08422123271442934,0.020625573876068955,0.010969797442522534,-0.03934001762301928,-0.003649477971435835,-0.10034208775497039,-0.05008420785414322,0.13149545378132513,0.06707101311166366,-0.027535785440815853,0.01655397589566809,-0.018253844195395833,-0.0077653625998522924,0.0034946050873306002,,0.003214913302194269,0.021990807835564122,-0.049409281455799085,0.028813728894282575,0.00021358095911634748,-0.017131603970855242,0.057344412950468486,,0.0944905285277718,0.03774426416995462,0.015084337741263061
SEMA3G,0.02547754852278757,0.10871237077433481,0.11220688040933095,0.010408529753217217,,-0.05479208714371617,-0.04315294862599564,0.047500809443402035,0.04359372044554801,0.01194590408089185,0.04505705978817399,-0.02465402662191946,0.06574765941688988,-0.012237365939169837,0.02500298098401204,0.03250152812278216,0.13164438349712954,0.020164585742133128,,,0.0011914755304375864,0.006857539548738574,,0.04122606558491823,-0.049105754573593036,
OXT,,,,,,,,,,,,,,,,,,,,,,0.043750941471894775,,,,
COL6A1,-0.13154822608668743,0.019924690476206958,0.18669482466378015,-0.0008038734271088239,-0.08086568606729747,0.00754953978033722,-0.013560325274257453,0.08947724611659155,0.3105758564677015,-0.03687603509131467,-0.03615651338387189,-0.005357313880652083,-0.14058070691370195,0.05700745207671912,0.1372632248056739,-0.15517966000323188,-0.07136266423182747,0.038386642183306355,0.006034377473706286,0.008644238613594792,-0.015328831083414186,0.024318520918119913,0.04251397282571024,-0.05235861261385841,0.006224820901536463,-0.0762765614489419
FGF17,,0.04198968197063629,0.04746946447804625,0.005828142777393471,-0.007563577370657337,-0.01985929676479993,0.023711615641745183,0.021714229803739247,0.0020356449959030866,0.028597847644036032,-0.037387056552522224,-0.052382942502786,0.0502970510981889,-0.034863653811859824,,,,,0.04580975406872645,0.020216609626268197,,-0.009096916768239668,,0.00787749626380374,-0.009557085881068449,-0.01995297347921674
TNFSF8,-0.03345357143264174,0.0009619817540017947,,0.019613319836417138,,-0.04645957790956193,0.042785196476878236,,0.04072640557652052,0.005950531190612569,,,,,0.008774340688643554,-0.013157853474247945,,,-0.016093530791864437,0.060799505198236785,-0.03388508800191968,-0.03146178961263493,,0.08041390154288695,0.021745851229233837,
FGF20,-0.06191598759761904,,0.024169582046977035,0.039437235312074964,,0.010746737906856057,0.00442961539730674,0.006451096959986661,0.09097096308453773,-0.03537533569486092,-0.008571210045204117,0.0060659796137034734,,-0.0018638473602424588,0.02332265895120346,,-0.056914463083903674,-0.0620882913799253,-0.009415228482014005,0.05401894767262917,-0.06684658226311153,0.05691491332676201,,0.1337989223883309,0.0448516392702177,
ICAM3,-0.09223242118484952,0.056812979689093226,0.16053638981222135,-0.0014019424777755407,-0.021528036361398478,-0.04766348205673093,0.030762311431144277,0.017747284560312236,0.14085591862312688,0.035851599118610376,-0.055263593648012616,0.03091495955007369,0.1163520673762627,0.05239764066556511,-0.09329107336129486,-0.09924064658582024,-0.03993102427983033,0.01580009733008553,0.0071622051539397815,0.09491671185162731,0.005177824633267832,0.046048174571388156,0.1377357050700644,0.09545086261740332,-0.006031534060059572,0.017993343124664874
LAMA4,-0.2119541108833962,0.07609023135780905,0.20297519400284814,0.00775118676686142,0.1097919508750958,-0.044050695923118784,0.01192240620867879,0.09208574461438838,0.2700605808144627,-0.024756241054923692,-0.018068925868224697,0.15785361918046714,0.11131554554578332,0.008380538140755558,0.18257717934936304,-0.005183557709513218,0.0787711225095069,0.022998798293556444,-0.012912024080318696,0.05435078037319192,-0.025055099373609075,0.06329954779716862,0.012457584303350575,0.04749736166888011,-0.0015519755817060537,0.0027662551346916103
INHBE,,-0.01258862805743318,,,,,,,,,,,0.039918332428335354,,,,,,,,,,,,,
DLL4,-0.10083969204941615,0.02376006495926875,0.16420741673049383,0.006276603640014434,0.05660112602369134,-0.015290995120825407,-0.030509594906409393,0.08146366645294122,0.16969422725294267,0.040236221224421,-0.039804347919072426,-0.020509915136361787,0.14015121704943814,0.020760277355237,0.11162733563989183,5.604648594538845e-05,0.07854434094468782,0.040911829411319,0.04999929921341321,0.07118853038824405,-0.0938434213828357,0.034993184093143975,-0.07875260876342546,0.08187494188318443,0.10653206181901784,-0.04363319236293992
SEMA3A,-0.0029629603519736696,0.09198667064075206,0.05889381343757238,-0.032136967994855964,0.05896960444554428,-0.022698291951998278,-0.044030551629121915,0.05487039039136857,-0.004870628419093563,-0.07474111367377773,0.026713873879861124,-0.12657745285238758,0.030466116047766136,0.032262676151747306,0.13354677511846985,0.0415200458212222,,,0.0336887020196005,0.009860667481159852,-0.02508299742396775,-0.04537852257229186,0.04549981899517075,0.07081745931249318,-0.023893693461955405,-0.013066589014258877
RLN2,,,,-0.04262050618560159,0.007509352710189223,0.03080628867483815,-0.028262536382549424,0.024690996358946993,0.04545122506536659,0.030152054976693116,-0.03642669500873092,0.026679409623743728,,0.03834668458439902,,-0.026399934194645615,,,0.03059993739063409,,-0.04522951228782335,-0.018444684802219457,,-0.045763515737954126,-0.010939270427437926,
C5,-0.046994240409474274,0.10779774891117591,0.050758926205700494,0.01796730300499398,0.03863011296298664,0.02278113859108442,0.03068455107182875,0.048886538400860685,0.20028629100333264,0.008066662494179856,0.0073385897992355965,0.0304220761847433,0.1463136182172978,0.04230974665819797,-0.004055572957798524,-0.03940042900345147,0.011380837521450317,-0.024694803098021134,0.046607774952557565,-0.017682247706307358,-0.016651601590923656,0.058375915613229475,0.042496383331382157,0.11252532321976633,0.012180637480023517,0.049270065102296486
COMP,,,,,,,,,,,,,0.02479446970785373,,,,,,,,-0.02675902270623765,,,-0.022430712906161204,,
EDN2,,0.0738185176973729,-0.010317359262246292,,,,-0.04908104215553267,,0.03437731984589805,-0.08025124917904387,,,-0.0069104475260750526,0.007461968342839564,,,,,,,,,,,,
C1QA,0.27772299706037007,0.0612746292636223,0.18240088143368388,0.05810380225934267,0.27217384256072974,0.025320911863265443,0.12688393495274572,0.09144920153731204,0.3153062698045463,0.0343214779520811,0.0005555493218019736,0.39356868670364115,0.1936845630076735,0.12051103960314784,0.1468449142970564,0.17103042980822292,-0.10120110916990803,0.14038048869821698,0.11388549132294983,0.15461587103753305,-0.014161768915804406,0.08671171955782071,0.02639528845710008,0.11584291278919331,0.08405495731116043,0.09712568807009558
UTS2B,-0.03950146811617731,0.007578233575014431,0.03267322801408841,0.06465823586270338,,-0.010713763390309192,0.0017581023784192025,0.04085680095832877,,0.0011651546577334734,-0.048620116101163305,,,,,,-0.07620302908323895,,,,,,,0.0626637045704434,,
COL9A3,-0.043199030323134595,0.09249478422277155,0.005638592251361714,0.01795893141265723,0.19591661266856042,0.017984497552362894,-0.027940248992624837,0.06554077241680152,0.24299420861637852,-0.028568153969578736,0.018707499140363616,0.10495720031581274,0.037724087425998615,0.07052359914178462,-0.17315739650175493,0.01054588839562583,0.10587256918429147,-0.04450038283719175,-0.038805493071690234,0.06287447226571354,-0.008045820645333464,-0.008263073070657802,0.004027743187482488,0.14579610306418475,0.05228904266348376,0.12948185650441896
DLK1,,,,,,0.007328642927863257,-0.029019180596183726,0.054946073750320804,,0.014972164656471916,,,0.11255023834708254,,0.008107900324048798,-0.1643881080106321,,,,,,,,,-0.03918785227834268,
HGF,0.03773005279290286,0.00017894159246096154,-0.02102478728510192,-0.007125079953145962,0.10968060958941392,0.021118388790949547,0.046239003562266394,0.005618592703036171,-0.010140642305469244,0.026549910856253984,0.01651142455136798,0.10292505790532841,0.14895271900687845,-0.04740215315388725,0.1113130684713583,0.0619604867495154,-0.02526258597329803,-0.020570570133630988,0.0554712197172155,0.07475349170110876,0.06484241914966661,0.030318102669212813,-0.09698586309077194,0.08405696073831402,0.16167399260252843,0.003182681799369925
GIP,,,,,,,,,,,,,0.0551799418579237,,,,,,,,,,,,,
P4HB,-0.147417135110062,-0.04491674707881806,0.06713205298408888,0.03913807093538126,-0.1727112674458624,-0.04131558853283302,-0.03327829442612089,0.09569236344309323,0.31243304573314484,-0.05259334657369253,0.04188798014316303,0.1673472936291249,-0.10042386375264395,0.0027570478725274213,0.1788167175705079,-0.02989821331503525,-0.017041991633244595,0.038627490999967685,0.055299287834666255,-0.05785803709449975,0.02586920686876716,-0.0436172275400712,0.1195591378541679,-0.062405577611136305,-0.052014402442227506,-0.02242708943700504
ADCYAP1,-0.024663520989053906,,0.07243706616760484,0.07190600017276041,0.13210679638882242,0.08413521295092569,-0.027478556099851652,-0.04791104030764843,-0.050392611435456605,-0.010953134156588825,0.028149984855283326,-0.11073899784156295,,-0.02702905098670071,0.043972198195663496,,0.07401849662899443,-0.03800919042553042,0.05180527450761378,0.0906873743976222,0.03768857556111114,0.012122915297452868,,0.11350891102237255,0.04884846853505153,-0.03939605026298913
GREM1,0.2066967655665685,0.04274823891035128,0.0027272137696857336,0.02448553768792817,,-0.01751543696757317,-0.0006550132321203034,0.0295015538006528,0.012859605151997269,0.0053212435298331286,0.05486498974199892,0.1783066426609533,-0.05880985465920508,0.02597190515757873,-0.04217988238301536,-0.09235401814894587,0.04119268495487302,0.026110119097830592,0.03494918652499054,0.05758123252799732,0.05115745049189149,-0.0016583278268031164,0.14159036003969314,0.05126327061240936,-0.03415599185068098,0.1579560048954988
EGF,-0.08582512760467643,0.07464079921986243,0.15738561013234192,-0.01925380194493074,,0.01189127772053569,0.016401124289995416,0.05272692176842003,0.10360874181613221,0.044306293250390455,-0.01525420065825981,0.06912941479743516,0.07985689885622714,0.030821536762552514,-0.07978166765213442,0.019545268311710533,-0.027287894354046223,0.0022728563404424067,0.04819415227300716,0.01064452871141271,-0.00910432810272746,0.03381865028244073,,0.08195660735064261,0.06429048889148337,-0.04185746250584556
VEGFB,-0.021849790307893874,0.034025190405111795,-0.05439488269223021,0.06392450215236466,-0.03766840291677281,-0.012880376908860966,-0.01933601125383978,0.08311227946453578,0.13906532315465256,-0.036693270499330424,0.03151375984873955,0.15077087840297165,-0.2321972188771474,0.1182182449562603,-0.06908101417790244,-0.029947900611384172,-0.062397009702048374,0.06468768729054855,-0.0328954407345249,-0.0503324250845971,-0.04755918197934148,0.043522638299691746,-0.07666678193234136,0.0672241367847507,-0.08708880111992849,0.024348880393080558
FARP2,-0.12313739367931087,0.027178516004782678,0.012418634679317845,-0.008427145809335535,-0.02822313068301866,0.0264750192244101,0.011785487213055803,0.012108337309964395,0.15766723360356474,0.0026757466433171184,0.00614599873578808,0.04921221747624853,0.14619460884270555,0.03862115276707203,-0.004393008565635504,0.030341019050998917,0.0070784338241176095,-0.029330965444801682,-0.024938244604402943,0.059431768691531134,0.06266126384930314,0.023717428042169388,0.12629581655219074,0.14466685946757027,0.06205418405096733,0.1335976694324749
BMP3,,,,,,,,0.06101080331941671,,,0.011685462419632213,-0.009620882594407127,,,,,,,,,,,,,,
IHH,,,,,,,,,,,-0.05201011335304867,,,,,,,,0.010852677439155503,0.06368351746335332,,-0.002198545439581325,,,,
LAMA2,-0.038397878248333434,0.03138466192893046,0.10616279452974849,-0.017307452250710044,0.15115826014106992,-0.008056157514037331,-0.017589031589489178,0.009448723256458368,0.13730111024906494,0.035622277023783525,-0.045204264517564825,-0.009691589912574891,0.04793719314072223,0.0830997495848926,0.08697318423578079,-0.026711076871487893,0.08353442572517848,0.023774300973204765,0.06500776704425011,0.14402023423343324,0.002750260021014849,0.04281955954736642,-0.02560932569160262,-0.02223943030366753,0.03628902310816776,-0.057464770700814065
SERPINC1,,,,,,,,,,-0.010757492791499753,,,,,,,,,,0.030041229658563408,,-0.00765136551754706,,,,
NRG1,,-0.054144173801833326,0.04661125161827638,0.03385073618517425,0.042776579748337866,-0.07352062146628073,0.019600657027150022,-0.07866884495405957,-0.07071619185501196,-0.01663072318658729,0.03335251083467563,-0.18409769548285246,-0.06011913513144902,-0.005228018568710715,0.07435963732164544,0.10815917420597335,0.018457109229231272,-2.535936578989215e-05,-0.03848491238402643,-0.04416257172196618,,0.08657106656078353,,0.09325415398967135,-0.013513927079288814,
SPINK1,,-0.0234344267773621,-0.056955685956002707,,-0.14130583051057183,-0.13643070025554388,-0.017087946722101847,,,,,,-0.08147597381143645,0.018659383906093802,,,,0.020211102027800486,0.028932765946986166,-0.02753103690689536,,-0.028533154496347014,,-0.0748830742692015,-0.10252433729633686,
EFEMP2,-0.05310170195952126,0.020540550215507162,0.07332384950094564,-0.013978503615627375,0.05891674402666043,0.023949624158719672,0.010455744818337474,0.08525958273000102,0.2103395444344611,0.0057178748531948095,-0.04524403286776763,0.14216447456678602,-0.1544508885642821,0.086983137628376,0.04769318685595552,-0.2390554743662596,-0.028285874426109928,0.04433880601330812,-0.027028049971761035,-0.037788878096007915,-0.05415935178057153,-0.009286308428988305,0.08919227398720692,0.02940828584800826,-0.011307155308870819,0.05406645974889756
SELPLG,-0.03741613003183436,0.05407948012087234,0.11244744667448761,0.06211963709328213,0.08748161326554617,0.11861934592326812,0.029387672649702292,0.03396305664307989,0.20148044601501916,0.05290741191685845,0.0014413856636483345,0.1294047976883029,0.13225904723702392,0.05638032072498311,0.013116191471348678,0.04016589050682302,-0.04907094019271621,0.0772090075777311,0.11005954960452806,0.14682718538945508,0.03876607142365279,0.053086429506116944,0.08038333774558243,0.18904542802509916,0.009399410453264142,0.1543980837174731
GDF6,,-0.04955652710163882,0.02115739274840992,,0.09381077799508789,0.02783324054718585,,0.030836266090140417,0.009149634434504022,,,,,,,,,,0.014021792082973916,0.037395772002124114,,0.019309047936505744,,,,
HLA-E,0.13155093339873294,-0.0206883262053983,0.1763203105204757,0.06059672098640308,0.14115367921799102,0.07118027594391785,0.07200135582126996,0.10217510256008527,0.2920277413898781,0.09000618705730555,0.01225762742350298,0.35435985030495587,-0.007616984260928157,0.000101440546762332,0.21703810281607766,-0.011178920584206388,-0.020060471967432627,0.08335990893047741,0.14725183113867957,0.09074386640053733,0.012011334758485155,0.10866679490544863,0.030580719769621397,0.09660014117953504,-0.006090204080345596,0.1369449914986856
PTN,-0.351831055605698,0.12886070489848758,0.04362349211151994,-0.10762011694784251,0.23532580401481656,0.11038576330088093,0.01925415543043502,0.10944186724882715,0.30296940760719143,-0.030270842346044793,-0.021141807032847165,0.13444238957311316,0.0857148120288883,0.14611245295423003,-0.07986373204680529,0.011483937231601788,-0.07751999272203189,0.03688761520315512,0.005154553240327992,-0.01139942986557037,-0.0531982028127279,-0.017635398917196655,0.0962007456664709,0.0810693231775594,0.04101556787796445,0.03476804480169662
CD274,-0.057347956729953006,0.09206331191319721,0.09901653626438114,0.02291480622441995,-0.05463298542644626,-0.019421779754352046,0.07694017805852568,0.023325060258719554,0.12080223843669344,0.051149257531258104,0.0024514380510967117,0.03835837591692397,-0.04139992497766373,0.049194783432346345,0.10820523708811586,-0.10262733986567316,0.10946505146826094,0.062074285490711305,0.08820558791737225,0.05707417064116876,-0.016742710234385914,0.0025345811552988395,0.0319048233248426,0.03886761572403036,-0.026565279795823783,
FGF10,,,,,,,,,,,0.006512984968064287,,,,,0.02397320805317131,,,,,,,,,,
CD14,0.13695856066267043,0.11763982387936635,0.2047314252248236,0.06601235769713838,0.28503897206979373,-0.02918251821354321,0.050095807164572397,0.09688677840675801,0.2474877332792847,0.052447023342301585,0.03471918137064955,0.34689654293226935,0.10514854533260333,0.08552016626403433,0.06089258611955063,0.13130619428038345,0.0188612389104472,0.0765426280739542,0.18615590645323718,0.19125438060471533,0.058196901716585314,0.02270499541763278,0.05335349693848042,0.150710510204924,0.05073523655642607,0.05915612144818006
SFTPD,,0.04286478706064477,0.004350160340396614,-0.0299770171825421,,,-0.028938490086889052,0.037990970328588405,,0.022982641176960916,0.029098478333139267,,,-0.004949618080856865,-0.01592168400695848,0.09350198663022866,-0.01476210654094055,0.022408876122114004,0.04046229606808221,0.06685204341272141,-0.05488502436927433,-0.027716728992075303,0.055394712236997025,0.09756696258811812,-0.0001197468587522228,0.01938580661167893
SLIT1,-0.09763199165074721,0.042045424957889474,-0.13261586543253265,-0.07648644880335084,0.1137293095181088,0.1148156454709431,-0.00407216457925838,0.03357938872227159,0.07759098990622981,0.03225302757713259,-0.04425046415376569,-0.36188279528462125,0.04610395132003549,0.04146202399943937,0.06451725128138794,-0.0745167133895753,0.023656370641011323,-0.011242408718297148,0.031996755809889074,0.14578302988136924,0.02162967128581102,-0.012335069920238034,-0.03960088669956346,0.09538147449741562,0.04763288072413489,-0.05973611577356566
LPA,,,,,,,,0.031627146034210754,,,,,,,,,,,,,,,,,,
CNTF,0.010618852553475153,,,,,-0.022157649255898686,0.007217633584732684,,0.08447115744199037,-0.013821886316680158,-0.01647563281161667,0.045079905854491106,,-0.03790721465365245,,,,,,,-0.12420707491981751,0.0011951664463712049,,,,0.06787591564832908
BST1,-0.08805541424716652,0.05129117724526646,0.10589836837663352,0.06622019666741119,0.08182818354965123,0.04764815954899684,-0.06371459999786701,0.05692250034526795,0.1741071423892131,-0.006992928902256431,-0.03027808509878564,0.06064126143926822,0.14906252230779066,0.033615829987494,0.014893337435163584,-0.0669736004616157,0.014080546524290421,0.07806177724861933,0.01619108092234033,0.09540103228936103,-0.017277146725444514,0.018974674106976487,-0.0028123903883747075,0.11304496496158295,0.010554514319881487,-0.004922752866462243
AGTRAP,-0.008002672570604085,0.0576853471225141,-0.004507949220974514,0.06903550083189418,0.10779789631165991,-0.05096051398673994,0.00867908176793064,0.07256013244455901,0.2457670966323994,0.03152131577450647,-0.020936045643485682,0.23980613813192095,0.07486197984631943,0.08337974480341233,0.011378133796074887,-0.13810170724728632,0.03033846043096508,-0.002823403350503295,0.0319958779578349,0.03306471036237656,-0.059091909477301856,0.03236294674660329,0.1450336453616225,0.10950447483574224,-0.02161899506417306,0.09926634286117157
LAMC1,-0.16813775736412223,0.1455136143856008,0.2552201282261571,-0.03356735180569069,-0.01763400493644933,-0.11158603110592955,0.06459667070430959,0.052656262670620506,0.28247848702656,-0.03802744047128075,-0.020234392333231356,0.0623287039880836,0.08588730196544093,0.09495161238486806,0.17590303072323005,-0.0916573656911081,0.12475788980374683,0.00022049816908104662,0.10130268532995626,0.013511455278958947,-0.02414225065939436,0.0663873632025716,0.12354171354676115,0.04403443670013745,0.03830703510849052,-0.006238560693952271
COL6A3,-0.01330375441741846,0.012458428507100428,0.23575611914082653,-0.009809850207551294,-0.08889745705176931,-0.09176370894970626,0.0031933444743267496,0.07105399059006057,0.05595639922016884,-0.002518927102705717,0.057147970984103895,0.12115087506670391,-0.037855105171660304,0.06620849277022194,0.015908413857793357,-0.07493635313305669,-0.06287048081815644,0.024448258814148437,0.020353328983106104,0.07444883510960186,-0.0352951797303704,-0.02989782832731295,-0.04219590590491544,0.006413136794430488,0.02549326864537385,-0.030378070476978273
FN1,-0.22418477568737508,-0.04342674707162432,0.25894410398477974,0.017703752806993014,-0.14082976013130347,-0.15096362691816645,0.012994929293397886,0.0731465982390385,0.2680143085614704,0.031131263362566074,-0.010427687765234816,0.14430800780835487,-0.14540896736174214,0.07395235986090386,0.20138053815909177,0.013449552367921882,-0.020221534445116388,0.0071512380534013344,0.04900526489161091,-0.02027746848404013,-0.05386089479066261,0.005219076656266735,0.08550923105732018,-0.11153714974072285,-0.05402410599987527,0.103244340465195
MIF,-0.008051830304774495,0.000994690759743429,-0.17181401546669345,-0.011535727609795774,-0.25104613405704085,-0.10726671987614338,-0.03819386855612076,0.07556796310097667,-0.06110474698210198,0.006806200451618034,-0.016822944945523634,0.10142110278583878,-0.26001801811011716,-0.002129061975682459,-0.2123244477343508,-0.08804602470363625,-0.0841144103305448,0.020771524399961286,-0.049247402960278616,-0.11279761425391988,-0.06895762884377266,-0.038037064845451135,-0.04014035281394808,-0.0442199576914437,-0.04946946058480519,-0.05592608897691487
JAG1,-0.18304327831988557,0.10751657836529484,0.14439882913413396,-0.004432318633313361,-0.027343101065286656,-0.0219880259440808,0.03860254800119298,0.037755524344570586,0.30087714342344063,-0.03227215840081727,-0.032843445996900804,0.04202147411300956,0.17491083500237736,0.11355261173857477,0.016008552671371388,-0.0037300773549676647,0.05900803940207754,-0.021266339892046415,0.0722629454183278,0.03708851761770626,-0.01974613496371073,-0.0184970704447266,0.11621342550437906,-0.08153545370788154,-0.1029084563005465,0.08457888201062254
NID2,-0.04191201021684355,0.06222631908438686,0.1689211072752648,-0.04555163283071339,0.1262736744041414,-0.08168517792552747,-0.012340483819114324,0.12266472894041548,0.21479510182828945,0.09047455959660382,-0.02701567618104299,0.05234499155228522,0.21190347090585213,0.05464972166976805,0.10912867551892005,-0.03825636612970689,0.056664550117902716,0.0008278274198388443,0.06544990335165546,0.15149908301081022,-0.028087252329232773,0.036032325122617184,0.051106846797871135,0.030071586452135604,0.059823223019010975,0.06769711550531653
EFNB1,-0.05739902430323562,0.10620538987986791,0.06823443369378292,-0.00752373019284277,0.010623040975012798,0.015794694573343048,0.03515071217276892,0.07603017586581813,0.17001072839735829,0.031371270018543,0.0115295302347763,0.04826644129220917,0.17624055627522126,0.08871747081380564,0.005279625797594351,-0.0498905148339936,0.045242933824403565,0.000590459840361279,0.0024198136184764058,0.011312865095469271,0.031847039503082396,0.006978355545548277,0.00126077777681513,0.12463357933191231,0.03400981303135571,0.08624148222512383
COL4A2,-0.18251486807405767,0.1174839386774458,0.24341900623060034,-0.006926534625885728,0.06670117529950327,-0.05125335884078763,0.015615385108966357,0.05535989896357796,0.2834740375998656,-0.02842486174218433,0.020289801930066263,0.16572058301958628,0.1716761567549162,0.12369079140438675,0.22343056821606386,0.0037803316402165743,0.04804018801930974,0.0016116048917393035,0.026336647748594254,0.06716151831829756,-0.08540818076309815,0.07662409289386996,0.05930493729863976,-0.03513498113586474,0.005054985845295361,0.09162569333282326
SPP1,0.36470948572621126,-0.07321599025788081,0.022960923490692394,0.10374606840021748,0.21969541421894337,-0.1167062191988948,0.035257185006883074,0.12440610614071239,0.3229485199148725,0.007506054692916393,0.08186519541021682,0.4455517687124071,-0.14619267571707803,0.16001552836071775,0.11056040520005131,0.03157388561823694,-0.006972480114186868,-0.021755468664176665,0.1872340749830351,0.011931027330930946,0.028641420625047324,0.025129923574603964,0.14218644935108457,-0.2274735483797791,-0.038396504711625826,0.17091514611550776
PODXL2,-0.0007414007242745289,0.035745041257406636,0.03109976886704328,0.00464492108253543,0.0874820156095092,0.03817354635536936,0.040102460863445905,0.07099688568071073,0.023270815740612138,0.007643225501221076,-0.007639725249699403,-0.14640393679436833,0.09040588921526188,0.05038275575717714,-0.06479454933930794,0.04205341558818391,0.05958443162517425,0.07057573374219377,0.028135641116599715,0.08463362181447871,0.03826902975125408,-0.08084657984656027,0.07373892197188577,0.1597294563913874,0.013973573557947061,0.03205445563832329
IFNE,,,,,,,,,,,0.011666576562040312,,,,,,,,,,,,,,,
FGF9,0.03665010489214246,0.016943611289047842,0.019755306203139967,0.04043591478432501,0.05018405448047573,0.00015669756269058658,-0.01930511507815039,0.05558135779964027,-0.1671296342910925,0.05619872636981718,0.02324000282221056,-0.2167406697030254,,-0.0433380174059665,,,,,0.0725282587458141,0.047419010264631786,,0.012898321606922464,,0.03485317952969744,0.05956808902256367,-0.04690052109535403
ITIH2,-0.06327079416491058,0.08368786677396589,0.03691489646981997,,,-0.010681016507083144,0.017908814425200117,-0.02489713617938205,0.05577468635245931,,0.01695230637629263,-0.02909768925384162,,-0.025817151335038438,,,-0.009067575133412586,0.09156035187158047,0.04575769136633767,0.07344264225626737,0.01831990075434475,-0.0014629858755046657,-0.06807812254702064,0.12529360404961412,-0.00442856934950828,
ADAM10,0.013738383432303,0.13765703814296726,0.1363710997074165,0.0009799120222830579,0.11113837387034174,0.014158138397387176,0.008177245671832636,-0.022355860910397842,0.1301238413645766,0.059162787973171024,-0.013343016816807537,0.12938548756249327,0.09297406393553691,0.04486106946424475,0.17282569236088863,-0.01817667777234751,0.003127316469285768,-0.04046589722696762,0.01613874190278704,-0.03058887923827757,-0.040980665771504825,-0.009433578841210733,0.03645377531531859,0.0004321611225201178,0.0038009684641461543,0.03486286450064428
CFH,-0.0563770432289256,0.08065432448688059,0.16567263576178715,-0.010384044172196582,0.09459763670606335,0.007262407728422721,-0.01727384971155247,0.06669365868451674,0.14905488334109376,0.007479672878806743,0.03602907174221482,-0.027183783104021194,0.11647709301494959,0.0725273661827173,0.08478549388418262,-0.041072008711928565,0.0026348263696664032,0.06879545599272686,0.0983231535956007,0.08835160141142755,-0.040564955961038394,0.012996665756706535,0.017854311338109243,0.11007656902166689,-0.029292560295580628,-0.04355940123916864
COL4A5,0.23390695768254385,0.12199688782358929,0.09359509069431414,-0.00784939378148388,0.15092100793181842,0.03727005920299337,0.033535303744991155,0.08305424395493831,0.17132102992259426,-0.027936305466761676,-0.004109066819329606,0.18678850868420127,0.04681562093481391,0.0766782372358434,-0.05712009646256142,0.015417163321491806,0.009341804742098675,0.017196467988839538,0.03987292898311827,0.1666933003383589,-0.14331026137845565,0.044670513218542186,-0.006281607515919503,0.08794060656454401,0.015981586484954232,0.12132549494015482
LTBP3,-0.08870152361870663,0.04979349137514091,0.049233757136412364,-0.012462990356675151,0.0010965575842122874,0.027525105510022244,-0.002552960377950651,0.07634930568259382,0.0973435000713369,0.03716464754600051,0.03893304992665281,-0.0022023346858192246,-0.05203952685565261,0.015297054926187237,0.03754012463796894,0.08820363536020841,-0.03386151071538406,-0.017479264868843054,-0.0852412287808022,-0.009829833741112059,-0.010920240370535806,-0.05031582574925685,0.06290954823186333,-0.1305017988532844,-0.027412092838248643,-0.0002441808154202303
GNB3,-0.070678274937665,-0.0346248662185599,0.035984876981024795,0.02886329264765608,0.04753394228553832,-0.023838214614109524,-0.0006953873558737272,0.0903140532773393,0.1351550440055362,0.02549893161195202,-0.0374259476078758,-0.15081610201587012,0.028413543883744976,0.06026124358983399,-0.04031176004727805,-0.0891171476151423,-0.043437036596627496,-0.01697096014348327,0.08625897210407706,0.0753114779869744,-0.040060007651634026,3.294733826162405e-05,,0.05832561379728604,-0.017458299983935405,
COL6A2,-0.05362072691617592,0.09428505326954828,0.1994339234548076,0.0011213326696849167,-0.1490344129302907,-0.03460062425183782,0.027530090328444997,0.015816798728310804,0.18699141137995376,-0.01860272297781239,0.027090944776283033,0.16030202346255015,-0.08030624995157593,0.03051907707871994,0.0491590817227277,-0.12352840969473539,-0.03376459410882263,-0.023082748047558894,-0.06722542670958317,-0.026341751115599374,-0.04624070523920194,-0.007668523676743819,0.05454933716991402,-0.02711203486840434,-0.025343918001001154,0.09863929426633669
PLG,,,,,,,,,,,,,,0.08759034866980103,,,,,,,,,,,,
GDF9,-0.04441374775046513,0.03170859716382371,0.05959900536888407,0.06688203954643969,0.040891173769911096,-0.010118190812491034,-0.04675137246083435,0.037910651167650446,0.09091202604485663,-0.006510342426375559,0.06941617304745687,,0.017489615774818546,0.08699020549031322,0.052688600638763225,-0.06346345344095967,-0.005226022945341356,0.047851630719210586,-0.010837731247345047,0.029165735429891624,-0.0593930844261444,0.02786961384606016,,0.014872721457286587,-0.013762444645343905,0.0014546061580317153
NCAM1,-0.1045940628346366,0.05390095317746736,-0.10648200642701053,-0.04227331452118395,0.2051172169306038,0.1624753793098421,-0.010033074547803512,0.04364079836413695,0.018279435499540874,0.05250349283424657,0.0020597678992930503,0.02241048993855095,0.030105908807337874,0.001275577929574678,0.03006927076483908,-0.11008626026471,0.09347536308882294,0.016975238040979973,0.005480707694290396,0.011244746889641609,0.0008189002765228762,-0.032419668694191786,-0.06512767328705674,0.014162456384765282,0.08335347306169655,0.09719218601260823
APOC2,0.12407729562253915,0.02465202209701818,-0.043104013168466626,0.0598521080473576,0.1541414227818923,0.05909875439731793,0.070843511049654,0.05435954077603037,0.169682381820641,0.07289055055785629,0.0591537567381626,0.2855965000473536,0.11754584779521157,0.09331584183866515,-0.026880740789102995,0.12117202622547855,-0.024630251752288505,0.025693958418065994,0.08585839153052667,0.17136812543622976,-0.019607426239934913,0.04139690923418279,0.08296998163958273,0.12791206078714576,0.011502114434985418,-0.03163252607838546
BST2,-0.29307760659677995,0.026088522789898545,0.07598244067518706,0.0559488264376283,0.20428497519047434,-0.024277779386858957,0.016692528463369716,0.06002360980614955,0.29536747271847913,0.08213798242566754,-0.040566248052622635,0.2170088787087178,0.08746493187515618,0.12234248527318307,-0.13628898480624865,-0.027906585253659015,-0.0009996108885588443,0.04413083691624196,0.1650796381127586,0.1467437760957453,-0.020138613047769413,0.04888624913690513,0.050448067468598694,0.12474826473772721,-0.0649514274146962,0.045955091196996686
COL5A1,-0.018624577341458726,0.035462997375751995,0.19498973102727182,-0.0037109893533920505,-0.05621308774559667,-0.12277476384910341,-0.02527675357298887,0.05171585424123992,0.19068463302721628,0.012693340619303582,0.007005345987881367,0.13475051451373674,-0.10986131319948156,0.03360800267740502,0.08103400931060231,-0.08650109073085827,-0.005545791199523538,0.021035760503562106,0.03374292686571965,-0.0018064133404596728,-0.038093807282116025,0.005164869991473133,0.07375551896795575,-0.013550081956711162,-0.011826601818805084,-0.0037862802471466273
CALM3,-0.08061461971789098,0.02650412906388134,-0.017069445683875056,-0.06722192853540958,0.06138753512588073,0.07686304276870372,0.012436323968704593,-0.12075751733155746,-0.2928703851870632,0.03694450901181543,-0.061610581397506144,-0.4497767621271111,0.09242176805083749,-0.023484940190972872,-0.09971708630389331,-0.14528657877350104,-0.02307620206806642,0.010230518456965865,-0.0758848759360174,0.04156267659363088,0.04030921163321798,-0.03550498818058317,-0.07670042564263084,0.04858668295160541,0.0681122985180946,-0.1205489868984929
THBS2,-0.11370744379942291,0.06360398112290475,0.054034505813178466,-0.003766897023766774,0.10440001667501077,0.04827415281183582,-0.01928157500033494,0.08035527486599202,0.20158231116258024,0.017601204462221368,0.03352140409683485,0.18821329843758808,-0.09223148535872455,0.09658236934070245,-0.032813937863236046,-0.04685128285034762,0.06605401771856653,-0.0159293324097812,-0.02641244884760401,0.025638207010760958,-0.00017180442830942665,0.03038102165160343,-0.02255875839223915,0.05322439808561908,-0.0030953331147604716,0.1562712197433856
SERPINE2,-0.29239116513539404,0.045507601582059354,-0.008231280917100289,-0.043073389146571786,-0.04591572591175269,-0.09350116056992513,-0.05317274544190632,-0.026846411790088735,-0.03513428701380608,0.048109243855412466,-0.00031555159010854895,-0.09751312310867928,0.023407002904332612,0.12177099245196076,0.06830950583554025,0.07612528980637183,-0.044103048901601605,0.0861313400057206,0.006664054865457072,0.05111815406555432,0.056289543175228995,0.09505161242303545,0.05026739109317582,0.1589354273596015,0.018549891419209163,-0.011348599297319064
EFNB2,-0.1421408228571218,0.07692640499645223,0.07896599192322072,-0.0008389421562613027,0.021127711478869847,0.05836312334741508,0.07051370656334421,-0.07114062458832357,0.03682974427190987,-0.043120646181258604,0.020802930950177642,-0.12765687522852448,0.10167902777654876,0.05944469748189147,0.022526814012816063,-0.0351127622993907,-0.019852169256138738,0.09088362203130794,0.049468228457435266,0.014834637167563213,0.03027923555095187,-0.01887133043478389,0.16153794719498282,-0.0036842145545057238,0.04816034495894555,0.12465665946576053
PROK1,,,0.033898564704454334,0.01421741923167435,0.04426225681386756,-0.02497705819934554,0.10624224414424763,-0.027851987686127015,,0.02117988774667715,,,,,,,,,0.030662504684440702,0.05299679806384945,-0.009331561585235954,0.02422906433204832,,,0.03650360136440508,
LACRT,,,,,,,,,,,0.01412785523455619,,,,,,,,,,,,,,,
MMP9,-0.035047918616317585,-0.04368204509900173,0.21114963309637638,-0.04170633559216901,-0.005279319770434465,-0.019833157576571014,-0.006578825097554533,0.040681753108146576,0.19126092685273324,0.025400861609463064,,0.060463729782230094,0.2302996708612607,0.01803008499679119,0.1267346764643448,0.04742132986228634,0.053171459961554576,0.05246463453945504,0.011473045251615431,-0.014452219700539438,-0.052890382208900494,-0.04457881294346354,,-0.06669287000837808,0.05426851093715564,
DMP1,,,0.03332311591149807,,,,,,,,,,,,-0.025907804778258027,,,,,,,,,,0.01748167759515115,
NPPA,0.08207647809050707,0.05238205685317114,-0.02483431652082133,-0.05475262761397484,-0.05404409246002991,0.013721477364074487,-0.04377557041127236,0.022874477394479183,0.048260314919867875,0.03406816312647128,0.06518879600315892,-0.030965534676266025,,0.011916579653878358,-0.06150714756689313,0.028786291315568858,0.02005200569665128,-0.06656015251688678,-0.020580614193064745,0.031171396245371807,-0.07738671661894911,0.04187351263071168,-0.00052955640095646,0.030781275788594263,0.09884481046601076,
APOB,,,,0.04165335198458088,,,-0.013623024912956284,,0.037407413610001584,0.01869168439259373,0.003992702960882858,,,,,,,-0.012841549677537388,,,0.01816337092137478,,,0.0205752493933067,0.07794164594060825,
C4B,,0.016980502834817873,,0.004537991026248826,,0.006395241830652633,,,,0.04905881427159758,,,0.020530758490743588,0.033071231152063486,0.016014540720084066,0.11743784720983332,,,,,0.01589844865759943,0.05062141758678559,0.11084548968527866,0.025247857506646963,,
NTNG2,0.005894234259064334,0.10874634347581648,0.024957455721163747,0.018167219870149645,-0.04295066329856457,0.05922653874014289,0.01878129226071143,0.018942224454830806,0.06742545781746931,0.0752006896047875,0.012786638869212759,-0.06783650926651427,0.059233130710687934,0.044214151010055436,-0.05312836397604807,0.06385762966570023,-0.054527516154377884,0.04590927098798455,0.051617622780379076,0.05957455399697766,0.020731107814605795,0.0733811261220892,-0.023082367253140314,0.11295754808137064,0.03886442687380107,-0.03143366816224203
LAMA1,-0.16898317890550477,0.06730763057639844,0.026061573908112538,0.05778035917275749,0.010733611860287717,0.10597664099394566,-0.05718355263262814,0.053458664535023806,0.2627476220623796,-0.01049372446246235,0.04833813595518528,-0.03462286293499907,0.07399468015644052,0.0356951560244981,-0.026566963322841853,,0.05886200260405029,-0.037823729938080745,-0.004344119810094121,0.08827339079469439,0.04540504994068473,0.01680336154788508,,0.10932464694513254,0.03104916647786174,0.12107253325948139
UCN,-0.005087050992175255,-0.02838286947626196,-0.026452311970289778,0.009104068477891343,0.007888155357207155,-0.01707721093284529,-0.010058091687247337,0.019677470720086777,0.0659502388736522,0.007516086481521861,0.038649527248536646,0.005799461490715646,0.03890874709920161,0.05808143690041379,0.02593918917056326,-0.03920062542132204,0.057190604029120774,0.01566217636518011,0.02780560049875733,0.04266041168714793,-0.03870292549099669,-0.04544591582244854,-0.020013537551624352,0.11608384732138595,0.053038811766668484,0.001065656979519972
ARTN,,-0.01492777545917643,-0.010352491708522744,,-0.02557717559658229,-0.03797657270832207,-0.006419464012881593,-0.011435804138354499,0.020924204411358383,0.015875304428893695,,-0.06325026026429109,-0.01927437921455084,0.015237877524356139,,,-0.01900505705579704,-0.027816769122116832,0.024951606863667323,0.04169765701603206,-0.009384561389821503,0.009739590798956406,,-0.012541902054190063,-0.0006617933693627603,
PDGFD,-0.01736932938408347,0.03728877218250479,0.1118067433400806,-0.03908507035541289,0.09771391009624983,-0.0264670065596536,0.033821890710515154,-0.022558948337808738,0.01520739691435714,0.05316220694663523,-0.06547150647930744,-0.01992783502054559,0.037781907456231834,0.06799784595168994,0.025767874736671602,0.02532201318118495,0.011284327211498413,0.030759664370250447,-0.003721922660326581,0.09187148718134325,-0.08004416261974133,0.04405727283899877,-0.09870526674396377,0.10031038673157996,-0.06572020215235005,-0.09252477864958786
EDN1,-0.017736120477887387,0.019156478178076683,0.1277334214307859,0.017331987160541427,0.11475430550901156,-0.0007121471315062494,0.0010495525656804175,0.06469826557480873,0.10880665984110256,0.0015081702775302658,0.006503702333189904,0.04263425921270625,0.0574314495379475,0.12220453115746617,0.05132458847052837,0.03727734011044056,0.09980031613191487,0.010621102031595959,-0.016016926369009487,0.025932895547461567,-0.12316248733945624,-0.00848378404232482,0.09776825658798967,0.10905439501857042,0.008315834821606412,-0.0782125284908841
ARPC5,0.013013867381080926,0.023730938182504935,0.1453836639201428,0.005184866955989652,-0.03816412897142754,-0.04322236815217582,-0.0060643289821574325,-0.016215531528884247,0.14685254887929658,0.013032703653373919,0.05697172701115065,0.32350205671221155,0.12500299674143328,0.02278083594229012,0.164966998459598,0.12873766678366394,0.0986696143818021,0.013349980989219615,0.0259910409591537,-0.00907754860488533,-0.014096253430610039,-0.0826188751540122,-0.020034294518999234,0.022408145984850584,0.02048573037537188,0.12626028449743118
GSTO1,0.24449975239687177,-0.008612681305656636,0.014366295895623304,0.054576531777131405,0.03630185496965649,-0.008775027931585126,-0.003867032355791632,-0.0589228044178908,-0.26320653938617283,-0.016378838409752412,0.018031585078804452,0.12290661872587516,0.030545898396678546,-0.045990839297693,0.0300058725676864,0.0062355772901766015,0.02772834980721605,0.024904784140947555,-0.030543995353541104,0.06295297662333503,-0.0749862361094605,-0.03560860429055714,0.02416301545846485,-0.09478834008835864,0.015975348410119865,-0.04346532827644941
PROK2,,,,,,,,,,,-0.007944336111911214,,,,,,,,-0.021394321310871916,-0.06187777596672444,,,,0.07398401406841851,,
SYK,0.1455723170157051,0.12951838857315143,0.07920256834213582,0.0809079053329429,0.10008832667360464,0.03871641240107012,0.022443693270542277,0.05559432783269414,0.1653672398226322,0.006061737619983614,0.03305592868490606,0.185369112163566,-0.0024856648883807273,0.05278377554442727,0.0856906995227887,0.15029411883475288,0.016233370856266523,-0.0063371584595316305,0.15448558950369498,0.09843753199009522,-0.08658666674285745,0.005627179946010968,0.005589937990263708,0.19665287760165637,0.09494419764582752,0.07466943615764123
CD40LG,,,,,,,,,,,,,,,,,,,,,,,,0.03418768299013025,,
ST6GAL1,0.1727370503965845,0.032943426290337065,0.029185577693716408,0.07145564479669297,0.18810418462830109,0.15055317951833053,0.06224825692301575,0.11848272566831446,0.16013981512021844,0.04309593286783336,-0.08212587826769915,0.18860102332357379,0.18763944529581922,0.09590932814346449,0.06472247183779777,0.08256651433677001,0.11331243966990615,0.03833745333729303,-0.014820090768922246,0.09738082362842865,0.02407710668291724,0.08597529121722434,-0.013791332461041724,0.2603856734249322,0.15838934031777405,0.07395806341512322
WNT3,0.011484553810897597,0.014875932602762034,0.020072499361041947,0.02064083056417742,0.021483236455080122,-0.019777628894465788,-0.004678491011523397,0.017086618852369985,-0.09801713328133128,0.06877901193401789,0.033312156984299394,-0.23303988035921314,-0.013832589407761494,0.014787246869363106,0.11191477062732788,-0.009081548956866057,0.03872340341300607,-0.0660486601479307,-0.010708079762968928,0.021143605732513223,-0.02488487375179316,0.017036350508153077,0.005946044381084552,0.11550580522538856,-0.02354045553853067,-0.005937937857750228
HSP90B1,-0.11836107671595529,0.004742264382644503,0.014968507948337548,-0.0587488399235371,-0.1123290236294747,-0.02464294923670239,-0.05303634312026146,0.0815031643077326,0.12353443727226233,-0.0612038085616176,0.03103757832404032,0.13054592858272018,0.10191859335488664,0.08062470951122193,0.24296598019796037,-0.0205473011334812,0.05940680492109181,-0.02450482242262273,0.010068086965884352,-0.08827844972441815,0.0038285571947152238,-0.022022496942194436,0.04026993977658303,-0.13789578545647607,-0.032616107378590636,0.007331844778462285
ZP3,-0.025633209959197784,0.04097495293174545,-0.020896853121435608,0.06632155783625276,0.09502757380312757,-0.008655088657722207,0.0839073990053702,0.03846878414629461,0.09611292647140901,0.08851903541288816,-0.0059941571519836504,-0.04703520576082436,0.10476983039322767,0.012903401481689376,-0.019215751157834644,0.03641569124695763,0.122840972604368,-0.009891184982366491,0.05335772178719268,0.0724741320417713,-0.025744235306794996,-0.0018673508103354754,-0.041660906931996214,0.10953349305952541,0.05309114347309264,-0.028156786144269284
ANGPT4,,,-0.014135682677220646,0.05050318106560237,,,,,,,,,,,,,,,,,-0.0005521279937225218,,,,,
NRG2,-0.056619875352654385,0.0016864228681465767,0.010397221998860848,-0.0015372336651780394,0.04980865180322807,0.01590203725130311,-0.0167684452784552,0.08316448201269487,0.04697053265835123,0.02635542535600371,-0.006701302436835054,0.015827530096294954,,0.02718276068111137,-0.06938305468979959,-0.04840411625681833,-0.0027452341766410937,0.07861184622054282,0.013523020853964675,0.018563281195059594,-0.012249236046964318,-0.005665475423776022,-0.05167980196453233,0.0918995770307153,0.02967662051311102,-0.020518501093116908
MELTF,0.027702284144888904,0.10467521729942487,-0.03523873900606018,-0.016286411647626137,0.06609636804062427,-0.028701064854367145,0.031105247822709667,0.026467806446287163,0.09032445598700517,-0.026894742897929837,0.03909838443864789,0.010947905711635666,-0.09507027270106277,-0.0028316095989887272,0.050610690383037005,0.06889883883084827,0.027064197089211022,0.06689355101395,0.05451740170406696,0.0011991699771286815,0.025574330313033695,0.016771972604838134,0.0399529130495312,0.1380346624572491,0.0009332597137982654,0.02567693139264188
NLGN1,-0.1411342676430924,0.044964808218502114,0.04069335716254267,0.026457379242415646,0.06800088735092628,0.02777811334113532,0.024478691707360528,0.07638636072652119,0.10081100100371763,0.03739167114374855,0.0061945473149622446,-0.10401754484576325,0.040136656863112324,0.05146104610797215,0.04745002852474287,-0.048092161557605546,0.029544934818045328,0.01654238440118435,-0.007501263496710554,0.0021759966298091214,-0.001857027613083417,-0.007046703780222083,0.052311560221463174,0.09445054099683207,-0.023245145356631705,-0.016562007001435602
SLIT3,0.03726961201439624,0.08466904201529879,0.07391132487482419,0.037010668870959725,0.07776494705115122,-0.002595789016316663,0.03347463989306601,-0.044872083946328196,-0.10142670817006724,-0.0013467488769647899,-0.015434461605167094,-0.06041755207774449,0.0020682180170913528,-0.05411407978917013,-0.012099438857314708,-0.025154713620734626,-0.011735373359032575,0.062342432937902405,0.020425488444011815,-0.009342387977220194,-0.006638265091281609,0.028262423366429326,-0.07284677370856019,0.08865526449438728,-0.02183901420158252,0.01874391082084059
CCL8,,0.0782739888652658,0.17487650764052579,0.05054927910570591,0.031227000212033448,-0.09542821409412479,0.052116741777578954,0.024943332622668152,0.052250987062838136,-0.034481096404961706,0.008185939327629461,0.13140164366784868,0.08721845796613413,0.016903936898153962,0.04386996162601065,0.02830174670197649,0.14190185194708824,0.03491103206669132,0.004404736664315099,0.00735357106198981,,-0.0009626252715385125,-0.0022838147224993996,0.028872981362073634,-0.02269290652596849,0.10321235645863899
S100A4,0.11347071599613709,0.057899400296922233,0.1506643807871246,0.05820844579322393,0.09905566235293876,-0.013233888854717131,-0.03452132433173544,0.05597424511753441,0.2509650261551993,0.05712990669933204,-0.04832559763446335,0.18606979902590612,-0.0037897464126122704,0.06105819103513879,0.12383185364859478,0.07246731244556742,0.11783177232211849,0.07674254767350862,0.12075900496917646,0.11547296983646085,0.06854827115913656,-0.03045089174812568,0.040548543583667815,-0.05957035510170307,-0.05137277838802778,-0.07120575932778946
TNFSF13B,0.015165554084089823,0.027841364104434285,0.029812209543081544,0.03083463179052392,0.11493534449803496,0.10990083925189133,0.012675825955972065,0.02398839899250825,0.21490408606841077,0.01428507701057697,0.006897871646077647,0.22597993512581735,0.13650067252566805,0.025094463422913518,-0.03196560961551472,0.04654560067702959,0.061737779699859316,0.07420100738492362,0.043326568216487,0.07539339190549568,-0.02676081077172229,0.08578133628839064,0.04682256098580116,0.07638046255386559,0.035682135955012545,-0.03451935777055017
HSPG2,-0.15306388838878865,0.09538390895056745,0.23807235511732472,-0.04038425920116791,0.048319495779146765,-0.02626074950850565,-0.015232620386768474,0.026085215707291196,0.2508284220233928,0.007967692482816958,0.01406543330481939,0.09521793576182107,-0.10065974838531545,0.05573098763258202,0.17823643641894163,-0.05913578799751179,-0.047477711882303514,0.045548951049600224,0.03551617222614185,0.08667830444921916,-0.059941630254397686,0.013430400085461421,-0.05566433721602856,0.046592237369314074,0.01576590170097244,0.06258755163972002
FAM3C,-0.17778015976805517,0.015533915407835382,0.017892826212416457,-0.010475113519945959,0.013046910939350138,-0.06981187695388896,0.06822457408819654,-0.008959116263043675,0.08979313643250436,-0.035836136235076456,-0.014787781434728505,-0.3112570355182533,-0.021648531157800056,0.06820384642886633,0.038463465940569305,-0.023267173246346144,0.07679066797760437,0.01616678684231726,0.04070940744532917,0.018826570709915495,-0.014789285181226297,0.06808248831675377,-0.03686046023335346,-0.021544651329282457,0.04830843155015537,-0.0709114143763397
FLT3LG,-0.0944574619313024,0.011108071596930181,0.023126236342937017,0.057546056530808,0.012407746685436826,0.041317924429224495,-0.007635058303038408,0.04859082247579915,0.1314280813290701,0.0548264440466063,0.03274167655366796,0.05768871393575358,0.0898043459136071,0.09981748503620615,0.00159205452040526,-0.030431573183157506,0.014255755015228385,0.013765375106901193,0.05971882158183233,0.051126575518853155,0.00648408660305259,-0.005977586641054606,-0.006936683599697549,0.024218677350635043,0.04212779218512161,
A2M,0.26979069596027005,0.07483377122223814,0.275414640107213,0.1858332265602577,0.06000384174870899,0.01872919835628803,0.04639009788722271,0.1280531618943369,0.2812802039603688,0.03449155839227601,-0.016296727991276006,0.35841859169829154,0.2507337381043673,0.056057899508038286,0.31016859111877015,0.032001494391637735,0.011886760347312493,0.0313352460580795,0.16148509490100477,0.21397863891006402,-0.023885677326691515,0.06433938937841004,0.05666581368567134,-0.0038103372968916233,0.02850741976221843,0.05331417936741642
VCL,-0.048446164677104255,0.013239726264833676,0.1162389466679102,-0.023152575922498333,0.07014292987371175,-0.008660989134617325,0.0009070450382074851,0.029962440722990032,0.14002756993385043,-0.0025104691901580924,0.03780645606384384,0.004845206924753194,0.09471893495251388,0.029782508006416117,0.08645089998883981,-0.07706319262792398,0.0630680327568225,-0.0007223785867609126,-0.02161478743680317,0.016096661663195087,-0.013913101969606947,0.011512851174905801,0.05252609812195523,0.016917096995279008,-0.020594640434223106,-0.010142774204730897
FGF2,-0.008739362700295492,0.059706556453876396,0.019449369652034875,0.05570584189440946,0.09254239468258822,0.024306009350320994,-0.08479921820828815,-0.007305289479836326,0.15780952923421795,-0.030708257026455504,0.027359274512197503,0.028181251836433347,0.12700975812807583,0.08682114220256355,0.05062361899516986,0.028542309661445102,-0.0490934372983954,-0.00484538828003067,0.022355715632973484,-0.0018796017827820753,0.04997238474205042,0.03490724301727452,0.06426747270314492,0.10448014163927555,0.0759283244943934,0.101807485671433
AGRP,0.040024935202022285,,,,,-0.037056821191525535,-0.013885236533018196,-0.09166761706519123,,-0.03796204442756635,,0.035746968467283244,-0.008983595488197132,,-0.07897126693616736,0.03732207179280383,-0.0274014564189949,0.0010112393679754018,-0.014201991069073727,0.004072508860802697,,-0.013203467249597157,,,0.02722346468405988,
CNTN3,,0.019926538616832877,-0.03841476840662396,-0.0012884650894261084,,0.01772188028553239,0.01721999034795857,-0.021773182214384283,-0.13304327737496516,0.04393171568607088,0.00035678021048744156,-0.24361244554810735,,-0.044117576075894185,,,-0.00775889440613671,,-0.02422448259140473,0.13542722854200134,-0.0026079929201960625,-0.06295086478126048,-0.019705524552833587,,0.08171686430180966,-0.01730731064645958
RNASE2,0.000245884970704915,0.039799630204626235,0.09806676906442637,0.04282049038254315,0.17222647566821533,-0.024810551121030255,0.08566758339724943,0.0399549667080312,0.21040878277941613,-0.00905938079311097,-0.04882864328753218,0.1841428911192858,0.0678517829389682,0.09874801263534513,0.13492383813151929,-0.04143406992970336,-0.05854005567096159,0.007011854205078998,0.13735096789218512,0.1829688651792949,0.04235574115267028,0.023133672456942568,0.09676515667326269,0.08447303480416868,0.07289862963279581,0.04956789904557825
ADM2,,0.008170225363678939,-0.04667876838832252,0.029196005213017517,,-0.06430879986728907,,,,,,,0.05124042060030768,,,,-0.09370601235113778,,,,,0.011589132012246754,,-0.011411184967048746,-0.06313865841923876,
GAL,,-0.0007803174882162498,0.12090070254813551,0.00086083263172952,-0.025811908006831363,-0.011859941095055403,-0.03933095342879461,0.02308657121992962,-0.06587986914441732,0.034925587449386716,0.007160767773218976,-0.19267013173285458,0.02807049210666597,-0.01741464262587913,0.0182734396169362,0.05198009810549436,-0.05399750709587624,-0.014897257586025036,0.007913398776222172,0.06280079986004741,,-0.03471145252447406,,0.022304345399113645,0.060759820834871504,
IL36B,,,,,,,,,,,,,,,,,,,,,,,,,-0.014666855231226524,
CXCL6,,0.047445920204311196,0.03297784524709882,,,,-0.03545190184269304,,,,-0.019292775503294102,0.05218387878732817,,,,,,,0.014941265495478888,0.06971295544734267,,0.01917206455704523,,-0.014279576610968828,-0.03397924160344116,
PDGFC,-0.22688338601971333,0.07409031360479865,0.032062903604902264,-0.013590492903356946,0.1238371224892826,-0.01667560006390531,0.01125772480182119,0.09114805259910899,0.13621887942537572,0.01533172240790738,0.032553742942521696,0.0521381569254885,0.034730858134241295,0.16827231152953814,0.018592345778474944,0.002762524609929158,-0.04201800372558303,0.0825806604456295,0.06199710351212709,-0.0367275494303768,-0.042058149449762085,-0.004841746853053747,0.03684110803364975,0.11977089572258164,0.01183221612646584,-0.01037925559296035
COL8A2,0.06112658428609304,0.08673554794900418,0.04855054060375976,0.02678790050581357,0.045125758458955494,0.036341290275849376,0.02311183637436584,0.041067898317369164,0.20743900548505,0.05292209074071001,0.01789316455229451,0.03355800520201007,-0.08277183329069647,0.10194772979037729,-0.059058727014883586,-0.06330411433278926,0.08666435987268609,-0.03788532434897221,0.0672519207537556,0.09085200430778367,-0.06995352795766312,0.06794203514669507,-0.004790186369123626,0.11403324433253774,0.05310499776716796,0.06711594364073217
SPON2,0.01198534995692848,-0.041153880965929306,0.11119620103116777,0.037143508461134504,-0.012771309590892413,0.024880817080105325,0.011481405520673529,-0.01950115377125797,0.1445433251826751,0.034889700607031116,0.032580774724111604,0.07427884383965219,0.1632183650739304,0.04701540241499609,0.16690248187934642,0.0015178174359207796,0.010651254865788561,0.05163494165531699,0.0268173996793785,0.1093835024987421,-0.06621917394043825,0.05647109955903271,0.08278822082695668,0.10811555348768181,0.021511839851328242,
LCN2,,-0.02847550562977953,,,,-0.05435871106157146,,,,,,,,,,,,,0.04769142709442079,-0.0023895019436370713,,,,,,
SEMA3D,0.0433996001133622,,0.03430271937551846,0.013849536231145505,0.02044337429767803,0.037659424812581735,0.04584633917128816,-0.025904936062072628,0.11093616671719066,-0.008922873426986761,0.0622438917368993,-0.05321395323930742,-0.0007590631092665398,-0.06368258386971093,-0.022442690443494905,,-0.02224351354195003,0.03232321095262854,,,0.010675339832626116,,0.1195298380275829,,0.038985796314148086,0.06237492053581746
BMP6,,,-0.048233658292738624,-0.007880262134280962,,-0.026972325707624843,-0.009370818870864881,0.007676774716182134,0.05169316953992811,-0.004474421589677575,-0.00890561259585433,,,,,,,,0.054151044191068205,-0.021854883610154235,-0.01112968388237966,0.039684889555838945,,0.031093308112254223,-0.06324462823358298,
TIMP2,-0.019228436589317405,0.07750769855240369,0.051054807458020955,0.05166725750044168,0.1272721121801762,0.024475412720652494,-0.01780986617364391,0.055000905135139895,0.25019845052365297,0.06522973277706312,-0.000103467184663513,0.1974509884188956,-0.07813761829766945,0.06079044176131872,0.16051965020083117,-0.025597323854515373,0.08590872449552116,-0.01971904143717569,0.006412042622115659,0.019936378641874596,-0.031349645937680845,0.0423664198389412,0.04961761644498881,0.05917942151219244,0.07126975253246108,0.20171187583952405
EFNA1,-0.045230729863601805,0.03972428923535847,0.14070777534410434,-0.0038123006546228223,0.12491353058931777,-0.0273848113665232,-0.015018517595755312,0.0852004956609289,0.09330724089185033,0.017551518833437505,0.007190392644763415,0.2992402682463342,0.14659631714990598,0.02703743615562366,0.1383519038652166,-0.03934650545455865,0.01614828809406399,0.04908535663810601,0.01834711990397714,0.06391887891260718,-0.04902437866927614,0.064353690163282,0.01753852046201325,0.051045113424212016,0.04096643709663347,0.20491124040441738
S100A12,,,0.045573968780755265,,,-0.016032147740346503,,,,,,,0.049261941783790404,,,,,,-0.009925016817039566,,0.0025332833025492525,,,0.016196166971582996,-0.07558535530496954,0.09644724790993817
TFPI,-0.20180455238500988,0.026858242870458033,0.11607178471821439,0.028542881351108915,-0.002430996956389425,-0.05524265961300043,0.034328456880064605,0.07051278850751681,0.20170238884625394,-0.008246145176127123,0.029684831394551484,0.06717661222048817,0.14223525952029362,0.12369885567357747,0.03213847491567161,0.02790402113910327,-0.033654688451655305,0.03638806247531943,0.0496310275422742,0.07603252820707801,-0.024801606608784756,0.03794960362683875,-0.028066537249446348,0.07528868092905011,0.04925254757054911,-0.03069226195113079
GPC3,0.005002253671029596,-0.015496569325101616,0.06475851668142253,-0.10728928965903772,0.05229515225628625,0.0211353150198247,0.018546835938690807,0.15330468178708692,0.02654337173396969,0.016566878234602206,-0.02413051324533173,-0.08982608221443479,0.027806104319857302,,0.04171997444762677,,-0.0012745481671632899,0.020939137676907176,0.09462079731969109,0.11675561289357647,-0.08390348253267228,-0.011485482656326899,,0.07437974965762573,-0.06425255702955357,
NMU,-0.060059588497477154,0.05995650668624549,0.015095956170420404,,-0.055281796300181416,,0.10772970991440098,0.09500334489652638,0.11388041879256731,,-0.044302179927261036,-0.08432339663439876,0.05718899373732013,0.0270469022922151,-0.0285993707730911,0.04517694703547675,0.06228847732433383,0.009156867810132885,0.009826994307792975,-0.0009648122660642466,,-0.013392910201633542,,0.052053392797863,-0.07478770500694043,
SCGB3A2,,,0.019397614249537443,,,,,,,,,,,0.018073146762997764,-0.0032187256361004457,,,,-0.016960450357927346,0.023692607340520765,,-0.01239274296305808,,0.014748931326306688,-0.0029313613110292765,
LAMB3,-0.10103199360196737,0.08955722229246799,0.01091637920977313,-0.001747208116031712,0.11790440772716929,-0.01740044433908149,0.05442734122786246,0.011303205476243857,-0.26432199884353097,-0.0013372069735838657,0.006945105051537363,-0.11427205868727155,0.10537790095775224,0.007647169991265717,0.013004971461351487,-0.01565176498350431,0.041208675832007324,-0.009909176463017247,0.09742275333268095,0.07934790709414924,0.0247731183916061,0.00813119942247843,-0.018229493583895754,0.09505228088034418,0.022809221442013496,-0.0064634306593598055
LGALS9,0.1402980561059962,0.07924462186039086,0.06653882582572496,0.08055914271048971,0.21993615678404718,0.04261590406517793,0.0690465124942362,0.03653406941358709,0.23454925036991084,-0.005201418863235312,0.02343551849287251,0.2953008095654421,0.122716396143018,0.11476514698511528,0.04991936026837991,0.02656926872918141,-0.06806792335369012,0.10555684368280262,0.08635480899709133,0.15391720505296952,0.10356755218588545,0.02106301620202195,0.04419100593651207,0.12460455984392216,0.021488703043240475,0.024875936396231826
VIM,-0.3164248959620944,-0.047926720977932755,0.08451958188507529,0.16717084083153408,-0.2057958299678796,-0.12815015680483063,0.023622733653546505,0.10885588897784017,0.3257776729830393,-0.061116399832449105,0.04422677455140256,0.3962106633755973,-0.1880117340537177,0.09514556469133122,-0.10581488458603601,-0.1488875764591494,-0.09670580681211566,0.040994230997869356,-0.05811169592073174,-0.14929458648532246,-0.04963662731934619,-0.020336779501596597,0.06983062706000995,0.07181552856968898,0.012347387314441953,0.034770145471590685
PLAU,-0.04590840069253649,0.030046398010751527,0.1630514334352054,0.05077111199249207,0.08160584576135017,-0.023307836526668468,-0.004578437255193318,0.08312048874175558,0.22015440246887105,0.057745165890141927,-0.0032614866566650605,0.18692161107353333,0.14324887843699205,0.11303082983942592,0.03078912099246566,0.019815466012830987,0.02639382998603558,0.018296143345454943,0.14392446378816084,0.1420287039398367,-0.026276444437205084,0.06540177230278184,0.06613167022267012,0.06048757710277706,0.02541979191043837,-0.008439468072052569
TGFB3,-0.07514413777689553,0.03659352914280608,0.1418217108527421,0.04459338206043011,0.0412492116918833,-0.0013301363418981645,0.023199312963695484,0.053707822607057185,0.1281922760988148,0.01612029809690605,-0.031894510762306955,0.12893575813141425,0.16812405719211868,0.10881266674506704,0.0881846161106312,-0.008306892140645278,-0.12392145166330618,-0.02241382472029791,0.042505457169176745,0.08627463174791714,0.01369860597076552,-0.04012838877464832,0.041237881635928106,0.039043389353214386,0.05518612396347263,0.08196902105276155
APLN,-0.09171032761106147,-0.05806657929353266,0.11327393463063928,-0.011990102335779866,-0.16276561686579796,-0.1112071651705176,-0.009534854694574378,0.0488691829121041,0.2501078002073713,0.043725845983865815,0.00045489425084901513,0.13025867322056478,-0.060402236040956,0.037078279536381084,0.15032460030435518,-0.05484751657152704,-0.00846526410948995,0.0361345111948495,-0.008711494493824952,-0.09743199436231605,0.06884391556471903,0.034403247429879436,-0.0038061484672778736,-0.03278849310080356,-0.0059263387723267995,0.1262541439069052
SHANK2,-0.06474358298430394,0.007376657062215802,0.046510042314422385,-0.05541598290616918,0.03560227973699207,0.007662510425639487,-0.005910363923350902,-0.005082999558819584,-0.18014859159670008,0.008398683389861836,-0.006551771919580316,-0.22175381083171858,,-0.04302921652392214,,-0.12964405244701016,,,0.024592383199113943,0.0677511508001289,0.0388775743020316,0.012040433996891947,0.08965068612049429,-0.013727903530827392,0.0736703787143079,-0.0753486120296711
LTF,,0.08052852361153622,0.10402516783976241,,0.12576202684591076,0.029992749310952627,0.08202453725019158,0.02004546058243782,0.25309889090063453,0.04871170411176304,0.005148986563547744,0.3944381604070546,,0.0944460426551871,0.25973265354034825,0.07523821849913799,-0.000539079376341631,0.03285503311091405,0.1073595922249346,0.033820329014971694,0.050611289347377034,0.012287553094762756,0.01669750131250383,-0.15741114382073168,0.09065180364257144,0.13373744993483372
PYY,,,,,,,,,,-0.024411836021980854,,,-0.003540429406228328,-0.03235699275037507,,,,,-0.02220568969191308,-0.0033443022405953804,,,,0.039004830814907895,0.018127508457748354,
PENK,0.012105774089453205,0.0720265421786577,0.011576927338578829,-0.01337808283826296,,0.06697168562208368,0.035458433281237434,-0.07995444982957395,-0.1436406821016758,0.0472992168999537,0.016028021813662963,0.0061646931656762,,-0.010920430984640262,0.02038228075182563,,,,,,-0.027492455563249318,-0.05123087951871606,-0.044372509416661106,-0.05426926075463984,-0.005203379414761405,-0.037868404990641924
CTF1,-0.10490242077590711,0.09301971970925313,0.06283703334097965,0.024107317383092054,0.04067522145799636,-0.0692216700868162,-0.0014066008683238998,-0.009368351741282957,0.08853995863726077,0.008260297883895502,0.024355483000696437,0.024581777197311066,0.029117995189803694,0.036973425578125614,0.05975209510715759,-0.03840148873902247,0.05393950149274966,0.015425942883019312,0.006886467109249593,0.09653999942203637,-0.001307016763312327,0.06832305054244697,0.022329256224628804,0.08240540330766906,0.04378233101650216,-0.030215153859753933
COL3A1,-0.11448108003413242,0.04189739794467774,0.25326490634267357,-0.00850029111249382,0.12555341002811976,-0.06270853798888448,0.041934696492258734,0.04518999118182066,0.27734386083722823,0.013364278417918747,-0.027417508142405823,0.2064400234442358,-0.08329051850419401,0.07921134566825017,0.18445555891407042,0.015927317879172353,0.036270896324339594,0.02145260781741433,0.027737754126948976,0.08336550592414838,-0.07939443482449025,0.030983799677638958,0.1087746366066554,-0.006397744237593757,0.026194369505908414,-0.01477140405110913
S100A10,0.2623333550722602,-0.01937348680988571,0.00026485504316714606,0.0034686167162845203,-0.12695174749157576,-0.08957736907613899,-0.011850522449599913,0.09152144553652802,0.30465806106598736,-0.040893926024974096,0.06978515129509084,0.4164178089183055,-0.15503322610636425,0.04096303130747916,0.10889318504281875,-0.09265432192340935,-0.15738877730723347,0.07566004071144963,0.005779188976979812,-0.15070769893669028,0.02804876853152938,-0.04861300236937375,0.1702670887595267,-0.1593986423365826,-0.058206937779296,-0.1022663324715994
FGF13,-0.09271680470320898,0.048810068375188906,0.048276085981213496,0.012765728962986313,0.02581104368094388,0.0486039109363769,0.023436973382616348,-0.067778408662609,-0.27775518284990103,-0.026255609521506733,0.0005454670790456984,-0.24702379409959216,0.08075038755450384,-0.08587303533901061,0.011532797390758541,,,,-0.02413696827757087,0.05394845111934286,-0.012176303530914005,0.0006862272039799131,0.06541892010176767,0.04810832175844174,0.07712007455352506,-0.003286376106173524
SEMA4A,-0.027059301006801224,0.06583879235961909,0.01794535370177172,-0.0011084710175637796,0.04616449834213405,0.030408747140430674,-0.010406705605944238,-0.08969134786945059,-0.14703257804938763,0.017038160576937845,-0.01547261445098394,-0.1280628618856727,0.07128979244529515,-0.029706110670265233,0.01521517541822922,-0.020350505503612018,-0.018987023012064935,0.05255361446941531,0.051536700101499425,0.1209689365368525,0.023430384078020942,-0.01197303461905017,0.013256855058486335,0.03789030239781577,0.05720541884431647,-0.015009682190896293
EFNA4,-0.015430122249907096,0.07782035108759726,0.05554614401033733,0.020634556627498555,0.030879526738611246,-0.04102171290169347,0.03158935299785863,0.03659341748322812,0.12754345856554414,0.05611318947694135,-0.0003131161540007029,0.0684145963925012,0.07925157456774473,0.049976664485707194,0.030558836335182648,-0.14397150303894113,0.028731926409937592,0.02807776774786839,0.09349133801909626,0.05652960664944043,0.03333585723832726,-0.006125582203043824,-0.05765584333588273,0.07011682451274832,-0.005174132280476756,0.11440707477076975
HSPA8,-0.11687166763907854,0.010683942005127034,-0.0179309493045018,-0.03360573651241,0.04376092383187555,-0.046058210035152564,0.013001332170397664,-0.029436367619763773,-0.09781297672047858,0.010632304090709234,-0.005151868145403664,-0.16912279361637547,0.24415765628725866,-0.05118650321593357,-0.053690566751866085,0.0009561229151756424,0.05042502177367083,0.08291734432951384,-0.07183101200929543,-0.04163535330144822,0.010770549740918935,0.03197880077913601,0.017307023172839286,-0.025013116168854346,-0.03718705338384543,-0.047939575529371434
NPB,0.0484379859332717,-0.013992307275302696,0.03165821659845124,-0.028134862166196258,-0.01979910412703276,-0.008219893497882595,,0.043885855857143385,,0.026140907098074078,0.052278977652356444,0.0701798357789152,,0.001830352198852536,-0.011163750973391348,-0.05711785718062243,-0.02499692572706421,0.05840863483924122,-0.012609185177543317,0.013962951583719513,0.02346741186847304,-0.07506227000599641,-0.0016543822609448157,0.08006196933538723,0.0005277213766571633,0.1473849356684784
ULBP1,,0.014170024966791341,0.002304404779652173,-0.0029760880930096755,,-0.026356106989465354,0.01660508882005383,0.039331148127099286,-0.04538845487080611,-0.01877637129023193,,,-0.01499409747417206,-0.014898092780555643,,-0.08195875666284905,-0.03411457423026524,,-0.032230095727364225,0.08037829744388189,,-0.03144723394293726,,0.038978192848185884,0.012372916174812565,
SEMA3E,0.06758852882028567,0.10376605273432879,0.04408752226337191,-0.013152157969498545,0.09704487187588456,-0.008439314632067227,0.017429331352504566,0.07645147397805982,0.02410557383405207,0.006888257187801806,0.008710859064073042,-0.06761031850422258,0.11836903202414112,-0.014338509321499503,0.017563860957999455,-0.12300463122052774,0.03051851787699676,-0.0038556437198532254,0.08417152957034477,0.07261364621281437,-0.03279887922619294,-0.04796128916426154,0.023393934463007405,0.043397385239128346,0.029274078591278136,0.11397036190309853
FGF3,,,,,,,,,,,,,,,,,,,-0.021974376063356855,0.07340288974819684,,-0.04182568065243065,,,,
ADAM9,0.06822988604410925,0.09512625724685692,0.15416454000909136,0.10599880191463328,0.022401421992356563,0.014695155852860914,-0.008797060002323973,0.06562881540093511,0.25799595592095287,-0.04359594480703835,0.01947608220776418,0.19599877802951526,0.06733885793700944,0.0760507514480683,0.04902748403900841,-0.11748891478594736,0.06276482639363008,0.0886577782214155,0.02682410964019198,-0.037208801988882184,-0.05992926774514452,-0.017221599690106806,0.026252204747909586,0.06898196866247244,-0.0420936259944975,0.0875047553107734
ASIP,0.05948008391474985,-0.042931061477116374,,,0.020117604836669363,0.011040288883679748,0.01276717555564405,,,0.01780755160623567,-0.0007077961397160789,0.06734532487437596,0.08405082312231202,0.05908128217111294,0.020390232193313856,-0.07083684254873464,-0.019131423499652554,-0.033046138315152025,0.03726070332902224,0.10195349874501053,-0.003930596178752279,0.051051812001283434,-0.0016563721732110255,0.10619855044640576,-0.026548824107792784,
IBSP,,0.0735022186034597,0.1847342395206997,,0.10808405736084495,-0.05114553263873089,0.08432152564761053,0.03628817014200243,0.11297436265677488,,,0.346890651773076,0.021938555088214122,0.02377109638377596,0.11346886796313148,0.016163602823486143,0.03160425410506402,-0.002114562398051651,0.13427025463776843,0.11667002581994355,-0.07241629883889374,0.08350371731505822,,0.019325155315464415,0.091888181860635,
MMP12,,,-0.003719836891324886,,,,,,,,,,-0.020795762266455162,,,,,,,,,-0.04876411815408757,,,,
FAT4,-0.06470654721271783,0.02775529689270152,0.007699721191049075,-0.007628833194201241,-0.008367641409681853,-0.0236233361749147,0.03199010146074042,-0.004913783716594525,0.08534490096509802,0.002166234606446835,0.027629943794379004,0.02570589215258978,0.06359193479273402,0.07491974061232923,0.030142955211473497,-0.009092788748980115,-0.044162138408503096,-0.020621741294765596,-0.00448537213189896,0.07530680096850378,-0.059480599011587955,-0.02374520539842987,0.06091866036503602,0.009886068276004984,0.09069287057377029,0.039429414804237436
MDK,-0.0067743226023559075,0.07432640874312373,0.12462458011120009,0.07097731495385447,0.08928666945772051,0.00276032293792286,0.015731541449592254,0.10844259293506435,0.300789046771607,-0.02353931812258941,0.006451427398134803,0.2184736782157728,0.1473919247196465,0.11340423936525577,-0.26860802767765607,0.010575865486258244,-0.1335793035242545,-0.030598940986012183,-0.032739625102021844,0.07526734800538139,0.006769076321124301,0.01639841985201227,0.13141808028723093,0.13582304081920524,0.023113158276078995,-0.04920495383798504
BMP5,,,,,,0.10017992534378241,,,,,,,,,-0.08340647194962778,,,,0.04888175682234017,0.0673776994410246,,-0.0016918548220130648,,0.09434128805401014,0.029920536758512747,
CAMP,,,,-0.043423900161627386,,-0.012155398857631944,0.04985250369767993,,,,,,,,,,,,0.014637309176584767,0.04226282359644576,,-0.03677375003818056,,0.05739324613921584,0.015262630137971524,
HSPA1A,-0.08878174847015703,-0.07599364222204211,0.1372598682992078,0.08922918791032095,0.005277682178883571,-0.05639600616997721,0.03887339431030865,-0.022832080207693554,0.2597920220113537,-0.018337892625240465,0.04818305320090804,0.06373941677988883,-0.09806269652887689,-0.027820822305553838,0.02708109087006373,-0.016185747698423864,-0.08488661673176007,-0.013136937431830352,-0.06148835865694202,-0.10286347266168064,-0.027388045141883952,0.044045534902533046,-0.027160652627768535,0.02872044673825856,0.012655037172308706,0.04807967846406324
SOST,,0.009100539287832415,-0.03519487345741851,,,,,,,,,,,0.014710014210257681,,,-0.05077644348960313,,,,,,,,,
SEMA3F,-0.025226339276372627,-0.0017276759495931833,0.22569834437137185,0.024341882919429864,0.061677795539477144,-0.03940454377778821,-0.007076476364169313,0.06573836356487543,0.12045888126559265,0.051410584469081776,-0.022697860447692893,-0.07540751293377444,0.12503426025331457,0.03792728121068483,0.214561631376093,-0.06902569307671812,-0.062382283886147694,0.03346243873998592,0.01765198213739767,0.09691704237018439,-0.033731257007655564,0.010560760173994198,,0.1121549424660736,0.10891236233820034,
ARF6,-0.03288191561139324,-0.013832838101663277,0.10300094681267596,-0.00394827684850608,0.02038918101079486,-0.057113902191493975,0.03335009310967995,0.028317300010718544,0.03451364478679698,0.05255737484453485,0.03317937915239846,0.09347557715494731,0.05223070831960245,0.049170064149905796,0.08952741643753039,-0.01546218901927022,-0.11124347957698519,0.007064840545926502,-0.021696508660087252,0.097441663133948,0.028058395476678485,0.02167631929637285,0.07375384046920162,-0.01017362156483311,-0.014208767630763997,0.13421515636693993
IL6,-0.06722170955991053,0.04059989846040472,0.1271516114865893,-0.061694583482244554,-0.035514642124747114,-0.04207608321126748,0.08572157317499819,0.05628645138535521,0.06243143631334625,-0.004386766470947941,,0.1463835918915821,0.07025566595700615,0.017862440600044934,-0.03238530611154118,0.12197021820854322,-0.09962659941817952,,-0.016316965657625082,0.02480828818097602,,-0.0133407389900978,0.051584229666054075,0.060059652458929406,0.045042022568096446,
CALM1,-0.04000424070949417,0.0589540667178409,-0.04323185233633113,-0.021932782997666662,0.0744808218894548,0.1451554910136026,0.03572070302971294,-0.07743599338969945,-0.2951227795376657,-0.011879546351156485,0.09602876090688808,-0.356900860545303,0.15626970894564568,-0.0460934487299353,-0.011714509446204183,0.056899156181350344,0.06546082583825155,0.07408761994385278,0.06837754157306197,0.02410591628315678,-0.07824526660372795,0.04308176223942644,-0.18887884560539056,0.07218159621645194,0.07138570834414668,-0.14940325090815898
VIP,,-0.040423292649446114,0.07885719205791766,0.01144079344362093,,0.027219436500884597,-0.0047731228223706025,-0.013534780692246277,-0.09866314951459898,-0.023489475897959838,-0.05248001564447754,-0.18893028981815968,,-0.06793161965792811,0.020859501967602785,,,,,,,,-0.06234019837132704,0.02336153437071319,0.046398682344779944,-0.061538979656224436
NMB,-0.12914131730954725,0.0857146021165913,-0.09881862558291024,0.08762547126178506,0.044794622078128774,0.06421223757520947,0.07185930521004563,0.0739559508676466,0.25055246550493826,0.025951523534645863,0.02560175269928975,0.24313667115002563,-0.13797160575416395,0.13624609231222504,-0.13622908981249632,-0.05642029421897754,0.08430328316992906,-0.0072009148260973165,-0.023081292477795987,0.027515082036208168,-0.010769075724569036,0.07566971340017489,-0.027681501756072216,-0.059375855214776035,-0.033832936854394896,0.1313659243174948
CCL26,-0.08841529618325303,0.14396767091066956,0.0622056245054318,0.05515689384079753,-0.01814312595158706,-0.06776783008427893,0.010532282946590699,0.03796511794075783,0.07402208447451292,0.017365874271134188,,,-0.11746571045790795,0.03461615262499558,0.060022794313761674,-0.001577803085324564,0.0954411844379758,-0.030540044735461007,0.05945237387740421,0.05027613415979634,-0.042117167525696705,-0.029041901090292466,,0.04300276740587188,-0.002810765376509291,
FBLN1,-0.043935929911055036,0.05487792720013671,0.18618221743861646,0.001221857907309487,0.18480799965937733,-0.0033292904819981154,0.04649710893209758,0.03414474767572545,0.11444941105415486,0.03499628313427294,0.035979704666626706,0.06381616924217898,0.006661123521151913,0.058246247148628125,0.05897779309191362,0.045230199768982016,-0.022120067428190643,-0.007819165072299085,0.045251480924839035,0.045108041559538604,0.03276465139040915,0.06472939714160167,0.08544213083973605,0.10598235640659646,0.08498713787489816,-0.0205506325576817
SAA1,0.023670850027263636,0.04999794074279035,0.002279977188289213,,-0.010895583900297216,-0.018023239666516148,0.018819825812903927,,0.08973943749377632,0.016580582657181004,-0.011711479917652751,0.15557220302361718,0.0985007449270933,,0.043823187557932505,-0.07945821347542145,0.016573949516382726,-0.02623478923416292,0.13445759239260358,-0.0058565139824363135,0.04254401251617099,-0.040675210810411484,,-0.012439754281108094,0.06808523351249948,
MICB,0.006361048895114421,-0.023154845830901008,0.060108299626920256,-0.053431364489664,0.03165598778528962,0.0005128693881181787,0.008412749309392772,0.08828995446229097,0.10804353157905977,-0.015624637912479927,-0.004372021137122031,-0.004875185764861605,0.12680300248939985,0.13254670651060416,0.009259783976369796,-0.012314483043463473,0.0007123556399128068,-0.046000173543629286,0.04832225493232655,0.05951476440175619,-0.019098269504632504,0.026797558382220463,,0.062118346607703795,-0.009990996292274507,0.035385144090057545
MMP13,,,0.09015398295573991,,,,,0.05095937291316624,,,,,0.029813481108736467,-0.0032529452209702873,-0.019432196443798302,,-0.060619253628092076,0.0682151453620909,,,,,,-0.023378684250819827,,
F13A1,-0.04638191337849364,0.062336715048045534,0.06964853085101096,-0.007280117061857257,0.16193600995565277,-0.0018331924154579354,0.0994578591977878,0.06262920441477052,0.05530924761145952,0.05813096785121754,-0.0153983138769447,0.20140813581710212,0.15368610823850404,0.017786209083544446,0.0937271347768827,0.06259903386435967,,0.01106841857715256,0.17982934843887283,0.02430634161357038,-0.01767542921546375,-0.014999389718812161,,-0.05821056009118653,0.020734074164782464,-0.06014993025971688
CXCL11,-0.10975350741947766,0.07541364158985663,0.03660552280393845,0.03245413019471672,,0.0476800533905554,-0.010932033151878674,0.039170183785643256,0.17881425949614027,-0.017756471239974765,-0.04826993820421609,-0.041755020711908036,,0.011632033791439891,,0.03301565402360386,0.03374051635139346,,,,,,,0.0015365091478867013,-0.0342699138259634,
COL5A2,-0.1511642927415259,0.08121879105628975,0.20584753331277372,-0.02549727556175018,0.08204165395443233,0.006672582609457783,0.0427282877109264,0.10125325388364254,0.281439467562023,0.010285185740654903,-0.004375357055841604,0.07643219960965718,-0.08395954979202659,0.0705234626728007,0.12227924582150278,-0.10262844626656639,0.044001992242304146,0.036086849561766304,0.01914069612973291,0.05712291844830708,-0.09671081860769004,-0.0005709218371714083,0.05097942773046866,-0.014107531129426655,0.02644872295970601,-0.11805371601250284
EFNA5,-0.06640037027738149,0.04949981133745599,-0.01524332630361662,0.03225462302535521,0.02054315142618059,-0.03262513786208373,-0.04696814201480535,0.028185649547906647,-0.10986926729929673,0.019780137064734773,0.0022449851347290757,-0.17972775504126282,-0.010715995967618068,-0.02794010656677616,0.03805654448880948,-0.07377521095823592,0.03904922511205228,-0.05203800346690862,-0.019854310699802046,-0.010103536014763622,-0.05991543061137609,-0.04851946064009044,-0.03645569191889743,0.08125421883490921,0.05654167171240784,-0.004864442593206524
AREG,,0.04200423614781568,0.14027566956156637,0.03805412794068676,-0.023648214742085415,-0.005199687224507305,0.04515848005772147,,-0.009632130615435776,0.019069880297881855,,0.11842370051989085,0.1314950801605378,,,,,,-0.08043885306128488,0.01735089715284949,-0.05501442528882195,-0.10806760236288747,0.04045712505268573,0.06555156328396357,0.002736584376970569,
EDIL3,0.3389966451996337,0.042449178696021224,0.06582682881147361,0.05589907704132201,0.09814736793758899,-0.02230520316810977,0.020075181571893724,-0.08799243128503058,-0.14414947737368264,0.0349930771497323,0.017166621750152416,0.34620246633509555,-0.1458056330897952,0.06292549211343663,0.13603362778696618,0.07670716013530642,0.022712134176901207,-0.05673207509077081,0.04561264633059861,0.14675307043726524,0.040286386648959824,0.10619982059747708,-0.0022535267848511364,0.04963576120476282,0.05167605427448488,0.18216092485613788
CD86,0.14647034008759421,0.031881490351775614,0.03342636659668455,0.09286894358208833,0.039192403667099855,0.05262693876990134,0.04850948589818845,-5.8295594605727865e-05,0.1981726489604671,0.024093779014254347,0.03558534620435938,0.09988365244898209,0.09564965651663938,0.060119200278297015,0.007137925283862058,0.01171710981508563,0.03781358917036826,0.035668945610672104,0.08070085240503744,0.05146435007466011,-0.025763387771360592,-0.015294015474680582,0.03378438377651194,0.12804317728277287,-0.008097134965304089,-0.009477266030770827
AHSG,,,,,,,-0.03777045230409423,,,,,,,,-0.010015979420145878,-0.008993156581499998,,,,0.04461271581919599,,,,,,
WNT9B,,0.01778549963199607,,,,0.04184677046875487,,,,-0.018578891663188175,0.054960347754126754,,,,,,,,,,,,,,,
HRAS,-0.053723018503560954,0.06555242858490742,0.0014908633014091143,-0.01721159362114451,0.021745167355763338,0.030986154444721886,4.142481691581456e-05,0.03635561358392983,-0.1296975123478359,-0.01442625702789386,-0.04430924953749585,-0.03829874263316382,0.006933722266268177,0.02452016397101854,0.08208541736418329,-0.09258257351033825,0.007680191617498823,-0.046779824855274627,0.005449871773626545,-0.028639781701858328,-0.04590118469435049,0.027758522178491857,0.0224033743942256,0.12080584530146349,0.013711973941680574,0.09226350561035929
C1QTNF5,-0.11163106145544485,,,,,,,,,,,,,,,0.08736078382676857,0.02905151630020139,0.022982409906277583,0.02541669107488813,0.030575038447828704,-0.04362863957391296,-0.03219673556067567,0.08511345902056223,0.06793731351493602,0.0523708418898632,
RLN1,-0.061321426635147835,,-0.027276716382012404,,,,,,0.021146702989737285,,-0.024268767805503876,,,,,0.046501018640224816,,,0.04403688747992486,0.011810184286612646,0.024816887491514898,,,-0.0013481652435686927,,
COL4A1,-0.21224688137318395,0.12403944678667575,0.2628165933025297,0.005475101319962095,0.04705398138401358,-0.061098087686762205,0.05017206861615552,0.0907255282353473,0.2710626386578196,-0.04302651782985683,-0.004305308362798413,0.19172206423252316,0.23848850706997587,0.1291682331654038,0.2212896106716707,-0.03415686396655307,0.026837633709066732,0.02035581609164096,0.045060429967339,0.11362801299784729,-0.06187844744656843,0.07256668749642557,0.08799622940201747,-0.04041993934688338,0.01953807807420771,0.10716994645067858
CCL3,0.06553516831377981,0.0836911504347994,0.14944018287638236,0.08248389672818492,0.015762885227823823,0.0012863263626851236,0.019593599453797263,0.05276882305187767,0.16952226107054486,-0.03379404444565105,0.04311104151375418,0.3087646745576454,0.16557773547188553,0.05821214988452581,0.014532653289271249,0.024359874753436747,0.01119443920980743,0.09685682502600514,0.01858206163031268,-0.008310621650768391,-0.03969051923202729,-0.025290204109813724,-0.03170453574920954,0.23803514428699432,0.059240983338123124,-0.015400770568543866
BGN,-0.12386440449633179,0.011605616171295501,0.20900431625545468,-0.07378103841134875,0.10322535223824539,-0.07396417570341869,-0.0018359873927935107,0.08696486105283853,0.1697093145816831,0.0691937996474911,0.0013238315791698698,0.17930257726175883,-0.15769912950292678,0.08020700109389144,0.24706875596547956,0.04214268995717234,0.03179707364226092,0.025726148125667044,0.06987608472414938,0.10310394125136169,-0.007725843432767246,0.038262017557448146,0.09874855966964835,-0.028975775021062567,0.04778631561126548,0.0774208329065243
RETN,,,0.04112187121580485,0.030424946720932988,0.12915122090679934,-0.07121495639020921,-0.008330756772899961,,,,0.028199253159099696,0.025899917215285548,0.05004754324233034,,0.03623905385299164,0.008443592528854321,0.018386142402311397,,0.02602385565328423,0.025108038421186554,,-0.0331347027068362,,0.046540014830420605,-0.06446048893469356,
S100A9,0.20637819414738146,0.023528986265835845,0.12318141206815157,0.055839488356229754,0.10441416291140708,-0.12328050899600629,0.06614477346328423,0.057633412985522554,0.19980713064521793,0.020867817673376726,0.005529421163391748,0.3881027419614974,0.118055132037556,0.11756149316635849,0.03757206795176612,-0.01340671632080296,0.04761671062568192,0.03663342590885392,0.10712531360960545,-0.009038103029540055,-0.03503612808267228,0.029899509880699057,-0.040489621322905484,-0.06866337666171832,-0.043655569915250735,-0.09143578035331457
HCRT,-0.030333611226017,-0.011209950657296299,,-0.05088626139437701,0.1205668009219307,0.0061189907072988,0.043716479388958875,0.0485681050586973,0.0703866405720395,0.016272781018869555,0.020963448606378495,-0.07157998205018207,,0.003323466550327856,0.007261532404941628,-0.045148575613723235,-0.07327196543933939,0.027098056203817892,0.031452558291346806,0.06519519951253842,0.044238539558217986,-0.012287428212228425,-0.008901405237842056,0.11076596539362497,0.0177682139350599,0.008516556847519462
FADD,-0.07044648547578546,-0.017253839577100843,0.07613085627709502,0.011519110948631775,0.07453469044041787,0.011722458760567222,-0.04877599458723471,0.06399925160159811,0.21660754682730063,0.02483411613318671,0.0036960505940072815,0.07173778055525169,0.06976768532016185,0.041264513830256803,-0.04662698958102928,-0.015105218559194005,-0.1455116421190705,-0.06353278691901089,0.10401553863252716,0.06416801375573279,-0.004945962583135174,-0.021468973680051108,0.03667344262369115,0.10414073332179084,-0.009643104120648456,0.11222281143440771
ACTR2,0.07078303473305154,0.061734147537058345,0.11141624425310552,0.034948290640127,0.04059577346138636,0.022369342804675178,0.02214631572571826,0.04275167113381677,0.02582095608762783,0.01754980598875776,-0.08190507106267952,-0.015859141322520098,0.09766338926536192,0.012219931832628678,0.2791641898540847,0.03990034685800522,0.1530449688972533,0.09654867090723891,0.09055975344055266,-0.05798131123296864,0.01700459195896416,-0.015264893374693158,0.03900007521351148,0.006669397626718783,0.0014129728356621165,-0.023613032527701174
BMP2,-0.022623120195757462,0.038083771560375505,-0.02914489776700758,-0.06378660898208877,-0.04771235462857571,-0.05659710103637802,0.0028788848039055844,0.14340277927322456,0.10176276077366454,0.031612338295409485,-0.026587881442636963,0.05836296926405663,0.10131365007158967,0.07884534460011766,-0.10300487677703761,0.03276959523090389,0.10208973146486816,-0.023134617708755873,0.025333519369931896,0.1087691733490038,0.060134869829099345,-0.00978973617063225,0.027253499018470403,0.040321387950423684,-0.023614747507213502,-0.03321620982286372
PDYN,,0.06273094289775887,0.0006240123449846267,-0.0035810855280794425,0.05545221628820673,0.07161351060105575,-0.030209761019318795,-0.07882617143791587,-0.2437631012908868,-0.0030766611432025775,0.011604153686793961,-0.15285017700276257,,-0.06763270362161547,,,,,0.021499793096450465,-0.0016976015096830115,,-0.013041950088134763,-0.035615644459381854,,0.012815359832055779,0.054136534898058745
CD55,0.0034899737388843816,0.03758515769547849,0.12437208039319005,0.027287888718854608,0.014978526197080337,0.01835398217746906,0.043552544606515274,0.03575792071635717,0.041764269185392465,-0.04232724239703813,0.03609753979538478,0.15421975007227418,0.08967353149802147,0.013812494350651064,0.11160879802258813,-0.045454863163068494,0.011614867002503006,0.026061287201408313,0.04655072575664733,0.10617157558416089,-0.03287269039420827,0.01098991766882065,0.01015038605814546,0.09788447027398947,0.0018451421646227015,0.05249002402522651
OSTN,,,,,0.03914596370521931,0.0031772166787415266,-0.041061719282211716,,-0.006557425934161257,-0.0059750052302025985,-0.024082914040385317,,,,,,,,,,-0.02315923245671846,,,,-0.021355798934885043,
PDX1,,,,,,,,0.021009000140532905,,0.02677158707819224,,,,,,,,,-0.0003321990654617548,-0.002424822227070215,,-0.04633646474375966,,,,
CD6,0.061487674358834704,,0.019752642901703615,4.644878639008633e-05,,-0.017116654110279426,-0.03422956059537246,-0.003295615739388657,-0.013818752563583045,-0.06240506930230575,-0.01376525086569795,0.035773727755249486,-0.03338985482272236,-0.014743430412851278,0.03871205386194776,-0.00418779114137995,-0.04936608285727145,0.09344377578355823,0.0038526184611260444,,0.031357312912463006,0.0023220128818439113,,0.07646222585074956,-0.009655830095726146,
IL16,0.06499606971034963,0.029749836400616788,0.13598988582937785,0.0379170426668328,0.060010823681800975,0.0241943250081929,0.01779045963543634,0.04948079661998082,0.14423059890504944,0.05905252314220357,0.02399280457911157,0.1409824055592401,0.09611282421540389,0.11394110436274153,-0.011275786643703274,0.0020421148877815504,-0.11352961746888274,0.033207047864576164,0.05006472769050036,0.09049132445909179,0.003925969121204872,0.0807586678317051,,0.13246175235770744,0.056477117693534834,0.10868235072938041
LAMA5,-0.11407566854029139,-0.04173686338717879,0.12964137437371362,0.055594419209208025,-0.1272927734782958,0.047182968069762285,-0.03236539463032173,0.024603343536676606,0.19368675038522506,0.004654854150033815,-0.016842083050346277,0.01058445501490616,0.0434251256315876,0.09878634655633488,0.028763750744536902,-0.030216384008793336,0.026492934205586734,-0.05405707043749825,-0.03176417613218313,-0.02729161785641196,0.016031108082971753,-0.033054519338424806,0.0932806124684837,0.01303903724583084,-0.05093711647764521,0.05213183199588604
RGMB,-0.03505767388863509,0.04423726133490754,-0.03432447218323248,-0.0282308988682558,0.0456111716801532,0.031118990381029686,0.02637146970845784,0.027617600350075863,0.1162623735197211,0.03676074181698994,-0.005231945656833951,-0.12360998673153736,0.11012965883673995,-0.0024858453632552514,0.0864126119678328,-0.14530006417361405,0.05561209071179112,0.048141417808929325,-0.012886617357660165,0.013020055646023416,-0.023751211952154194,0.010372984727674416,0.1472725850331932,0.00029626921830363607,0.05290340934469305,0.022109486767245026
INSL5,0.005639969565540993,,,,,-0.040982937382944104,0.04120444431870165,,0.12135408655683369,-0.03704146211282874,-0.00041130395899376733,,,,-0.004915402368579879,,0.017773577019820096,0.023965669801694477,,,,,,0.06917643826876882,,
IL12A,-0.041168783472439255,-0.001230703509867064,0.009892014891476076,-0.004323755775943951,,-0.056674056477517214,0.006629664151764152,0.010039912013617081,0.14369944324952294,0.014950285064817532,-0.03712087140137263,-0.10969363084254997,,0.02238615873630921,0.042211489714753386,-0.11229357842103788,0.0194953351088415,,0.004219626232523664,0.03932080855833784,-0.00015478447592314582,-0.001239468117953914,0.10392279656752536,0.10092659921909006,-0.046316825479722025,-0.08676114462391983
S100A8,0.1620357196363385,0.14755203495816788,0.1273336607117967,0.02829189849249624,0.21898471994617005,-0.11767227989618452,0.05114295813758634,0.034299027024659215,0.2688498897293375,-0.04135594484498619,0.0005414970820963571,0.37431952831373505,0.11654309082409128,0.08736772556297225,0.04787984496340501,-0.00994705334235154,-0.036980886070029535,0.14064822896882978,0.15488806747918574,0.09289449248972316,0.007917999641141139,0.022419635413316603,-0.010905254591078143,-0.017393874006234104,-0.031388790608148975,-0.010903188120367535
TAC3,,0.02101582778429372,0.0010835286950885345,0.0187389635257215,0.056670064161464744,0.036540458993383026,0.0017200192426580325,-0.022554996004696036,-0.17073994219917915,0.0003297393794395095,-0.03507074152903391,-0.14423176809256583,,-0.049367981371748984,,,,,0.06641250732876723,0.02267385690083592,,-0.018718528217636483,0.0025865727085499024,0.029463030781225873,0.035305125362925543,-0.01083823696374242
TAC4,,,0.026796381916216562,,0.058935700504803686,-0.04030285748674851,,0.0677615030395438,0.07735289705719489,,,,,,,,-0.04025628710731292,-0.04944844534633295,,,,,,,,
MFAP5,-0.047080193591731996,,0.017145584000656747,0.022060632629644347,,,,,,,0.01994232636454401,0.0595562422473872,-0.02937048676647088,,0.1527485877225221,,-0.0957879839606049,-0.04397543223986109,0.026462334557414504,0.042079581400593744,0.020770978495233912,-0.03172769114730467,0.0334902482474,-0.022729312285347775,0.0163337579910186,
CXCL16,0.12501033268086226,0.0964594395233979,0.054279631802822206,0.06419321837658455,0.09347019070120814,0.0678116928958771,-0.048473269563322076,0.04543459551815888,0.25965279861182794,0.030749654526720058,0.037148107417214915,0.17773270439594982,0.11635744451044934,0.1020940848478207,0.032678031196959764,-0.03421400364703545,0.026177031951014108,0.06509186541641422,0.06903962949574029,0.12754197626347297,-0.09131606243289536,0.03812972510610441,0.10423446969728982,0.14748838258476177,-0.040766001247976025,0.05773364149633223
AGRN,-0.18516843268770666,-0.0002573133099113293,0.19683018650335307,-0.0859814784807619,0.19853200237752414,-0.04154975146497611,-0.027400586431641286,0.11156122025107866,0.28811683206838445,0.01598719077408559,-0.02267428956501804,0.07300640944351296,0.1342882132024973,0.07752045577459468,0.19083943830813657,0.030637564894251523,-0.01204985582557831,-0.03897600078555191,-0.024094673598428942,0.10882318688371312,0.009891858090383275,0.012519006561371325,0.018748657069008003,0.0584224025205577,0.0476792692521399,0.017737815055002774
COL4A6,0.015440878636291813,-0.019230556604841013,0.03623645362565272,0.049771963770232484,0.07993210543758787,-0.04026539351432844,0.03125789562624634,,0.09088170090655873,0.02110886340128858,0.004301528942613016,,,0.09183202853533985,0.07793284242429473,-0.06795917667837154,-0.13011042101296394,0.09928653435508497,0.06002059860164706,0.14415212890529633,-0.023428955237190227,0.06492787049276802,0.12969034293919912,0.11618540061493775,0.02248517104752458,
FST,,-0.04491537598147136,0.05540983107880407,-0.05425614200522885,0.09144567928226953,-0.01636030370242822,-0.07199631055337063,0.0516832600528505,0.008880098883429,-0.007977913124321225,0.03857399774330377,-0.053935767141346035,-0.03984255885801031,,0.006304411250290845,-0.07777950769731418,-0.02191787123778029,0.08624406248788268,0.10256479591121795,0.09943398963221776,-0.04610695934027666,0.04478456596015427,0.04675405474252421,0.04273959963210696,-0.018549384077712616,
MEGF10,0.1370280425098014,0.046550993515769905,-0.04375659685145669,0.021936454906799352,0.05624256061285791,0.1015873117990301,-0.010630167127099233,0.0017153125913185767,0.039327655814452564,0.07858031030963117,-0.0044830320387469254,0.16256315460550289,-0.0374266238238663,0.05383186423813423,0.01508105174027836,0.09920165021312062,0.12271957585796095,0.08202228776041928,0.020715018795662087,0.1035574750359325,-0.07093876189207407,0.05938540438529395,0.07906386141979377,0.11453085570597558,0.09477206469095391,0.006527036636028006
C1QB,0.3146183935384735,0.07169101054533475,0.1545653331122216,0.10975769997613415,0.26665234256062464,0.06991435777744594,0.13385287142647448,0.07952149667019488,0.3291999019744999,0.1263761994108173,0.030895897594905,0.4131788476786948,0.23521405536124743,0.11631579803604862,0.14950303317631666,0.14323973676469498,-0.02759879839489419,0.026392770821916964,0.1895876436061516,0.18204045630845106,-0.025077147186073987,0.08460657555679799,0.04572619228218105,0.10452107438867421,0.06014743967825803,0.038294726354417
HLA-B,-0.27770582532663446,0.08919214449878178,0.17927391949288737,0.08644440398720554,0.1312092305220521,0.023055580049837984,-0.009736063018343675,-0.026245512504394698,0.3402307363967014,0.03537781214071635,0.006155079789290977,0.4002184819425425,0.031270711144481066,0.13590132891487744,0.09960813755400931,-0.051793738529195804,0.009314979442984454,0.07345557576818718,0.07762941611292128,0.00830095619261058,-0.06772238535115882,0.03510425924431602,-0.014407074621235983,0.08794861613136035,0.008515608854355443,0.02374058928978289
PDGFA,0.04663840392029556,0.06775293723002433,0.12764128749070494,-0.007583918706411188,0.10076074212232862,-0.001712875274023934,-0.003858178465646333,0.01730621951568148,0.10912170944400415,0.034361853885488916,-0.003534372229817491,0.04600271896728134,0.055253693748142464,0.07594422795118795,0.11174275182377026,0.14816127151742603,0.08824002424581023,0.005356222940593198,0.024508761982288248,0.011411657610177851,0.09154013490820742,0.012652016864619654,0.15654104053174206,0.009698810471053535,-0.019754059435473443,0.006370402700753256
LAMA3,,0.10293562399906976,-0.009307603050899784,0.003020536254310287,0.03725026062770982,-0.03957213705836209,0.03596642798209615,0.022195024591735574,-0.06789492520955076,-0.007432775523428579,0.03546497784448422,-0.10996126345553311,-0.03117725790661289,0.08505706410925645,,,-0.052290141339852596,-0.0031570796997022065,,0.0399948263076957,0.08847594324688954,0.034415702653837255,,0.0221866159332719,-0.03198207186920325,
DKK1,0.02597168060044221,,0.05815360460552424,,,,0.03982744536580261,0.0438819878781707,-0.0013334058912222988,0.02613724612983125,0.0283719901803969,0.10022347034952571,,,0.09515441019086447,-0.11115861456445193,-0.09379948932566937,0.0021900219541944113,0.04483275037466504,0.03857287672385775,-0.06638976436412697,0.016723236610228634,,0.08535936687481809,-0.02242672993275467,0.009605571722548608
INHBA,-0.03562351255780539,0.03497714872190319,0.05615418701698877,0.02760457392156351,0.02135905569337962,0.027208557885484198,-0.049529135968351255,-0.005705673724252271,-0.14388894362677931,0.0465638179734644,-0.04019635402323725,0.05457856563179193,-0.026639958074266355,-0.000816593480225114,0.009306693076047888,0.0413054814687119,0.03683970819543562,-0.023465595523429646,-0.014234648475428453,-0.034314772607987605,-0.042083923556041146,-0.02553908843880635,-0.015221538039077697,-0.03035872628361589,-0.0344857013142133,-0.08219075333364294
LEP,,,,,,,,,,,,,,,,,,,,,,,,-0.0034132825635714657,,
IL7,-0.015002960168919686,0.01695664374647285,0.01105558403087407,0.051493512971569295,,-0.017383671768766144,0.018429004621965644,,0.030056631915201356,0.07680079540628898,0.0003105080575639823,-0.007372297884747042,0.04108089747591523,0.07143152009819484,-0.03596806360322555,,-0.06707401216116492,0.04931020076005066,-0.02804314117831055,0.01014735878860523,0.06779629519303185,-0.015062802956429693,,0.020795572804953987,-0.06384409261238817,
FABP5,-0.14124943800760695,0.15170140746073277,0.08822528725510376,-0.09298880175996985,0.164165253963265,-0.07199348362563553,0.0045489945110553775,0.1214106841133076,0.16669572073006492,-0.0220909777430704,-0.00024316398698025852,0.17230695134925636,0.24711307525478138,0.046465471183738664,-0.1876623197953438,0.02520101133775156,0.031970950296110266,0.04798743520532549,0.16436624505682013,0.10234962084152778,-0.019489719892618444,0.01599973467406001,0.017726446976938544,0.030584113007526906,-0.01630253952732039,0.021956277289002388
CCL4,0.14835936038962155,0.08834633829120743,0.11607400086804039,0.0358373992930289,0.04382690849400448,0.048511078453268824,0.08440960140598641,0.05811106115779946,0.1547061242264865,-0.002099329566258301,0.03283341608061726,0.3154355120914315,0.22204339894814068,0.05489651010040064,0.009353056160188968,0.05159251308069722,-0.051443567337039524,-0.02808695963093297,0.020255965259307625,0.05352051108569034,-0.1031211899332645,-0.005153783922466627,0.02205614126391021,0.2620533443183479,0.034938193025542096,-0.03823897628241607
FBN1,-0.04976077255959534,0.06628031750109023,0.10242522556912356,0.039547395219656035,0.10857725909923707,0.043652786869676545,0.048898082323914016,0.04744601026917729,0.14645349866089422,0.032871949804880535,0.030817798667956225,0.07913744699577469,-0.020317184482912466,0.08230045556432342,0.006033247889276674,-0.06696483603250618,0.04277277354470512,-0.009952089852177172,0.065407481685257,0.10872823774446289,0.0018773394457255149,-0.04780348579803412,-0.015767283059287738,0.0377068673378135,-0.005977314498192197,0.0752215127024977
TCTN1,-0.12937645782209248,0.01666946130450857,0.0631395454307373,-0.0034456780844603803,0.10462806314859031,0.03749130511803236,0.018177901041715457,0.08169085640217927,0.2724115898877805,0.04511231071846242,0.018583836454745026,0.04602695619079762,0.07135990050669724,0.042622854026327685,0.03622784063163036,-0.09439396700740207,0.026666840186590643,0.0316511052249345,0.07725265909672932,0.046631388714956555,-0.03183546494815579,-0.019418098344300534,0.047513777422884595,0.11548852447402423,0.019371757227597427,0.11750235013077469
NCR3LG1,-0.00039597716872291335,,,,,,,,,,,,,,,,,,0.06848905251236628,0.023566668985850327,-0.006006730107202877,0.03999590571317435,,,-0.026717292614413652,
BMP7,-0.08999053886015478,0.05602502436717709,-0.10166450312569202,0.005639979575995638,0.13732163517504936,-0.010454446672736954,0.006658520680916495,-0.04021911954219913,0.14948462989346575,-0.05394308949514284,0.06232552205051219,0.05556200934409531,-0.08899389519354868,0.09880183418110541,0.02876955976925126,0.017881085635470608,0.03810733587126049,0.0378813767532895,-0.08162982175258805,0.024482304140900617,0.03575477217691298,0.007905384619144694,0.10531920684491823,0.07111668887560366,0.07117410333796388,0.11265547257110053
NLGN2,0.020320372551609577,0.028962172168786677,0.007603483397693087,0.060218300836781244,0.16785501181369833,0.007178788172459965,-0.05095664034986574,0.017546698414107602,0.006708916434252289,-0.028507135949328674,-0.08101520148887376,-0.173896747341746,0.08932803217405855,0.07874918024069795,-0.07486825701184789,-0.014980298641568307,-0.06115487247562146,0.0073043556379344616,-0.006958776569509636,0.08275917233757706,0.008142383737920722,-0.021655905088306813,0.06095448715370975,0.10333781863678532,0.0987737067113424,0.03491063036886122
CCL25,-0.0152031100457698,,0.03352663970557044,,,0.03391938206144048,,,0.08199172436381726,,,,,0.03438079932301387,0.02775543625971317,-0.08408738841539193,,,0.02619166524622701,0.006467795641490613,,-0.015439635581142001,,0.04623863804377742,-0.0017686823439222407,
NPNT,0.04341625082342229,0.1722744057708339,-0.00849565790791799,0.06457526148932388,-0.015833750077473646,0.06044427959687081,-0.01741893223730275,0.040860428783948084,0.2978352990526158,-0.045845056803867926,0.013906787373854089,-0.006681104211343378,0.10793618895381998,0.08985638738234027,0.08057488293965033,0.09118301249358492,-0.01404960260385808,0.015473058276714241,0.11673382557241808,0.059839898874820316,-0.0012088366784488588,0.020328958953244106,0.041409245058281745,0.04345114016401256,0.13628552231962612,-0.029280304271841088
KITLG,-0.03906404591235682,0.10342819891139185,0.1343874799628409,0.00885909130179816,0.12383837429979662,0.01149035319334019,0.009743300719968167,-0.00934823020367237,0.08501042408901559,0.0050466552829097145,0.009756596614672519,-0.08498035973171342,0.1381898557179785,0.010816158083781786,0.15119987154653233,-0.042951265535025894,0.13648646825287175,-0.025840377590000737,0.07230088395540132,0.024843684285017438,0.044793824520248195,0.0502738753897102,0.0648880324993499,0.10806835399693775,0.009339177129155805,-0.020339754345276153
MADCAM1,-0.020494957885966742,0.02231504224066356,-0.011311194678829727,0.022481651266210313,0.013145918769666755,-0.0030120751705477156,0.010298027658591377,0.027252529601875398,-0.05089579283983519,0.04432527847160112,-0.06564566651257867,-0.07062250793294524,,0.05502724748248982,0.04092670841749663,-0.07671831281395697,0.08327308145119584,0.05174894162541927,0.0075831021638951375,0.04365670538775532,0.029967401859082383,-0.009257053354237203,,0.08748194552747447,0.02125832034957558,
F12,0.02881264410849864,0.020412657158889527,0.09164434794287356,0.027892314449117227,0.12615879948832553,0.06376396021347702,-0.006380814131867118,0.030738142329844582,-0.10503520345976607,0.009422764978425677,-0.03212571422257817,-0.24224070084389532,0.1219589531127008,0.027883447840060277,-0.07268601027398934,-0.03911221166502808,0.04305797994709082,-0.005992487308436761,0.07327403933969066,0.03105990125454945,-0.05636703600108622,0.05230877903249069,0.047324540856292445,0.032270482919345284,0.039590122217770175,-0.05520519153713193
S100B,-0.09180671288083393,0.07694609067099566,-0.042121497506249134,-0.02749472965563757,0.2707762381888635,0.1293873208619467,0.014651137583919399,0.0990802913241914,0.20031910320697402,0.049759702637256036,0.024317583574087382,0.33698197150964865,0.13877037683562532,-0.08225732563824029,-0.02788921241441896,0.06632370784221103,0.14524875607662213,-0.02190435716991192,-0.051040810172113975,0.13106588953648438,-0.008282010775350497,0.16587125397843794,0.0432366102435502,0.18831755696154243,0.07702487742134392,0.20412086495556325
IL27,,,0.07318322250935962,,,-0.02301544652595965,-0.04003059148101408,,,-0.014795199977713539,,,,,0.007102450199478229,-0.08851309326372112,,,,0.07741631875053319,,0.04129977112439119,,0.03521603383072637,0.0024640472935505042,
CD99,-0.1927225987756823,0.09930496552259298,0.17111076865994077,0.057346978668241955,0.05741278172933283,0.017865018681246726,0.014821437446701283,0.07233041501827558,0.3335313835991674,0.013221120260782383,0.03803287348849814,0.3639663463487732,0.015933640597951305,0.0030784803052509714,-0.036042948579065405,-0.12260946157002318,-0.05521607383749124,0.04292269740878355,0.19598926523215712,0.09871186640276752,-0.1265798186192398,0.08641282548975722,0.006315902571385085,0.004075199083449281,0.029402625181713823,0.04047906085817094
PDGFB,-0.030043341603997915,0.07577387462842904,0.20519284613527036,-0.006586531855237912,0.06154852730748236,0.08265259862685326,0.006893390850046575,0.008849061832364427,0.023573586774882475,0.032365267594415985,-0.059508196452562875,-0.006114074342698148,0.13566463693156802,0.041354112093454284,0.08262506697511489,-0.00044597086782013706,0.0374533330062565,0.030572215416953003,0.08778047361474169,0.04700465614702368,-0.07873077909431765,-0.04456555781657971,0.0096316983189491,0.1761398835053313,-0.01686981296256298,0.030100533995298932
CLEC2D,0.044864363047238356,0.05459855796237302,0.10686551542599046,0.010399928720449848,0.10463214873608093,0.018766057226128754,0.021318564760554506,0.07228221516167795,0.16601997053248388,0.026395167901603782,0.02846781266628572,0.12232352166332949,0.11272348006392435,0.10693656262599788,-0.014659657804273259,-0.1019742053817107,-0.029686160311147368,0.028611534247614805,0.05955865754115992,0.03147667722315924,-0.03702409574199028,0.08727661470428878,-0.006643590652053655,0.19477179285294205,0.01690122265091894,0.039124352918920045
F8,-0.01108703166996117,0.054396173180314734,-0.0016028342308460177,0.0026452989417433677,0.07956629793484843,0.0003688733842557446,0.01995455119537897,0.01722377405663995,0.07543093523704991,0.06263288580409083,0.001528004516533545,-0.0034994367692919907,0.05930719929429159,0.04042400255873979,-0.011196720123226839,0.04326597656591401,0.0601749353393838,0.07640232146569498,0.07555359177330052,0.09260661351285147,-0.06453363027823147,0.02893596921497268,-0.036199670845872126,0.199936243597533,-0.029912843243259487,0.03704852160343241
C3,0.3030605381143061,0.09947248533865347,0.23038121576297962,0.11864164472224925,0.1811410001416968,0.13535513110967676,0.1398580184428963,0.09148696041634996,0.32832698785555275,0.07747718142049959,0.026601873321698038,0.3946802290296361,0.06981233427061587,0.09128622276770938,0.23780346155909818,0.20681577806113116,0.08240879908730425,0.04223629107032052,0.19180366035906174,0.18782612716238126,-0.0025874381069068727,0.1344948634265524,0.05415165463751034,0.08386243359952432,0.1380432543155008,0.15355706514906658
DLK2,,0.08444529771554915,0.011818954711378372,-0.007855709791922993,-0.07609283806098596,-0.0004384976107402702,0.005062032078901078,-0.02916771777888408,0.051696188198446784,0.030898112604659397,0.0133937508336034,-0.09408520224064384,-0.026917828618641455,-0.019063055603473596,0.043639990828257244,0.03852092874824637,-0.07198792524406752,0.0040192189932987225,0.051234041573606316,0.08320529331191229,-0.027698728408148576,-0.037246659093484236,0.06745502228553116,-0.018907779905735077,-0.002345853186102693,-0.017470021629695645
TSLP,0.011062825795880145,0.010654415695789333,-0.04961990849635378,-0.033813356877906445,0.016006064451533436,-0.10248715733064534,0.05511227551324859,-0.025827323485308862,0.1849649401089662,-0.03444305963826896,0.03957149015985331,0.06308179637507971,-0.03675597337728775,0.10801363149620856,0.06582173534573418,-0.06311213892011218,,,0.044950113461370546,0.017001113633925015,0.019232150209913288,0.007987165624535322,,-0.05277610755604825,-0.0776564884393942,-0.007730539561226183
OSM,0.03202399177733433,0.05115929385270871,0.10571127542340912,0.0037281908630227285,0.16184548725741726,-0.07107683406954791,0.09967135402129006,0.007504329381968201,0.157283651883427,0.04082861936524796,,0.26234560084405756,0.16422463051119898,0.08387640272542464,-0.03944688492013425,0.012504405566036133,-0.0851108302664169,0.043766371935081934,-0.010032343207734022,0.06832943335627943,0.028650776301918732,0.04328172512920279,-0.034108905637073306,0.08254694643081605,-0.06540632518279461,-0.007974317375207353
PRND,-0.08787065270069323,,-0.005221905517413342,,,,,,0.015902560651506515,,,,0.21926646724810303,,,,-0.10433831738597618,-0.015139382780734805,,,,,,0.010237546879655201,,
SLPI,0.041028080008213744,-0.0872287755077991,-0.09859740148331883,-0.10877112030706951,-0.06147580161628059,-0.14110860186163418,0.036301435080713894,0.025158511719100368,0.2578110672181671,0.06333957363967019,-0.03379650940502998,0.09225581936090237,-0.029215980726958028,0.05714586637036641,0.06346967883664834,-0.07958948517534428,-0.012756322327633362,0.04259669432960639,0.13603825804992045,-0.03405488047230728,-0.014659184335994141,-0.0379039737581572,,0.0037482656414096695,0.04245705262514944,
AFDN,-0.012294162260548462,0.02447436130856377,0.007737167694710806,0.0015604216259780712,-0.0035883119594711296,-0.023075426821631648,-0.040536717538186336,0.08025672583383468,0.10870591985169249,-0.00980590019542653,-0.007047916453629407,-0.03201215587515214,0.016406198999318087,0.07031170548920104,0.023337815560720343,0.07712817973098172,0.0047691525360904945,-0.019257811256402774,0.08083205441473994,0.08053558818815884,0.007305988977129233,-0.009681924812210725,0.00419686753410584,0.11807678681485069,0.08334797809319258,0.08930396590768092
KISS1,,,,-0.009205552939364179,,-0.006318731938915931,,,,,,,,-0.0241563520693497,,0.1035564405180608,,,0.00747287936688924,0.0273211285926062,,0.01714834791463402,,,,
ULBP2,-0.08023014960171247,0.10756340541821165,0.021706518154873893,0.04776379101966044,0.04083889652038036,-0.11269748882521798,0.019937702422023675,0.04334325081354509,0.0559182839890168,-0.0219894455938888,-0.026424793238770353,-0.11768784452267682,0.11284445799815294,0.03883194508980488,0.0023060662639608764,-0.01718364460294628,0.03371438773567949,-0.02496525778146055,-0.004352875004795577,-0.002251126232024146,-0.0810772168300496,-0.04049561302402992,,0.020173366889474287,-0.0015338324760691738,
ICAM4,,,0.05077456960946288,-0.046431891208043787,,0.0025758003165138174,0.03228865988343651,,,-0.027176548584544585,,,,,,,-0.11062422484804611,,,-0.055815672044569185,,,,0.0728816332833098,-0.01869833909551866,
TDGF1,,,,,,,,-0.0034590150736689223,,-0.009528943823973509,-0.013556588518182424,0.016878537647484287,,,,,,,,,,,,,,
ANGPTL1,-0.1381953374104249,0.07536901391427178,0.05982701432309348,0.035066632778028316,,0.050737771370936886,0.03637403215782672,0.0834748058321225,0.19500192009974307,0.0022308551881950536,0.004712405243975765,-0.024662511324614864,0.17345876480042968,0.013958445537137067,0.01770112771334717,,0.019021186195230196,0.02395524095392846,-0.004413213897966748,0.0009398146045747129,0.026131965986814786,0.014795560393181032,,0.020018982692278992,0.01597140432598047,0.04753129121708379
LTBP1,-0.01389472241409378,0.1919658839983597,0.02541162314433232,0.031959700487621,-0.024779437100034413,0.02074016482197488,0.03564895308105849,0.047980002974795,0.07267285460464955,0.035526480550772316,-0.034008607733755844,0.0899877774283102,-0.06265441044133561,0.020398829207074604,0.1098661778574405,0.025356212896970983,0.15404363021137565,-0.04981117701368418,-0.020508457951145254,0.06251827755832547,0.018455256329520053,-0.0009103572601055424,-0.026610361824867187,0.057924922366823825,-0.034141960260894264,-0.004627565722468322
CD160,,,,-0.03304563990985127,,,,,,,,,,,,,,,,,,,,,,
NTN4,-0.07032312900785109,0.027309172819773225,0.0431239634853313,-0.033189715950692304,0.1401657859379013,-0.024265233542667086,0.014402967554661037,0.05583065551548451,-0.07957101691005211,-0.0015881361523316167,0.020039928950742893,-0.2145553205248515,0.1257946138789523,0.004597838506608687,0.11408087754863046,-0.01743922918201418,0.03163867204546014,-0.011148930276523179,0.012103107607977247,0.04664195802304537,0.02698726610079949,-0.006823953921166247,0.05723625663106538,0.08405615234661713,-0.023022058372180815,0.007597327188410697
APP,-0.24225180102076377,0.15187471166626088,0.12932888290921124,0.054929110933189695,0.21103543422412596,0.08752452486740257,-0.01326745973083333,-0.10337108261650466,-0.2617115338918113,0.022562356338202288,-0.0006092708683253082,-0.341617439712083,0.028741253423683784,-0.07808822987317517,0.12942850998413666,0.0073472626265808265,0.04900801783942554,0.07930537481472259,0.05382069682472764,0.03541962297187157,-0.006322216415002172,-0.028286611139194933,-0.04002187254684629,0.035221600648065995,0.06986432631034174,0.05496369111270443
RIMS2,0.07046902396944563,0.023034417936394262,0.023779969085170594,0.00948538930005514,0.13498382908756779,-0.044932867469437476,0.023267527710150605,0.04823068606409936,-0.19158393937181672,-0.006562460334968381,-0.006008599608220296,-0.31010046352784215,0.12098646210552291,0.006151111508016241,0.04600115929439247,-0.03149633762844156,,-0.04500227935145566,0.06638288158715225,0.07294872739396811,0.028526632909730492,0.006071615391608115,-0.10433525494512967,-0.023885725603038036,0.09915234111033705,-0.024075010877182012
WNT7A,-0.0745851955250756,0.06415994215179432,-0.016310956738936302,-0.008327143587625254,0.02025306834392474,-0.07731428887868144,-0.02415498029974504,-0.0212120883482298,0.022932145630225095,-0.02433208258536885,0.014959110016837397,-0.10404721518027739,,0.04717257205129547,0.01578240618286402,-0.07302115767456414,-0.049591427510295286,0.0049964449294713255,-0.037453856231607005,0.0023020531811407995,0.010827706434101348,0.02270102062164426,-0.02347991594334002,-0.009305517173160291,0.004463993864368375,-0.001183684991634278
GAST,,,,,,,,,,,,,,,,,,,,0.05095735615940683,-0.000568741320966415,,,0.061761745014237875,0.02145968731898274,
GPI,-0.19575100349090824,-0.036996356837621404,-0.12436230869450177,-0.010165528112557819,-0.2122577317625432,-0.03929548122910326,-0.07379580346861928,-0.06879695304065404,-0.1667055694303598,-0.04685368247932388,-0.011038125682029349,-0.35633142448631894,-0.047065259121337535,-0.046778496312425824,-0.043609646810633264,-0.11297544334858696,-0.15672681149203543,0.03558908673043067,-0.0913136384383084,-0.15050351571643572,0.009960127457841889,-0.03801016178162624,-0.03228574962543296,-0.16624143639306377,-0.05217159309487475,-0.06009311329045911
IL1B,0.04438380475392303,0.06099678562449098,0.163712691577878,-0.03918928762569186,0.038608061438993764,-0.0012209825845608674,0.06636245806168868,0.02072782576455278,0.16181657884125106,0.02558488678877145,0.031063536380245945,0.21955343782861356,0.17990634584698226,0.06790634864077284,0.021594893655202063,0.042521999025830544,0.017882917752327792,0.023789554934465967,0.0019337027796049943,-0.06387087585902387,-0.07655939279692996,-0.04393825772458347,0.04638008806998907,0.15896157634126779,-0.03034237845000759,-0.014914213264090677
SFTPA2,,,,,,,,,,,,,,0.03950676774913105,,,,,-0.044192566415530224,-0.027865112625678198,,-0.013831457190321491,,,0.04192661621681749,
HAS2,-0.002295135412137269,0.06509014709689491,0.10059273166880478,-0.02940270634697898,0.13544180541355993,0.05966490840738308,0.06015408213589589,0.14405079011111277,0.15886135446995095,0.051416976178660465,0.004382454758369479,0.07497287962421845,0.057715802663062504,0.05426937288978291,0.04630601281858616,-0.03405331013723658,0.11701064520417657,-0.017401152605517112,0.011797649207337243,0.06432212651593247,0.06991528519416775,-0.04572502308269819,0.05494788668744129,-0.029354677141075928,0.0451405195849302,
IL11,,,-0.0484429675650203,,-0.1505450278909576,-0.030708343584051577,0.01765343656596393,0.010329879951654703,-0.04765699799244968,-0.005110388042198572,,0.018655513953982277,0.010105793379820347,-0.024723597001627573,0.016964734795777363,-0.054552203269309346,-0.006449335774006937,,0.0540048374306218,0.06905289387425392,0.0010533981450088464,-0.04900074900582268,0.041446327104634556,0.05676424888510786,0.02500685227507795,
SEMA4B,-0.08620826345374712,0.022394570099470205,0.06997304768320904,-0.045288879384879153,0.034464314830809785,0.05043631615679735,0.06480197972110067,0.012582767027172984,0.2025077439449746,0.034930953313701774,0.012600213249178588,0.04332014231998128,0.023095818861738043,0.08020911898060985,0.012107169135529549,-0.034285341711511215,0.01024410255203356,0.07927970598823364,0.10657589124102078,0.056933843437991856,-0.054103004481199916,0.0069200321393470725,0.0744889060898154,0.02697870000978489,-0.04476513461968067,0.050310516295423206
FGF12,-0.14302097001661526,0.026092588405170095,-0.004815110351882237,-0.06887789170549857,0.17881628150864431,0.04690513171165831,-0.02838655223669727,0.01830418468490334,-0.25678797852536095,0.01602091079309559,0.0727281398558523,-0.33719418612628704,0.06825674036225206,-0.034030140361353205,0.057926169059161814,-0.039510958381843854,0.02127751486954739,0.12186095189949764,0.0419989067566931,0.06845958452456927,-0.05879119266114441,0.08682402837133485,-0.08270195032243838,0.12512849841404633,0.11650415070720258,-0.08433868395610727
CP,0.13922947896949886,0.03954255882679777,0.0624365230339051,-0.009897974324909999,0.08677304374590544,0.007366174007910665,0.049992329206245516,0.08387961950653822,0.2702987401684627,0.08772178721199546,0.04872642641863126,0.37634099125415227,0.03993286625310564,0.03346265344909883,0.15852326824260654,0.09256608659607045,0.010779626943865788,-0.05329755782496991,0.08229867919220658,-0.003598704931805501,-0.04811745246418459,-0.001914630700084496,0.018032913235525475,0.012867261575002752,0.0799093635754194,0.12832025999352895
NLGN3,-0.18413500878808595,0.12705890077198814,0.03494748163344499,0.013857638390451305,0.11468108405000993,0.11737550048028669,-0.0099444051459836,0.08733736261307497,0.27225778045431775,-0.008375663672446403,-0.0032861741370272765,-0.0448077028728644,0.08588185422009038,0.1470154021915194,-0.05638393173475557,-0.018400274888765934,0.05202255654836687,0.054311471686227845,0.012502141791415856,0.10015150716101441,0.057668455315097546,0.04051740459307878,0.02889705151861298,0.1355773227178637,0.054941712628956814,0.012263199845435283
GZMB,0.0026475988259371387,,0.02067320416753208,0.03241617529825259,0.04305409891839431,0.01735819063953295,0.03207027268341807,0.0065617244363937646,,-0.031304558069919323,-0.0721518815497818,-0.02321944291084914,0.0044546074253550404,,,,,,0.018132959650329454,-0.02665338397940656,,-0.005647475637601274,,0.08010461985416181,0.06536033663830111,
PROC,0.050440262908786046,0.03571345750269513,0.05093604684126439,0.021293352200877195,,0.04295351598247361,-0.036241053696115536,0.020607605218339528,0.14579593858340487,0.016743598513670962,-0.09003854036578395,0.07080573754553982,,0.1479724819611633,-0.03441688354154091,-0.04203998671250747,-0.045685576133224895,0.08776934754239478,-0.0017333872499973504,0.017007430810174536,0.025547304066047875,-0.01286194140060181,0.03431656942623284,0.0657288514014048,-0.015178728994539977,
TNFSF11,,,0.03718395797112779,,,,,,,,,,0.029945779481263337,,-0.010808562365153212,,,,-0.052998892463522095,0.060624326945861236,,,,0.009635179712625468,-0.03487700118109517,
AGT,-0.21143860649534787,0.0486349847603236,-0.06825879862126259,-0.048099521547484335,0.08869885870253147,0.05311714125246437,0.04294970151420205,0.026580725053081098,0.3361595317839599,0.09796000021415077,0.048951444924348685,-0.059837423331243256,0.1834450778689648,0.09421079212160326,-0.05503293073287849,0.0032555485468308346,0.10776693814111703,0.10302325245196411,0.07452815600834821,0.02443221650580401,0.03674846155528793,0.15502955861124884,0.08120261982194829,0.08955485048394077,0.055002071183203244,0.047022120725770285
PTHLH,-0.060884303550227614,0.025903564315560124,0.06552127863928754,-0.06543416116954297,0.061163370652346685,-0.05511576750108903,0.010411470672958438,-0.008988876659905746,-0.041416515264987554,-0.020336636210109813,0.0004787919679686712,-0.10051241834749085,0.016477678036832238,0.051120680380990983,0.02687237752355567,0.08374326280967022,0.03637730476828582,0.021878847235857375,0.07972849173436454,0.06639740813382368,-0.034457828933526315,0.04958867094932477,-0.040511029602041435,0.08054509807797705,-0.0018485045288021164,-0.010917598100428506
COL1A1,-0.023472698111356365,0.04682799054044647,0.2273492235026075,-0.049272523699618494,0.10982470056661343,-0.04513403967330052,0.03251235929280314,0.025474145733155543,0.1945860783856279,0.03837267267689153,0.039036312147770966,0.17917123367801754,-0.07783014593181187,0.06111735914784367,0.2203767286609655,-0.04288739746195533,0.038586185193380876,-0.007259371488715075,0.02599335257229414,0.08930428059091841,0.03148906231655666,0.01025431024658925,0.0007996431085752282,-0.04289537569500051,-0.0027063802134578265,-0.097465551260048
LAMB2,-0.10569619230639021,0.015926508518826144,0.1814778462315301,0.03474732657407507,0.019169302502234087,0.0724276608125228,0.046013144774730716,0.047124740688122155,0.2774458971517625,-0.013175364507597466,6.759764935959249e-05,0.09987360359131575,-0.09457643415482184,0.08892447946670222,0.07916992716406886,-0.12364186601902052,0.036502714669036665,0.06410503808872058,0.03879843250907366,0.08843183832006067,-0.049816003295915866,-0.007897019033262209,0.07389073506873527,-0.016592756138619137,0.015130889659352945,0.0623382131969034
DSC2,0.06635242437142883,0.00866056902692568,0.11245201768571902,0.04355058184012208,0.07003699419629018,0.019607481229681464,0.021714386358402435,0.06649608233058987,0.01617429462302116,0.02578969799152257,-0.03210004684569762,0.09086013887170656,0.08764036334756582,0.008076544895225442,0.016776294554251333,-0.013034965332780377,-0.00033442261373770304,0.04450618004235975,0.06180261519516123,0.07932954763314157,-0.025086751876455045,-0.004394609723397749,0.0960445413143626,0.15384804288702367,0.05909847188707954,-0.036170840852009084
WNT5B,0.038791578075940504,0.027216174801531604,0.0332897097472751,-0.005392563196590555,0.018272977350441956,-0.09576816344118479,-0.03241593712248493,-0.030430160531975014,0.04402064211387678,0.016253392114124025,0.05418961478993237,0.00409541111212058,0.0007548366036651839,-0.03958321159445728,-0.047911393480709503,0.0753056510351791,0.0076119778505073345,-0.06201892043119452,0.0009179022341486616,0.10996707727171437,-0.023375218730044937,-0.0645006979698568,,0.056699890668425255,0.01343194463944113,0.04391604871180081
LEFTY1,-0.02600990518513575,,0.05673833505827871,0.04698882797627621,0.05211599800356081,0.015332464542716475,0.003965746640824635,-0.037431133011806714,0.05468047495012349,-2.11958498136759e-05,-0.009356555520742077,-0.12403968822434602,,-0.017993353877398838,0.06510099540052279,0.058500046312579025,0.04063991079381395,0.026874387868228728,0.003984275293245665,0.01954469749161695,-0.028316061736751726,-0.024886524959042207,0.06388141324521682,0.03112094168309496,0.006537830718745809,
FGL1,,,0.041732259518300216,,,-0.06229379155586925,0.009227285113559481,0.031162901033692264,0.02769740914706555,,,0.07008711954860751,,-0.03931741662778752,,,,,-0.018504846013568117,0.08204839273101042,-0.04557190332815798,-0.019820147257976976,,,-0.05252507931557891,0.014022142159005997
CXCL5,0.03100707441532653,0.029988156971927887,-0.003633190145637099,-0.034026052500623113,,-0.012824228686628724,-0.008952367314524498,0.03144655602064295,-0.03811240851481306,-0.03619536712211994,0.011076624713539861,-0.03324073521616309,0.08998424901808041,,0.04175764268816407,0.06653975816748452,,,0.05187169199182757,0.03485707366721788,-0.001522769538810248,-0.06544193798958835,,-0.026629250201122737,-0.0038483545002951426,-0.06762754792080727
S100A1,0.2639955275273172,0.08286801434262499,-0.0722876584628907,-0.015030274302648127,0.16158628913651965,0.000990006108297256,0.07010399264585306,-0.0293823200943729,-0.21314662533225848,0.020856303146618637,-0.02138462289678451,0.12760543469030555,0.03770596848142481,0.00040249256438429435,-0.0031202276662215403,0.049231837747880536,0.05659175670735319,-0.0654131305306825,0.032233999216133104,0.08186128940910475,0.01440406954596573,0.0964445610736295,0.07532581281313762,0.04105486765131873,0.1072677218806704,0.11031246917234212
C4BPA,,,,,,-0.03241533578953719,,,,-0.03761309375727974,,,,,-0.03407432586668368,,,,,,,,,0.025386271815554026,,
NPTX1,-0.03988120629847066,0.0468739712084412,-0.0234366182086259,-0.03233729426561991,0.048397236618773966,0.0029176989128017667,-0.021165603965076184,-0.11711661422009971,-0.2514201306023832,-0.00543268017115604,-0.026770280733443584,-0.29852348925191463,0.018337964106056474,-0.0249005634511055,-0.08356358680747333,-0.0640530481394104,0.018509466080239578,-0.016564029949437897,-0.01142523567220668,-0.019763446628838405,0.05456574619795143,-0.008558026326605177,0.037788779527875134,,0.08547117104007662,0.03475192930716173
TGS1,-0.07608235726953547,0.008643283857393104,0.05715037024578494,0.029686132779713537,0.12045658093378898,-0.049846553245443015,0.05147275658287933,0.11975181179040045,0.1617082957740053,0.03392112875833784,-0.004157745280749191,-0.039403362628022104,0.12796010747478523,0.11519567357935553,-0.0802193712830543,0.01827630836247853,-0.0312885948576789,0.012571790413591584,0.007360074372041216,0.042784560690244854,-0.014084227766850164,0.0313664879386929,0.02705845870431363,0.07741964242112474,-0.04738004953727576,0.07467814113353909
SST,-0.027547989530495448,-0.004728270873329906,0.008720498054983627,-0.03646320673959446,0.03836770448406073,0.04530252080230429,-0.010272337687631408,-0.029587641471321202,-0.26627804042694037,-0.007791875859913963,0.001660623497965768,-0.0719719930822934,,-0.04635182739625694,,,,,0.02479213927886403,-0.035138605428964846,0.020539072978049428,0.022251319935068733,0.005444510724083924,,-0.025420025883770486,-0.1496984887641859
IL34,-0.01161760296574659,0.0646123455740451,0.06767792427523565,0.005897903344644615,0.05145991324028375,0.019706483602283636,0.04128855317686271,-0.0707993290448214,-0.10030556621124959,-0.05988448032626848,-0.020111562323807525,-0.196299460342687,0.10083308288057977,-0.037407475600836716,0.062358196487053125,0.0008428276836929211,0.007498358043570233,0.003411580377895649,0.017642232332688593,-0.011726354404696205,-0.029143598061369656,0.04033015915791078,0.06863577237636122,0.08928662966977668,0.15352209120624669,-0.042429425567095176
DHH,,,,,0.02111699644001333,,,,,,,0.017388464491953783,,,0.0640959338975768,,,,0.010128337024663219,0.05927609241863509,0.022780255766380302,0.03854551201754557,,0.03107013075598598,,
XCL2,0.06930109717490308,,-0.018014985687909078,,,,0.028913693814778627,,,-0.02967972012407955,,,0.0434942051372123,,,,,,,,,,,0.019338990661601656,0.02324370219297002,
RSPO1,,,,,,,,,,,,,,0.05982984523862077,,,,,,,,,,,,
TF,0.35262110441679095,0.013540888866492065,-0.10600235549374441,0.12214183395082578,0.08142001273656391,0.03891330303162266,-0.024747335826273014,0.03616438041758355,-0.09120485814287906,0.07347556483582716,0.03962062295835386,0.349268503051344,-0.032453537910967264,0.035459406802077514,0.1669732832140093,-0.025337041355286433,-0.0624213762912721,-0.057836724366895055,-0.006639782778254369,0.06062999194087313,0.005768452576022569,0.0626027986380928,-0.007608337603556557,-0.05086821151145289,0.1283267720994907,0.13265195491191392
IL33,-0.054417457875283466,0.10588318420527126,-0.01587951758086492,0.09294021916266303,0.03501601406627449,0.03993690999253289,0.028879972946104393,0.024998657248362532,0.14374413179904275,0.022251207059991875,0.02051678187234532,0.0724992090830818,0.04430950194800147,0.11293030385430883,0.020382056528700496,-0.011534787856021297,-0.004612578214623275,-0.02431416273003674,-0.0013497684257587595,0.08930486121705633,0.04108642655681859,0.03189029812307823,0.05121951812446849,0.026419810290306423,0.02955635699175721,0.03860898071462948
RBP4,,-0.035362475148603814,0.03838150188601339,-0.00847957103153979,0.011931637161052897,-0.004059481905475094,0.051210688496349216,-0.028471929591374446,-0.2082229532924197,0.021401962676011098,0.0016056665800225688,-0.1993143612108386,0.04054423684060842,-0.0483784528251844,-0.06896666065159891,0.10946773527016779,,-0.031182581133392694,0.0023055553758682037,0.107578459117768,0.01523832112346276,0.011407564221361778,-0.04225966488268897,-0.010561872600834132,0.06717609491188466,-0.025854543612625673
CCL19,,,,0.05307336394737801,,,,-0.015712819032701844,,0.015460161397302307,-0.030948584721220276,-0.053531972332849585,0.015622080089475675,,,,,0.058906590402287184,,,,,,0.0763081379297543,-0.02516118418438626,
CCL20,,-0.07072940078889971,0.02579705613298121,0.025999797584400557,-0.07093855929539143,-0.0001595948817668658,-0.001883800861529481,,0.04077057083586042,-0.011512952112078385,,0.13894815760571919,0.014214381256114251,-0.00343925101806754,,-0.06447250230986208,-0.10756864945303414,,-0.025753318627163353,-0.06465222791250426,-0.03597512118384373,-0.044734814286861595,,0.10925978514657007,-0.06231312154450578,
NAMPT,0.12326530780210397,-0.026824796263592125,0.1295321536726024,0.08611146720973782,-0.13018751028164918,-0.14842780367347466,0.005340291980318805,0.034330080784705605,0.20230728976356196,-0.010984569419296566,-0.005110604410512199,0.2295828806373661,-0.021208649861631113,-0.01355191013458791,0.25682874868807043,-0.047932817106530426,0.025680856774190453,-0.02706213704183056,0.1285352012914715,0.030126870681167806,0.01282601984941962,-0.049986357214503015,0.0819911488945882,-0.16921716490608496,-0.020223115445820224,0.09891814447594413
