,MGH258,UKF243,UKF248,UKF251,UKF255,UKF259,UKF260,UKF266,UKF269,UKF275,UKF296,UKF304,UKF313,UKF334,ZH1007inf,ZH1007nec,ZH1019T1,ZH1019inf,ZH8811Abulk,ZH8811Bbulk,ZH8812bulk,ZH881T1,ZH881inf,ZH916T1,ZH916bulk,ZH916inf
IGFL3,,,,,,,,,-0.0012792447503911777,,,,,,,,,,,,0.021648202613349012,,,0.08641511561459116,,
BMP1,0.045670030024307834,0.1059428998192109,0.11012267757372182,0.008652483213266438,0.020131364715575535,-0.020882106862144815,-0.013769590925554954,0.13463956292232487,0.37131262679756555,0.052111664741417464,0.004480471213955122,0.03348684186306618,0.003885676567532122,0.077938952567172,0.18018924576496748,0.03064185691101347,0.10296894168159405,0.17907840785156623,0.021258596772577354,-0.07649082786894956,0.07783232305599214,0.02993376406525222,0.03307888125057461,0.10623688677703444,0.11188442267674394,0.04348395422690429
NDP,0.0958338961368568,0.11495348175361259,0.04502574304600657,0.028147690213593757,0.09193222466143716,0.06298760097434751,0.007528152414971992,0.0258605026626221,0.05403604029440598,-0.013666231508851637,-0.018944785748401517,0.04020086339738484,-0.056071951376792405,0.10196088390151964,0.1841763470411259,-0.0412538973638011,0.10190872559630158,0.04327613510600547,0.15297083914991377,0.032518939382150135,0.04277618341266586,-0.028890063704528533,0.06908290294788644,0.12403858461262052,0.015445847404929268,0.0485008749814928
TNFSF18,-0.03533596613976576,0.06558549677291617,-0.003495826793087043,0.07592519601503052,,,,-0.008358690785449959,0.07305290134685587,0.042525705516761214,,,,,0.12339905069247363,,0.0013859293281128396,,,,0.048655468346877215,,-0.016763294690522,0.10943445557252961,0.052384045552637384,
IL36G,,,,,,,,,,,,,,0.05143234366637338,,,,,,,,,,,,
RTN4,-0.04124610299960205,-0.11716657689007748,0.025947723225448447,0.046765102351075984,-0.03610076920699466,0.020592420469104717,-0.008812737478016792,-0.22531069719144162,-0.4821714827716297,-0.08611941884941329,-0.0034437534721044314,-0.002613168556431981,-0.03716318648162636,-0.12889267751739,0.023047664573131944,0.045999989315260524,0.03447335608326126,0.010282703943874713,-0.02956172614498431,-0.03972044362154386,-0.03157680707656456,0.05800572113265714,0.024012326242395785,0.08312039213592262,-0.15479256100441735,0.030242408450074382
HEBP1,-0.04556948038513648,0.0662093801003953,0.018866861656770432,0.034837743308061574,0.05841683477249775,0.03720417439326382,0.019612317870630402,0.06509382269713263,0.2052515970424041,0.0042409636648319095,0.004302030654732397,0.010969439477228091,-0.04777376913477053,0.05737589701591383,0.03984828304273733,0.0039029407463840892,-0.04123624925996055,-0.06397807992139541,0.09875680107281296,0.08865499474615626,0.02860140590852058,0.008568267916405066,-0.04895046626243892,0.216771485339373,0.06808476187183916,0.0820193758771918
WNT7B,0.04530473385332594,-0.04659021817763259,-0.03918564953756241,0.007942778639775532,0.031106520212575896,0.024238494881363214,-0.0017425318517944222,-0.01967016535338574,-0.17887839744626144,-0.011207447943466007,0.0023936623571734345,,0.016407237290756268,0.02536393097868935,0.06330817932884351,0.11946042122897235,,0.044848051529371685,0.03294096282969144,-0.00273283771974716,0.06730248416419336,0.019090903160336643,0.08114388261418165,0.0699610643798586,0.009567523748421689,-0.07447426458473445
PTMA,0.03343597782609776,-0.08874383587082861,0.09535969213876838,0.02841238452135167,0.12210074087510958,0.0354464859787947,-0.005012249034305723,0.3177044435533892,-0.29431942604462347,0.016477590658520103,0.02885881995451131,0.05562254807905342,0.03421333340759037,0.11673800441498156,0.07958787661122084,0.02512692932990253,0.04337666923234307,-0.20885808117081014,-0.0806736953906887,0.03447044698290266,-0.037359460593044715,0.07110180296957867,0.01702794870955164,-0.00234956602065482,0.06352991857945088,-0.06008956481561887
FASLG,-0.04272464326700661,,,,,,,,,,,,,,,,,,,,,,,0.015818066792552057,,
CEACAM1,0.07192116914895123,,0.03329143301972323,-0.01538753504737782,,-0.018967131516515055,0.0470938121249603,,0.16706701568297946,-0.03019000709441342,,,,,,-0.05034210559116055,0.05497414918792397,0.12005988007836671,-0.0007114367094547352,0.059158261126145105,-0.005909260304250464,0.006473343575692958,,0.13239307920376026,,
PDAP1,0.0326313621822118,0.014775788426481268,0.017880528211715926,0.001841953284806981,0.05067021012569445,0.05076119679046615,0.002373200989190852,0.15209233929226615,0.3764484375123026,-0.01034140579782174,0.03361276358509911,0.10705591412587043,0.10161739227152163,0.10223432376052181,0.032597377660848005,0.08031527002485762,0.08081417520299584,0.03657132365746902,-0.026593003288689927,0.00048289802694191663,0.02553136235393188,0.07411535718346492,-0.013978706841085677,0.010543782450156922,0.0721701422508667,0.06481838482878678
QDPR,-0.0628510866028753,0.06178039273552926,0.002600557367460915,-0.008114148497370065,0.03553212482936979,-0.02466524911695997,0.0215086694010852,-0.11443373108122015,-0.4005464363485384,-0.06182754747280431,0.05523802457255509,0.016854332907224066,0.029121922079145598,-0.0658689522051614,-0.07988986088946246,0.04105225299039005,-0.1046790378126769,-0.12060369073057575,0.10059838069995207,0.08578956775798129,-0.00914868841388777,-0.005451245622068963,-0.05290898607158124,0.12447160514757978,-0.12385247447390531,0.10275615166933817
POMC,0.0896467673367951,0.02348276668738634,0.04115646549425874,-0.00818684978233419,,0.026198260852754437,-0.015995363986144023,-0.004811014799319926,0.07098128480400917,-0.01696112516992486,0.008990565689462564,0.04344451176093289,0.022215972155616603,-0.08660700479577112,0.024393056776381004,0.12105571114846492,-0.007955727495025036,-0.036808818369742285,0.03972224240267326,0.04386197760286099,0.05959903507675687,-0.01478801101249697,,0.09087724569941041,0.04616254960072324,0.04537336382634975
CCL18,,-0.012961108994863071,-0.10769032986117794,,,,,,,,,0.10693928759714603,0.09436652863936679,,,0.13944124280234366,,0.01337221447606705,-0.03025529020015468,-0.055798098304020737,,0.007315385829159365,,,,
CCL17,,,,,,0.001789365290364714,,,,-0.001916518822073307,-0.020062594739601612,,,0.012359211693668253,,,,,-0.04962793498535162,-0.021853186234763417,0.029500349866367716,,,0.0542085943761443,,
VEGFD,,0.022946697957435005,0.0759004112460863,-0.009539030033324184,,0.06573705721838244,-0.011437765576927342,,0.12729826252563628,0.02563908911437682,0.04560383452159788,-0.012327070930576178,0.06294187296082807,-0.016657569632993294,,0.010322107696656197,0.005687961832397371,,,0.022298869535808584,0.02967663354885448,,,,,
TNFSF13,,,-0.012542020884849745,,,-0.014812163836488836,,-0.029804033546067938,,,,,,,,,,,-0.04054340776944267,0.011780845885225353,0.025732995939428408,-0.015818383726473435,,0.06994373163176501,0.07107867874723124,
WNT5A,0.015879560511423012,0.04397155558605067,0.06459922966634228,0.043270792688340866,0.11516800366560281,-0.05106750724627335,0.009776653622845721,0.1877456078255128,0.30240837486390854,-0.003468267831094154,-0.008745449494023559,-0.044090504701149176,0.08722556421818592,0.11745486470939227,0.15477017275558658,0.07259696650766363,0.05752936387265248,0.05963681176188759,0.0357828685455215,0.04820612179674498,0.04591884925069719,0.012970850735512688,0.02595490135303296,0.016723691673314712,0.04629865579205073,0.11112827509956552
CXCL8,,-0.08462708137307111,-0.04582053696347884,-0.06498382961521051,-0.1354541684302412,0.05306782371582322,0.02165660536559839,-0.008625707904674162,0.17644247930599696,0.07648912664573129,0.027702761534609543,0.01143489540029443,0.05962523689276345,0.04138187629090828,,0.02475477015196609,-0.05402931606060363,-0.01405868196547495,-0.12189417411436887,-0.1547317537724749,-0.012278717772195745,-0.03983624322418965,-0.010157551269561032,-0.03395931857795466,0.014321546498584706,-0.09552658848325656
GRN,-0.08017073239693905,0.0324152577928851,0.05815027539253265,-0.03581772823689921,0.09128381992056117,-0.06522153911189026,0.020015575321865375,0.04196917341686225,0.3232170281424065,0.00031204605165009855,-0.004657808542021988,-0.029837648619955377,0.0262914876988089,0.06268393352889534,0.09800137626432007,-0.004762576320845783,0.14085102209509562,0.00612716305928136,0.05515380979581965,-0.07885929052986483,0.06280966799750042,-0.002693275638192209,0.07134120994454453,-0.04075846632086046,0.014890719323342917,-0.028570277849647704
MIA,0.000492627242593413,0.018823759158160733,0.014325676957612724,-0.006574074583764563,-0.059838959692187034,0.10480875770067985,0.022770175910306233,0.09830299428871557,0.1319507239978711,0.05249142603136103,0.04316111423746801,,0.007474890174286443,-0.018787254115249032,0.011482293488927087,0.010383571279558274,0.10139899910118097,0.05270097725378895,0.11073370631537334,0.20949067796513027,0.0633926560953347,0.0013584721338557948,,0.2246075528116562,0.10533396336097636,
COL4A4,0.047371169833548235,0.030004716188334536,0.05846723796921245,-0.03408845039851757,-0.07965609806791499,0.038577775055647516,0.07345471148267096,0.039856858934439854,0.03839251322949199,0.020133986152007243,0.009042116465838211,,,0.0050236564814660125,,,0.07737255508656046,-0.003349250812360136,0.07663474971329813,0.07080283147322261,0.007740543307779347,-0.0006564765512464094,,0.012749840510431903,0.07615037726587527,
TAC1,0.03504209367732619,-0.04565973603536143,0.06912232442155646,-0.03316273966832712,0.15135690127030824,0.056702604374276065,0.03480519712281426,-0.13696222833263566,-0.3137931806276988,-0.05017736383086873,0.03415797914467251,0.032431280962500246,,-0.12432308060716846,,,,,,,,-0.07115093059644989,-0.08841852827663457,-0.0004542771078484598,-0.10135659143940197,-0.0370398713096676
RARRES2,0.09867958300964225,-0.04998013819013161,0.030450053765521786,0.019678928456467088,0.008723384103625864,0.012533478160019615,0.0011936285020739089,0.08906725119989402,0.46090433208027953,-0.04257316996868121,0.01368634983945609,0.029278271485027096,0.10759749019172377,0.10054674383287583,-0.06674889402145802,0.04410040957951179,-0.013695185546681966,0.07451208538163223,-0.08480464558463661,-0.06697578190267635,-0.03459077356665686,0.021423845328117332,-0.03200893003692253,0.07899755755808777,-0.017677622893903726,0.1202995640798524
FGF7,-0.011339556055153667,0.09023068984073992,,0.024044197946922117,0.08625820622791917,-0.0004048047859266281,0.07582924818784471,0.0600012386187144,0.13292115391870873,0.02453390779425554,0.00839555941298295,0.03868586552175762,-0.017903397729799833,0.03582076122399061,0.12928349009582027,0.06228404973379903,0.023563668603837,0.14947697913765953,-0.022217002422897276,0.05351211935769622,-0.0042544735622394815,0.02423553642144791,0.09809481595209656,0.14526239121419848,0.06060419843666848,0.016490123034403652
EFNA2,,,,,,,,,,,,,,,,,,,,-0.000502044563104878,,,,,,
HBEGF,0.013462913684856288,0.029068979453172463,-0.01217454702334883,0.08235227490283073,-0.07637133291112518,0.02621808273655619,-0.02826754428352139,0.1758784871406506,0.21552525621392846,0.06821224636819535,0.04385448253167592,0.10305858093915142,0.04882810168835518,0.06593220580818267,0.12289387887400104,-0.004402307039464562,0.1542167731604131,0.09216413646097085,-0.01645223115312166,0.11302261998676322,0.0034260415048644063,0.006790093591013063,-0.04532788523724508,0.02709183433047001,0.14996496374842666,0.06448053635375717
CSF3,,-0.01773030307972167,,,-0.007839578434493523,0.10627821052644237,0.015134690516818658,,0.038265338772561254,,,,0.08536260356332485,,,,,,0.00030742917824757915,-0.08415738561477001,,0.022074049026784094,-0.023203366327527234,0.05789782613025227,0.06746560368935972,
PI3,,-0.04552970413725146,0.022591289764659548,,-0.08687269458929048,-0.005010876237256037,-0.040725710634167,,0.055090318727731014,,,,,,,-0.028571060590773113,,,-0.05996509415781128,-0.14730855587566835,0.04879158032848946,0.022334534537040856,,-0.1330827931812034,0.05353929458452496,
PCSK1N,0.0003957981037477603,-0.01893338745751743,0.03267657390820384,-0.05599872528798857,0.09791319595447939,-0.062060534163380913,-0.00181350581476076,-0.09939927222060127,-0.10830723510462291,-0.007254636215960426,0.03743597359398798,0.0035835548209690316,0.04361491870376976,-0.06352633175612539,0.08810509978078798,-0.02437877092847187,0.09428007796972274,0.03218333983340877,0.010551450199108508,-0.011311137765976748,0.10953771589999663,0.06463868902348108,0.02995917028289538,0.14210997463126043,-0.09002541727761582,0.036680346556417075
NTS,,,,,,,0.03700515227304991,0.009619771911401084,0.052975432800774734,-0.019707235198354798,0.019559787959006338,-0.006569524965273138,,,,,,,-0.025476965638891763,-0.0158447018176018,,0.053577191063097884,,0.05346585267004316,,
SFRP1,-0.09275997148047022,0.05556769014720004,-0.02095969010076885,0.008335014513181953,,-0.04246210543431745,0.0013152675538485347,0.09787983839045752,0.06301715544767554,-0.001461546384928661,-0.007028663062796608,0.12612116967758558,0.013025141484570395,0.0009321058835867902,0.0057346281582718135,0.010791413605346509,-0.01933932069405349,0.062203366106473604,0.09323902524471564,0.10353196081103351,0.02621484201600312,0.05740296027281901,0.13055152409020848,-0.04581197638798934,0.013819310152121539,-0.04843398628848585
CXCL13,,,,-0.029118354843318057,0.013031434096667939,,-0.04168171576965428,,,,,,0.09020690758921658,,,,,,0.015763351527346522,-0.008203498582439633,,-0.04366996713127139,,,0.005466500406190892,
MICA,0.03685924392294673,0.0402116204133563,0.07397750205008645,-0.04528778493710555,0.0006901503044906047,0.012776243819006819,0.04826358078376747,0.07103330835260328,0.27929281854832927,0.028860620718612024,-0.013134506322180066,-0.007461988798902654,0.07898559642688378,0.0790688646195222,0.1285039042821665,-0.0267606214753065,0.026097760835145742,0.0927061592771025,0.13627576580587725,0.012802536019375298,0.015792876578648793,-0.026821234758643692,0.03666895494083931,0.14273012093889162,0.07132332287073166,-0.0025640934619985847
TG,0.05210385047152444,0.01677664739869831,-0.007806465560127619,0.02577691058498613,,-0.002169848618595667,0.01743332938692143,-0.01164420056433137,0.051563274245963894,-0.017761696169537745,-0.027832144210655805,,0.009752489617832783,-0.023837386698209083,0.016636984050414225,-0.03453922864680978,0.03637108911814985,0.06520431215330062,0.06881069852014528,0.029297047270045142,,0.006452496810377083,,0.037202728579370715,0.04513170835622039,
ADA,-0.009105338304964879,0.07310074325278826,-0.004319155216942225,-0.03142207264185418,0.07841204303514784,0.0845375972095602,0.012436200161559344,0.1115625968225006,0.2765297420672015,-0.032265293005293336,0.03343236933433304,0.03884471419656962,0.09343267138728367,0.07821430763778632,0.13213506768354105,-0.11771683014282651,-0.004333104398538179,0.1047426673236405,0.039972142144918295,0.0755549487249075,0.0644127373442446,0.007861779815249175,0.015650032826158945,0.1902942571551938,-0.010462317902554965,0.07067121817464714
LAMC3,0.06694420800058631,-0.005290646448067143,0.042430088806963154,0.011290398971601022,0.017644353029686317,-0.0433708043202944,-0.05667742866530364,0.10155871807037235,0.3138824559747867,0.010452311533056197,0.05748088968279798,0.0005543622351350425,0.018224223832916345,0.042950779512930456,0.1589229169920994,-0.028728579425519436,0.057889066699060375,0.1465500254646622,0.09974020322297095,0.056637648797361495,-0.0023441032461410305,-0.05191887581437435,0.01856760629545929,0.07980172386863603,0.027879732467256835,-0.017306869065491847
CCL7,,,0.026529547387712953,,,-0.0439353125168699,0.02306870814652559,,,,,,,,,,,,-0.0203023658646916,,,,,-0.004060211708493132,0.03706187895148453,
NGF,,0.03004869078258441,-0.020497026377466476,,,0.029959115399814593,0.041798142201023396,-0.041303400007191626,,,,-0.07210193371684344,0.07034285770095433,,,,0.04848536400984423,0.1051637489305802,0.009608107823078445,0.005586681053505275,,0.01138645548490195,,-0.011379714715778182,0.01328057941427842,
TNFSF15,,-0.016910150026753015,,,,0.009283234338309456,-0.035485267750387045,-0.029193945531052867,,,,,0.011361653552545425,,0.10348103228947854,,-0.03300569481341452,-0.00291198972561776,0.011243382696495306,,,0.011347222539046298,,-0.011523547077110024,0.00702650284854666,
HMGB1,-0.010238028878608087,0.0013615553103155347,0.043713380976267396,0.053541726630511724,0.1126106518888716,-0.05890096300921798,0.011615912851657768,0.15896950504916338,0.35126200468921126,-0.038685868874210896,0.0959278419514423,0.07305090464133693,0.11164765845295621,0.04850140765562623,-0.08869902021395316,-0.04187004746427896,0.02813042444048975,-0.09468385624921428,0.0222753925320356,0.018137185184453494,-0.013934436959259812,0.045807002224904116,0.007219165202303308,0.01982526094177002,0.020142291994749633,0.09213222536096788
ITGB3BP,0.021309199083843863,0.056880999687160365,0.01277953081316745,0.051766008972067394,0.09629361028927948,0.08380799576545545,0.057063794684490805,0.2523595516292969,0.34158677076031646,0.024781674682283775,0.007406902959675479,0.09257742340769708,0.05027838938731216,0.08228342045397524,0.052046787125257364,-0.09732414087991871,-0.01415982295042179,0.095702904780259,0.1089960794361815,-0.0381837934591616,0.08238031961110663,-0.0012443273410730389,-0.07752100237308619,0.153805123283169,0.06806469976408619,0.07318546492884123
AANAT,,-0.012876392284942351,-0.020084715339330324,,,-0.007174927328710178,-0.045334927653575094,,0.01691364768507611,0.008798569914145068,0.023742635163847708,-0.01254222193405959,,-0.011439425974901319,,0.036409138838908665,,-0.06700085642471214,0.06892424921259648,-0.006011328512313126,0.0529556889766714,,,0.008225578798107808,0.07251160747273355,
RELN,0.022456189627475476,-0.013529894948293927,0.01830778910199155,-0.02939448864722174,0.046593206315985895,0.008945241697563054,0.03025104875714325,0.0017661148122518735,-0.1317560084165949,-0.010929648146347625,-0.009702512589074782,0.025912784790643996,,-0.007078175023603102,,,-0.055279375599772904,,,,-0.01523565248181469,0.008429635244967253,0.004048188780421084,,0.06406127656320303,-0.004657186488789249
IL15,-0.006604391086092039,-0.022684385206765034,0.019016618456153163,-0.009341054638109058,,0.03291140492864669,-0.049147593052641325,-0.047215184590112216,0.11996818095416956,-0.004434184541343756,0.023430325805248085,0.015654311663865453,0.05613354182303444,0.03407868455213608,0.11962042100524288,-0.02623551238133693,0.058407718137715586,0.03363724947642576,0.04531982595773718,0.02790262439246357,0.04870249244633915,0.003716441310734785,0.03951574916741154,0.13911727974344196,0.05856718407518336,
UTS2,,,,,,,,,0.17570215400422654,,,,,,0.08594149956120585,-0.07273507209126806,,,0.07083724652228998,,,,,,,
BSG,0.10686062889712493,0.0889865326762768,0.050051078823231385,0.012924191218998547,-0.04419836185634954,0.023314493763833467,-0.001659755764564485,0.08554329793752663,0.03479037599366506,0.08622629223615373,0.03270268927090834,-0.02170853299098794,-0.04563853785849418,0.04275385773262325,0.11695704967681587,0.03474734923085763,0.06185878747382329,0.10718166903755887,0.05031117372774141,-0.03598438999599356,0.08144436717227035,-0.017773200929446537,-0.06491554150892934,0.22472762579095787,0.11524829110293196,0.05674761662407078
ADAMTS3,0.09499270550678389,0.050204112605612694,0.019489185626604313,-0.02989962427066349,,0.04485277060041979,0.04143724010558501,0.008273772417559614,0.4465550014377759,0.0065728155509258025,0.017845812102988707,-0.03727161612867207,0.039726444681727924,0.010744685622306458,0.16957094387016572,-0.010475947372835784,,-0.05505860372466174,0.07875628905587923,0.05835099689543846,0.03670344895494264,0.044456772832920016,0.07368312046674554,0.19637068293931456,0.033424862316856825,
CD34,0.025465201822334412,-0.0874413678529232,0.0474995266841815,-0.03757405968006303,0.02443885992961947,-0.037442525097948376,-0.03254526928313399,0.09209493224397984,0.2110989142188544,0.002484706284880565,0.018448555647971755,0.052939734986999686,0.04677702792349066,-0.019654575506830196,0.15648773065450347,-0.02367118928519805,0.09820154305453048,0.11747523050129378,0.08443101353634075,0.0666490147129248,0.02695059963426398,-0.01216762707864444,0.024791220242656026,0.04747356525881387,0.03145677393608444,0.1132367366657525
CCL23,,,,,,,,,0.09062690253423318,,,,,,0.07673634452750229,,,,,,,,,,,
PLAT,0.09438638037678604,0.10802981630733396,0.060219269290016024,-0.021026679610021852,-0.00235915760871678,0.010633217272007972,-0.0033166367530991603,0.16498390551771813,0.38818119036773063,0.05566215319357282,0.0200102575866042,-0.0320431926378287,0.04518299523497267,0.11710637752793718,0.08332356938943322,0.049304217668661485,0.003183280332124257,0.11806755893703014,0.0383030680163238,0.10168022577687681,0.0685309971661822,0.06203516732665457,-0.03449356207111132,0.14070583421112123,0.05720219667884887,-0.03210982152272563
NTF3,,,,,,,,,,,-0.016890686733375314,,-0.027416428956434376,,,,,,0.11107533917575162,0.10484056145844131,,0.052016937666062836,,,,
LTA,,,,0.006635373115948086,,0.010992268526438155,,,,-0.0335048252312294,,,,0.026188784899895356,,,,,,,,,,0.04026040688777458,,
CKLF,0.07045820468683373,0.07079373126045067,0.035529696171087935,0.010388552787579981,0.06380064507722798,-0.02757356694699966,0.002773194571991007,0.19242292859697313,0.4197349789171557,0.01855476968764039,-0.0010028239170773463,0.04354925271725666,0.0859180879130689,0.09245428423039988,0.12168244771309876,-0.00916819105942952,0.062353468930979594,0.08696775174395066,0.11989660559578422,0.07228454818326191,0.014713599268000739,-0.03988242839999901,-0.018744418877955644,0.09407486296555874,-0.006889415335308595,0.14769758899917143
APELA,,,,,,,,,,,,,0.0417372871887046,,,,,,,,,,,,,
CD24,0.04064971776145685,-0.027062239578577795,0.11985208716052516,0.09248532329545213,0.04505583791964405,0.06042752308659541,0.03431308296995021,0.18371397851802285,0.09369854015255971,-0.06655044185967425,-0.0461615729559735,0.0528678267825175,-0.014317364963753824,0.10271773579020847,0.12775506006358828,0.008351232384976209,-0.06705382033949993,0.05583667092945795,0.07482662540630894,0.030200198133119072,0.020044251432187903,0.09688666040865127,-0.05348523398538431,0.06970299034411932,0.00024816228599415003,-0.04290485899123887
HSP90AA1,-0.033367077124140984,-0.06056451352795843,-0.01619411237517128,0.03453819847907257,-0.10222145611033075,0.04373271062390529,-0.041723969253325006,-0.17934397405872543,-0.4292949186009841,0.010163473929470325,0.024784568042701172,-0.031815954781842945,-0.16079986475511124,-0.0952975045370828,0.024368359817341166,0.10293528859097299,0.0004901675839218244,-0.11112872541562938,-0.17288401571411582,-0.20341730343695952,0.0741341244553424,0.005339507198327809,-0.012264277013906725,-0.08883931595177598,-0.06991047489744862,0.027938833178429174
BMP4,0.058150146495415535,-0.054465742384889174,0.05508106133976626,0.016040188894149043,0.019753445703409086,0.05318539228923486,0.003986845424246723,0.26441212342415576,-0.05519388258695681,0.010558502909671872,0.017019883159986395,0.017479659814513087,0.025692741102815764,-0.020131888867711775,0.09648383801959803,0.08752018570088488,-0.03238208008098531,0.10701610065012647,0.042252693820627914,0.08201757787793765,0.0328418771587971,-0.006334987714070371,,0.11805201763109742,-0.011629847355877182,
SCGB3A1,,,0.006779540528555979,,0.021498371158017095,,0.05234227355323526,0.0009102786949849982,,,0.038294872292139855,-0.045009477436848785,0.02095656055015815,0.023536001204391838,0.10439695048638428,0.047398975104069624,0.02333111420589617,,0.07868995701795362,0.030781258040613532,,-0.001034543983972636,,0.04837181411892597,0.09467436072468903,
IGFBP4,0.07017144213891809,0.045659362959514664,0.07167066635670565,0.04697279693552989,0.09076143470544175,-0.043890478024926446,-0.00424169492789277,0.15157275520118826,0.36793750303649514,0.06890917608901431,0.010588652640426265,0.06022468954084128,-0.01553549898603199,0.041696208368519005,0.08405085210342982,0.10570804648414331,0.04290416848989688,0.10539488479829552,0.04495517411150916,-0.05928323032561495,0.09030738688169355,-0.01725833061816965,-0.009891170902524504,0.06716389168856028,-0.022064459014675488,0.024978875107918998
RSPO4,,-0.0009170392323488335,,-0.0005728704919543794,,0.015137675021747753,-0.0420649117593473,,,-0.026078372913088937,0.03416431699341371,,,0.038539689668026164,,,0.08866108799214391,,,,,-0.025269345172815746,,0.02621127052877066,0.04669441132295192,
LEFTY2,-0.04617074205393404,0.06819229332739664,-0.021873993212949524,-0.0025436353032667436,0.11668936997808219,0.01473855973166824,0.043480933151678544,0.1550077916985024,0.38534035264724653,0.012200574009790756,4.531769300564336e-05,0.043797980157561055,0.0220192699833185,0.07702079642578782,0.1177334535184573,0.0070898926347665965,,-0.025357183217118894,0.01294538491956367,0.004100107396136707,0.07121836252149416,-0.009210009626274274,0.11499595421851048,0.058491229037415354,0.05220959998081168,
PF4,,,-0.02212112458640839,-0.03229033713854403,,-0.004311665360219525,,,,,,,,,,,,,,-0.02416231426512318,,,,-0.009791503813731794,-0.027927083769669566,
ANGPTL2,0.0360211634382286,0.08201648620177397,0.06979096791448842,0.006845277974262143,0.1298608259418417,1.692903019766655e-05,-0.01691120445315656,0.2823063261725076,0.3571670309269564,0.025431131565882115,0.004497033718341539,0.08445041361895014,-0.01573452779198369,0.14419503240358172,0.1579857248315945,-0.022947661749521082,-0.048809439239230125,0.03218225205202425,0.13237111492047116,0.0981504101952328,-0.07296007250186742,-0.007882277830451569,-0.07759445470273679,0.15511802776176664,0.047818151793966396,0.09286062043799119
LRIG2,0.08075324053041469,0.08886222985140005,-0.0611321927110972,0.04191566517467722,0.03872063404331902,0.055662663445868475,0.037711082859971844,0.16563813598285243,0.19775547011705916,0.0005472239626973278,-0.058470523519825,-0.03252773396680251,-0.016401315778947326,0.050629610242749076,0.05099475170424698,-0.007175088669849017,-0.007119552651741089,0.08772223303311527,0.05066357055695961,0.05801112915732985,0.05145884131582347,0.0215478455356507,0.004127472233142452,0.1490776974408146,0.04051790204950213,0.1278481067804687
ICOSLG,-0.03537761759321071,0.024595710429587702,0.0014580364817875766,0.03262680765981843,0.041637088814987226,0.017821682658962827,0.0024120240090583765,0.09027593658418584,0.16968387966722875,0.01589340403022874,0.026492172486782765,-0.021663880456052154,0.039294538512231615,0.060121123254438254,0.08232141996626975,0.1158744841670383,0.08936326708356714,0.04929748130476241,0.14992661020431175,0.07485607050390934,0.00017391734711786987,0.04499273170768574,0.01772781187032002,0.14246441830438727,0.10489296689838253,-0.0015442219622034137
WIF1,,-0.059874353687491395,0.05509433352561807,,-0.05120322532475795,,-0.0020539020802904017,-0.16606621493268467,-0.27529596266140005,0.01875636894435136,-0.01659271308836496,0.02559948110646415,,-0.0752148074582722,,,,,,,,0.025203594437716487,-0.03676650463512834,,0.014497693748085568,-0.011055495159946556
NPPC,0.04741083124508014,-0.08316547416318348,-0.06279246405239586,,0.028791305072425225,0.02070388850018877,-0.02196854670641256,0.021811467044855534,-0.02758934184265027,-0.03432025414673359,0.022097571070587983,0.01165066245143541,,0.03318259926374234,-0.04032106341023031,-0.1020738687537412,-0.0560940281142579,-0.014749411966704897,-0.04368037560513413,0.026943177574344414,-0.006608894434338892,-0.026256103028559633,-0.07259344734730906,,-0.014823836951501601,0.025916562681944595
LYZ,-0.013874686565951967,-0.07765900074324851,-0.00934155431551624,0.006242731957868614,0.04553349937937039,-0.031518381646434446,-0.009573965924070681,0.04355589829714022,0.2327392535163704,0.02365875022047675,-0.017309002554346246,0.0645310268694105,0.06211579251408336,0.05149659491653814,0.1307933442090152,0.006427660027653686,0.09378101774524797,0.08895765209483382,0.08101530746468404,-0.04981602373427121,-0.04722308881931636,-0.035833962304314564,0.10455195354986334,0.08291273226718222,0.017269915624690015,-0.012180150842760359
EREG,,,,,-0.030834879543222324,,0.027255207701269584,,,,,0.0006032048686231338,-0.00647939108112231,,,,,,0.008578608155934104,-0.05928340576009724,,0.03777004876982904,,-0.02126471186649496,-0.05113910377543646,
SPTAN1,0.04884604722132593,0.012519907837534575,0.07243229231348278,0.013524691945209005,0.06935838179012845,-0.0486308759892255,-0.029082035039914477,-0.08881669362945148,-0.10362347040820645,-0.07829534386738651,-0.011906513864209343,-0.03177621735114669,-0.0008112707501848915,-0.053670965003355636,0.06002307079078757,0.009973883396027637,0.04583299755808789,0.1434520478061013,0.03941976234983523,-0.02064446821072158,-0.014913918837421755,0.008235355288028833,0.09498626710560898,-0.00718841904263181,-0.06624549783857839,-0.0020216480925656084
PTH2,,,,,,,,,,,,,,,,,,,,,,-0.06852045734436325,,,,
LIPC,0.03480225337833188,0.014948959525960794,-0.010885376114103383,0.0014125831211657623,,-0.013085557395699082,-0.07217255188107961,-0.03981435271962256,0.10993768591837695,-0.008108739075371525,,0.0010051188490962587,0.02148125000500517,0.011940419305733375,0.13135490744574432,-0.07326775446999764,0.11676988678769012,0.08835931080349191,,,-0.01618944510071565,,,0.07988626758919,0.0005846162136948566,
COL8A1,-0.03944953091307062,0.0662475940302224,0.09547039926170155,0.051964611193346194,-0.10404332055915885,-0.0067486757687276085,0.009493016289702724,0.14592197514491267,0.14778972439784102,0.049330102216102054,-0.040677156887345224,-0.01816730678517987,-0.022837458522083007,0.11331740304642435,0.10042761994756337,0.021391677771704014,0.02373910422783945,0.08308970313978906,0.07206974078196476,0.04867859019934615,0.11942514885196515,0.045749026358717686,-0.016937268356362046,-0.0002711737128520653,0.014560074698287542,
GSTM2,0.07365635093812017,0.04516257435220633,0.07176192416461867,-0.035310437948179056,0.024913527159993225,0.009857443102602847,0.05151993728710693,-0.001790695892901202,0.11470465202103979,0.06380349820452993,0.050945819095437585,-0.03615757318135945,0.009482904983897495,0.006976684730235281,0.04954501208698144,0.06805124056657728,-0.08915646051839904,0.024450645845346723,0.05425190883134147,-0.05084008274548447,-0.0014329617987130618,-0.0071776286530834815,-0.052602423710548185,0.07447080531755743,0.024162506365007608,
IL4,,,,,,,,,,,,,,,,0.026503438772594333,,,,,,,,,,
SPX,-0.01761288354822978,-0.036965597839664646,-0.016204347273877807,0.014731022045519786,,0.02218453879188432,-0.024856112114995853,-0.03851358470169245,-0.13040866542597782,-0.03345337184879806,-0.039873683724670816,-0.002008592048237347,,-0.03986184046425437,0.006255338008322979,,,-0.054375943660986366,-0.0034837776267448287,0.019816874311498586,-0.04989935716666449,-0.10009762717031104,-0.025604216436870202,0.11558934987610055,-0.06043021004199686,0.11479446911607767
MFGE8,0.05188450789670747,-0.04079858958282955,0.02592917056603678,-0.01354986351422935,-0.06393690129160819,-0.004925771455973522,0.002495263853411323,0.037564851557637544,0.14007036662175393,0.052455839044391654,-0.013347066414913896,0.01849591806668351,0.007132865498292992,0.08243422948264197,0.08944526471549288,0.02260442051307117,0.18168762190322713,0.13858205414131938,-0.030578713980518066,0.07727076412958496,0.05494007638184802,-0.009234180252379123,0.005197134989386607,0.07346512710043651,-0.050911858213456763,0.043975577773402635
TGFA,0.009879996505618632,-0.0022265035625837746,0.027479983895952038,0.05080877274102421,0.012953823998021995,-0.02966360622305755,0.015670371186050674,0.17204061257278574,0.13241204453534255,0.07604540207815982,0.0032456255331518575,0.009738268167936482,0.07200640885456601,0.04287150555212196,0.048562261719886014,0.033229590227399124,0.04810575084179349,0.02319275342842039,0.13113187122972925,0.07780644390405192,-0.02236952355244559,0.025268994018399476,0.07978149674249518,0.26150285467699064,0.0912291212363617,0.07536502909295895
SLIT2,0.013097001918630015,-0.0067804863420282665,0.08627957046936562,-0.017840923501758574,-0.007775077284693646,0.050221488590373245,0.04707565208654813,-0.021843645769524682,-0.14034840974478274,-0.07740768575790594,-0.05686456973057243,-0.027497619977769866,0.10366976084920906,-0.08534234204335775,0.18948058974458734,-0.06216334422088753,0.01891183718138737,0.0758674115049446,0.07273129114278183,0.06922840134257346,0.03661287248449154,0.04460934544283033,0.0722708630393395,0.11263515696349072,0.036183926257270266,0.021374774104391515
PLTP,-0.023258843504821457,0.07030244944561137,0.040323759340599,-0.016497629666473133,0.09650001144630889,-0.1585380999404879,0.04657170611518956,0.07596228675445546,0.405493214930458,0.0018459169804400188,-0.03350044016939725,0.0847005217513009,0.08651886548176117,0.027678074177351183,0.14926301556969376,-0.02187800600508939,0.0808287115137337,0.08131702186133309,0.03475406082275848,-0.14988472269735353,0.08799888848845605,-0.031534570712936257,-0.016134861836496636,-0.02959218353225019,0.011158573540372316,-0.020456769954314544
APOD,-0.1138961621373462,-0.06662679396917752,0.052500343739389096,-0.015553110952731543,0.07473956894349247,-0.026551368763905913,0.06273189276949026,-0.10159919407346268,0.12064692943632951,-0.028430515978363678,-0.0034649122837652683,-0.0045252683900199354,0.0808972999098317,-0.041850964358815385,-0.13132419048438912,0.018698664209183914,0.029822295664324615,-0.12150138044282663,0.11080484568138531,0.14414698422107602,-0.017965207230972925,-0.005813765583230288,0.05514118968841374,-0.2605492614389093,-0.1843204519932305,0.10198544957686582
B2M,0.05316982523366396,-0.030083221176610466,0.08899938033080501,-0.01970792359311557,0.11772065796659434,-0.037571214366128834,-0.01608337655461413,0.1486043503045609,0.471903469539762,-0.021505504508088476,-0.01681065384297114,0.06889494224452493,0.09941394658539819,0.1981793982561154,0.24978418958994358,0.04211688608166781,0.09416925869694245,0.12170413212202212,0.08084130404369314,0.06636352792657327,0.07034642840214453,-0.051940645665525115,0.11496957467689024,-0.048869522182762644,0.018937378163677517,0.011314262267213266
OMG,-0.002166628251349254,0.10321238685547761,0.044887595762572244,0.00847259363269743,0.17044015622912462,0.03395476274626026,0.0718094378648553,-0.03245409796949853,-0.13010963280007265,-0.05290489426042773,0.047238617240390954,0.02564870169524382,-0.0564948045226852,-0.002332022093339218,0.0028760486415761928,0.01319819956226545,0.03770357547277868,0.011403774464609726,0.1701704280497883,0.17775956350955946,-0.025309386039221404,-0.07007118102969206,0.06534447076219774,0.2007184521708588,-0.07837209570594726,0.06237263548264909
CXCL3,0.03252099983575785,0.02746290349449265,-0.02752147284134745,-0.0024794358294732886,-0.020997070706793214,0.09024461171539941,0.06947612602650918,,0.02661089996022445,0.06329781501582739,-0.005959781269372558,0.010630968841871253,0.09551707783815495,0.018639283134790782,0.030219318188569055,-0.06588339985961415,,,-0.032375980523910365,-0.010222800395374433,-0.04442461053656314,-0.0730807121000792,-0.02896787041146123,0.05633575786511135,0.02764163868309768,
CXCL10,0.004116938999743368,0.04599844834383746,0.020180804069091434,0.04038233215427644,,0.029659786415915487,0.03823606243391681,0.040246700000901164,0.4087618135660908,-0.022491519582856636,-0.026542611946102537,0.011272408093958776,0.015100311960578724,0.08807137233952764,0.061574104991252286,0.049041314649921466,0.04696609838669599,0.0029497113766347167,-0.00718314685590417,0.03814845059031819,0.03870125961839714,-0.044020734860537196,,0.11591200832652598,-0.012976906989892597,
RSPO3,,,0.020189712311573748,,0.028696475599837526,0.01066219139720676,0.006206636023252787,-0.07516486637217129,-0.07537500755371929,-0.0237062255945021,-0.00497495901500939,-0.026433209832984604,,-0.01625803294504135,,,,,0.0883909074269949,0.0312304902313622,,-0.008899757743451637,0.037165025747040434,0.025836037449506976,-0.0797173999963694,-0.08657007469645911
CORT,0.054601855224300576,0.015331885687624704,0.023278881700790094,-0.054765230143474244,0.1347411272430833,0.05586090250664914,-0.01790214105858812,-0.03448065952729525,-0.15021289470563573,-0.03618919484186049,0.01705674200208711,0.08686235233324129,,0.027340330519660703,,,,,0.03282129184567702,0.04164842220181913,,0.011257089436798876,-0.08033893282542444,,,-0.03055228341511294
NCAN,-0.0026906623696122474,0.121225472865126,0.09148549029450212,-0.00014407963204801438,0.05546931095564906,-0.09183398170981258,0.025082377372053086,0.07926442416698867,0.2087751421268179,-0.0059949480915852124,0.01120213976137256,-0.028253924442436594,,0.12608071880581245,-0.03835794560201033,0.05764360843356885,0.05159886898144702,0.14522307662466483,0.06033077163367019,0.15578922449278002,0.08215852915310676,0.01032138527613488,0.05884840110924145,0.15505634225665263,-0.10755823184056809,0.0912445110198063
PRG4,,0.026741162299891458,-0.006303181482075477,,0.08542429489988398,-0.015811093480589088,-0.01002964781972763,,0.0639790293374243,0.011761706413494779,,,,0.026580792568931814,,,,,0.01793966562679073,0.07744986054009492,,0.017523276864136333,,0.022897958739898534,0.05318482888407845,
ZG16B,,,0.01515594574537364,0.010334555151325028,,-0.028635720524577458,,,-0.03186327973012218,0.0342860649770518,,,0.06956695102846491,,,,,-0.054060183527134736,,,,,,0.037605884190309406,0.017594459146634867,
TGM2,0.015163466818906473,0.026418602118085117,0.010761194341519812,0.028497056824779925,-0.057026922317208885,-0.07088356734720928,0.01159929730966823,-0.003595323724498737,0.2182261612901679,0.014795317055929395,0.05933604524661644,0.04962507575550831,-0.06926693322773632,-0.038326373715305194,0.12626722243715863,0.0148781722267938,0.06925978775135504,0.02965188642648244,0.028555520555850086,-0.010717518066945679,0.05981893838759425,0.03213058653008593,0.057493464025872604,0.017752547863990033,0.024595630413620676,0.0859176671581831
VEGFC,0.08356324855428904,-0.02007726376250751,-0.016272003268951656,0.014089529501544474,-0.015965638598817777,-0.005517574594638246,-0.009424362001982472,0.05958877846174189,0.07689747139773191,-0.038312630013483465,0.015252326343018338,0.042640050633477894,0.027765474063924125,0.018769644129965672,-0.022243017233365425,-0.1379260821586696,4.313729183490016e-05,0.013798267175467107,-0.04150254211434747,0.022470501510699313,0.028887721803649517,-0.057622329307919926,,-0.0008542867260657354,0.09262613137609929,
WNT6,,0.019696607734894466,-0.020969029757241932,0.0056065234954682875,0.032519321615251555,-0.034459412564675614,-0.0209719078146124,-0.015893676599268693,0.09635994784830489,-0.02336818994966609,,,-0.0007765477299707011,0.028033503792832704,,0.05727372510090665,,0.0984528913694546,0.0624935632302327,0.01283678056949327,,-0.0017107155225015748,,0.023454426803625576,-0.06027040993490478,
NRG4,,-0.028864714424810672,-0.0029706693003474886,,0.056852285954018644,0.05202587343557218,-0.05025143586283721,0.05227573858171449,0.04438886606713085,0.024826939907918566,0.008397223839586108,0.04728153621548989,,-0.028190635878950494,,,-0.10889819552442116,,,,-0.003396625875200469,0.011562881526857815,,0.06209732191888057,-0.0031587525743598356,
PMCH,,,0.02991330428781838,,,-0.0010625777838779856,,,,0.0010202713441546146,,,,,,,,,0.03907933843123011,0.031284470624177406,,-0.017027464580352335,,0.1109358358113713,0.061273351720968455,
COL9A1,0.012114026932062198,0.03659687992036625,-0.01068957385111256,0.01069088954296962,0.054380492761495446,0.0388184982373262,-0.030690445313397492,0.29058502443947065,0.1817454972233221,-0.03738074101730197,-0.02673511675699072,-0.005197472235228809,,-0.005574989866642561,0.02739905105127076,-0.005492743829443813,0.023663650795413892,0.053621700258330136,0.13035351993165667,0.09870360769400412,0.04737632735546009,0.04121409375994505,,0.17853921415629637,0.03257320479696353,0.08358895252436019
GDF11,0.0665690439866455,0.012237071866061235,0.08446867463458303,0.013959503795242191,0.07811001069782458,0.04089019283346066,0.10879743704258385,0.22186594362222314,0.2842456916738369,0.04505231764596126,0.018052826192182417,-0.004697942397486287,0.08023746528522593,0.05037500623038642,0.15210001682926602,-0.04638437335855952,0.053393915762689426,0.0936661881330206,0.08153771477869577,0.03542309677379207,0.06633204536796343,-0.011662883068968044,-0.09273499719978613,0.2587574011175741,0.10363759105474997,-0.0050674293593227955
RAET1E,,,,,,,,,,,,,,,,,,,,,,,,-0.004150866492433017,,
IL24,,,,,,,,,,,,,-0.010688648318631935,,,,,,0.02018971680322729,0.002349265434596844,,,,,0.05054525080257037,
SORBS1,-0.03954813437210529,-0.007644182363374931,0.04461789708619054,0.002777117352109308,0.09360391219502183,0.01757327791998762,0.03881393004654642,-0.06393744961771572,-0.048580371030251764,-0.03630260848623405,0.023279768116581834,0.01605152079878491,-0.007220272862832018,0.09395480471652827,0.05728624750678448,0.0979359396059665,0.015342678180479383,0.07355040514227766,0.09646649601919116,0.050901912162608524,0.010097466285189514,0.02627178904831165,0.003491911573565079,0.011312283900379914,0.017159610149398624,0.04048514587436964
DLL1,0.017590340757339215,0.022053802734015915,0.08244972347483848,0.03933825451268263,0.04344862961138056,0.028881191019798913,0.05290628844545,0.17669720955583695,0.21983231789262958,-0.07778326435854785,0.04914390872886616,-0.00650027305552633,0.009074798013614611,0.09060123443301135,0.1291970316565509,-0.04412830678641417,0.04588762965166786,0.1147612974835018,0.14935605787564532,0.12367863839702126,-0.011400038400525885,0.07517187142673837,-0.006183795020164552,0.12118022015135627,0.07159873456601476,-0.0434427616686223
TLN1,-0.012676161275107258,0.023645174831830602,0.007837349929636526,0.046041050216398344,0.006512742191265746,-0.027969138455663917,0.01721447040302806,0.17118320370449117,0.2784245352771859,0.015788685549057574,-0.00543587280749901,0.013388567360321863,0.09641312396388607,0.05038077549801731,0.12598819625383842,0.015809753800655014,0.13890509535580145,0.030381996494781717,-0.02205241278293916,0.010317655774321801,-0.01609955502401814,-0.024806228450288837,-0.02775792670549004,-0.060286220913728185,-0.026445329814391964,-0.048107043200906585
COL2A1,0.04368132022095837,0.036162799767296944,0.09917769805018276,,,,-0.00876420680353138,0.10711293319728657,0.04187469919576517,,,,,0.030495744596171628,,,,,0.049160732202996216,-0.026844820703765905,,-0.030086027768234533,,0.06612781985979803,0.027601983190418535,
SHH,,,,,,0.024561027580791765,0.00627448436242452,0.018820727947833592,0.04686892602246861,0.03458056453182284,0.009520034796666034,,,-0.029363881565475633,0.1290321434636047,-0.01775994875273499,,,0.035344553575857536,0.011053399730437933,0.019293958569931078,-0.01259723607309945,,0.1766741850741131,0.1445652192304868,
PON2,0.02355106705886046,0.16239754818973515,0.03073387972193053,-0.0151642461160545,0.15193442399964166,-0.030087349387899177,0.06849125022289228,-0.010389036093244007,0.39815007062683994,-0.02928755529542603,-0.033176305898764816,-0.0078385830410313,0.09940446020844408,0.16232281144569394,0.20148987179206912,-0.09525432192742261,0.10734020500077683,0.05811449501147022,0.12425595171023941,0.12491580308708454,0.08881661636024164,0.014160633321770859,0.04327741115847607,0.026982495153500194,0.07535029919332181,-0.0779676268375085
ICAM5,,-0.05687913923527139,0.01614236362216967,-0.0445538874343947,0.03155019151241299,-0.024020516888973983,-0.0353041836778163,-0.08550610963446384,-0.12677118353285843,-0.018977402148165172,0.07147999708370407,0.03644199981478704,-0.02884671381367524,-0.08709380261686668,,,,,-0.01713899849957401,0.02613181532993695,,-0.03998645898275243,0.04259383705150307,0.06596076493014255,-0.015253243135630782,0.041809157194491874
HPX,0.009470514161261408,0.0422353579856369,0.01202542347458816,,0.08875427387314246,0.018967938819099854,0.0002799719536041472,0.1257573676977042,0.1183231541953529,0.04099070667743831,-0.02078016072463993,,0.005962510400123208,0.050146710494057806,0.059154947333302225,-0.08685109142420017,-0.10286079031462743,0.06051354038523348,0.012611739645827048,0.08053776242775235,0.027290989782802807,-0.027378233982537012,,0.07475924353958327,0.05730822950674342,
SFRP2,,0.04216524850900198,0.0070910043521893815,,,0.04466145739473684,,-0.03794463625421946,0.028799239165638573,-0.027044936762660576,0.025176379230321448,0.013517614622518225,0.050717911966658966,0.0018865195456527239,0.083130677680023,0.01794418113117385,,0.028396305096765745,0.07891782353830942,0.05522465609649944,-0.009902011488712462,0.025276926438440133,0.04462705071967421,0.09859894566276617,0.1080791500274466,0.056194075473850025
CFC1,,,,,,,,-0.04739984836785794,,0.014213329762754816,,-0.010105349124229501,,,,,,,,,,,,,-0.10021230378630495,
CD70,,,0.03854918172306843,,,0.11812996281377174,,,,0.014896672236142041,,,0.10261852542421358,,,,0.0633455235806455,,0.08854850630136038,-0.004078552549692053,,-0.04616265276085494,,0.0018866349919811878,0.07333681350578186,
HP,-0.05152275949548005,0.09573547037674719,0.04449730416439025,,0.10446503412536881,-0.014114756315734469,0.07490059189962606,,0.14735851302751113,-0.016451310642669317,0.023462797651605295,0.03379180558425221,,0.04822354723282729,-0.034637790743206914,0.053868718574449054,0.004116034360514983,0.12807567202679446,0.1135551310070761,-0.0007659193865331454,0.03237689482891232,0.04099262043862795,,0.024155875883776046,-0.02703444099537945,
CXCL2,-0.046471702281719714,0.07462960965182311,0.007106588967155174,0.022753920316532113,-0.026495550768695,0.030598194525727554,-0.0049263349649066954,0.09921672230992108,0.1721822441066655,0.059862833106130414,-0.00028158914752818325,-0.009814718771854615,0.1093878700061933,-0.039385893000599505,-0.03363289221946403,0.04842222048562862,0.06580198088990843,,0.0544825370299297,0.017594608673950136,0.03668465928000502,0.02043404605606402,-0.008203090741014078,0.07333030603224554,0.04590455517556865,-0.029214894204440886
NPPB,,,-0.007013956015182076,,-0.005367840291490093,0.058556401038809,,,,0.009064254608455566,,,,0.007438711356480341,,,,,0.050166888087441186,-0.009040547798315403,,0.02732748490295962,,-0.025432570241564346,,
CCK,0.06607711615738732,-0.07059741835795848,0.040317118113689036,0.012999204513606899,0.14091507482869867,0.03603572435209376,0.03406472592171112,-0.25278272428566706,-0.35809728009860337,-0.08339075760444502,0.0016399844154625998,-0.0260536935981932,,-0.11927812863817075,0.03042340642200723,,,0.0360864387087288,0.07902656962675325,0.09601162646173667,0.028959182682443716,-0.037066343702464394,0.10696158116674702,0.049722110145759425,-0.17063669802421316,0.07627164763229233
SEMA6A,0.049737346152879384,0.17886647785107526,0.00046596984396507106,-0.003437749450718855,0.08826803274834874,0.013688244599103797,0.032791852793176805,0.16754862662458975,0.24915296211393242,-0.04322758043757352,-0.002918870350888089,0.044039776852039275,0.052035653613666764,0.12065390144282967,0.03217857018880812,0.077610669735045,0.07117440446730526,0.01980348249815969,0.019289818833108333,0.02264084080196141,0.030510355012383722,0.03815957222547213,0.059052011561455967,0.07546447157676255,0.1926714024330476,0.1220697146581292
IRAK4,0.013858160928699412,0.06800939446647328,0.008286302424935187,0.008619335107821043,-0.01632736758766478,-0.015056169927552831,0.01034864325216807,0.15753479739175857,0.21381208743473903,0.002005537743376093,0.03753702465013899,-0.04155816890144675,0.00740361806714157,0.09241730743360499,0.014394300053402212,0.03179656499531956,0.04066511544317191,0.105314000568134,0.03705090565355341,0.04636896105742976,0.0210231573917378,-0.016095070409133726,0.09165717713851718,0.19696033933898718,0.05758130261437092,0.01790366351186541
GSTP1,0.11382436420770448,0.07918615328640226,0.05265321420645129,-0.029136179536048096,0.04290112521017607,0.024563756702294076,0.035942615493116774,0.21356947089145292,0.3513506034721964,-0.013786013445916975,0.03868289121335096,0.07405959420501548,0.10803034695083653,0.12450772957777045,-0.03796357785924641,0.031262927468804734,0.03675041052127248,-0.07624111117156392,0.12016500810811045,0.16271184681604647,-0.014323411184123395,0.033418297332348045,-0.04033283419687779,0.08619830757634694,0.08652346594420755,0.040987239977059164
VCAM1,-0.10447604525355207,0.039860203993728194,0.11183502757789844,0.0337149248377279,0.05244309203491277,0.045863578578751577,0.05812345106608115,0.14108092980626474,0.3653425450958256,-0.052334325168591496,0.032407349318514175,0.07892396479674435,-0.08455949940751713,0.09822492313507908,0.12270562932850457,0.010632792727304783,-0.024489934250094367,0.07350529824007447,0.024948553886944023,-0.04767022308925186,0.06900894902406192,0.055308475263575366,-0.0492422202164196,0.22881422171892593,0.032305839898908444,-0.009483965296580058
NXPH3,0.07766641478713912,0.06447471228157656,0.0832227097402882,-0.015299865675947221,0.11182412391804035,0.007330633087105724,-0.007946462611491142,0.1691331559278734,0.14453846269713605,0.011536647533847354,0.027729673057925768,0.026181930615616772,0.07795126457400424,0.032744830201369736,0.10293660564607067,-0.005421001518279273,0.0029812810291896166,0.07172667128937563,0.10564061555171714,0.10558914214485547,0.05392101514133208,0.027450848372230906,-0.04984655243575371,0.22763245566862345,0.020276488051346422,0.09644173264051635
MTMR4,0.04148909209986366,0.06411281480933274,-0.016550721589127314,0.03478634810773114,0.1175853915152283,0.04067795272961498,0.019601578518657205,0.035390835437963765,0.07634974664525769,-0.0040926856982552,0.020181289164673172,-0.04852540523253958,0.047224505413382495,0.041021293379791005,0.11540996121911026,0.13072926559467163,-0.02078600841119613,0.06747143435432261,0.10963729042988336,0.08591999520697013,0.009611324537974744,0.022944435123367832,0.049358279748807264,0.1841008828041303,0.03474366507539881,-0.03688365494388416
LAMC2,,-0.01511435340957829,-0.046432666186052164,,,0.028187292558118006,,0.020757324026461705,,-0.003458263322416373,,,0.013688209445706697,,,,-0.07341177452742324,,-0.019188809799742617,0.03158894589714243,0.02335681091499591,-0.056477168334471584,,0.08187442167933211,-0.03944969394224316,
IL10,0.05480973669344732,0.015085050643380884,0.008616729235450976,-0.0030935481200195817,0.05153845291055962,-0.004867081688767206,-0.02813591947044558,,0.03793762858483714,0.038295880338124276,,0.04061705147103867,0.03548871114942809,0.01124933726482034,0.017175787731408772,0.026193255427993924,-0.06506709646990794,0.034971470883444426,0.09201040443848396,0.06644112454150326,-0.0032160930841188635,-0.0033569357120302153,,0.04821669216945368,-0.0007832405325972525,
SEMA4D,-0.04445029269025298,-0.00694102971534619,0.00911969214432057,-0.013733075646257368,0.15616793653258146,0.021052776415935497,-0.02699208593712872,0.030119190750362488,-0.14202235742891062,-0.06323691192809092,0.007005370727794999,-0.029436388978489245,0.03496096514741177,-0.01418964909526306,-0.04666901683140982,-0.04792019635782105,0.0746206051441942,-0.11369819304379804,0.06779383501979715,0.10648734066367443,-0.05682901809111748,0.033163345881611184,0.046106523354596314,0.1489106778853388,0.022711429976474563,-0.012385951736736109
TRH,0.0242935724750801,0.0364404232971482,0.04588378723508965,,0.06872087538968748,0.05013473456856684,-0.022859108122877853,0.15234462362965623,0.10079993950010513,0.045465238332631684,,0.031660172323376576,,0.1208615283372971,0.11623758160642506,0.022078646733542685,,,0.06598672931058279,0.0345207189743975,0.03807673307725518,-0.02149045392302854,-0.015287272920247025,0.08933052865949365,0.10289867162007614,
SEMA6D,0.02214406013361097,0.09753311286901455,0.08325715738530956,-0.028050376141543053,0.09687793145707363,-0.05143313537556645,0.0040750359956338135,0.20745725641282287,0.23996668707727664,0.0058967143371940695,0.008644004524982044,-0.008224360904757446,0.0327852143688229,0.08348415202642735,0.05809430738305334,-0.08423414463410878,-0.012717630104394901,0.056640291704961716,0.021675197607667864,0.011649510983672413,0.07702418774250529,0.06412654400550304,-0.00029989826653285513,0.19782431441516213,0.12521990098421776,0.07727696229313989
CEL,,,,,0.01827332042370772,,-0.017193685559372278,,,,,,,,,0.003780465067179531,0.007956641578750947,0.01818781101037923,0.03194713457829919,-0.008311055166812983,0.040248863478097065,0.013075054063588285,,0.10670283504116557,0.02706069920095266,
PDCD1LG2,0.04361274655545739,0.04627579075246883,0.05150937617524273,0.016197726381803057,0.01415041554709573,0.004673166389636069,0.014157355390497376,0.020162538935552095,0.1278680006659736,-0.02281609549602799,0.015581043278270552,0.06686984184586367,-0.0011364313289029438,-0.007982061284584814,0.07986369385874349,0.015886866857848774,0.05311679558171595,0.1639883860328469,0.043093964853428514,0.04224643972129861,0.041724152731640055,0.0072241943728013295,,0.2210251721421179,0.0673933954118088,
SPINT1,0.0048972100401777135,-0.0729493108313439,0.006987723491362027,0.03648587871673262,-0.00016720804548503194,-0.024451617138946436,0.005761541173625577,0.02734403208375879,0.1513298760812897,-0.015323627240740616,0.015318667902879028,-0.028909809571135946,0.06866291207639591,-0.006315977964934066,0.03311400217880891,0.12974486941971905,0.0018546031374173265,0.022929333681884833,0.12675819998144472,0.1015774213701176,0.04751105158483221,0.01149387783597323,,0.09653224030361347,0.10021291207882348,
CTHRC1,0.07462765793120481,-0.008942202732428984,0.024604449337702932,0.0005993543986432162,-0.09136466938509827,0.02998808755925078,0.02206406224733401,0.29195556855299687,0.2059255596246859,0.004166456168832901,0.012879796635648021,0.03800587822217429,-0.08385274511105777,0.05558307686795294,0.15895789948308806,-0.10409892963949507,0.022266198832121647,0.1092167025818176,0.020743584986880045,-0.06273450420731676,-0.0033807193378951996,-0.04786078661776969,,0.07093742901309068,-0.007563951595107895,0.12375581171097941
PODXL,-0.011873127552565033,0.09863962080110858,0.08363757140262092,-0.014257410847276514,0.06038015769178603,-0.03353110814540219,0.07487671470213707,0.22135316343227296,0.40853856576707476,0.014196834021536268,0.011724713198678264,-0.00744316546802485,0.02894770418065048,0.05800200095880039,0.21945475551853127,0.013895383749039612,0.048909508503906796,0.11296959591220387,0.09059960589458758,0.04004557304356613,0.023499734132348273,0.026228600391947007,-0.004547895771790454,0.07856088250545301,0.13737133475016897,0.04567119464589486
JAM3,-0.01632466252481592,0.02640088655446016,0.010084970088367213,-0.003974873619426165,0.054507507294856705,-0.018543248007990745,0.02372371330703714,0.1821885442380761,0.3145442935995922,0.036974304641589496,-0.03355175661809631,0.07974816761583908,0.01934347071981666,0.07203087277042154,-0.030457736529412246,0.07354525344518412,0.05794943608181083,-0.07997783408522018,0.0768576794593212,0.02616503090445396,0.058762532256565886,-0.017250334489322814,-0.06141555036257019,-0.03913287461847883,0.06306948606794746,0.015352317812483677
TGFB2,-0.04482803729898334,0.0400869326154254,0.03474222587260253,0.007399037936669716,-0.0029618128297567614,0.0035258973757804554,0.0767871302306167,0.0002236717803264075,0.44045354950689786,0.018138908606093847,-0.03079444507212232,0.002963195096867367,0.06716669869936878,0.07189405234678722,0.19449910149905064,0.09507676487800068,0.0918481835772828,0.07855731503222595,0.09067943265999132,0.019908113154669494,0.0994826725148432,-0.004913825737432294,0.09627397596727358,-0.03767504367509989,0.07146482541312672,-0.10506206738415834
COL18A1,0.024061340365231755,0.00015494689527393454,0.08333280555147257,-0.0028640853937279905,0.06618855980473948,-0.07424727061388656,2.675549518066982e-05,0.21879959158913656,0.35136562550584566,0.010854567296059723,0.05182397270999181,0.027137574202216484,0.07244982013040846,0.12082028404707196,0.20068886418934595,-0.01600111834926935,0.04021747686032673,0.10787433958809327,-0.005485740773807256,-0.05114809318437844,0.08824915503226409,-0.017185906576276996,0.07790085581243822,-0.07143461487688883,-0.034494657535768435,-0.017855458521678826
NODAL,0.041549715896845675,,0.011336699236830386,-0.021501130770283827,,0.07248314213648052,-0.01678319524248186,0.10273064599951635,0.2399746678691479,,,,,-0.0045159328290980665,0.21312156590107068,-0.03375684340050798,0.14597938011204442,0.10180382275694051,0.03404359251245973,0.060153017530066466,-0.011264756111577505,0.04487590642348894,,0.06216715215126851,0.004696520530215874,
INHBB,0.007085280936664665,0.0380915430212107,-0.059552839197663784,0.0059473868891071705,0.03683835782061955,0.05103690586451735,0.072133993535581,0.0655186608737366,0.19660174371575684,0.05341773870703555,-0.009658071311884054,0.031289832590182684,0.05072314043926634,0.07073032388679774,-0.014000890940070424,-0.13306827848485892,0.04211144689464385,0.05937204468407722,0.04446638113190193,0.0555230387557056,0.06948265103671031,0.01413184884961924,0.1168914399764708,0.2342408613724605,0.08312962237093378,0.024999461659645002
LCN1,,,0.04274554884236513,,,,,,-0.008135338665427254,,,,,,0.04229703233819809,,,,0.020837850038503403,0.02654035333107251,,,,0.06255130547570831,0.031815609470868915,
ARF4,0.05394398064531816,0.10839861931484876,0.07957461982393094,-0.056762090624915294,-0.08006844137948478,0.05116660978545997,-0.011978369392449301,0.10012454615771146,0.20892146397414407,0.01059585182365686,-0.0032363819345751343,0.016460446734788973,0.07342690928435477,0.11410773126540047,0.16614985065505808,-0.06968662227144286,0.056225785127365493,0.14804350677372907,0.04564138163304064,0.15879128437071935,0.02299904875077884,-0.01310491036390146,-0.08513433906313131,0.0028095975845173113,0.11084323164570746,-0.02258796061088097
CXCL14,-0.016928530669416998,-0.11183315574659881,0.045808802798053105,0.016901790872734652,0.006489346735213137,0.01811511373457235,-0.054047019928271885,-0.15682170434906334,0.0021756810824788714,0.03842219454173684,-0.002404705548747586,-0.01163743597004161,-0.05213936583568833,-0.03805101049282009,0.1486161169727874,-0.05038000895371483,0.0621942919344404,-0.015377096802961699,-0.01192049489628445,-0.1246836581671442,0.10818818357963525,-0.051455095265027166,0.03465179858031228,0.1561653676463482,0.008407454326955787,0.003770327289419149
LIF,-0.014004900414499383,0.07835282424801299,0.0074145238376787295,0.003109470409096561,-0.08656582032624731,0.04202745903152711,-0.040807862252781976,-0.03346303613907707,0.1699917521888478,0.04959075796912274,-0.03138537892680355,-0.009516270905307066,0.05346845321384647,0.03057494553555807,0.1570036545660627,0.12989785663509132,-0.04489078248611101,0.024619099244139204,-0.03261335415961146,-0.036836305846847786,-0.009484927906405453,0.021294223166873984,-0.06629850177826004,0.04349126118403373,0.11290363158105148,
IL17B,,0.018477718125434472,,,-0.0002197444046458752,,,,0.13847767852069065,,,,-0.03127547758371672,,0.09259048682405263,-0.04028665977856103,0.023307158375274653,,0.04423684005145287,0.014265470346040266,,-0.07466530646324104,,0.09871230636165941,0.0046321864813418274,
MMP1,,,-0.02296355154316788,,-0.08780150065129702,,0.046393142083797294,,,,,,-0.16432447397197095,,0.17787459855407825,-0.054376495406014316,,,0.005683211767831212,-0.09156426407521587,,-0.015595949646364508,,0.17417140624312152,0.0772193351822083,
MATN1,,0.05029240008108075,0.03905046748224958,,0.01772491145124574,,,0.044806097018235895,0.044806573159642434,0.012548599945127126,,,0.015344052212112063,0.042716188943661346,,,-0.015014248569251239,,0.033364496883087895,0.06760629943758001,-0.046129241622238276,0.014302412946063384,,0.05608495759842987,-0.017173616201401617,
ADAM28,-0.0323113936325273,0.027978473156736537,0.06690218239577823,0.050623012746258605,0.023415247296593205,0.004743302966181935,0.025992075566442136,0.0809760188756026,0.16487033800692708,0.006769473066751298,0.005261703780070778,0.006213541321088172,-0.00816223979168207,0.05482085227997967,0.13609591832162377,-0.055740073768343106,0.031361624507999314,0.10340238271019478,0.043532206803774606,0.012637250193169487,0.08095892987982502,0.006290851676378389,0.11776690257230488,0.10543652612230942,0.02551360854470876,0.001268962674058414
TCN2,-0.011773792102657658,0.058503690309923646,0.04924456343905974,0.025795776089053014,0.01627646098144134,0.02932965948226422,0.0077991013709471325,0.11134065300681723,0.3007852318044664,0.021161555044894743,-0.022790194620788788,0.07423760745709523,0.12920500772356638,0.04354198817950746,0.0784818912410108,-0.01969627976553715,0.02842103062667322,0.026971758316744424,0.04640107889559006,0.05990156369384916,5.560467818205046e-05,0.0038454993415789817,-0.03923915887610695,0.16818009753061264,0.04621489547523966,-0.022538420514578918
THPO,,,-0.02969339530990236,,,0.04218876380988859,,0.018555111603297043,0.06768511715667269,0.008260092017674484,0.005802616192017245,0.038691779264286144,,0.01840003571234376,,0.08264004043613662,0.05767838131533075,0.041479116953485475,,,,-0.019438384510021275,,0.053617862462738634,0.03621005274000238,
CUBN,0.026292586227602267,0.016489090824622483,-0.05052873421243276,-0.028614295471823044,0.016460680712982633,-0.05356774813185302,-0.04137752844318256,0.07361755714721817,0.16256692999351566,0.07210332030537941,0.0281632379049998,0.07572929388456849,0.04085867878333028,0.055707496532159624,0.11898037515034637,-0.03970688713792521,0.03269812046589637,0.09158110543754339,0.06247350136160226,0.08513651224006205,0.0002574300057565166,-0.002690024520576692,0.03405140992869547,0.18413324602508352,0.02988312811374269,
TIMP3,0.0036926014671299578,0.09683047725434098,-0.030196108380281188,-0.010826327772656191,-0.06211112158996207,0.06709356317782693,0.03224716805442789,0.028759039710447184,0.2250567507204922,-0.011311750557250366,-0.019570443495085382,-0.00023972914289348998,-0.0370334309101883,0.002312825608547209,0.10919068319709285,0.055018601925797106,-0.047270068011863495,-0.00903031584373648,0.04030976626664003,0.004028080921811175,0.05456396199201808,-0.04705407125239264,-0.031134783915892233,-0.04039623638446786,-0.051073760585117985,-0.0426275993662546
PIGF,-0.00413314654725131,0.050205520712132,0.0203673946820449,0.058865712729342407,0.12782684416304088,0.06713287470061008,-0.041152377835852086,0.14449134820707019,0.26904799626747145,0.04677991822539034,-0.03229790607642485,0.03910370909368385,0.10034032021720903,0.11792509710239975,0.04109661894263092,-0.13394877706402913,0.028578958605737136,0.05777321016334181,0.1146264363523256,0.11260337992112196,0.019032064583455074,0.06249075635655489,0.0338809713404907,0.2535570467689172,0.029519585806738184,-0.002541900850596636
CRH,,,0.002036446203344158,0.02245832106476288,,-0.009401163662267538,-0.05443384238285797,0.02372109216843167,-0.09806049160462421,0.01324318223920031,-0.02753482397246877,0.010950264604552498,,-0.032330899754949224,,,,,0.005313423709382593,0.019378576003539417,-0.008947398436850714,-0.015128399783745632,-0.030209804596356846,0.09061376874198797,0.010995556035460322,-0.0017981695072331405
BDNF,,0.01606890752572096,0.007966534606177104,0.07919366811367524,0.04320654021143596,-0.0011313089025483441,0.02048295592146011,-0.01420469342728046,-0.28646651797104256,0.0081388622990187,-0.015967562553010416,0.05681330935335819,0.06711867815397331,-0.027264939323801106,0.08519591340153373,0.008809120331689024,,,0.11517396132275519,0.003707529860748198,0.06253211897864547,-0.027879769361281063,-0.07364849292502323,0.11902154331496455,0.16182324907010887,-0.02721749722934669
CCL5,-0.12030745205960769,0.0527254659163348,0.11023283089683235,0.004694604813436177,,0.026251372449118335,0.042581582564509494,0.0376890428789236,0.19340189849251724,0.02858854270342257,0.027125594558537358,0.040649704629948664,0.05859298750792219,-0.013095307960929097,0.060301125921684864,-0.007256527926547779,0.07843556012483338,0.05385229366789345,0.04525732304440906,-0.05882743394589299,0.021711689561955093,-0.06847740038623308,0.029937633540422497,0.13095434493748995,-0.07935104968461744,
GAD1,0.039955110744154254,-0.06576783048720702,0.039316914003478746,-0.0023878756731637715,0.18215686621509825,0.05888050809041102,-0.03274282350375084,-0.14546706764318446,-0.2051329259516324,-0.03328818773147683,0.02931336984279577,-0.023938761151258137,0.011163426445216795,-0.11937029400398685,0.06878460650880767,0.0553641436902357,-0.010336844120095346,0.156038013420401,0.04684358523061581,0.12510053834431695,0.05558364767210414,0.024180372630951647,0.0561193990583192,0.0626410532824763,-0.07292271993269557,0.014132901152913742
COL14A1,-0.007955088363020066,0.016993579807224813,-0.035101011585937446,-0.012759192653163363,0.05401177088704841,0.01315869654942359,0.03531838525242513,0.08456265255898847,0.15282021019754088,-0.03119975514084807,-0.04340344658628489,-0.005221272986771821,0.03366829109420633,0.08141683086598962,0.09253210847507189,0.024552701775902012,-0.002901661916629518,0.15974459842540992,0.032799679750866444,-0.022721014100437607,0.0033623378988660592,-0.014069004775806231,,0.134199657757949,-0.014887598171623728,
HLA-A,0.0687137869745331,0.16370589740743036,0.017407891415204997,-0.04069418572091885,-0.04797951734467861,-0.07758246016959121,-0.0126056113874171,0.11142400256993586,0.46521634870213724,0.04710427572585012,0.04815948425519168,0.06597439712812528,-0.018614084106100742,0.11076171632656506,0.10706049930165171,-0.010091479428363602,0.04093876132943264,0.12281460100053665,-0.05176195108035485,-0.1591828983890883,0.0810884787216094,-0.0108745032220785,0.011305776450504608,-0.0385786688833873,0.05514808915856782,0.0881129458860195
CD5L,0.03144257897509099,,-0.02131645833737004,0.006158410689376068,,,,,,,,0.07863650500437319,,,,,,-0.022321217490905453,,,,,,,,
FGF18,,,-0.006190899960635114,,-0.02532136003593503,0.004514555493944133,-0.022594590700778207,-0.017773762852195927,,0.035021128023708346,,,-0.01947649053522518,,,,,,0.00740518171591105,0.027482713803046965,,-0.006565016780193582,,0.009108283992461544,0.039560554348765556,
ADM,0.027641627829948747,-0.042482314008491555,-0.038934878448471766,0.017687049577880348,-0.13267279391533943,0.06772341265930591,-0.0227305387218954,0.20334986899054022,0.24656072780729935,0.07694350542173493,-0.0007670517989716852,0.009270367331961755,-0.10642279905963026,0.04238805485631163,0.14329679033754805,0.005433371814282049,-0.0148197544254839,0.1104396925138568,-0.06657619014120009,-0.09017525069339678,0.0201318656547392,0.028464172164120734,-0.03312449098617625,0.022400958652113837,0.1344605559978907,-0.050445355991829845
CCL15,,,0.0311377167266743,,,,,,,,0.05103226216583393,,,,0.058189267832075744,,,,,,,,,-0.0390530195258263,,
GNAI2,0.015126913407812413,0.04622930864854912,0.03274230604836569,-0.01672338229318138,-0.008835500033381379,-0.10362492198449857,0.029384730262976697,0.15609838982957203,0.38894119001208294,-0.04894532072896708,-0.019730403330663306,0.021262836690807793,-0.03731785713567035,0.1279801933098532,0.11827629201450388,-0.0008711680934422242,0.06288295328149239,0.09236614812045058,-0.005813813425298878,-0.0009253334091944346,-0.005225714846334221,0.026465652637187025,0.00260352695838783,0.0955222538514619,-0.01737415851752562,-0.00040099098212737015
HDC,,,,,,,,,0.22491129010990832,,-0.017126638557270465,,,,,,-0.09604625546540481,,,,,,,0.13247221046752095,0.030605634605465063,
COL11A1,-0.10573060237213501,,0.03558647236998616,0.0026122571053932018,-0.03426056124062075,0.025010867770421174,-0.027923936301611677,0.3264010943915548,-0.09266243034216173,-0.0028930137632901935,-0.02850078036333263,-0.02497450571548194,-0.024371075942740766,0.06677772828005495,0.14380678826299406,0.029127309967052695,,0.07223380855301306,0.0797443087561705,0.045555231580862277,0.017910207689490098,-0.027126114458690447,,0.023758089528103148,0.14121973654169456,0.022302285001208094
NUCB2,0.01229501235708672,-0.030150501267199193,-0.0006470580237829913,-0.04265044843257976,0.01714759942603904,0.06843709883158824,0.0019285221702589213,0.012168900419505375,0.20119283120213285,-0.002472814237337477,0.01417679754821874,-0.05265392079321656,-0.01393834900928843,0.030326165315344666,-0.02711151977035729,-0.047798760789387884,0.14424583158963689,-0.037684876260874724,-0.04554963588277909,-0.10058877585995897,0.01228878460095607,-0.026693594482388876,0.14883444262202963,0.13749315395261172,0.004948909971831231,-0.03477900485581949
FGF16,,,,,,,,,,,,,,,,,,,,,,,,,-0.0317395849975804,
CXCL1,,0.06548617792597125,-0.010269728282249238,0.005392231762568491,0.00020530951096246638,0.010575131579842596,0.02309094446869728,,0.0645992873807175,0.03322660762452366,-0.028068941160365988,0.10103002800863335,0.16421581498233137,0.07780645947497265,0.061548345024161906,0.1271734215758389,-0.0748774573927504,,0.036373127090223514,-0.001090056621166049,-0.02893953791063167,-0.06121789782250735,-0.053544863873436564,0.05921251062688269,-0.0033289232454651718,-0.07671172778039702
VCAN,0.022003334754675866,0.04227388885473067,0.047182628076624204,0.030176730655350873,0.06434692122586755,-0.07745662762279541,0.02955414852589057,0.30130396278035215,0.27474670336722606,-0.015702962040914935,-0.025526569153364903,-0.040949429334035795,0.07351501931839592,0.13702154149349113,-0.061016666652171855,-0.0021479829640676487,-0.01167763964994064,-0.1469844231980326,0.06341365061348939,0.06654753946041997,-0.044683030814359634,0.08921143228614643,0.00020125158556873546,-0.22722906448440716,0.018939707477962944,-0.016166822669592507
MMP7,,0.002073796148783596,0.03298527861204259,,,-0.027204689614624834,,0.060894562025501295,0.017518064101942326,-0.012605881935884357,-0.0522156130113405,0.01726333265150557,0.040248391667579625,-0.017944567495559442,0.12324663935547263,0.012383939305673077,,,0.04066954179233917,-0.09669460183783582,,0.00703555096236633,,0.06658108900348819,0.0620239257409541,
PTPN6,-0.07629318289305129,0.011001484366606166,0.017663565908061656,-0.01779361891380868,0.05132225979633765,-0.017240108907422502,0.0013880368914234668,0.08318063481712522,0.22857339374169341,-0.05721626484781207,-0.003370620729274079,0.029615007186374116,0.034930097135075514,0.0046196135264278855,0.16819991666506315,-0.02505263561152546,0.013971829399813637,0.1190332684442921,0.00795226893896987,0.056843106783003076,0.059162319892431266,-0.0067589759266912745,0.008207081736864656,0.17171363558635053,0.056507982496938905,0.03548229344607475
PTGS2,0.031023571611895034,0.016880067840392764,-0.08181421225884468,0.09663307227767241,-0.09698046329799685,0.06324668127290244,0.03394397886638418,0.06926682777671977,-0.30297218138825494,-0.016835086375298017,-0.042423091002178406,0.06942982088604112,0.04693465589853048,0.016341509956117783,0.07291330375368742,-0.014598886808985386,0.07080752007775672,-0.06849750299304311,-0.05881480482126281,-0.06500726761957214,-0.016378046592189666,0.03381549964413141,-0.018907013556077396,0.0913696475791528,0.039823875851605496,-0.031012793815569647
XCL1,0.02102411322688987,,-0.025037261675784947,,,0.02402399096582737,-0.02297165967178483,,,-0.012431397275262412,,0.05616212272445818,0.05237912932699596,,,,,,,,,,,,0.04175036140242334,
CD58,0.025377530941488088,0.07139468257734646,0.032375296828147174,0.042379431868162246,0.11295899347329792,0.06533275414339289,-0.021249464015699847,0.13529291131911514,0.36876625084818965,0.03974370221676097,-0.020133533879601727,-0.04538675303004164,0.06010895670415167,0.10510117532333686,0.074965728799006,-0.002190820194452354,0.009701063466473111,0.10516978392990696,0.021183524548642328,0.06252095651516909,0.01761486771423022,-0.010640933434698203,0.12593095557845474,0.0651413315380446,0.039576307491528885,0.03715858998755879
TNFSF14,0.1352921864870423,0.06464781021376052,-0.004301393247928242,-0.02617854713991903,0.05469951985870019,0.02699559834332619,-0.006670880091374264,,0.10579975623512843,-0.00860168335126189,0.04964449566677529,0.06483201546365124,,,0.13408311152770758,-0.029911480404209555,,0.010255381636501472,0.05489541518383468,0.026463198459239747,-0.0257697668155926,-0.01339015376932549,0.05215561834086178,0.09119959469637287,0.032897318054146446,0.011890916265155406
CNTN4,,-0.05719846822274221,-0.008701537036210556,0.01873000386527166,-0.04394113281870906,0.012501085540200199,0.013617368738500918,-0.05205667288131238,-0.166276078971609,0.012571377262048326,0.01054591937581659,0.004345063006230534,,-0.06482787700267775,0.03434524576760985,,,0.08641510420813171,0.0503928738883637,0.06087271709374985,0.004097313916873647,-0.067731808972217,0.03184273817661129,0.015048754538723239,0.0038638878826749608,-0.08978711806100194
NTF4,,,,,,0.019422796164104163,,,,,,,,,,,,,,,,,,,,
INSL3,,,0.01339600599751393,,,0.001353552282930022,,,,-0.01193956205374841,,,,,,,,,0.00433344013005251,0.007456494568215753,,-0.002531793360658747,,0.02494325832298012,,
BTLA,,,,,,0.04992996903177954,0.02295503626187538,,,,-0.00847136740459153,,,,,,,0.06964494156087805,,,,,,0.046327146060070344,,
MFNG,0.010965708208177521,-0.07036982919801382,0.04988375320014499,-0.016532386094919378,0.09814753282811824,0.062000892152114864,0.01816750025767849,0.1873299819111148,0.2865823036770241,0.007624513664367497,-0.018009463501996417,-0.0259019262120813,0.04090660834091499,0.06434596058837382,0.09385151840876368,0.05242763441828773,0.1372638371010265,0.059889529473845037,0.08382662188928594,0.10045827311735722,0.0706660676343825,0.04161872209178949,-0.027888627940475023,0.0955433103449806,0.009450808477027109,0.04717132935502759
ICAM1,-0.06493376075397463,-0.01097559129840365,-0.0370312652257332,-0.030211530053403022,-0.0324929070487594,0.0038103544689063844,-0.005046364825708973,0.09680381533913761,0.33166357553918213,0.06370202397712045,-0.0355710308104843,0.03549207120238128,0.05122989316748743,0.09435458245385522,0.06435697270278658,0.14518030772306373,0.012389556669308873,0.061309312419473995,-0.006594796543183762,0.014342722386601375,0.059358392610502964,0.0047032356830146865,0.0182327066660916,0.2120713738065848,0.10737595381027946,-0.0024968917339025765
PROS1,0.0581868313112102,0.058444668957729255,0.07149265860135691,-0.0025185995318345667,0.11866961843282099,-0.04051655909551513,-0.03269899061280808,0.13994795706434868,0.3989128154442287,-0.012860386788696526,0.00483554174535704,0.08026575638013436,0.07798207323462804,0.010852853063502546,0.16024311376790717,0.07342060948482798,-0.03925408281773279,0.12634664483478286,-0.010146221782992881,-0.06277429669399838,0.14097445617333487,-0.05570790341384875,0.007414797135642438,0.11850189858043846,0.07265572319954404,0.11109605635896806
CLCF1,0.012313669276010466,0.03982929779611666,0.054948942376850746,0.03625606871759445,0.009158493124967812,0.04754294989029275,0.000447591638434395,0.10523808299054539,0.11058212956444627,0.022872636008754783,0.034739723217071056,-0.03448223564524044,0.0703906180942407,0.10383640977986937,0.13645228934134937,0.06433420152015326,-0.0183846468163268,0.07035878893996902,0.058324727534231076,0.06417532369087557,0.0433615417292513,-0.012783471051792668,0.052849811722328464,0.10335452945208065,0.1183752083298741,
PSAP,-0.09835410382908685,-0.1130054298650546,-0.013228622749829904,0.003101375431124412,0.07297629355467568,-0.0480696534710606,0.008846958352434639,-0.23020399078238263,-0.2524757524295026,-0.08752829849001724,8.260716055754103e-05,0.07388519619802028,-0.08022156009630686,-0.0633123769241284,0.15875550821813084,0.02344768464252158,-0.006020916077312631,0.019119376173009527,-0.006046353103312219,-0.13071053670406607,0.036471271970669183,-0.06967587888158303,0.03785725415042687,0.1437000029600022,-0.0105116755655052,0.1130960918293482
EFEMP1,-0.03880852685811305,0.04265668684671193,0.0015575571369342179,0.03703550671243277,0.014110898061754792,0.05368032709128878,-0.004654530215032848,0.07573133108692144,0.3185919131457257,-0.027075213462203217,-0.026607750050456822,0.006276586076992491,0.026844942841505126,0.1570755063787065,0.19576061702296535,0.07213679013208074,-0.028356561068806692,0.06690333424689,0.03347669896312243,-0.006828904877743145,-0.0007545941432386708,0.01286556852865409,-0.13955667595532933,0.015482875845117079,0.13641630232845142,0.02764604289532492
C1QTNF1,0.06227895976875522,0.12579311099201765,-0.019353356063518852,0.014429791393295232,-0.09204344534812353,-0.022900624879392574,0.08442187769378598,0.03869983542973724,0.2892157939865781,0.03749006574192688,5.730970156033301e-05,-0.039943139366224865,0.01122193493459436,0.08517645880733173,0.09406472837608115,0.006101507636548065,-0.07383385526058131,0.012678813724808738,-0.02133354165686046,-0.06646695388839238,0.041467784701432565,-0.05835236526870982,0.011742093142384257,0.08658585294261259,0.21626364797024963,-0.07919735831359317
ALB,0.03277195269759476,-0.021270809158334705,0.041809874718811195,0.0011831885182306077,,0.017248126270960677,0.009114727069417922,0.0028779616151808213,-0.02509726935782774,0.0007009869848598232,0.001193009966669908,0.020559630086911748,-0.03604406671130241,0.08300278004364318,0.00448698628242862,-0.062819963279894,0.07061829735299313,-0.017178721466145234,0.0417901290713339,-0.029505999154742717,0.02987549329518348,-0.03919820859263194,-0.06312248237326641,0.10010996032281148,0.03003637531405895,-0.02924485890013962
CCL13,,,,,,,,,,,,,0.020118291215194224,,,,,,-0.0032744470893093704,,,0.033192476279890144,,,,
EFNA3,0.059136251156357615,-0.06226645338601592,-0.01398587229162708,0.02128876385108262,0.04126832456170414,0.0015619033199533886,-0.007195266697647139,-0.078039800638612,-0.26158378364008944,0.004775322620067305,0.03989181099996103,0.04548775262028231,-0.010533399762689504,0.059154779254461734,0.054429046128725164,-0.026692103748416227,-0.07663239558175708,0.012487762864478558,0.0809552463756918,0.09559864619447789,0.049639593902438196,0.0003513696029003118,0.03941613393593808,0.1859757151309657,-0.023012080662138192,0.03253116649578806
DRAXIN,0.002085516177968145,0.08693842973868525,0.03634625340415314,0.0431872699092277,-0.004711213701838351,0.06797218480798328,0.03477479194175872,0.21269855321974976,0.3168150406673517,-0.004774568800440808,-0.010697954562507364,0.028089118992207885,0.03838081414118717,0.06580409867892828,0.12338418585450199,0.07963360704840804,0.0809015970050516,0.11280735579942906,-0.022344551895603568,-0.03897711924829722,0.01731944261645139,0.06165182690527117,-0.04420562936779827,0.15786439008397196,0.038208419404072554,0.11320468776032573
RAET1L,,,0.04271482031210657,,,,,,,,0.029111242450187647,,,,,,,,,0.03083054885480669,,-0.008157581364320873,,,,
NPTX2,0.023292324921935417,0.03638379608191951,0.048428327053447386,-0.010913093777442472,0.07138152138848185,-0.052334819038935394,0.014232169811731409,-0.19197460457497145,-0.40071256909372804,-0.047547586100542244,0.016409599497381362,0.1496308674420277,0.02940274552061213,0.0391859299430668,-0.017400189669794962,0.10787834764542197,,0.02474215514617549,0.025704249619194763,0.03869570433221395,0.06344911984841685,-0.020117990433636605,0.010137846317735528,0.11007009076063165,-0.08925402217723875,0.036847258364149815
FGF11,0.06232784498187534,0.05272360129434596,-0.03835052252953577,0.06080286629896737,0.024235025547682445,-0.010817254329584941,0.03811116892587883,0.20483671969655928,0.32726392788771674,0.02329066421103579,-0.053748878128503576,-0.024149783234815238,0.015999373196583483,0.08171282461472426,0.1392728381870416,0.024154799954152838,-0.04002249237237789,0.10747313618800057,0.03158485998520018,0.013000832466996461,0.06391644171913834,0.016380362804257406,-0.07554441017932836,0.2164093039310514,0.12756377816109163,0.15494130195767536
CD59,-0.05248380995389749,0.0193027197587287,0.03856974043983572,0.000576422895340031,0.05251706884193263,-0.0846091024908298,-0.017871482111895338,-0.19525082555690548,-0.24413927282619372,-0.08525639214790967,0.03628119670005504,0.08957816455994334,0.009982443922681043,0.002083332843812406,0.21756753150318126,-0.05858032154098604,-0.0001254591116818267,0.03583142314773805,-0.02119622930545734,-0.054214682011305804,0.03459285684299257,-0.05061615490581897,0.043658854055136385,-0.06468876558361675,-0.09210649146659938,0.02638838602006707
COL9A2,0.04708254586509466,0.08715972899062026,0.08716673309912087,0.011294304675711523,0.19409875493162557,0.010648146685338367,0.02227929885506852,0.17115558097845687,0.10356193030218214,0.02142167265731772,-0.025904550759769895,0.06988415840516897,0.05529636025041224,0.0805984570019178,0.15979323880493124,-0.0989884997715301,0.11883119328638304,0.06757144224572477,0.07677603877462338,0.14575172037877526,0.019645277906825766,0.04472912408495567,-0.052012829424648035,0.11988048689266245,0.13692086735018402,0.02733975860481257
DLL3,-0.07252056180019208,0.004612323708282451,0.08696202875354059,-0.02513191296258022,0.07731798885787247,-0.05569822515926616,-0.030459013701173182,0.19005167355337543,0.11529886907520265,0.011346451723616684,0.020614734493947275,0.0074112534503901475,0.007425631638638228,0.12458001530979526,-0.16028841594727106,0.08586500843790469,0.007352531891462158,0.03708431516814446,0.10832360056610339,0.19069639089078178,-0.01883701456779885,0.11032026146110979,-0.006339205324588655,0.17506134844604226,0.015549168888857025,0.17155762391252913
FGF5,,,,,,,,,-0.041657613961588014,,,0.05577906872377024,-0.00971735667257105,,,,,,,,,,,0.031127341564278287,0.08250917529071976,
LIN7C,-0.027937602750437694,0.04115583096285183,-0.03726282691379712,-0.0007419074748222126,0.06148385092398122,0.014616069858230208,0.029917516178799636,0.04098791118365506,0.09986511864775005,0.0388404217270378,0.08191389695820571,0.04953971468441627,0.0318217435104377,0.020117911742054056,0.03240979411956892,0.09471842594317707,-0.020966532324563324,0.10762694618224797,0.04220923509985372,0.08574077196904335,0.04439412187059316,0.05526463552932206,-0.008275419984797458,0.18272713409147567,0.07289627798427119,-0.0648218115462972
GDF7,0.057006587862165004,0.027719950012200904,-0.0131062304211559,-0.0076981664247242395,,-0.05469071313448165,,0.006588926746906208,0.0504901999293557,0.007007667516853466,-0.00984352832680484,0.018686084560291447,,,,,,0.06573576975198835,,0.016200927564704124,0.013171853011357556,-0.06692452940485062,,0.044557447634935986,0.04907134174597188,
PSPN,0.06020771593262261,-0.025996456910229122,0.026818768213709054,0.061601653071332495,0.056687025583869594,0.035364818879110034,0.008706695998702768,-0.0037175611199335287,0.06513832665324339,-0.024856369855698775,0.023843079163978882,-0.015571062419427758,0.09636974945056886,-0.026074755533336585,0.1637179630407441,-0.001253484011197661,0.07695487982291858,0.12257119549654347,0.07792943241754749,-0.07047550364552795,-0.0047950303760467446,0.021974142979265938,0.02270883561761503,0.20273886283229572,-0.01849227251280267,0.03320905826115442
ANGPT1,0.009672351678839683,-0.02609465951470278,0.03132655270206116,-0.008561645044436576,0.018556581927219207,0.01135693966714102,-0.017256438590908883,0.006281739473316238,0.2609425334462534,-0.0722539612025651,0.0031770071695408466,0.016977339862294747,0.10778912581636725,-0.026149187528197285,0.09837407312484535,0.061748029865805895,0.08979890826118929,0.044695059430992834,0.037346534223040996,0.04278079137205623,0.06060366420629666,0.021587238423416803,0.042398758602797966,0.19770804061257594,0.0009470083468990394,0.07826311188432138
PNOC,-0.008637188504950358,-0.06265092807134542,0.044621626650935456,0.05350827400705334,0.08324798411165049,0.028478283995414196,0.017736748450668655,-0.09999626922197186,-0.28970958174653905,-0.03943937738419815,0.013552096722048521,-0.024461442129995667,0.022028472595583007,-0.06474853533083265,,,,,,-0.008511457870816906,,-0.05330297039270246,-0.05289743612443288,0.034478009754937755,-0.044985324433174614,0.01718462883894519
L1CAM,0.01891685782599625,-0.056449709676786634,0.01844347163795128,0.02197069868926777,-0.01630208296552175,0.0257633331237207,0.015607979302123933,-0.06109337779548545,-0.18820707114686103,-0.025439026449041554,-0.013682020129810948,0.08345305444734359,0.02841074712646717,-0.13081795091291817,0.03591550796001038,-0.014830752975698993,-0.10880635442554677,0.0312410775071508,0.02748289485941728,-0.07952364369896216,-0.0235473709286004,-0.0031077535861953496,0.08850014236717249,0.09679710621785807,-0.04670362302916715,0.016297433604689642
APOA1,-0.0159611802955441,-0.02362312738220668,0.030819012309778328,0.04290335019159215,0.035112767988773094,-0.07313193949833616,-0.004853161440060795,0.10274535972326228,0.05803502888252046,0.045983586720724175,0.022133182484927207,0.01054929964641278,0.019910495942133778,0.057922961859545104,0.03121332271066107,-0.018498476681703794,0.11315831897616778,0.0764777270102971,0.06250962247615038,0.049110428318257085,0.06723278228600876,0.05980391043897228,,0.1122793800948911,0.05523536932249374,0.04868094802963762
PSEN1,-0.013101464534479414,-0.008341049180150474,0.009322359640445832,0.06687774926908469,0.021028093605937877,0.03382742829698425,0.019928401274168252,0.051344043313229,0.01855634320393025,0.05260150439351004,0.00195046285678421,0.003875962034843767,0.020104522143273313,0.11560797566341785,0.05870768607836397,-0.010224848639923682,0.06437930778955492,-0.08614189672010125,0.013068170937511836,0.00838564859598618,0.0673764777875142,-0.030129721778236338,-0.06349351041914135,0.04625455146739763,0.07139434154085512,0.13500488085037726
CALM2,0.03799868483950198,0.042671105255156924,0.08454985262851582,0.03332415737465093,0.07891310535187797,-0.08525349324316782,0.04774887213969323,-0.2365652751941938,-0.48671753071651885,-0.08749245736261947,0.007786109842357344,0.02397414328361161,0.04854985589980654,-0.08304086131810333,0.013066937007344997,0.026568197308629932,0.025130435596318487,-0.10643674502736188,0.12668167343071085,0.12816925670094592,0.020405659289106943,-0.013005020894986057,0.08420454312145978,0.18686204091504885,-0.068677470718824,0.04002920421141093
CLEC2B,0.02194352548282779,-0.02880474711930469,-0.008850248328978181,0.03894591813910273,-0.05942722795544555,0.023893641182285093,0.001775022838760805,0.05145807230963079,0.3856695787775851,0.009019908136131696,-0.026053125749329532,0.026754303375965724,-0.00983166847221125,0.02594744895030468,0.1845880283830518,0.039283644687740996,-0.0039126335631921175,0.005459592401592728,0.03805392486983947,-0.06466558302541939,-0.009686957598629059,0.021523994936499525,0.06401539714702167,0.18382874441345148,0.08287008370307493,0.04494164584606871
NTNG1,0.038439910331642096,0.006624297247078541,0.019212856422778837,0.0007279922647984046,,0.02779694998087087,-0.01497004029774524,-0.03469192457883206,0.046765127744177966,-0.03799067215639102,-0.013617605774659905,0.017843192751039193,0.06866790526521943,-0.06786150139066438,0.06779624526642077,0.018733333331950878,0.02962399541264117,0.07785928606318732,0.08960407271669205,0.1419887405995863,0.002422399343032999,-0.004535359048255441,-0.03742845252865416,0.20047234755744636,0.05809623837557598,-0.037099247123545426
LRIG1,0.03038605177735536,0.14020234967274342,0.050057803190745764,-0.008151195495570846,0.09150487832233739,-0.0038148341537617434,0.05356493879622385,0.02250989649153343,0.24180849141398836,-0.018916940539331295,-0.021346143786216173,-0.0023500242679194176,-0.1174901635448295,0.125646534239786,-0.02931989876391056,-0.10211968233847209,0.11675025668998276,0.08321824975778558,0.0895330272586935,0.1287416022065948,0.08569250298525523,0.011430984298366299,0.036748327145932395,0.07732396387302756,-0.08493304018895656,0.03828335049369217
CPAMD8,0.05734190249865279,,0.009847458718304258,,,0.030439456478638945,-0.025831391460083963,-0.02070304501000635,-0.03965858437068691,-0.00732465022000659,-0.02055399102126988,-0.049124012434719304,,-0.04913757364421975,0.05110647037027568,,-0.048913559669267824,0.08343245645553167,,0.0013094390026235458,-0.03186255153591729,,0.006284276394192456,-0.0037212446343056365,-0.0024566891450121297,0.02664127433577539
GHRL,0.00742548081506821,,0.007658111009723181,-0.02067587119052373,,-0.011592802650239235,-0.036739929626908,0.05189116415335026,0.014642988588372619,0.0036512612422824487,0.013320507826002458,-0.027628296190116957,,-0.009481525879376215,0.03510547971406263,0.005466246633876307,0.054096301286891746,0.0819090967017308,,,0.019234819529355674,0.03334358265606508,,0.0456769289948911,0.0832285665183697,
NPY,-0.008076410528130146,-0.0877898904463534,0.011523858380839547,0.0846247339847245,-0.01002597693164888,0.00513395379170158,0.057092338819735015,-0.09833155274493471,-0.22067745569664307,-0.048931907043420084,0.09250801363790255,0.0897671471099229,,0.026178115297026565,-0.12499575585568767,0.046285344289175544,,-0.021704041936355473,0.09482107161743322,0.02652658631402314,-0.028715336893708875,-0.0011358168731200238,0.03969896774742971,0.04479532263674178,-0.05779008456371079,-0.008486755465235309
MMP2,0.016837021039450763,0.0632705997161988,0.09105029226328547,0.02625395102420265,0.09353812118359413,-0.05558216433127992,0.03251320461280998,0.18406540056282472,0.3994364504298148,-0.08214262038146496,0.005899919265430262,0.045050277527691536,-0.10874932367743863,0.16290943729181412,0.10865429200390926,0.06568405626334185,0.07035002751561364,0.14649133144038237,0.06625844022539146,-0.0067841096738970414,0.0221753945166886,0.01587193976517167,0.036028656735331316,0.027004903998789916,0.09334108492516123,0.12940826659063934
LHB,,,,,,0.03817377584984626,,,,,,,,,,,,,,,,,,,,
PPY,,,0.01663930318744669,,,0.07943230798533564,,,,-0.005183633199366039,,,0.019986352592271862,,,,,,0.023191627977471912,-0.01548094571608007,,-0.007795990559768671,,0.16321054378665337,0.06378495302426733,
ALKAL2,-0.05055788749860882,-0.035044639431354274,0.027333576305375463,-0.020394837282138464,,-0.004929336656609097,,0.016632767087837567,-0.005150440297609304,0.029908889838782607,-0.02593131293869991,0.0820542742205485,-0.10625368256344828,0.07660581423606896,-0.02536521960742292,0.012755989444427733,,0.0517232018922843,0.08918368699686863,0.04473423931185062,-0.05661524710512233,-0.05056657225497364,,0.03833653528595508,0.007870218701409845,-0.037572653402304125
CSF1,0.06971813768074446,0.06742415819530005,0.0758277917788137,-0.029961648402473548,0.0005309812514932724,-0.01333142374374828,0.04412120345688701,0.15826551311686007,0.2561034015642599,0.04523478403421995,-0.00574661840235361,0.012304468606073694,0.1007098320428797,0.12480364333526164,0.15750226310127588,0.007654123458619881,0.018262872195127993,0.08182656766818136,0.11006739057386575,-0.05916629857547618,0.0777520974526782,0.0517354290405824,-0.06732802101167443,0.21231483380423655,0.1144608659942269,0.031034547294992703
SEMA4C,0.037005964626292784,0.02509331441286898,-0.02335800680427913,-0.040307985431269046,0.008559886524391465,-0.021022060118368976,-0.030959362007691307,0.17642159645756766,0.14128422822191794,0.002743900899443804,0.030024728201680145,0.14809626262996697,-0.06352002598613836,0.08739289105737297,0.10201249313607037,-0.011608047104451498,0.017556611126290013,0.07996278880804554,0.01531798469565259,0.026610527534878116,0.02263037361081366,-0.01243655490472534,0.02690808644296332,0.11277469161998031,0.05330172978747001,-0.07227393489781446
BMP8A,,,,,,,,,,,,,,,,,,,,,,,,0.005754140462059306,,
ICAM2,-0.009900255978113705,-0.006668730520453835,0.049231003144534775,-0.06166976277494543,0.00506537745298408,-0.04309200400035496,-0.025622560828814304,0.03746781242659969,0.21752665749308042,0.026711245544451465,0.017576296315194195,0.0014646320252514904,0.07968163384236603,-0.013959670990024958,0.15651710437155672,-0.1443859504380086,0.02858466571803731,0.07628512335847473,0.11923783951058287,0.03232297412154968,0.01978606510137932,-0.024803358944942736,0.051618691108466244,0.15656531612705088,-0.07861931919663871,0.049380233585507846
SYTL3,0.00044649737089703825,-0.022066524382424887,0.015654743568065264,-0.032096600374238164,0.03383258646980372,0.048312593125432665,0.06401835782393472,0.04220645387470387,0.16863799404514979,0.03507118207006878,0.03931682008397494,-0.022851421107365228,-0.022448297766504755,0.047813594456718206,0.009924759536814591,-0.034305269587474194,0.062282458489959544,0.09605890304135944,-0.018088160162338454,-0.030167396525050107,0.09113190583003176,-0.013383184825968975,-0.01595891787576437,0.13448345763430727,0.0017500455186680965,
IL1A,-0.04044354517619399,-0.02644737430667177,-0.02266407043042791,-0.008842921774669832,0.0295291226896464,0.06686690930874534,0.022718879021356615,0.031053776701713026,0.14860093840447508,0.03349798565419832,0.02853838042650605,0.09584136338719007,,0.09123905904553414,-0.040933029203643556,0.12291828009192646,0.05499292138586358,0.061526260331650144,0.04657385303062534,0.04325517406114619,0.03588285155202557,0.04711157001325001,-0.00829208451950168,0.05868342953687315,0.04813111509216675,0.05866989334832494
HLA-G,,-0.02906060722411069,0.004360657731219866,,,0.010580585226374666,,-0.05378189196299562,,,,,,,,-0.00446711585809444,-0.02593238385896302,,0.028838269668117193,0.03274692024696847,,-0.05436550086384082,,,,
PGF,0.06495497278339751,-0.041515726637376106,0.029369641586648704,-0.0030617309682051935,0.018071272292646046,0.0580653028236857,0.05189040414698947,0.12988806941025638,0.39153641197395683,0.06115670431954222,-0.0025623060349470395,0.0019351348601325433,0.099727928756593,0.06553731191494819,0.1613467993107104,-0.01916369535725603,0.010903220574833481,0.15328586917027148,0.095609578291277,0.060377916287175724,-0.018459132724256058,-0.0183546876592081,-0.01809528484547836,0.14949018460611688,-0.006862897531510597,0.02114687758745172
LGALS8,-0.040567537347743404,0.0559984571541481,0.00872761029869972,0.06726847389498515,0.08167145561190778,-0.013934089734964182,0.016935179156046507,0.04853315637372434,0.15226150488373827,-0.016413655237203242,0.0015201082418708294,-0.06324068801144667,0.0002934429552717879,0.01772800230282267,0.0631263380911333,0.02104103202274267,0.06748361658743852,0.1304316673128618,-0.0023539565846473257,-0.024716094566554058,-0.01639530843362918,-0.0018882805067570497,-0.0010738419238755265,0.1449890499014406,-0.04798113926717112,0.0323244865044962
DKK3,-0.007697056510895296,-0.013072433087010569,-0.02532218140682718,-0.03172888897515819,0.0645314551046002,-0.07239208463933045,0.01799914741647279,-0.29235528415415835,-0.3615644959430137,-0.046069850728891415,0.06927027498870963,0.009917888204902442,0.013101914623924666,-0.10364080222142247,0.11425405096902129,-0.011642340293357499,0.039703621738394305,0.0006167541138557407,0.02784648738772451,0.1002797676876308,0.06373381211469091,-0.05336445079412547,0.05728426137075014,0.1404878732134291,-0.16417733483396857,0.008803304529022823
COL16A1,0.08094414603335896,0.14203929820319838,0.0570862923568101,0.007110298665045705,0.12333026580347979,0.015351918192546995,0.06542828223224324,0.0490698879339496,0.15169682155685701,-0.01581525772485469,0.010681450195510003,0.0783215697134086,0.12380197249370081,0.13869620728556512,0.11823626700657285,0.010297112664010634,-0.032597021705686964,0.100305258747404,0.013642361027419746,0.07526620918241354,0.017349821103014182,0.03804754574650248,-0.07697572051417788,0.15059805887606453,0.0022304692732474417,0.032881033894527956
TPH1,0.04465629388646498,0.08670553844187719,-0.01732653219151152,,0.00908627107534287,-0.027080938778689025,-0.029517153221199466,-0.026319297781561096,0.0855021044341216,0.009204443325868178,,,,-0.01686487563801138,,0.09867256318616549,-0.08543322007058433,,-0.013048942152082686,-0.06831011686114354,0.04642312604874289,0.00026165555004316945,,0.1224600642934849,0.10204542768434711,-0.03636398676689293
TNC,0.017525552557502995,0.09700624292775781,0.037024637265575644,0.010647347184091922,-0.028674669042961055,0.0669187157103076,-0.03674588089179194,0.23704529004301433,0.48625334739574866,0.06136358084626355,0.012565085772663355,0.0010023479615881364,-0.13109940595246924,0.13900941545969772,0.07110078099351556,0.08634869835754946,0.01127361629210451,0.09094142112023773,-0.0301295385145846,-0.13407853822372845,0.03917077310732327,0.0007969558746140004,-0.005737613355997569,0.09251527073585346,0.07073616234418656,0.0939146003844463
TNFSF9,0.001098491972160756,-0.03007245305554335,-0.01897342392428964,-0.007965734184982299,0.04248227836383798,-0.013267943330643382,0.0016423917651977322,0.04984528380274011,-0.1233657878030181,-0.011730528703057989,-0.0379184885358222,-0.023572239273460447,-0.02749063695023373,-0.009760371295626347,,,-0.03734269698995905,0.06722797350855417,0.04118963949992156,-0.037728889131834,0.08999157552433334,-0.002384128014249144,0.12517104618563588,0.04672161374508258,-0.05963569773737754,-0.04983570570237328
C4A,,,,-0.004803136464587495,,-0.023168932964562388,,,,-0.007538924681476203,,0.06554003903339364,0.014479338660323209,0.07457440276570146,,-0.0028747500506519858,,,0.08265977364482005,,0.017290795516615776,-0.05550721994484442,0.08827324902276722,0.0792059189736034,,
CNTN2,-0.0774541898382033,0.014956745582950575,0.02250633748130138,0.03570070979122616,0.10695595289047506,-0.007014367371927024,0.0527916881992538,0.0633787128940934,-0.11798285071689249,-0.025624378391007615,0.06908247077111591,0.03109260672866829,0.04528077523321357,0.03425203956251965,0.055853171712702036,0.07928624702260029,0.06899674247824647,-0.09041750092612205,0.060059051363438185,0.12699255661741357,-0.06859987971118839,0.0491035372598545,-0.04070726263950696,0.09144530889017151,-0.16003945678282042,0.024445598218809893
F7,,,-0.005441844867008185,,,,,-0.013857154811003202,0.0028004807080934837,,,,-0.054590905845011466,,,,,,-0.04901734989475261,,,0.04805612622277357,,,-0.023837905851644206,
LUM,0.07506418195674479,0.057092279455611426,0.08702351611066562,-0.016089165865625105,0.054481645235063735,0.003204405414497767,0.003936326541679819,0.07341830512359157,0.3880943133039748,0.004885376492937488,0.037201945138884696,-0.04968131997464537,-0.03618505137702707,0.01800576165679871,0.22503736281875394,0.059201711149457915,0.015472278212426001,0.14319859330984652,0.10146881869273786,0.057502191164590204,0.025807945403173178,0.0010995995965681889,0.03777251804942832,-0.04731314491156583,-0.010092504815377087,
IZUMO1,0.02865946344827468,,,,,,,,,,,,,,,,,,,,,,,,,
BTC,,,-0.019153241254434072,0.0020126298136338614,,-0.027805918713441912,-0.012531384677392393,,,,0.03343836069375053,-0.01637701296431978,,,,,-0.07232394641809525,,0.00816214914739472,0.0680458018510937,-0.04833093464883048,-0.019541262426451784,,0.14258347481411743,0.10225811703446179,
APOC1,-0.10655775068278177,-0.12065222571067599,0.06076592947153773,0.010301291044895263,0.17551646906529578,0.08191596322024798,0.013656896949947655,0.2132845685054865,0.4932770860447296,-0.05611051044258425,0.043118718876275365,0.006667741176318361,0.1377565603476287,0.07300969862130295,0.20658352446122985,-0.03795407232727066,0.004283725116189637,0.05294807595581175,0.0745396829590565,0.007688523062516607,0.06181955035183124,-0.031386070870021966,0.06540009192602277,0.0677063356551017,0.10904642611963855,-0.02231823503062765
PKM,0.0788278108031375,0.04801833193738149,-0.014923747276913969,-0.030906946541952533,-0.07426675481104648,0.008187381734418922,-0.026254011011108296,-0.08923275158969994,0.204113909136289,0.03759968356627702,0.0484715807459069,-0.017079145886488994,0.03358341381281829,0.018410168933985307,-0.013415470070992743,0.03295203651178498,-0.0707289024081344,0.15304943499398366,-0.03705996567461975,-0.09158821619469788,0.05032881097002595,-0.005576907449116865,0.011325870770655961,0.08154737467943342,0.13255683878590488,-0.07655525794605772
TNF,,0.018886746781392336,0.011654066951698868,-0.019482275745598056,,0.04502461874690647,0.00808940227725566,-0.0028080333956179942,0.05028222443047626,0.031675295963909264,-0.03358170118749877,0.06616677834152788,0.010104691535143458,-0.030784476224052535,0.0724996782758356,0.018808106259579637,0.0013733630213317275,-0.039741158206281206,0.02864448879422313,0.010177590933606569,,,,0.1586385220374868,0.02413326222575207,0.054576107705799924
GNAS,0.07276248493681818,0.06110509656388887,-0.06335441526363604,-0.018438334922109577,-0.038080715863131,-0.028541177526174553,-0.005392738431636609,-0.19721337472613187,-0.3130163754450551,-0.032308503962544546,0.03897342460545255,-0.042590994949761596,-0.15306784152169128,-0.011108674438111489,0.1578324125664815,0.04020045828940065,-0.010524632285935379,0.06278324075708053,-0.06763922025287927,-0.021617302226716324,0.040587008574220075,0.021773270908193858,0.09823185340119926,0.1153228423909676,-0.0478261824651693,-0.009472737597009095
BMP8B,-0.005972843342766038,0.06919334081363188,0.025826850996717964,-0.01439096694502381,0.029701646006832068,-0.022988361229732045,-0.019186129921480156,0.1762171418347305,0.019953273001617346,-0.011224215377789786,-0.03440240344455185,0.04079998979659064,0.03662962703124987,0.08424829504378434,0.11651220974411382,-0.021929660998748143,0.03601852289493632,0.05978983063145928,0.10044287772701001,0.02517151800811401,-0.03834959222414656,0.022053954581891824,0.08837583106511478,0.0993634681314517,0.053574097976395445,0.10391269817991378
LIPH,,0.022959699861242445,0.01912369999662865,,0.020515611607224895,-0.015332977410288856,,,,-0.021034648926183626,,,,,,0.06175948222866893,,,0.0263207975161421,0.02601183999520315,,0.007225934885021026,,0.14033799227467125,0.027620786880583618,
CCL28,,-0.08245394345173886,-0.017439129147185217,,,,,-0.005057194211468662,,0.03616607959584962,0.0039242274685835025,0.012934410289686409,,0.027676727460790928,,0.00230522334095192,,,,,0.019529946300861762,,,-0.0065868074697098215,0.038343246086616455,
PTPN11,0.0010333850393847341,0.00792394262038376,0.05582464893667401,-0.0024106818848105994,0.14021519142829525,0.026761490810101745,0.014161376249738825,0.056346737048825084,0.11943056789310265,0.020975685251845597,0.032206130487176465,-0.04472610734074744,0.062144798262366345,0.02213508176919787,-0.018126376538747734,-0.01649810358545934,0.058067338309423254,-0.017879886798732005,-0.03332404780467131,-0.035298299550435695,-0.009952692879285104,0.008691090450129382,0.036596315791666736,0.04474675764086521,-0.021334356787596626,-0.006033903222155373
ADAM12,0.03834000024602358,0.12702883996852446,0.013775464439114529,-0.01680967006385894,0.06419071081866308,0.0333617477935587,-0.02648219292229022,0.1348843026211502,0.28193843780074723,0.0055411086631480255,0.030894005650073244,0.0230693534485999,0.013322538621549388,0.14368227604591194,0.16154468207638492,0.0245889787265848,0.05673432830185689,0.14082732589117397,-0.021784352277848407,0.004622599544123571,0.05706697843537308,0.009521399317149267,0.12483061577913133,0.039705202284962285,-0.005509895474047728,
EPO,,-0.10473703905410588,-0.004037745482299232,,,-0.011674420406621748,-0.009642242831947525,,,-0.01166333807069692,,,0.10497841112641576,0.026251829451619274,,,0.00217156935162698,0.036017226918163024,0.02055667881608157,0.01994500071980223,,0.031320915937644064,,0.07100877074466933,,
EDN3,0.03834443876273237,0.04780108683766092,0.022734864408797666,0.05074683669140836,0.029770318810511058,-0.014316113873649216,-0.031069642140853667,-0.018036999133354,0.028759179290220562,0.0626291769592694,0.04742725351111604,-0.03259765161179738,,-0.040730771907196525,,,,-0.07761664972148757,0.03577169262794733,-0.021928882795279492,-0.01547235506098389,0.05184202677027154,,0.027532719101138484,-0.006603326762283372,0.011328335777415
CCL22,,,,-0.05349558037345502,,,,,,0.026633927930744192,,,,,,,,,-0.010202677305603725,0.0034114086285159965,-0.02638045672481192,0.08403031088530402,-0.0031372523765706636,0.017124071667082234,,
CCL2,-0.06425784052406701,0.06660911485995641,0.05559229406026836,-0.02978298768411634,-0.02887836290794436,0.057808029372049693,0.034876520417582914,0.08720123181189046,0.1402949968991626,-0.020382436205478034,-0.027578959869677202,0.04480521138078257,0.14517299348725984,0.04051587439245381,0.13934247556322965,0.04563197665074921,-0.062071333246234615,0.130085642009265,0.054723752975495164,-0.062123559934553374,0.04471063792667123,0.022716876798071,-0.00048249757091875945,-0.03347019466487879,0.12083510779417772,0.024173176158402938
DSCAM,0.019151111625431344,0.10323735013817761,0.039101011252446284,0.05687661803090504,0.08214143985548597,0.009908699511793299,0.042180514763922566,0.1897940787938119,0.11739640950161422,0.0027399880689876555,-0.004932397120797035,0.011498562336080665,0.062250602411014176,0.061612915002811845,0.07770255880326908,0.051687968628626305,0.0260363820085486,0.02794605202439873,0.06331891267845763,0.094624644336318,0.03084980810751876,0.0027605481711074284,-0.07889112918447376,0.1578086419872799,0.11386433424688959,0.021025396632688802
GPHA2,,,0.011599162793387626,,,,,,,,,,,,,,,,,,,,,,,
ANG,0.01214285033382962,-0.024139786773592013,-0.06867233902970057,0.07734894783012902,-0.06149371466161558,0.05884924114364387,-0.0034483356463052258,0.029487641287892767,0.1940545859669454,0.075862902040191,0.031087278326492863,0.01220154952750759,-0.012976446745564345,0.06588703404260854,0.0691359143915102,-0.005643024838102251,-0.03094484776377689,0.0295385720505087,0.0935295028965928,0.04924923827378496,0.029925489161366624,0.002109038981855377,0.036679707324213405,0.12916187725667788,0.06758221868062485,
FBLN2,-0.011610401842896474,-0.027310633735538874,0.0481049270356489,-0.005395379841314117,-0.029182701944186144,-0.022508690860538007,0.01141486047388917,-0.09191942013226585,0.10398691992264225,-0.044481584683232184,-0.03065136513835163,-0.032681643894238284,0.009088103219780385,0.006094997690007192,0.021656641996952265,0.11562642824104911,,0.0019868602991973947,0.06752090154262805,0.07643761650074046,0.03729639428691893,-0.0040744669375979365,-0.09959304936736672,-0.0024109809953520907,-0.0015729237102078027,-0.04645439769236274
VTN,,-0.024312382268565393,-0.023249206215024156,,-0.050685306815254856,0.06911429150502549,-0.0481599781147921,-0.001043700015181258,0.048237392400748036,-0.0422918821691149,0.019383250237803715,,,-0.07087589057560419,0.026041105919308416,-0.06361471883783917,0.07000919497435823,,0.010655038191936512,-0.033556653937394425,,0.019689851324542377,,0.0006105136803697094,0.0408623037590119,
VEGFA,0.02198859096853855,0.0063686030411612155,-0.053710696417333045,0.06348355857377035,-0.19404144844777482,0.03390330576927015,-0.03032183054104478,0.24946978364030273,0.28975272498568033,0.05597880385839211,-0.009274082722607041,0.016845288438098037,-0.10206290204648685,0.08185578141689893,0.09745281287341111,-0.024081751613467317,-0.07936081742847079,0.13448482145089288,-0.11311478386164635,-0.137598866099036,-0.012332394944868003,0.014316262892407259,-0.028874620109099764,-0.13539736313497983,0.09445721278774666,-0.023115841162812033
F10,,,,-0.009095700143154693,,,-0.005095846830263192,-0.0295337827858563,0.09804260498556,-0.004108282589747785,0.010513975411655574,-0.029221153581492486,0.04365509406091736,,0.0020131689166126283,,0.059581293449637154,,,0.04007014104441273,0.021176937904746437,-0.04243944062897236,0.012993954661762706,0.05637055556134982,0.012939624959081655,
SERPINA1,-0.024419097470491598,0.017393452377588537,0.080320955931384,-0.010978003521797468,0.1360806143163401,0.03398343862617722,0.03685563886424504,0.06751389039729065,0.30461064057217335,-0.0039429408162729345,0.02905317738709873,0.05224966820243782,0.11522659739590517,0.07805503592481712,0.07375601076890158,0.041801424206762826,0.04729779859810496,0.07468271400717261,-0.012779701278430382,-0.09635425004799182,-0.015105018141099316,-0.003400533854262068,0.01176269448172298,0.08443909521397812,0.05504612387904575,-0.11124493198554626
VWF,0.04551221862786506,-0.023789822805299433,0.08900386675778653,-0.00874540955735824,0.10678523461499707,-0.10662802506127961,0.027254683524692784,0.026282478264836057,0.3677765532041269,0.0308093797304936,0.02593228310736626,0.069297590086606,0.06767558242391705,-0.0073030646821136795,0.11211688101938147,0.05540543807369894,0.11289988972615025,0.12344725238961536,0.1361014838472599,-0.00733018961007231,-0.003192655395068693,-0.03336791913387402,0.02249784679511978,-0.0403875447661644,-0.12634520634262017,-0.047919336398991284
GDNF,,,0.0177208750509349,,0.02986640668382844,0.025462619961885626,,0.10008704283892207,,,,,-0.019854669176926288,0.010858335480886038,,,0.0724118128536305,0.055869692635575716,-0.028996283459572624,0.038422446609037354,,0.018089525884023374,,,,0.004019592895959548
VASP,0.015254787396888854,-0.00836313454256246,0.03196816323736003,0.01483806249496307,0.004529834623134111,-0.01051721928868123,-0.023829054999856616,0.12312473726131827,0.24953217806381017,-0.029142747514034225,-0.03729285823568163,0.04019753696369883,0.0445356822633538,0.11363886875512869,0.18683003890097877,-0.002408157100078472,0.03907826723840751,0.16887773848546112,0.008965830178020955,0.04073359223420995,0.03783356348568441,-0.03061835730292641,-0.08340747715554024,0.09545604780188258,0.042212255622569576,0.07747778494012945
ADAM15,0.07454044764961912,0.043105795511395976,0.008207298840554156,0.010308229194105952,0.0007486234449043616,0.015939038001104827,0.03387718939772707,0.1046975199774548,0.14513464812466728,0.014127138851958812,-0.00029759832176226456,-0.002121608683638027,0.022780202944977516,0.0383356624200943,0.0475691100096533,0.10026469787206149,0.030156070212912365,0.034971782975895836,0.02726907508834947,0.04536476828474311,-0.06376933254077005,-0.0029943093735034,-0.024857205539339993,0.1143197731364168,0.03889789064536328,-0.031011261592936577
WNT2,,0.0015561250478759133,-0.010291886428692217,,0.06907111545250669,,-0.06605461762437652,0.0014399139634176223,-0.11806014868492828,,-0.03217902230641611,0.007633873889283844,,-0.019563386874119737,,0.09347274885435063,,,-0.07433852583783511,-0.0006776223932730822,,0.023170292372123386,,0.07744400720023521,2.22113445699667e-05,
CALCB,,0.03781317018478621,,-0.02854579012661001,-0.015336880527944022,,0.016600709143184775,0.016839216079781283,-0.04575010768219617,,,0.013499969719775464,,,,,,,-0.03217673893315823,0.01408588069832867,,-0.011065751224076123,,,0.12428757139784316,
OLFM2,0.03412965766014511,0.12300408063368136,0.08699879546316804,-0.005282602674053626,0.08817947631281171,-0.018793762054678108,0.030492494014629886,0.03156345192159883,-0.13165343006504487,-0.03710773200877629,0.006943135277813022,-0.008889838887458564,0.0805599073294808,-0.001688135054188881,-0.0004967915270805479,-0.03942305862066365,-0.00675991711794499,0.1065239914920095,0.03269307943278777,0.0411306418817774,-0.02497967853254618,0.05057598444434812,0.05515983405636662,0.23405065694022412,0.08963157025359628,-0.0081676491090734
MFAP2,0.005454487665343749,-0.02497926747824021,-0.022624906968292363,0.016121229320526145,,-0.009762652915776262,-0.010068685606437526,0.15198361332421173,0.2852765163720549,-0.0025039496288499696,-0.07615121002557036,0.028255387592508074,0.06427745934386432,0.07884010388451342,0.2168282202948592,0.08371061737634534,0.09946393726762998,0.12147822564728203,0.028829381729175575,0.017285669377178535,0.06635100233417872,-0.04594628656791242,,0.12585868251968368,0.05706680091186921,
HLA-C,0.11611009823276824,0.10931708714094956,0.008906596973949459,0.005369410120884148,-0.03746065255810522,-0.0386562411427696,0.007859645617526495,0.0760118382526225,0.4496401670346067,-0.017789955083361644,-0.03301322603526114,0.05402754051598533,0.09463285940265215,0.13214589180186315,0.16004974561176194,0.011494570889020032,0.00452971374486198,0.028283581710499914,0.04921419265362841,-0.10955319494398176,0.04492793550466269,-0.007686208425101562,-0.0209132670682243,0.10815559297236371,0.03721088333722504,0.07174342379856745
THBS1,0.03198026075230516,0.05382982536039128,-0.016500825592157074,-0.016082956167266033,-0.12419294161966708,1.6058076652808017e-05,-0.015886005026053755,0.1249613305173752,0.13936143777887214,0.062403634213636816,0.021941622382020177,0.012392345804658726,0.043519984041705685,0.02866206165202607,0.1800792265958349,-0.06527376763352219,-0.023381009227736754,0.05113929415235692,0.010457603618900586,-0.0685409381425739,0.04667498676749596,-0.03011345635445988,0.06572242287378902,-0.12756684559945886,0.03973364666470134,-0.016279429353963853
HSPA4,-0.014634653783561378,0.13398159907804874,-0.004645281411148908,-0.0004888884566948238,0.07334310979576213,-0.00877801842028077,-0.017574021639482424,0.03162885973205271,0.058718077911664376,-0.01443616074673965,-0.028899320838145826,0.0398146602815109,0.06398762336273431,0.01119301120206367,0.08950124679270033,-0.09839003705795248,0.07792717556988854,-0.012146458459245545,0.03130847974175119,-0.052481719950007576,0.029038340787501397,0.02081147996533536,0.009526561298193488,0.03288938938275463,-0.08456698178156662,0.03247647653931206
LMAN1,0.048236767301911926,0.06162333463900329,0.017746893580062567,0.0070519451132838975,-0.1105326666856116,0.020818029981973407,-0.016461798173350063,0.07398942864204114,0.3927081654495834,0.05429019867265304,0.00800003795220724,-0.010327210361718448,-0.0344522042885716,0.02919482272315516,0.11676067804022046,-0.035256100454290215,-0.07674368258425987,0.039021148543704,-0.014792745094292776,-0.08801526934257996,0.012517262761671128,0.006310573184050022,0.02330494244196154,-0.02249299269983777,-0.014866697387728679,-0.11959438810460386
LYPD3,,,-0.04131353918460542,0.01487810169602975,0.025139081071448275,-0.0487617561246856,0.02180512516747858,0.026512994352520542,0.12663919414605487,0.02206737266605999,0.0450370758680715,-0.013886367135155758,0.06174196294214779,,0.0953935128555614,-0.07960892439972404,0.013212527030017043,0.03674629880109464,0.07104682009348641,0.040008175910213134,,-0.01491689076009118,,-0.01902975162947788,0.024015254279785757,
APOE,-0.037746839134940875,-0.07609305167693348,0.042572899142581076,0.013409162477122717,0.12312957002878162,-0.10331821386083453,0.012622350000749412,0.07019263303586652,0.19314653168706847,-0.08146367915776091,-0.01346231314969144,-0.005144051273099952,0.06535108034619222,-0.0765620296984348,0.02825628807076615,0.016899499845161675,0.05155884289279854,0.039339506977804105,-0.03533419789542631,-0.08490067204300061,0.014545232007724245,-0.0777178851359613,0.04691660291059985,0.053229369540720155,-0.10651923784036511,0.02734532716515421
SOSTDC1,-0.03885686972304279,0.033921028903670526,0.0061965476272408185,,,,-0.007109947994239705,-0.0346426840104371,0.007823351952223341,-0.05103577588593394,-0.0017877330860814856,0.045516506217068195,,-0.062235235193025394,,,,,0.045083119770940094,0.08192468995018848,,0.011991175238053308,,0.03629601845483744,-0.01854438013787753,0.00316258906290886
ANXA1,-0.026482691060640575,0.08953758777575682,-0.01389811593879808,0.015936432769690086,-0.02868289168937821,0.08256519657942289,0.006398979230117848,0.08900923269286141,0.4104436289263236,-0.01754001837380581,-0.011364046364992988,0.04541511309132085,0.04133845993777775,0.11969311700804097,0.13237875304100885,-0.08204673983779878,-0.035841472683016726,0.16853614409150197,0.01429985066111253,0.04163105862127832,-0.040174902897855705,0.00017845537035431083,-0.015191151306494061,-0.08524434250011473,0.011726205024427852,-0.002545377341531649
WNT2B,-0.029937994755169096,0.006912311404603088,-0.02385329351462425,0.010537609704168843,0.06776238284262137,-0.03767902094213532,0.05040326295399796,0.002165318655176906,0.12169164989799061,0.01594821017682008,-0.02385541667370785,0.03636526218833397,-0.013507380339449782,-0.0006616823488823741,0.08855582527670824,-0.004532933879567575,-0.12589366659661214,0.06650967173136885,0.009176200637854744,0.08735082424225805,0.0626060644547932,-0.013327123526068239,-0.049172703371718224,0.15453815184121233,0.09967237480023347,0.002475516390446452
AMH,,0.013831870759546382,-0.02440254281453681,0.0222593166334246,-0.008078077544460369,0.06484993421845689,0.021912899093048388,0.1257191319662419,0.031699264991295224,0.007648959973926124,0.006990266971232349,,0.07924873886680027,0.01633631039166726,,,-0.0045033328652999095,0.030371459566156726,0.012577551760444717,0.08408420850179188,0.012314877881123273,0.05903979969761457,,0.06641565271660914,0.029800808323256905,
GDF10,,0.0311032159286656,-0.039751195486291024,-0.02027260909992653,,,-0.0018354000979693373,0.05591037211744079,-0.03523627127896788,0.018825420511675756,0.03812361802264499,-0.06061606100285837,,-0.019430497474883235,0.1593242397254049,-0.021078517872178276,-0.02822143241460198,,0.015055625277250547,0.03677077819824606,0.07139873429141796,-0.000521490922909228,0.14421064070572243,-0.004368516406159931,-0.029339987358573353,0.03280355566086005
EFNB3,0.06293364633205703,0.012639191254744065,-0.024529094904339944,-0.04585412485170969,0.0341896353824962,-0.01679809870411113,-0.01645090646906196,-0.11577620498069341,-0.13885720214683117,-0.034988128527299406,0.03381981476234686,-0.03268614610962453,-0.04331028041171746,-0.006526376431443225,0.05846207987933135,-0.011831719406336086,0.0846915638475972,0.07294205575346845,0.05032856636089601,0.043149376612169,0.05183515649490918,0.05021988866218988,-0.006959740215256533,0.1993618782176836,0.031136099147503163,0.0562556688816388
LTB,0.06680681494641191,-0.006605645565206146,0.0917059485556905,0.03805901554062858,,0.05720756683437888,-0.01520942857109479,0.021509648519306392,-0.005576821352843463,-0.057075982100126675,-0.010621840378675036,0.015607516499623247,-0.016517184434119866,0.004218300175710817,0.05171157889401897,-0.008741900769242293,0.053096262445915476,0.013572364676848704,0.06575072511372541,0.01841346462143668,-0.02441883100344551,0.002979267907271759,,0.111508570891543,0.020258897790521292,0.006756555015273753
ANGPT2,0.04491563512429375,-0.021815857767466112,0.06859363646891913,0.015891538794107648,0.0031185926919947036,-0.06331711241646008,-0.015954632300635627,0.13809135989242813,0.43927292340508384,0.062918096346475,-0.03507138624050697,0.059224848029653325,0.050055578400056415,0.06810008379019619,0.15652642525768135,-0.029937396179543222,0.06430872457135384,0.14080152950593464,0.07278546170168963,-0.03946210423317048,0.07080249696451861,-0.05162349007706897,0.027688188751367585,0.07965153125734502,-0.07764645391525829,0.06277028524300192
NRTN,,,,,,,,,,,,,,,,,,-0.08940705627947122,,,0.00793733078569941,0.025422676962761858,,,,-0.04547239995695608
ADAM17,0.026117262968576888,-0.018988752048497193,0.06762957837660781,0.04860181542634567,0.00035333281469569793,0.03943860575967849,-0.03199947321587119,0.15289756496460732,0.2619381606093804,0.0058617629857855855,0.049888304723005546,-0.03860559500203319,-0.05820519033057004,0.08074502877119757,0.06336687314976142,0.04444386912928079,-0.008242915586411671,0.06408554137307476,0.05533780840901349,0.01152628595804701,0.019711898282062244,-0.0007780830717787025,-0.06157767701212563,0.03240711760419461,0.09222565073306307,-0.04810172055397191
LRPAP1,0.03170710685555394,-0.02177060390376647,0.04593609126732427,0.021966871702925043,0.17815785997555342,-0.019270092089138508,-0.017852978939602672,-0.10177862896429117,0.23261977632108913,-0.023584408624138888,0.08633249384348438,0.00580398014344716,0.06162947850982591,-0.019818672228467813,0.01974926268107265,-0.02883392294356727,0.02820180353818093,0.04677708823978183,0.0706286908310515,0.06820095713725255,0.007681634124605405,0.01513109572291935,-0.10598975029184723,0.05350287551007184,-0.08641843606781566,0.09069740706998933
NID1,0.0198396956024867,0.06493551051371108,0.03516494534750689,-0.05716866110833076,-0.014879752808965637,-0.03377501432683181,-0.005390354201529541,0.1287100883058124,0.4207539723354728,0.027254157612470093,-0.007942386991857193,0.016776226932349855,0.053335447916093646,0.08010293535084594,0.193433616865289,-0.048977855930747126,0.081739221064737,0.1170884694081517,-0.02296817662148393,0.0027607643866281004,0.054472595298806784,-0.030064131557372087,-0.1193289443553639,0.021750703606924528,0.03323741541895015,0.039195306625425856
MST1,-0.014886948170940119,0.06747739233028334,0.013379002946818415,0.040622900184946124,0.03838445189487649,0.034164804026795094,-0.025996632371960104,0.1461807565096019,0.3565254684531935,0.06189401883066533,0.041484115368320876,-0.04484106642915915,0.07887738527460393,0.07138657739713448,0.04558817984518796,0.07197127318609899,-0.04953364456960726,0.06910852433592572,0.08167153377551269,0.15161169152648835,0.041265620171371836,-0.007697946793663104,-0.021070901622030593,0.13041656850414418,0.05537937759510514,-0.039424476967332055
CCL14,,,,,,,,,,,,,0.03568441423533229,,,,,,,,,,,,,
IL13,,,,,,,,,0.051694251491981806,,,,,0.028271448662598495,,-0.007466181528587451,,,,,,,,,,
DCN,0.031221687523484965,0.0050860841827667334,0.05305927627410233,-0.03343356265077115,0.04584928360698782,-0.04046628634034003,-0.02564333240633878,-0.11135131092119224,0.340744259775231,0.03451287594762008,0.0055588408632654945,0.012999488305464374,-0.03798884594801092,-0.04982541557560783,0.10903722311484952,-0.02755627519579828,0.04909189187022824,0.13263043997684784,-0.01091514254651752,-0.03840527608945745,0.02881393314484733,-0.0010462950002590235,0.03126200537876385,-0.14099473687822028,-0.015914022542591697,0.015187665354750168
IGFL2,,,,,,,,,,-0.021775603932121097,,,,,,,,,,-0.032375164257340654,,,,0.005494961935209937,,0.0026435387600537217
COL7A1,0.04136254221711049,-0.008111181232895262,0.06070820501470668,0.04354933982821912,0.0661091814287832,-0.022268444973175615,-0.011284101964778616,0.14249046272857918,0.28435478641862244,0.012603468560652833,0.009573249491788111,0.025389771810075706,0.02156696068476986,0.06839640862455908,0.18108419086187322,0.01666565943397783,-0.010724455326019552,0.03155821092365237,-0.022140949907764548,0.015275682054458756,0.09690587340340286,-0.020244506996737216,0.021691339752129078,0.12670902100847042,0.12725689780811952,-0.007622285457859825
CALR,0.03796489053711501,0.011568117715663667,0.012669156786186448,-0.055817409177160646,-0.050169303338929085,-0.032753179827858664,-0.021227216646341505,0.20073094566104208,0.3213189998915545,0.041838474820468055,0.0026066846864433277,0.0706740080741808,0.0041918528045262115,0.06351773899953153,0.04338579622958578,0.07850616669996831,0.08659705813325096,0.05717421779110129,-0.04554638611049767,-0.16423039131420927,0.0021711318894519754,0.01983011376828255,-0.015808056347939504,0.028890837911813377,0.0831841126250422,0.03496988486055178
PIGA,0.04138452812131866,-0.03698706459201772,-0.0037241717250143897,0.018263244572252466,0.045856269538499334,0.0824234828368539,0.05656384759660301,0.11638850098057282,0.1646630718489977,0.027405068291028952,0.009909821325726707,-0.017058649676004903,7.168211447344133e-05,0.03620016492612238,0.08403766688494668,-0.0007378150962770748,-0.02221032874943692,0.029184411686489848,0.10711820491426766,0.05627199035345945,0.02426279919774313,-0.011250579322388305,0.01772061445221106,0.14539039288571923,0.06350588654983856,0.08929271825663623
CD200,0.005577570903429522,-0.025784073603677925,0.03773813365370118,0.06015169436142773,0.18040785564428954,0.01564166379092393,-0.018801319572803336,-0.09017582047969144,-0.12109252285664852,-0.017364160657196658,0.014778185455786241,0.016227501588346203,0.09163130340600442,-0.10383107619335978,0.10988040569724102,0.11072853167306441,0.004532828031396856,0.11492038177069865,0.07233647396231808,0.15829920755037166,0.049573924609942345,-0.06729429254479105,0.12696825118437416,0.21267643768973787,-0.10959688863099297,0.10144488507248356
GRP,,,0.014203495016806641,0.0019038438230894337,,,,-0.04566192276986637,,0.008886423166864763,0.008916580210422152,0.023002728114390403,,-0.03070965522488611,-0.0023285252654615812,,,,,0.08112136161289775,0.012974606126436692,0.02824352537029777,,0.0010445084204991175,0.04922638281620311,
CDH1,0.013600774328932388,,0.016724829536526258,-0.0006802990878861651,,0.003391034162161,,0.04489479476613899,0.22709824396352862,0.014735037672269018,,0.03568959573004357,,0.03333826109804837,-0.01942200696254912,0.003933203449862287,-0.02714519651081786,0.041885243660929425,0.06773434172051364,-0.0038132515238414235,0.16070969113400965,-0.024448151766451022,0.04250739621259272,-0.0004717202766142547,0.03551237198427446,0.0009647763322822815
LPL,0.04497702222301021,0.11131328476730305,-0.05910185928859914,0.054012738490483055,0.1006310785589899,0.026392140069566673,0.03018395558641292,0.13279343475774505,0.4485887142429396,0.11170469169374635,-0.0252688994523207,-0.017314560618649943,-0.018306032134360984,0.08513705987185148,0.22263211195697663,-0.02065054129018209,-0.004724570347937282,0.0696589761802445,0.16805809326230714,0.19731947519566456,0.070029516966196,0.021860116427634458,0.00288376926911554,0.16432701170464054,0.24006883189139433,0.038628635502540976
SEMA5A,0.021908441269099334,0.1371904931429056,0.012392341948828536,0.07482230242347886,0.0688546583896208,0.018251738443231896,-0.004005380072348629,0.2947258712706407,0.36949380080063315,-0.04959424727990359,0.010437874180030135,0.07028791158279805,-0.0005597322312351531,0.07008361014854256,0.028050620848662187,-0.10888058932376612,0.08791973182373154,0.12940712483928948,0.07232169519817412,0.06056815829438555,0.044164053654957736,0.04370128522817208,0.07778282390545983,0.08319657966058051,0.12042796860972839,0.07322698593237496
SEMA7A,0.03878547320096185,-0.0827724719586475,0.0748543842603156,0.04622673114929562,0.08685071558427294,-0.001416556330015081,-0.0151007471613255,0.11418299026904391,0.0675948711963498,0.05407435732438399,0.023367669904713093,0.02148842392547214,0.015596672436170255,0.019927070351301732,0.23409292959134723,0.09157037440353942,0.06272122051203229,0.015062855224049954,0.009007778578053549,0.028791386921540266,-0.007416108410962001,0.004312126307896782,0.040591518211522765,0.22824577721860012,0.0030212462135852406,-0.0032927501108527173
SEMA4G,-0.012425588979749309,0.012604762852794434,-0.014234432309082114,0.008467383374563927,0.10676531974894976,0.004041582069408935,-0.04706168165678649,0.06340196967682017,0.1507507952255757,0.03716581162238316,0.0606681299581123,-0.0008040965716736582,-0.01089192528967058,0.0022301702566323795,0.03998323914825188,0.035168501144112414,-0.026463152806969002,0.0647378085358687,0.07565012683419421,0.033384015489031575,-0.0421369969908218,-0.012128215096317273,0.023920400583674072,0.08282386480272971,-0.01769941246650752,0.06027495560948083
SEMA3B,-0.048707025216353145,0.03505896185342286,0.07556582064363929,0.02297200761797206,-0.00943218949957538,-0.017631341481509608,0.010518551408364413,0.12106024076311075,0.08528226537042827,-0.046563985398480785,0.023554984560270917,0.03911348276952536,-0.004986422266481409,0.060767790943626804,-0.04505862704887593,-0.023233376736848624,-0.0598208992768419,-0.10524810150939841,0.052095303346591446,0.012172088108253215,-0.029583632928163482,-0.022056214156752445,0.01100951930590009,0.119137575124751,-0.00804350565481125,0.08554259488979082
RPH3A,0.12332389674723533,0.07751672980092525,-0.00011755394313866789,-0.07678265042102027,0.06699588343623765,-0.04767153773531793,0.034240292746297224,-0.030747456329089862,-0.1069449874853088,-0.03062610236563159,0.027850275359879852,-0.0013865672823917537,,0.009231452372274632,0.025984243941165365,0.05380393485248765,,0.07588396115903363,0.06778998677142323,0.07572636516405126,0.03514644751971642,0.0029140435054599047,0.052463947382202135,0.142139695029912,-0.08830108150615168,0.04543059730374661
JAG2,-0.04595774187508162,-0.014052111160509254,0.01651111690834706,0.006761196485593172,0.06180653205276483,-0.015971833890665865,0.005796001236706972,0.031528235812907174,0.010765015460699075,-0.018737421013695965,0.1122796778733866,0.042934283294214996,0.08698511716552647,-0.04151099336950312,0.10331560829095059,0.008274601271307054,0.09856478894151748,0.07172906748605626,0.12618839027477774,0.07554774179336489,0.018383605682061942,-0.01508514042877474,-0.010511071677160038,0.06235782816395126,0.004112158032024531,-0.03471803566986832
CGN,-0.06659826963854905,0.021092021196874134,-0.030725163812411065,-0.0358820512004235,0.12076833107181606,0.021635869614683407,0.042178393762969855,0.042954238020705256,0.14209706101873798,0.001302172701249196,-0.029947525224829626,0.009872439342893103,,0.05059946554226922,0.12492744402644246,0.0802208966316846,-0.13188034923460729,0.013816894466784824,0.04795121196770679,0.08781349543484249,0.013513311595122859,-0.003966022590487499,0.04446092240272731,0.05020145662087309,0.0532087371430341,0.0910921646133484
GDF15,0.04941644908020939,0.04526755930861765,-0.03512019027891917,0.00305927019386516,-0.06580219612171934,0.06619401635319605,-0.019206535946901186,0.10789298412947465,0.29261300359343967,0.09695266904928425,,0.06565665192528987,0.03667613753387958,0.02036993187211818,0.2426758060176322,-0.009359290859077664,-0.008118071403654403,0.08114857803992298,0.05639947234546899,0.010240346768739743,0.0193986361113767,-0.03455299143976393,0.05844328174585526,0.21201356052243372,0.1781693618100726,
SEMA4F,-0.045624872133222305,0.03862326907465983,0.02416472659101378,0.011696323948819119,0.0644549601247999,0.03254646258258086,0.021347164449432167,-0.02811045614710588,-0.15177669472821678,-0.003391413966415533,0.020118519816276947,0.04550296023651557,-0.0028791532026185393,-0.012091801126840902,0.11626031503503179,0.08713841619971412,0.06575156765483188,0.030479681755851726,0.06651419977976605,0.014581877403394112,0.09540374179576838,0.030734205234640474,-0.02900387683526014,0.19942197554359467,0.038213557617951026,-0.08007368268216507
NXPH1,0.054536817363191326,0.036993308399411465,0.08576860492819448,0.04842052837435575,0.08939134637685692,0.034874377170631965,0.005292974119001288,0.20131098680194517,0.1256941138140825,0.035828809673061277,0.008086367996438621,-0.027384885638979676,,0.08243597472004574,0.05149086742241168,0.06817655744877307,-0.04915776316599343,0.09524253003712968,0.11745611430693141,0.12589181000920532,0.06515187986075828,0.04117477906803054,0.0012898384765903433,0.15453306465542307,0.05286327895343624,-0.0633829225055379
ARF1,0.07780421066988674,-0.17045450428577447,0.009875356089660437,-0.03446142298672924,-0.10335558761648606,0.019875983345420855,0.020656016747057093,-0.03674228984086096,-0.15341057337351768,0.031697393765286595,-0.027331623269681315,0.10180240505967098,0.05753736008520352,-0.04337983981167615,0.05576794772815104,0.041972123008493886,0.048062971317955144,0.030882155597077982,0.0710036016209919,0.08568188805882604,0.09569146796938291,-0.03093925237076822,0.08907225552913686,-0.006959604756036931,-0.06265712046558847,0.044031357826025935
DSC3,,,-0.05041302265286741,,,,,,,,,,0.003759226230772319,,,,,,,,,,,-0.014829720315896775,,
EBI3,0.052386871404877786,0.04065895827733931,0.08020672862274433,0.06467599996606979,0.060708321851817855,0.055165811622138655,0.009132600513060782,0.06285874282319473,0.1913242306857384,0.04788199984193595,0.045999363980642284,-0.003005838062444564,0.05166903931946672,0.04130777339615774,0.0554095723831844,0.10172977680487341,0.008897525653294672,0.019873253253166977,0.05546038255970382,0.0545835557146501,-0.0023219051106401463,-0.038720993418207846,-0.016813909280578146,0.19236397737149127,0.11357412306980341,-0.031945775775521316
TIMP1,0.08358975114995781,0.042050312877504326,0.024338511095948912,0.005455738546879256,-0.12544157581574816,0.006988952801672439,-0.019704098118664224,0.10189255437686615,0.4013127958047481,0.10439568515451571,-0.012210435586289637,0.0646104143942086,-0.027391823977085887,0.10144420345174597,0.3385217493870816,0.11419916443397665,0.15834780229762188,0.16087012015556282,-0.10688703269698283,-0.16476248780178696,0.1004853625929191,-0.007499924388937408,-0.013556865679868234,-0.08269961324505465,0.05178511139237031,-0.008793434425589136
SEMA3C,-0.035033708261491825,-0.05559686634221881,-0.052229311307837256,0.0145939137933374,-0.020658611267267035,-0.028724384351343987,0.028626318659573047,-0.0012561408740231893,-0.08905310964616533,-0.0023754274629175943,0.006305184706010219,-0.06277082048408979,0.026972318768158414,-0.03102248155441138,0.0732245842048462,-0.019878689368841036,0.037573509481636166,0.013950881221874786,0.02578126411243098,0.010342467529561784,0.04823569388725814,0.05000459761607558,0.10889952676512298,0.06727430845669766,0.026278293069720435,0.0293373642718084
GNRH2,,,,,,,,,,,,,,,,,,,,,,,,-0.004093445403933854,,
GAS6,0.006199739955408934,-0.07438600632682701,-0.024795516267428888,0.03642769204274603,0.04831840630573875,-0.0813352941043828,0.07992732760797093,0.12111036146107648,0.2657109222434795,-0.047567221384934674,0.008861325363700864,0.08634531915981832,0.06196408031219904,-0.020600083177927754,0.07937027342117856,0.0729464110959487,-0.08035462485637816,0.052632769372716576,-0.004367034420413972,0.03551270062560747,0.033832964363017595,0.015951589062413687,0.13192862688857887,-0.049956468492419935,-0.11616204264759543,-0.06489401138985154
MEPE,,0.003901286340747148,0.04088737033304329,,0.07429840402630207,0.031407761274548786,-0.0023674697168889593,-0.014565762733233447,-0.11726097824310547,0.0050732800831172955,0.018333588009033373,0.03707274863420211,,-0.09347184505670679,0.058013679834889705,,,,0.09045828807745782,0.007034515721676679,,-0.032363615745075396,,0.022388645475489334,-0.06215945610912558,-0.04919225452266083
SERPINE1,0.02101407691869169,0.004684747023124688,-0.02281819863076631,0.014532401283235227,-0.20849725851014622,0.07794427132034185,-0.022244328638478784,0.04023042304191581,-0.2267988382391827,0.11570595694315441,0.0456676347667056,-0.03384331096437881,-0.08881898602452197,0.04378567184762193,0.22806002759993566,-0.01310234259839952,0.06665401138838081,0.10354350830988567,-0.0848293664676476,-0.176108850083801,0.03182583269680265,-0.03652753436576698,-0.0691093459588758,-0.17052122549727394,0.17787311264130937,0.08053734937123593
RSPO2,0.010504634541893619,-0.05253650150863304,0.0016630623130693728,0.0016163352943232606,0.026353858372706044,0.07654327994648516,-0.018116870503988466,-0.049498677885891976,-0.0835024799626909,0.036909606322961495,0.03898601437692961,0.016398424996055105,,-0.09849022354258125,,,,,0.06462640229009059,0.05973637149587252,0.04960333347178063,-0.037399615433847434,0.013168353409328521,0.09076534767157843,0.04288640342323276,0.0047113637218794985
SHBG,-0.058331520392091385,0.032562930294537704,-0.005915113037475336,0.008112840082133749,,0.007440537351118983,-0.029778931673181453,0.007787444251223857,0.09295277138781478,0.0026253152915026445,-0.023871145687886258,-0.03657170040549886,,0.0028309276920737633,0.05622845788241904,0.10080424577647368,0.040793441039185765,0.07884255945934791,-0.01877678445685319,-0.01008680789998378,0.019695091841656333,0.038090157742085205,,0.09936733597916203,0.04104565879892371,
LGALS3BP,0.03890416069079007,0.11858420330970103,0.10733871772802585,-0.03135103363345009,0.035449361121855164,-0.04808881232200775,0.03767232772871666,0.21322895336423678,0.2969336324071358,0.003067280929944112,-0.018413121961850323,0.0672017508508656,-0.014438614300242202,0.053526168530181405,-0.017624500202737314,0.05165197965476078,0.07681652562300409,0.02989608919706215,0.07003190961159424,-0.03918114738860269,0.1301130200444603,0.02349436889128552,0.013486859374364264,0.1502521315768121,0.1240664375397934,0.08877720623483278
LAMB1,0.0388069496700386,0.08860228670294001,0.06050607530765662,0.02711875401929912,0.02811439598740798,0.03875986320251162,0.018237624028890037,0.15228927289661526,0.3625947868616264,0.08415578670684282,-0.014977282385589083,0.006861238409789854,0.0010154041153865798,0.1310346284260015,0.28261700545995316,-0.0016465461330231923,0.007837267709482933,0.15081679467094916,0.017717128736126644,0.0036513555699332983,0.01712119590078224,0.0016652539344078543,0.1286915821353603,-0.002111774285174293,0.02407577402192694,-0.030564248288388295
SPTBN2,0.020010671919023892,-0.03251354667602638,0.027131734590147318,0.11205738897666144,0.12986599063244025,-0.010243672373030088,0.014884472592139245,0.019659349353760753,-0.23890376030702434,-0.06020147508883446,-0.0037126358371306085,0.06671648846261309,0.043593029346718666,-0.0821395840950434,0.05450509572345495,-0.011742008466320692,0.04033882026171837,0.010555298282573034,0.12134421316743414,0.05255909109106219,0.11813144922455628,0.062098495051123095,-0.04133694413042157,0.19847598645507783,-0.07134775028212767,0.02432778274818758
COL1A2,0.01978928562753314,0.08497361223582331,0.07896690611599959,0.011412927681199884,0.01893383006824223,-0.08984350276610899,-0.01784425404127803,0.0960916606119022,0.38482041921463545,0.0058893980691294085,0.005641641938389908,-0.017377208204757893,-0.12872175669940109,0.12368818353497961,0.168295835958906,0.011306327373618743,0.047629869539756384,0.12464615651749213,-0.029549118356329562,-0.08295861656943464,0.06740968616318378,-0.0048048826116052126,-0.02428504020255292,-0.1617038696859609,-0.013788992429981951,0.02205976857816677
DEFB1,,,,-0.012509614960026278,,,-0.011097611152199767,,,0.001424524521670691,,,,,,,,,,,,,,0.002086636275352513,-0.002070312423996825,
CEACAM16,,,,,,,,,,,,,,0.045836810805400294,,0.0509757027026851,,,,,,,,,,
SCT,,,,,,,,,,-0.04918547794273678,,,,,,,,,,,,,,,,
WNT11,,,0.05261254178182303,,,-0.012041227242283865,,,0.07611929618533475,,0.03615435370352678,,-0.010568104418802753,,,,,,0.037532271596650436,0.05648228312260378,,-0.015462204527048051,,0.018886397899305178,0.08119132637201217,
LGALS1,-0.041406221731311574,0.009548476642778723,-0.044560071861358505,-0.04643664859418449,-0.15051879161370066,0.06020860266063687,-0.07409221658622847,-0.016423268454136424,0.14214908728794307,0.03712521269257387,0.009065598715604953,0.07222763832131367,-0.06127734878780392,0.04986768843923941,0.07278272410656232,-0.0045311712083007305,0.06369638451277564,0.19848990226223745,-0.08069881876449722,-0.12330455096363566,0.041216918109698235,-0.008137893957118463,-0.051542240447448755,0.01834770143835726,0.08572897403107757,0.06433927296288
BCAN,0.11844180926253398,0.11726421334434968,0.05921514524740255,0.01496902144981121,0.12107590529973375,-0.06876219006133222,0.043105547004741666,0.2854975920036979,0.4624928718578684,-0.05648876361914639,-0.002430943671642774,-0.04958120872247916,0.007940683274224078,0.1754002581967174,-0.23425149181248045,-0.006799311754233182,0.08451954578104535,0.12523792741123238,0.1628232387621769,0.14968290162912498,0.025332006981204372,0.0536114955380769,-0.04454385606830649,0.09982632892666972,0.061720002261220035,0.01887012539750424
ANOS1,-0.00669031588515486,0.11124899385956626,0.0684424533779848,0.030038196607746395,0.10372012505383554,-0.05408733676596035,0.012687861232421858,0.13858433485498114,0.34656682372095143,0.0006369156582210791,-0.010838349982141844,-0.02105055991390358,0.07076953350043134,0.14020882140317845,-0.036367848765652674,0.05468903098079757,0.11513750675496115,0.16520615532049124,0.07359085585800741,0.08154753798533665,-0.02024227361457049,0.031849064313206256,0.04188922923653768,0.18980003930907693,-0.020956257411028186,0.0975740004095364
EDA,-0.036762453695981134,0.008913430963483904,-0.035236387820703284,0.015730031355716184,0.01878652745499208,-0.01734551763759025,0.02636685303801898,0.060828287103891945,-0.021195317136702474,-0.002743427322105965,-0.013761808159162005,-0.03669614767867542,0.05349043265420144,0.02855202492098163,0.010967622910129054,0.044211658033790936,0.023106877282896048,-0.013681297532830315,0.05100075585920381,0.054141394549591174,-0.07034325946680114,0.0641813661734922,-0.004240866021242182,0.09160222761265233,0.005885718419032739,0.013194638874893255
FGF22,,0.02037451177142573,0.019774437673988562,0.016572349632353423,,,-0.018381594715209084,0.011058025706511968,-0.028392384598317846,,-0.02029727769430855,-0.01997799619520929,,-0.023328044648069132,,,,0.042923634293045305,0.02740064567330964,0.07656748209744582,0.053356992556668724,-0.004848556065107458,0.004283001923029276,0.07425952517707887,0.0005530441023414909,-0.014905060589401163
SHANK1,-0.023084384297399244,,0.040035805246463795,0.009533338957980189,,-0.06957080171076527,,-0.015217795313610298,-0.0881839250550604,0.02671161210851747,0.0002980622247303579,0.004696071899260984,,-0.032559439510722446,,,,0.048220211468028344,0.01709806810884268,0.058598071366829776,,0.011696888018265631,,0.05886422384428014,-0.04149211268799223,
NPVF,,,,,,,,,,,,,,,,,,,-0.055839400214463444,0.03222904906428356,,,,,,
RAET1G,,,,,,,,,,,,,,,,,,,,,,,,0.028264027897996098,-0.01813321123589107,
TGFB1,0.0076437316862813225,0.0327958995304051,0.01042569517641776,0.014422602313021247,0.0885077955853944,0.07198238936178057,0.03734676397640096,,0.06000802377198299,-0.013699456256008404,-0.027522694221673912,0.022514798412973686,0.022935305482155124,0.05893709173278015,0.19570175186046523,-0.012512498242367217,0.015867849572924194,0.06930727989883781,-0.03438501576322924,0.011830766934010358,0.0536346577178552,-0.04262167818107502,0.015277080985703174,0.05232291266500789,0.0026940681775886135,0.05986469294380841
MSTN,0.01497798245566479,0.008763744639590298,0.03938842589494816,-0.015566351790389503,,-0.06437717764409563,0.0820967510571876,0.030981594729244336,0.290460895998869,0.016932381723221448,-0.00376856649960814,,,0.06767088140456118,0.07820847874340102,0.05067501930710267,0.029884809063401047,0.06757484415554672,0.04400836752346614,-0.0015833890729784258,0.06589970731854707,0.005808920765398651,,0.036918650986658384,0.027119424151395618,0.033550648239161665
WNT4,,0.040988368508030074,0.003840317868428699,-0.007949657826937271,0.08915083316301899,,-0.0068871486076148665,0.10684479608185607,0.00030811836723400267,-0.008010528785906378,-0.02284986312224158,0.06607283436750609,,0.01793084460765277,-0.008649243037880106,,,0.08426251766403717,0.036404259823624024,0.07317699648328022,-0.02455972256918866,-0.015099593326095503,,-0.008115188820898279,-0.004807873704008412,-0.04233531431569527
TNFSF4,0.030053408471230086,0.03670517055090366,0.06018542279238458,0.05966182098140783,0.03974055942999538,-0.013411692955598681,0.028632882728547904,0.011098525506497998,0.12755836842577278,-0.018838710182860256,0.02872144811468646,0.031395032206200005,0.005131445614001853,0.048187164923219235,0.11700858704893119,0.10896626366532948,0.07236063666568583,0.02732099136660533,-0.004629431175174957,0.07139007329896033,0.026000758298966947,-0.03970911430100452,,0.1518600993699843,0.0530049359415091,0.12548470677943713
NTN1,-0.05319271954827745,0.08548631384657042,0.06691069984824878,-0.03490573033883245,0.05501861054800166,0.0018030861908009445,0.031285030435870304,0.2964234909698617,0.4418148809102127,0.004847239134756465,-0.009752062285645065,0.136622609628243,-0.006264553070135931,0.04477931399839857,0.1704363055380495,0.024787484848544327,-0.01378821170192503,0.10209176490767816,0.10750275374054338,0.06548219535926672,0.04821846025205881,0.05622126016609719,-0.004321573596191766,0.09878392263154671,0.18087374041319504,0.11864467973181149
CXCL12,-0.02140533320211958,0.06710139542528046,0.03983623862245833,0.032860220311010636,0.06669797487245888,-0.007011591066282336,-0.0014202368071143802,0.029790820749082715,0.026416880982076615,-0.009406966218122793,-0.01613985088443687,-0.016423695464745498,0.026020576456101552,0.04617854492484329,0.16060830101484863,-0.011817535958297928,-0.03702160774960763,0.041712151633665255,0.054172690336154926,0.019191042315039566,-0.0620357330519446,-0.03611665537394592,-0.031863043609463126,0.07062565189191375,-0.02142488449804651,0.01574601473010154
GNRH1,0.005490148538361842,0.09940552115580469,0.02352085065044107,0.00295304884859045,-0.001207538445599784,0.046834779660552314,0.012346674632434312,0.034146869596993625,0.14526077568927462,-0.03929652114402936,0.08379441217891606,-0.02845165926386173,-0.03560646763814562,0.11767294869018106,0.06584237058697424,0.08097014258636606,0.028018737441897607,0.010345326685830724,0.04852663843108374,-0.0026717274288634413,-0.00017273104374045185,-0.05197576327244129,,0.08668761716486613,0.032477556388616734,
FGF8,,,,,,,,-0.017723434052018035,,,,,,,,,,,-0.010550170702140755,-0.005567008916174231,,0.06273755379981989,,,,
RIMS1,0.0022018766497622993,-0.0892835003099522,0.047974637559762875,-0.0011845230357951694,0.034288584141325885,0.06249313231400862,0.03898043022476244,-0.04928088322731948,-0.20081091651921315,-0.03011494564730841,0.01717328843464832,-0.028698922850467403,,-0.09420316265468594,-0.04401445832280823,,-0.008191604872335233,-0.014707888709331686,0.021449073453760098,0.08514897981737996,-0.018694924366597285,0.0027517694590606123,0.026198087496528844,0.08473178941517001,-0.0696408692821448,0.011074791770553833
FGF14,0.08843337042691547,-0.0051282852800324285,0.0006863856463384377,-0.020691264486114195,0.10918162284225864,0.044769800747612866,0.009778396485131515,0.039063616392843635,0.30544390162440127,0.0022790695118853743,-0.04671249944996121,-0.009670769133266323,,-0.061424297927015765,0.08820776818702843,0.025161698281773795,0.009005870494041916,0.048630656827542175,0.12118672542103931,0.056699663701156866,0.058855609924958016,0.07663776537703677,0.09502926917346351,0.1837339881129486,0.03076205360044206,0.10092891584478138
IGF1,0.036043295699531,-0.01960168227392766,0.027123476594031973,0.026377933723588383,-0.04646137177189162,-0.015642697038581992,-0.027540418444231107,-0.054043542739898115,-0.06840175504292276,-0.02241896625907644,-0.04777751361709245,-0.06478761651504075,0.030584287127529485,0.05988484299787211,0.011018377658877794,-0.02750172124696078,0.012916443787172518,0.08394095293866201,0.07470580056800505,0.017448493535597843,0.07203809595081125,0.023660560876395804,0.055316763310253945,0.13822405728182008,0.00709243484199863,0.09186133821851143
TNFSF10,0.030041935334094813,0.028485178891624035,0.021084499898862456,0.0034457199143446823,0.035212261048345773,0.03524505198944159,-0.039199930070589015,0.021988903661148522,0.3077627569064537,-0.0215223120118472,0.01738755568339506,0.004302847719511664,0.02889228939611099,0.03624924460889172,0.0632218884522331,0.10434544080334904,0.018914881751071682,0.006463448318670325,0.12585456087767066,0.12437048761662786,0.03511947008973347,-0.025485771424577072,0.01025307934296399,0.15423943728012082,0.03472886413846034,-0.006678014339302339
GDF5,0.08983293505621683,0.021901710583480092,-0.0514329561688214,,,,-0.04176212235487428,0.011664325050540308,0.08809414127096289,,0.022566962937372537,0.011837641116089094,-0.03399006442173995,-0.025954924185833013,,,,-0.06025869091980928,0.07929397093467096,0.07633453213212908,0.044011188039115696,-0.011300703262087153,,0.028025865118578307,0.0062974563870080505,
CHAD,,,,,0.14560057679130664,,-0.01534462331053477,0.037818107283396005,,,0.011016555424070961,,,,,,,,0.026566929835917064,0.05031343868146136,0.04871758947635475,-0.010560877686158371,-0.07152581517073303,,,0.010411234724826506
RGMA,0.03402035568653778,0.18161168650362636,0.031317892777979514,-0.04630031631901855,0.05328557919328441,-0.007615540116054029,0.026707151129134202,0.1347990255965744,0.3946867911153772,-0.03919126974757725,-0.03924754322053672,-0.0399245408884113,0.0657978303305402,0.08778670149275178,0.08297042822968506,-0.003672715630234834,0.08160733824492994,0.06359620367821078,0.07079597047097871,0.1598403595269646,0.04542685771956675,-0.023708406656041785,-0.017016731466962337,0.20891038953078253,0.08167611864323335,0.029954116272611325
CLEC3A,,,,,,,,,,,0.008846680936493191,,,,,,,,,,,,,,,
WNT16,0.018534894922616136,0.01276128570212923,0.06837611589375293,-0.05108389030892121,0.054981500555277146,0.016554143300940037,-0.02124243639095011,0.02012514999451485,0.13163836873904436,-0.017490715578235744,-0.05683626395375065,-0.0059222632378925855,0.024418946092191852,,,,,,,,0.005431069617442422,-0.05227304011411543,,0.014469574640577437,0.03615975833501753,
CX3CL1,0.03669982225491629,0.005975783565317195,0.04783032741907462,-0.0042391722410959,0.044685304964772646,0.08379871165471417,0.027520012286819825,-0.0559274153710228,-0.03086333514831629,0.020907414835951432,0.045431826893419416,0.0532767314521686,0.03359252273014321,0.002775025845862469,0.06901547228561127,0.09084045895846359,0.08018384857553235,0.09408438531186404,0.07973966551192586,0.08374096803165575,0.09820958244968511,-0.030685154782457962,0.06781725654630247,0.2004846043824004,0.001530476834425045,0.10076507853701497
FGF1,-0.10095412626360853,0.05615597092506996,0.00954541666279086,0.029398120348834614,0.12292774029947949,-0.014339508902867225,0.01703685382906196,-0.03950367563369807,-0.025229610125141178,-0.02104773625566226,-0.0014726205675282583,-0.04093078688388361,0.06260045133679926,-0.01870907304156518,0.12282291982534307,-0.005921012122276547,0.06316889304492947,-0.10401176696071769,0.038189929460166985,0.02877055850364468,0.004548615905587853,-0.06601590589392108,-0.029033438125203898,0.07689097242147482,-0.20151570135448846,0.0023912735057938558
ALOX5AP,-0.046653760750115604,-0.051426416088207014,0.05595840876224729,0.001033971640329288,0.060531584806902426,-0.03383716034165305,-0.015789710954034454,0.04759618981509343,0.3254549164421561,-0.041584594965696935,-0.0036691282744445116,0.024228000603243295,0.05059822662895118,0.20364435702005848,0.213415504004517,-0.015065631366877625,0.06972394726918842,-0.041900905932906754,0.09550879487318575,-0.11112036645227315,-0.008763419626468006,-0.01910178703403199,0.08770833643871145,0.06591000386287935,0.11475993027532937,0.04142485876446189
IL1RN,-0.015121133482092621,0.00842580355389007,-0.03273176342508616,-0.039551157035787474,0.001534269451471301,0.0452528732779706,-0.05026705352768076,0.05536524925606889,0.023924782630883594,0.01977631388784005,,0.13607247326200733,-0.07197757233786811,0.059514727602517824,,0.1039856027503122,-0.008908651609176062,0.06341662253573667,-0.0009359677444845272,-0.023944947612629,,0.011319153955550535,0.011061075783335617,0.02875858920528364,-0.003083579474015413,
PCSK9,,,,,,,,,,,,,-0.07649937590732199,,,,,,0.002764048841612284,0.026924401920659025,,-0.021697931433065126,,,,
FGF23,,,,,,,,,,,,,,,,,,,,,,,,,,0.02114073413433445
NPW,,0.004371290419792224,,,0.07041632917844431,0.015283902107457096,-0.020267965823870224,0.011698137552313014,,-0.017138592256336002,,,0.03924569411611168,-0.03448559605203755,0.0021109529053152153,0.03914825416810058,-0.016196646358603035,0.12448483818381534,0.0188553755255487,0.01616622477816627,0.02519665370455909,-0.019110128821358863,,0.1160879306617049,0.0013218636591112742,-0.016379902053195037
CXCL9,-0.013815863049661621,0.04180031929605472,0.060723775424030846,0.014819977754837083,,0.005244897182874746,-0.05047285417320383,,0.09133428601280942,-0.013686683098683644,0.009496356858800856,-0.029945054922850208,0.015210084159246545,,0.07698275812515139,,0.09353075223366185,0.036678297950873774,,,0.06932397665613504,,,0.11198114217164816,-0.07608265305038536,
ANGPTL4,0.020744532107117266,-0.032205812354047646,-0.07787901820201727,0.021179969309711968,-0.1738715780387056,0.030213290755816295,-0.018257407372391416,0.001371671594479573,0.007449523354868204,0.018169115594392896,0.01894329687051607,0.035691078262223556,-0.0871460950975012,0.0656338716917803,0.09775973580642876,0.13108126887847554,-0.08399874367748804,0.0646708969667666,-0.061864521709213104,-0.1400885524052111,-0.016062667847019763,0.022129723090657482,-0.09427377663784614,0.049581709163346734,0.13066505147368115,0.017921452247492364
CCL11,,,,,,,,,,,,,0.033815498740653115,,,,,,,,,,,,,
UCN2,,,,,-0.010802170882260851,0.06298703697148285,,,0.0808465942980088,-0.004578753335966731,,,0.05185241827957751,,,0.020509713287627965,,,-0.0036728578777211127,-0.0315573752804776,,-0.037276869076745045,,,,
OBP2A,,,,,,,,,,,,,0.0665715710806662,,0.09632319756918586,-0.04243881851501501,,,,,,,,-0.020625755424405624,,
COL4A3,,0.10302935329349219,-0.021811062258580267,0.06857548290548775,-0.0028916801979204055,-0.010678893228964625,-0.025872884723876586,,,-0.004454423391010292,0.010584871573590511,,,-0.016926493364268224,,,,,,0.0011384531651092392,-0.0183706963268332,-0.0005420934422268786,,0.0435004264134419,-0.027529305783472204,
NRG3,0.002731694417462026,-0.07300908452695173,0.032735170971344985,0.03588972242526184,0.02721807658694408,-0.004768002670440353,0.00789385967575435,-0.043667944779509596,-0.18750900409857674,0.009044453166590328,0.02861853312005857,-0.06292927846945821,,-0.04581136442836826,0.035648668923716445,,-0.011273697424375102,-0.09296597167083687,0.03438914550992769,0.08044881008077585,-0.02269954449790146,0.03654914722130075,-0.04012519195565413,0.14962349390058458,0.03763102991313397,0.06687926846514736
IL23A,,0.015630981343886897,0.041087856357662454,0.004705066314830176,-0.012504271018179698,0.0023977491238850344,-0.0310655265368097,,0.027432763847749106,,,,,-0.01950792666017338,-0.003634974979106627,-0.00036115572125632246,0.04446154861233557,,-0.03716245695935827,0.024714295254104734,,,,0.10690269088705683,0.06805661206114956,
COLQ,0.029229784714867577,0.0759085289854961,0.014452112264034962,0.0018325880762151835,0.0636798657425196,0.00621649369256443,-0.057299391012505155,0.06834289045195384,0.16138130160037426,0.01617345442660073,-0.03782215765499474,0.06499202371621944,0.06658106387197324,0.03462046570315681,0.06541795104490655,0.0789713789111868,0.05629920196934723,0.06457432021213044,0.06188996746182124,0.1217575099764546,0.06323692985107329,0.0027833263448983994,,0.10820053046087673,-0.016696628024988454,0.06013125632754803
SCGB1A1,,,,0.017940416125466315,,,,,,,,,,,,,,,,0.04643738314776239,,0.06322529271251438,,,,
TNFSF12,-0.04137326104919527,0.011179097274990767,-0.03454691496046179,0.0482800430923917,0.04806376505326811,-0.04498359380348483,-0.030525803853214926,-0.0023169197617404933,0.2956901183861059,-0.04122979662499122,0.01084916286430611,0.06297537413100862,-0.014452185859745227,0.005514610494268873,0.0730649215008225,0.04547015687704796,0.020530447372570405,0.10929812077511575,0.06834399180592834,-0.021916215421225807,0.027982538182352183,0.03614344368378784,0.08901067877093322,0.11977449348512621,0.07404159524525558,0.024588636178961887
DKK2,,0.013521483644701779,-0.010635567099474552,-0.049925661921744226,,-0.039197392540027944,0.06859741560579585,0.03099018485335236,-0.09008887783294434,0.02864560376416768,0.00995711964171975,-0.00570888790286569,0.0374596685618406,,,,,0.019658579675746475,-0.00945111277549202,,,-0.06264494195789104,-0.009066683047118778,0.017091354606381684,-0.01141221376509841,
FYN,0.04898298122298717,0.08449707706485905,0.07040946554261775,0.03120981882655577,0.11954969185511938,0.03780831675448514,0.005051106806582042,0.2620983882549577,0.33347233452827185,-0.0160912184366852,0.030025383871324765,-0.012291312709908353,0.09087132600574419,0.04977123481664184,0.08491277878949585,-0.02091732138082309,0.05306017583715087,-0.015573191304900239,0.05596399257829413,0.14412842700297593,0.11865272062089696,0.08859712292473926,-0.06762988767950033,0.10116687753705862,0.03285100121756267,0.032820098120950145
ACE,0.0411959945752431,0.005419826749455386,0.041861828955924794,0.06557589799125808,0.1033843583622543,-0.03703612863087681,0.04166411879205068,0.1079441282750643,0.3053967263632433,0.05117570034679387,-0.016574678698909343,0.0225646957052478,0.06309415192777482,4.190928148114742e-05,0.17615568492116526,0.014191817084553377,0.1947214245277132,0.16026672970491995,0.05607917351686082,0.09156924213352995,-0.00612103702592298,-0.00993099802938538,,0.07678736476561838,-0.05797034202155797,-0.03252221359054097
IL18,-0.056066154539418954,0.02432066085246425,0.07213663262299827,-0.02817426941866869,0.12377348654487082,0.011683317758822994,0.02122612518861722,0.1118642829067119,0.38767775145778344,-0.02336602515241707,0.010037068880068976,-0.03944302064672722,-0.018894840081768022,0.011704495569249466,0.08957319685875643,0.024159890771520774,0.06717611579228332,0.17738814010416093,0.09932299693650073,0.1184904759542132,0.08422046954613029,0.0016311033975545518,0.07830672019929263,0.2091347922580104,0.07238692853565247,0.054088894189401035
PPBP,,,,,,,0.003633822887070169,,,,,,-0.017843233639085732,,,,,,0.042111822917452885,0.011429053166244103,0.030927464733117742,,,,-0.07935508008702773,
CCL27,0.00022260374879312398,-0.07572365856581478,0.03149679730197059,,-0.021937700770575257,-0.003992918077575042,0.07559671113377685,,-0.001958936369582271,-0.006133280308517919,0.01822906962396708,0.00020955872252556636,,0.022202315252929566,0.07032395393926827,0.06526378588096639,-0.020846407207489266,0.015480911830268538,-0.02938701621236583,-0.008107113586635621,-0.0038661372012646364,0.003908941188926029,,0.09095562339853701,0.12593229153015525,
SERPING1,0.004420622444049204,0.05781693607147174,0.022573860828628275,0.009362290525239523,0.06521317689660082,-0.01661268309435073,3.137366658513157e-05,-0.04711983093882905,0.4399658502545743,-0.027040851599116664,0.017082609935345733,-0.02088662674462778,0.06209194533907806,-0.05087351622213768,0.0961300437586766,0.1058102572883287,-0.001529313266702434,-0.016769267434960714,0.012107451952959071,-0.04323909209271407,0.0437524394636976,-0.024603519321922927,0.06668568141092263,0.05857314679549158,0.054784378282940256,-0.03119043688960796
AZGP1,0.0023385282133969692,0.117004147484224,0.008312933292815579,0.02635516338411297,0.05937350513277123,0.03133514658781807,0.07120304922661604,0.18037491798057048,0.059626591094216065,0.00017029690344572625,0.027097586283658857,0.007957906238658451,,0.018500487592571103,0.14102490899225556,-0.019278633383727144,,0.001600521892649197,0.05818865408577023,-0.00452598535850985,0.03700626795779846,-0.03534891821372481,0.0219330166531164,0.22583529794685234,0.15478597785947776,-0.03196649504160086
INHA,0.0978621225047206,0.04953635158140167,0.01933285388301348,0.002974945768471379,0.09259903659495237,0.04198235112649113,0.07733832607049061,0.11826640973589775,0.16008199291277928,0.03936411198314057,-0.021830608143972266,0.036995179798165904,-0.0212063395855423,0.05620142806956547,,-0.09966292187838925,0.047225024215716116,-0.0040319235374438635,0.021961838487199764,-0.03078138642926388,0.06822094794224606,0.047082579176923545,,0.031157572775995016,-0.00022191554337396422,0.0651827619660533
SEMA3G,0.04279087304861024,-0.016509569942751857,-0.002083211014734143,0.0102426068409867,,-0.017269779171604584,-0.011536131577174143,0.034120853839173015,0.02807093642895006,0.03638493567054281,0.03091419560698315,-0.02959890072666853,-0.02532206479753071,-0.0020117453020067505,0.09393437743183919,-0.10322867980220578,0.1141475547912226,-0.010346983671868884,,,-0.06010824505529077,-0.07374634619854112,,-0.007783387373321166,-0.04400535257345645,
OXT,,,,,,,,,,,,,,,,,,,,,,0.013614542022467532,,,,
COL6A1,0.01782269460785655,0.09821459965661493,0.045490497901807946,0.046534249296230824,-0.10430973857731897,0.008551231069023063,-0.008052537532686093,0.23864501022824935,0.4555363693353939,0.0746763555275267,0.0076970506714046025,0.10185262781743311,-0.17619186730855918,0.11979122934563842,0.18563492299798998,-0.012527498490104172,-0.02693321155346564,0.1432635356557526,-0.02647140847247488,-0.07214182703542546,0.10034662218818191,0.005250737504999287,0.02120000833476864,-0.07628359379602845,0.0180769627495445,0.022941165210507274
FGF17,,-0.019489699946628282,-2.7582613666032477e-05,0.033497788797671145,-0.009774336357821278,-0.03245179819193892,0.04184321058962582,0.04807183680709717,-0.03519936547472032,-0.011348938484997542,0.04280122906379807,-0.009626296894470109,-0.0013309725187536812,-0.05766734613217573,,,,,0.024083268155441123,0.07189051318260799,,0.09736072972401363,,0.023952292718058273,0.03940366470835453,0.02571573367549995
TNFSF8,-0.08177140312231566,-0.006300433751657012,,-0.022425261473320253,,-0.025010221921342675,0.008112200831321645,,0.0486903469081211,0.0027420829921443596,,,,,-0.015334121742961698,-0.03897320973410922,,,0.02813042786361083,-0.0005507463653331328,-0.033290532773015885,-0.027168478428245994,,0.04711927651415686,0.10749377964313067,
FGF20,-0.04052190796888645,,-0.031013338410860302,-0.00892204404987262,,-0.021592885106183884,-0.029338117672715512,-0.012747719937535294,0.03952765295457548,0.026462690785175148,0.052369458089526436,0.05643692343778425,,0.00874383630248189,0.06457195025611497,,0.08672634031172458,0.030617126601926746,-0.002248456460812801,0.06028695707149371,0.009791384220072585,-0.015961942930551587,,0.03212138706878197,0.03266241088612059,
ICAM3,0.04924120560472905,0.08064993591529666,0.06864544994160503,0.032355255457951065,0.06060645289409019,0.08126092913775958,-0.004303639284002282,0.08702647098165273,0.19187222790553096,0.043596526563898105,0.03921625452918079,0.0030972276575858227,0.02728692179056025,0.09014046881390819,0.127567537982885,-0.07279811913497261,0.06287365878287617,0.14428574518349632,0.08106193877469245,0.06695658188994684,0.022077650032211786,-0.06889897218698472,0.02982294371149824,0.1790974160142469,0.046548909385059054,0.023750001604154674
LAMA4,0.06087294961150879,0.11583062970267058,0.06269954550875605,0.06951343093338287,-0.02783027219131933,0.0026910023992268396,0.0004812702945910575,0.10406718050704931,0.4497368295779021,0.030277072450689387,-0.00828480130685733,-0.00918147528880046,0.028903143143995433,0.030783667592719516,0.1950741173155168,-0.022539281646554363,0.03250966861871007,0.14745594679742963,0.02582931262531452,0.0358914548050076,0.11423875465550576,-0.03920326741686491,0.022334662943357012,-0.0023426467017049926,0.04294470964642601,-0.005604159788575076
INHBE,,-0.04140607548826485,,,,,,,,,,,0.061912216609191856,,,,,,,,,,,,,
DLL4,-0.02610705302796442,0.044882343624729454,-0.0015000135802661766,0.019261426934279544,0.06690537465918507,-0.06646431400546372,-0.02537143764493328,0.04531097749805228,0.26991313953110907,0.011275093972839321,-0.061676559754367616,-0.010471736276695938,0.08267654442132734,-0.013535800219842282,0.20594145532160246,0.035228166407840523,0.09502792152014468,0.13706661294538994,0.025830994068906047,0.06785689447569342,0.01150720189081212,-0.0205613083294442,0.011430717271570055,0.173520297791457,0.018163446126200005,-0.003764494643009513
SEMA3A,-0.03685878217005651,0.012827793086108527,-0.03219763078884831,0.034562795891971636,0.05719261410553434,0.02081190120937529,0.024469498264940416,0.05180464026680842,-0.005555856809040418,-0.016095619125371833,-0.028798183879334183,0.021904834540535455,0.057709302574699854,-0.01830977614393645,0.11773951646915501,0.0046916022164018,,,0.032958551254392586,-0.021922198474184345,0.050326542804783304,-0.009831444580798324,0.10552347487028599,0.12903144205924952,0.08025589594819992,6.500021554224202e-05
RLN2,,,,-0.016652753742644622,0.06283907143191629,-0.0195368520358733,-0.022983377532638804,0.06276725107511469,0.020024323799424742,0.02889175289291417,0.001822162933220371,-0.0316796738213319,,0.04885911190621667,,0.015359082656782694,,,0.02322394358707075,,-0.00489571827636264,0.020229634633276768,,-0.019153458466082247,0.009376767796444896,
C5,-0.003285722900799422,0.02042540109928372,0.016395996881204616,0.007176572031131257,0.07426928173925386,-0.02518286188674452,0.004221764656685417,0.1697385052878138,0.28122519908357624,0.0011101116988279968,-0.01054515193966216,0.009671283560668377,0.0300573431578555,0.10160106013511272,-0.023128377338323763,0.05700482938018302,0.030426647331292623,0.14777782566338185,0.030331762387782686,0.02373745082155611,-0.05977957918022007,0.006014458037477504,-0.054151867844837366,0.19694676270345096,0.07121939328900215,0.021802385495921502
COMP,,,,,,,,,,,,,0.016185830188979473,,,,,,,,0.05676178536965984,,,-0.002351410435699319,,
EDN2,,-0.08430563261916549,0.006402304418637081,,,,-0.021491337053238187,,0.11822631705442058,0.09083950970328838,,,-0.05065978740146474,-0.008241916455853777,,,,,,,,,,,,
C1QA,-0.11061152581506058,-0.08478765982680203,0.06478129220059009,-0.017891301490288957,0.1613325853528774,-0.15548527489768543,0.013785573647320522,0.08757480702540056,0.36448796628174485,-0.04459107504372193,0.019272868952109567,0.01968706594268248,0.11855357717606638,0.09982577088955472,0.05681066431510453,0.017919593950838076,0.12673508763640715,0.11378176780672217,-0.01997262984382149,-0.06311178639605261,0.045962643485935296,-0.028653146896695673,0.09627132584650432,-0.028758048124325555,-0.05389032010486978,-0.13482807014004777
UTS2B,-0.008083424989444758,0.06685966788300923,0.0264609105007316,-0.025341125861994458,,-0.022547373089392413,0.042657795089674634,0.016656685855966885,,-0.07950352419605608,-0.023950807224969298,,,,,,0.008460233480249124,,,,,,,0.0830024339804296,,
COL9A3,0.05961036776384271,0.12865752482585788,0.07247900601951691,0.031184296755555917,0.06451838542223223,0.04129144470962067,0.04300393588426282,0.24098447682255605,0.34928002539564323,0.019194466680254797,0.06729589930954531,0.059052640736360545,0.04932295992515654,0.144680028222137,-0.08315450768333986,-0.02122933601375022,0.10080648467674327,-0.015509349314231133,0.11470287696891299,0.13605909244339942,0.00923732006093975,0.012386488915653426,-0.010107299520461252,0.24036573986166415,0.06741570175729544,0.007359492255741851
DLK1,,,,,,-0.00033300587938936584,0.0033192266859918187,0.018957681564165052,,-0.049533452466171524,,,0.04288481117942954,,0.1766957226962518,0.04341546355349129,,,,,,,,,-0.03145549526412763,
HGF,0.01566006062421908,-0.015725298273251774,0.03604704048489966,-0.034470665822778114,0.04409754294447022,0.01029937696356127,0.07248329790374514,0.034278221124156176,-0.07330675507370667,0.013517559167433172,-0.006800074894456025,-0.0019347081171262564,0.031005842181457327,0.10538040569008145,0.133615863755793,-0.029706746369378315,-0.02366826616517903,0.049311094957415785,-5.674547125923193e-05,0.07050984195557818,0.03313820585259213,0.014346483458449664,0.002295976462593893,0.10882881113544988,-0.0019315670434274137,-0.016561309776776445
GIP,,,,,,,,,,,,,-0.021669171600851658,,,,,,,,,,,,,
P4HB,0.08648627051926008,0.01828728066777807,-0.026925290988349292,0.004901102594679715,-0.1768831419726691,-0.014647593539751253,-0.018880408632344175,0.2288639812083527,0.3837860418403875,0.10660584246902678,0.045119495370117266,0.008665406624001731,-0.04613528676547033,0.04404931784332692,0.150134295554924,0.03867824272640461,0.0063765400461389,0.030515838577337116,-0.08065374227143642,-0.19260162894092508,0.051539465662241546,-0.005181897421233962,0.09822915400884737,-0.09170967889640606,0.09429212639598405,-0.11575476069904822
ADCYAP1,0.0008596224225147301,,0.04847689696112022,-0.018997038022666467,0.05745566047368149,0.01426044377504646,0.0014175607928317204,-0.028366169752105617,-0.10359558978508314,0.009284482831713728,-0.004642090220371402,0.05624673652936986,,-0.005356491880249278,0.1365576588114043,,0.002068869977761718,0.03439139819663399,0.04956786139463319,-0.018405382399142873,0.027324406453323374,0.0522159884401517,,0.04540454987672537,0.018185211585002605,-0.08938883079983412
GREM1,-0.03726868082223127,0.07385179517337581,-0.03567556187568525,-0.0022823320143393064,,0.025174126162195484,-0.027619194492980132,0.07791802302952146,-0.06584275847864757,0.00564049032976147,0.005127369184785743,-0.04552038999813135,-0.06382366931883877,-0.033842573011774825,0.01102015707720613,-0.1058393622311942,0.06661569806398802,-0.04604598121385948,0.005247106554896386,-0.012080708847156589,-0.08351735932572414,-0.021891595838398364,-0.0021900043675776074,0.10782553633170011,0.01963775548291174,0.08524913071163033
EGF,-0.008395617572739773,-0.021459229302739656,-0.0012958262649710732,0.06009247982375884,,0.02089026359816975,0.019480605850148814,-0.0004335118613978011,0.13240114408020112,-0.02373578235172371,0.03023784845888709,0.020148427757483645,0.022297215144167618,0.001771373454596968,0.007166747959964712,-0.01833705122792515,0.09055201839354128,-0.04330991892929314,0.0644082525003167,-0.0128290905530916,-0.01344901390374088,0.022980641784582322,,0.1569670044834713,0.10043616949177335,0.01627673062909529
VEGFB,0.0029357794493485015,0.04555282955062472,0.00036472655768263895,0.04652659785361146,0.04455499351065862,-0.041484896080442396,0.027515589434458768,0.14682208194810584,0.2430744503646144,0.016757416644835467,0.034179529312373655,-0.020891319462229697,-0.09552793822662535,-0.021849769296584186,-0.02788008654738525,0.0100810895894617,0.00046934686756737974,-0.04165193558943844,-0.03404940662502076,-0.05353210443841392,0.06872939242954546,0.07079094231962119,-0.1023589895397588,0.09457868549168882,0.13130125691234493,0.004796479053989198
FARP2,0.07058207247897666,0.00418585675241926,0.044646599181669924,-0.010821825867984936,0.005892241199438185,-0.026843386477637694,0.013020657996400625,0.17857103982451752,0.21687525616636996,-0.00032559828753307224,0.01845602465333638,0.029335669304800246,0.07832305395358338,0.05331333091737566,0.07418586178101827,0.0998842783745842,-0.020395254451665273,0.06795368186164445,0.09799606028451438,0.09595296861021814,0.12030922965260671,0.03409162370087519,0.08214121019347234,0.2755890355277796,0.06944936671652156,0.07825348297294586
BMP3,,,,,,,,0.06511381010610216,,,-0.013210786916474159,-0.06588526613129367,,,,,,,,,,,,,,
IHH,,,,,,,,,,,0.011142538541726922,,,,,,,,-0.02747357766741075,0.08163886403017541,,0.00896546430592582,,,,
LAMA2,0.06925025575159026,0.013988148944239833,-0.0031215731499076972,0.03256698867946363,0.0782487600583992,-0.011356687084301223,0.05403526286982536,0.08666760808542501,0.26119569272705767,0.011300109977540272,0.03723046286679765,0.03606982147105083,0.1091795583691425,0.08718154772845416,0.22975960653899113,0.027179187240553394,0.05644670699068156,0.08981118445114693,0.045328440638422354,0.09028335771652367,0.02947111830205935,-0.02639699129836378,0.0028720958987701445,7.903310402674962e-05,-0.0149459709512004,0.03389804486210138
SERPINC1,,,,,,,,,,0.06919890028404867,,,,,,,,,,0.04252051093118132,,-0.02438322378232098,,,,
NRG1,,0.036002661498061854,0.010015989622321713,0.016784872096948653,-0.012159371592483937,-0.022569147962074577,-0.022057489121341648,-0.054477115290136026,0.019714359537265632,0.00041003045631577426,-0.02010919142844343,0.1121898120831335,-0.0013528105034775737,-0.01638984185247345,0.07723829513095101,0.06050868818997651,0.10219202219880617,0.08687869363234958,0.024530612328725766,0.017265779845764443,,0.01825305199784802,,0.1378114649200628,0.11306893250077317,
SPINK1,,-0.07599665466745477,-0.00987056996248781,,-0.03597316288561933,0.10298910746938114,-0.021568443022493007,,,,,,-0.007201404201203353,-0.014111814600519404,,,,-0.03334412547769247,-0.04216122857485254,-0.012091181838768714,,0.07549906539470344,,-0.017184400524153796,0.06900552480931049,
EFEMP2,0.009593497594483085,0.014589566101748363,0.03128840930342305,0.00856099903150523,0.05107623101674532,0.03376494942607495,0.017924384267014655,0.12385594795626415,0.37186485725171736,0.03260686922947985,-0.0463850070805926,-0.007893249089935972,0.03467996743284152,0.053567570002756214,0.1451593724147035,0.032384722552361536,0.04899490053643487,0.08730124934754899,-0.0226835469443806,-0.04218112646032285,0.08802790396640918,0.0031654241894812562,0.07589215944007702,0.032406633263554314,0.09488039032874483,-0.03275849948411143
SELPLG,-0.010533327967431373,-0.07811432648228171,-0.0048299655146220285,0.033007637813738874,0.04364378988834347,0.02688331940199423,-0.02908210825133555,-0.014285039852489936,0.14092926246060886,-0.0056743750121193495,0.005284746551921078,-0.006880986421225849,0.02200046731914131,-0.00210324869722694,0.0739492034591426,-0.06517974487546647,0.06792284250347215,0.13346398789935848,0.07084757369850182,-0.009345342397871123,0.01616417852291432,0.05369918972608145,0.017114041392503162,0.14588204348358907,0.08448115577872654,0.036781543613735784
GDF6,,-0.02294939476861458,-0.04680093683241803,,0.06640847256833951,0.0313249103236147,,0.04688067116107756,0.026517036599517572,,,,,,,,,,0.09791262884039548,-0.010628257633714448,,-0.021702908783425078,,,,
HLA-E,-0.026500375886849687,-0.11537611319630431,0.02221063935366097,-0.009712979034679384,0.11503248609378652,-0.1383358293417307,-0.0027069974727419654,-0.0056150601134413135,0.36075577661217983,-0.05491592195391643,0.01845668746600562,0.004349512338876271,0.027253263316163772,0.0789908795998224,0.04897191609501854,0.03742291136748061,0.1589288239756864,0.040257305843195944,-0.030364715714937224,-0.17061864761076645,0.042105104485817405,-0.05291530262641509,0.08806554564804553,-0.04854182324119446,-0.09571327260748004,2.2814213607741086e-05
PTN,0.11882763479293545,0.22791004335510795,0.07136693323849994,0.03141588498122141,0.16663743731195804,0.041215369070248475,0.09196897899463748,0.271820770273617,0.5348700361081768,0.07135143557872078,-0.03767283920892419,-0.008920013722548607,-0.0018465478478025899,0.13231949276650953,0.19997594187641618,0.03252416573676749,0.07978878253636129,0.15990532568844146,0.09740612538396407,0.13436902832959186,0.09725105596621715,0.04927631007124932,0.061591086237363105,0.23079210958437507,0.10967825045637322,-0.029011516140137875
CD274,-0.031855567798834035,0.05704355555851594,0.015442242388180016,0.014060083669581192,-0.03851583376467539,0.05788022488904052,-0.03666782201406656,0.04164447557796635,0.1793690922353902,-0.021232089389254846,0.033156834744223436,-0.03965669090965335,0.026711219800730903,0.03488520476404539,0.05044914846413867,0.07019879337242638,0.0642805898358252,0.039167371523511074,0.09079343033362731,-0.04720159088916054,-0.009483098311361985,0.04534595633434384,-0.04243850867878712,0.08922827306395997,0.07395223688153313,
FGF10,,,,,,,,,,,-0.012062988321882002,,,,,0.02856456773158629,,,,,,,,,,
CD14,-0.01655159770121942,-0.05573870536509197,0.08324862869084469,-0.018416911816260113,0.05665927339724871,-0.135289955599464,0.0312111251236337,0.1485320080430952,0.3267441849464548,0.04882987018476998,0.02328513851274442,0.0021650945359125095,0.10302749366474558,0.05513338228604467,0.11573359057732979,0.05207975993110306,0.10565803443698871,0.003900840129435197,0.029135593205469858,-0.08915696784383033,0.005412258391576585,-0.05833515384987659,-0.018150279927949507,0.08044356679885156,0.08182729046794138,0.0563004011436399
SFTPD,,-0.022080153477130715,-0.015627140749083945,-0.002223769248650845,,,-0.03934070413092956,-0.008793572523614401,,-0.04431702948480194,-0.022246473168230644,,,-0.0624016161460063,-0.05414461057403095,0.0231281260653919,0.037297009966323534,-0.005099194915065747,-0.003688071621494005,0.0817212609507604,-0.03803058565691755,-0.06265323227052129,-0.043357788355823886,0.14715933992792918,0.05480722250118562,-0.08194075454419275
SLIT1,0.026989622106422646,0.007404145044794725,0.044140097736495396,0.022889370725950084,0.14536450506312562,-0.009369641468270832,0.028736513348928072,0.10112546044562001,0.25115073618883865,0.016621002732011725,0.01534509057761874,-0.001317587254890994,-0.03360950438925754,0.045517924165498595,0.0918405374161148,0.033629642570912686,0.021195046842702386,0.031103175230270154,0.15207754810244584,0.002517164684288201,0.0245498149997086,0.041767667802956716,0.11698412442051798,0.16384996580291353,-0.028366994430375752,0.006673562594597402
LPA,,,,,,,,0.03834156743337959,,,,,,,,,,,,,,,,,,
CNTF,-0.01496908548384948,,,,,-0.014479671757937218,0.005351392936438008,,0.09347383935086075,-0.015623736950162347,0.037661195316580465,0.05599555324527636,,-0.029375329710486356,,,,,,,0.010112694137343283,0.004387238737429986,,,,0.061879512938418736
BST1,0.03542068630080664,0.030281037312196207,0.01584654799451535,0.06634405441023393,0.031060025696154486,-0.05235131781219485,0.022661847802918085,0.013812246132607788,0.36368282312550826,0.043049449646556846,0.06140118823377107,0.011791219832006969,0.09216868329398084,0.05419133751000559,0.08809979494432989,0.09434538189774087,0.003166429493287854,0.02555828566315896,0.04046828199320062,0.1348910911973957,0.05973528749861162,-0.003084629083367802,0.031878953399250363,0.1802254003824246,0.061958842527906226,0.02759959189405246
AGTRAP,0.02407803915694489,0.1539572666695899,0.02964076961599782,-0.07755189315923101,0.04291854367881603,0.05479971430672693,0.0057381628817872446,0.08120657711646287,0.3570791335005072,-0.040837508464704804,0.04754789943338849,0.04873263429131486,0.033138283457039806,0.11393043670477002,0.10528595514020891,0.06113907289485898,0.06903976934495568,0.08766076165985347,0.018958381082338976,0.04117650754181648,0.011441365721723112,0.014096976994961296,0.03800629535444287,0.10487894314299634,0.04293117788052819,0.10265469550379004
LAMC1,0.018212540528147633,0.08500066849533072,0.024415837031193592,-0.048141900678413625,-0.031448517854647744,0.023126691578569385,0.005759749662262633,0.15496694653026544,0.4419896160235018,0.04011798629738388,-0.01980069549726415,0.022495453497640077,0.012833834531599541,0.13173772355265206,0.20098281934342802,0.0009540579483656419,0.044380036226955744,0.1089309769206209,0.016856934418038018,-0.07758582582255039,0.05680634693604631,-0.017331823564451673,-0.050817826889959845,0.016703595929797033,-0.005433659456604401,-0.061658256787881685
COL6A3,-0.04057366021053412,0.021029483213883052,0.06852703541512174,0.006531544871068356,-0.0641012217536776,-0.048353842739274906,0.007580827062932551,0.06085488496706287,0.039454970879618995,-0.06124594567049489,0.008628559624587544,-0.004863960417915089,-0.1769290274476037,0.10402837788627803,0.17135867485802744,0.012669334632034148,-0.05288457524270708,0.0752087267964481,0.006040430901042479,-0.07126022369337569,0.01940030072679786,-0.03203300105540284,-0.017654851582808682,-0.028797371339377632,0.05794448368184842,-0.056878729042800204
FN1,0.09128207226776631,-0.03024495457735437,0.04031519454225275,-0.05041912622646931,-0.12968480173813407,-0.07346702606632963,-0.0641309295217415,0.16072826487641373,0.4532804663352869,0.062253199753475874,-0.027040898059658446,0.0842922810576471,-0.13627121488933014,0.20343122973690808,0.25729875492889603,0.00894572443142187,0.06523650296836288,0.19597429129340566,-0.07528178562816656,-0.12100333269877742,0.035449751281665075,-0.024715742890203323,-0.06307206782433807,-0.13662541506648923,-0.028665443659633548,0.0038689721131104876
MIF,0.013393696697095335,0.07624424710621831,-0.050738419904887276,0.029801759435540278,-0.0447667717216769,0.07966055400249361,-0.0014966202377778373,0.15658221412524348,0.009118426772931936,0.055385436287034705,0.0023943318255886395,0.186633038795503,-0.019675915549096052,-0.0853237963037925,-0.07173028597977857,-0.007403703581425119,-0.08702855554590425,0.07455606885998961,0.028639310790809017,0.002084188907249648,0.03250628720587056,0.0018437760883526547,-0.059368926101355024,0.14414506891409767,0.1396663240516651,0.08698530969521115
JAG1,0.05570865146981831,0.1418738305984775,-0.004147573195343609,-0.04588821539033719,0.052004903451253734,0.01800220641933446,0.0408988408899879,0.15401678969951388,0.42761086795243297,0.03844072680167549,0.07710233752793873,0.09871854284107576,0.07277698789190089,0.08061150116032571,0.03868665672729949,0.0014584035598799775,0.007506196069018657,0.22203342817026858,-0.028636490016433598,-0.09505021361122767,0.05304479650120631,-0.0026189170042747556,-0.007554207366629088,-0.04934372306476439,0.11089474383179321,0.08011466388482481
NID2,0.03573319923109515,0.03262508681035821,0.06140725557390012,-0.01291190981972798,-0.05486597250529319,0.031498343551181265,-0.008014595975042242,0.23841777394427924,0.31591124258614356,0.0073531671795598694,-0.02129218601423359,-0.10278138206711693,0.0382103419073324,0.02286630238469857,0.21487254170917078,0.013890727064048246,0.08432537833784917,0.07486527767766822,0.10885252347016641,0.04566338751264986,0.005932690056486588,-0.04860251793925127,0.01788587527749596,0.043698032207559016,-0.01530891039371313,-0.0446697713800996
EFNB1,-0.01914411824321651,0.13418086924903508,0.04704196442039852,0.0013851560929301029,0.06086397959409888,-0.019908309430893265,0.09172086483932045,0.13680131487214164,0.24459515812912225,0.005030672299654908,-0.005257920424163863,0.03555887229511181,0.053660762384881204,0.05969153730021851,0.09971108593387706,-0.005023221100129795,-0.02217622975659054,0.03250175172525836,0.05799829729226193,0.10338662698765264,0.025536013966153265,0.018547625242690893,-0.018151378808166783,0.15520333482661894,0.13301343216558678,0.04403817480502889
COL4A2,0.04342714933891874,0.059035592047671906,0.09608563433509328,-0.04917428971186687,-0.028736550253317127,-0.03787973207518135,-0.028207100221033076,0.1429774125809102,0.46782108340750483,0.0689385059472351,0.025514732141818125,0.08910861157962173,0.08324362410074233,0.1485549556430106,0.2284654672901161,-0.018568511220805876,0.13619812911066853,0.16026830532560912,0.03678543935134194,-0.06732387831074259,0.039242345700551406,0.022102577906279414,-0.00024487802714667247,-0.1011290584692462,-0.05531591449748474,-0.021786466583267026
SPP1,-0.13515369542624855,-0.13340406204345845,0.015317461163194055,0.025089423372856818,0.15429979042198888,0.025485500022688908,-0.01614562114876333,0.22069924715943973,0.4309929977796391,0.005892971531799823,0.004708367866794167,0.02969915688157591,-0.11305653442692351,0.16757711495092711,0.15365044142352483,0.08963331992901977,-0.036695757827907266,-0.14364270274095586,-0.025434657903780515,-0.11717105968505374,0.021609749575296617,-0.027115064999560547,-0.07226248532212116,-0.09334570169388977,0.14123390201892147,0.033077780837038294
PODXL2,-0.023985617699134636,0.07394786527519737,0.011166058763523052,0.019007547129321532,0.08831422669620792,-0.0029280797705421692,0.041446588658207925,0.16583315563757256,0.04180159704440646,-0.013392366037294011,0.07832641803087156,0.011687128074275447,0.009004118739946302,-0.06791124002804691,0.07469872186693954,0.06857327365739341,-0.04404359653476788,0.041406573034259445,0.04322479310611903,0.07409616925434272,0.047292998610492624,0.035424660294845194,0.025602251316439114,0.22867750860178065,0.04662887647823661,-0.11925799672881789
IFNE,,,,,,,,,,,0.006242010688137988,,,,,,,,,,,,,,,
FGF9,0.0062218357053445495,-0.1185298104183302,0.011573650454007737,-0.030725358597612478,0.0253819112057619,-0.024061846500658023,-0.020487336994539557,0.06194387635047874,-0.13167727315474861,0.0039828166064254855,-0.009143174800534327,0.013873798955717798,,-0.06426227464740272,,,,,0.08538993843415142,0.10419154563148267,,0.0438361913148375,,0.06736002903043298,-0.008719751460121116,-0.0541863620412288
ITIH2,0.04617196601342703,0.014958534804412595,0.06779121028581724,,,0.012118360087492007,0.0032125770074550378,0.018186500790430965,0.03246149303962916,,0.0016297429694740362,-0.023215491208699344,,0.03225160988238014,,,-0.03599026545195563,-0.026202145510819827,0.09080457975288618,0.048970055579562806,0.02625133110525862,-0.02641908360205825,-0.025458556627818926,0.07232044051885914,0.0438159434037907,
ADAM10,0.018660309034278493,-0.0031451776431027875,0.0024301796685675973,0.012044431546810118,-0.004732406590059064,-0.059029174495368444,-0.0006107541366867597,0.09339591679762446,0.15324001485627625,0.04812700927084313,0.04715987057956775,0.09608317001769558,0.008440758868237402,0.0938657920206127,0.09256840599633563,0.08697112127018754,0.07073216497174349,0.02350218204544462,0.03556679097291403,0.029100716177580838,-0.023942821553127755,0.04219065013385713,0.07007021677808913,-0.04589646627325023,0.06283977428932531,-0.09189847884173058
CFH,-0.00922216196608286,0.03503411640630949,0.05148691827355005,-0.027609972403265536,-0.01115721664642137,0.005075075723464933,0.07580367868092477,0.045869908079068676,0.3202770600562245,0.024431912837103564,-0.034623168215434194,-0.004692372456960017,0.04637395305852366,0.07187252241515527,0.1623527170544887,-0.04919016918724183,0.06380598474146418,0.13959877538018975,0.08078047529987938,0.10598392228913191,0.031002180518219326,-0.010513842420220085,-0.004123299598526309,0.06409267668962432,0.01169854084202502,0.04800087180695363
COL4A5,-0.0021059967490801076,0.17707522028125294,0.030632737842874312,0.03015445642541128,0.09948916202144165,-0.001802238951416183,0.026522335957514954,0.159652236569891,0.23001928751928344,0.041651119320918514,0.054371904792458035,0.03818843728968179,0.085944768166025,0.04143957221230725,0.16974560114854087,-0.02721171209225495,-0.050427907804354445,0.005482243290586462,0.14016725650073705,0.06572892617006876,0.06015926176091681,-0.012745554593238556,0.06784955850789465,0.14752472239909287,0.0763685709036266,0.11292557609014627
LTBP3,0.04457734820019808,0.002028680061296254,0.02851996809378642,0.010097710145881232,-0.06750825369251648,-0.07690067238464407,-0.007059440587799303,0.08576623434700674,0.15137673230868104,-0.023203797972092696,-0.042953558262493745,0.023278937284938395,0.039561016877654905,0.04681777056669312,0.04392449579490746,-0.034545059029587856,-0.021563013801337665,0.053212786628333876,-0.05154248927837561,-0.04910930424164305,0.03945060877883814,0.05132849238477557,0.011376981694081946,-0.05153881545314939,0.07114350833200943,0.10441668285446028
GNB3,0.024274772976692217,0.06207351013510161,0.12617311723817368,0.05114305898042437,0.07450075720684676,0.03172265173222781,-0.005710467001270138,0.13059623116004265,0.21598278141783872,0.001149832649283626,-0.021985212080778416,0.03300809797277462,0.020610131281486765,-0.019008237841581437,0.011852804847580937,0.07870753672391788,-0.029070149759772818,0.10198114891142177,0.06599830014153893,0.02749052018707498,-0.0025892323066611703,0.022228153906950265,,0.09072217285849421,0.03429006361652904,
COL6A2,0.04776917533800118,0.07110909297531837,-0.02810059612801116,-0.07116953360303953,-0.1165857406175752,-0.029545746391340964,0.020924214267321474,0.14174190879527632,0.3693113565944485,0.05287265227298398,0.016452730534925512,-0.012819842097906636,-0.13813877240186528,0.07504985819975964,0.22987180564116882,-0.06083383074489044,-0.01914532457038986,0.13501443584015926,-0.03727716546065336,-0.11164052621991565,0.008095382218910397,0.0054538023678809425,0.09834600309192526,-0.03581385683195204,0.013475989448487954,0.142489823573844
PLG,,,,,,,,,,,,,,0.10569623165673755,,,,,,,,,,,,
GDF9,0.08144039756862122,-0.0054461530906118475,0.007384329588165238,-0.006212262999246475,0.08120207194303629,0.04597321912591181,0.013537346718182337,0.10750267187264764,0.1686421658201236,-0.03630929510274953,-0.006523977457164758,,0.038858694172574836,0.004939646674664028,0.025596869936352996,-0.00027423731279283144,-0.051218589523467736,-0.0015473985557928273,0.016575960739186414,0.044842761040583275,0.001834310317339517,-0.008492144350669455,,0.07823424863146676,0.049513754379293076,-0.046901346268869035
NCAM1,0.010722192233613866,0.03878408223968712,0.05521698906649591,0.03296110587790369,0.06918495677320606,-0.08177359630471837,0.0031954781705661383,0.07631997238643702,-0.17674847804916863,-0.04289083064238632,-0.0010179189670949784,-0.00835902959062167,0.008244145218673078,-0.04954000306863908,-0.05737590745437786,0.010059182158250333,-0.0010566407928661067,-0.07076012747577247,-0.06165365776485159,-0.001069938017487239,-0.022412752848863224,-0.003122309783926118,0.11241664474116174,0.08514897196131199,-0.11554724171046853,0.05018380683170622
APOC2,-0.014467434337282549,-0.0016605791347690166,0.03942227368764969,0.030476523285625945,0.1523524699184003,-0.005437602286433281,0.0083987661678075,0.10260207020938183,0.17899822000353255,-0.00013748292241672937,-0.0011283397943486209,0.010346767335580865,0.10169076064526454,0.08100385297222396,0.04660476905446574,0.04423026638988429,0.10029060749767149,0.11689590784317697,0.11274434245066092,0.1328938040455435,0.017549344565778918,0.0026148882311624344,-0.07304521164868748,0.2069944700855303,0.062356998868109685,0.013372899413558792
BST2,0.11457078958485789,0.08204950875709731,0.04752635744090353,-0.04492214740691057,0.07428918155703168,0.020273858472096746,0.0025115231027568368,0.0898270920309254,0.45047937135067617,-0.032305621861156195,0.0050205703559285855,0.08090245941858638,0.14679314021997633,0.14038035027703458,0.07579112793132271,0.07469924246660364,0.1183319760346175,0.17539907557116288,0.04588004270546202,0.06682313129167736,0.09405193627386578,-0.04340275189402983,0.02924933128794584,0.17473862701820392,0.07416623390692062,0.01460606855790923
COL5A1,-0.004412286415164291,0.04595621697891234,0.08524210719970318,-0.017896378854361985,-0.06362735877196304,-0.04398943467267798,-0.03441862862519679,0.19278647942510202,0.2025667852325597,0.05952898220428652,-0.003025581622502454,-0.007298966761914121,-0.13453864014735545,0.09823493583036094,0.20309973780339072,0.02837152887424554,-0.06635002148336354,0.1393346126895416,-0.059647134870700995,-0.08236057854177253,0.031659030019158006,0.0074896009974650506,0.002206708772205682,-0.042491886890568785,0.08752943219750156,-0.09052319046957516
CALM3,0.07545240525707096,-0.04657135101229373,0.03350047970691112,-0.04683585905368627,-0.0010081656423590248,-0.01484511682796929,0.04572066362122746,-0.2378128692567082,-0.3573354179054579,-0.05557586295849492,0.040840947249008386,-0.023076290004044268,0.05350868030285257,-0.12646260046249427,-0.08237620867144542,0.016058732345157804,0.05475829438153631,0.04543626103687316,0.11544584073784052,0.19212549009878002,0.046600973206538075,0.028450080202737045,0.01603891576637643,0.07000225888868969,-0.15037399603635726,0.07102368477281336
THBS2,0.054148221343510404,0.12742036498704673,-0.036278671067530154,0.04248121358682622,0.07605033021673148,0.0557488318335716,0.039489343888059004,0.1963986246285996,0.20880478750923734,-0.015189446372051862,-0.024785919289991024,0.05650928520558686,-0.111435408726099,0.06438171228434476,-0.06456790877182163,-0.06644919216829623,0.08544153368979837,-0.10576329542372606,0.09935728821645701,0.02579234986283608,-0.02126905448042293,-0.029292826586904137,0.0704268638583404,0.02869435743210835,0.04266676209710898,0.009769096651809504
SERPINE2,0.13332320152342142,0.02086651037898358,0.025828247896705837,-0.01502827966780227,-0.015576077628957106,0.006551452259904784,-0.011684615687955677,-0.021757242487054063,0.09206685558031173,0.006694660057089691,0.01695352645247942,-0.06849221056689557,-0.0524127362563791,0.08036277374801107,0.08935533585190022,-0.018673601800378522,0.01171540215256069,0.11999564623910153,0.02885754037079134,0.029857379963840493,0.03128074448336327,-0.04132134790436149,-0.0729236351996602,0.06753550535787485,0.04628347904400619,-0.049365493694803406
EFNB2,0.04517970723535225,0.0035734138319510455,-0.007628674032721518,0.012519750008425532,0.09445620163522847,0.054832124681821734,-0.006112071889816158,-0.024852494784866726,0.11284991639168403,0.011336587848843751,-0.018534782471288303,0.0047363588695738,0.07072838521550678,0.01510597577112439,0.068767208215261,0.07908573524618628,0.14149006806472456,0.07954052214982964,-0.001853272979528465,-0.012131604290180736,-0.013457023251465144,-0.0368012390445564,-0.0012606455100106955,0.07787237832106647,0.13342713884818305,-0.008932426313339523
PROK1,,,-0.0065003417437486475,-0.009149081649988776,0.04785271133451308,-0.003884157998920923,-0.015866583232481867,0.10798666711441884,,-0.02386215339415953,,,,,,,,,0.0032242329810318665,-0.005968273679036505,0.08216665372656565,0.06562171358842911,,,0.03900781959689862,
LACRT,,,,,,,,,,,0.028049594307627348,,,,,,,,,,,,,,,
MMP9,0.09187347255900699,0.06637284740226891,0.016010496060647184,-0.024989186065715575,-0.024672857833040636,-0.050399631787056864,0.0416686566317824,0.06411237306840245,0.3296266283932779,0.021835864711827063,,0.08259146118656219,0.1154674048960212,0.06658142134811657,0.1964751990595944,-0.020632397462370725,0.04734776429082247,0.10982128595719066,-0.01899437486839152,-0.026531822177483923,0.08843988263646542,-0.09713673828075887,,-0.08136046838846175,0.015557783522903972,
DMP1,,,0.004826788626339785,,,,,,,,,,,,0.04477596936445487,,,,,,,,,,0.025189768432848654,
NPPA,0.004473284440304553,0.11668682712594883,0.05328983933031846,0.04391124387928556,0.012323675192998493,0.04030057966736651,-0.033531780668178635,0.08190078239871809,0.053090239037801426,-0.010218040841934036,0.015555548625517635,0.03634942801762984,,0.05570910148701856,0.04644794127227659,0.06514892055385951,0.09301310529770766,0.019714673692818967,0.09427842686982085,0.12880661994950218,0.008603840929533077,0.012060616003227224,0.009231435459748907,-0.003346646198158749,0.05679770356094698,
APOB,,,,-0.027419215131909244,,,0.04605901291558915,,0.022722948705599304,-0.02001241522254287,-0.01970778754543321,,,,,,,0.05236643119283074,,,-0.0027694087595065077,,,0.04124778856899107,0.013308981579186393,
C4B,,-0.03212392140985353,,0.0357129179633322,,-4.395567525542338e-05,,,,0.0684051120017332,,,-0.023684973026828385,0.07435954540558964,0.08339627410930776,-0.01114217372026073,,,,,0.07016168074611676,-0.00921833482696396,0.09289195474890505,0.0233781702562435,,
NTNG2,0.02122942198688759,0.04658407870142203,0.026922100060477062,0.0012359467556168405,-0.02281052606035578,0.015522588334268495,0.005418694576157463,-0.03272969512987604,0.11111642206620931,-0.022173596640497253,-0.0077270893854552445,0.13406645857376512,0.05261765613068953,0.01552892213845625,0.09397347763735636,0.03209809626369721,0.07571946407926086,0.1679632261187171,0.0478089384635449,0.12224052668474177,0.0488513619753387,0.04317493782056676,0.013180730671306125,0.1179220604039109,0.020892224886544228,0.03380182199663854
LAMA1,0.07938968577926224,0.0996054091889127,-0.005475766574553568,-0.002366780892438903,-0.060642583902696515,-0.0070509466664936335,0.020661449300340473,0.09174533605805024,0.41746616218316174,-0.060953091899055185,-0.02135860022597985,0.04429828307683834,0.0299442179016712,0.022114841731059112,0.0038451082393659002,,0.037713882418332206,0.11638979318372362,0.03137481765528678,0.1263537317027668,0.045976632374976775,-0.03818836474157674,,0.1303704232502336,0.08270530941494189,-0.03609635185070171
UCN,0.01727205172519926,-0.08415206150597965,-0.053666671593272076,0.02599497922618379,0.07602873283968357,0.015172423862583282,0.052200215974199646,0.00834751192971003,0.09262381521605446,0.02301643196861504,-0.017137186110563078,0.08540933620114835,0.017614889180939442,0.05786719921013319,0.015779202807434157,-0.016687388180140324,0.06253104228293176,0.07928838236889846,0.02143637478881913,0.02736657706204585,-0.024002201200602293,-0.06487630507249934,0.024803792437631516,0.15036451636498224,0.055277860905966855,0.009110988663440603
ARTN,,0.07598996802927277,0.04781367099737402,,-0.04356026858980521,0.008416989809010818,-0.03332758454767997,0.10819154904713697,0.0848318432129181,-0.052426853077288706,,0.005075736902326737,0.009800981610016512,0.027597002815641165,,,-0.04544256093092258,0.03744266846955478,0.02551211808474563,-0.012181867782927718,0.014145353685962096,-0.06080225392078361,,0.09343795668782788,0.03630324011047933,
PDGFD,0.002179885184205061,-0.0031010412823092794,0.0026434585043950227,-0.008447426900885008,0.03341200310715687,-0.01924306919986877,-0.0759467503488838,0.03481510194911384,0.0860665685150309,-0.020498158807724296,-0.05356877932779957,-0.04425963932588708,0.10144455668276287,0.07565241031690326,0.08970329669350241,-0.007181151462326676,-0.11793036071906766,0.07602162183415125,0.08757167624646875,0.11633176283943535,0.14539059491933873,0.011292991665421718,0.06470540515672624,0.1984380397728179,0.17344973917136264,-0.011749397018905062
EDN1,-0.025214599770501334,-0.032217083611025335,0.01727862883456276,0.041659787858921944,0.022335379983940484,0.0017539337857568932,-0.023016168764253685,0.051832907163643055,0.21734143423404467,0.08149897075303703,-0.008306659702779376,0.06854312676846765,-0.01317740893675909,0.06014673762168441,0.18454940545744697,-0.01726660123406978,0.002504623818106033,0.1317057370693693,0.0799904123616701,-0.042126948228302305,0.007696800698283346,-0.0028395780341405785,-0.0017461838327143071,0.07230417060460667,-0.06761776931018353,-0.002747388650908326
ARPC5,-0.054661725251304014,-0.07633716614927531,0.038494871876490956,0.0032726378357030316,-0.026155948834934554,0.04315911628630306,-0.04905170788475645,0.15231450411369507,0.13788683871173554,0.0391000154682403,-0.001564013456992508,0.060041777917847344,0.1561623998331619,0.09059225534606993,0.18378119430473286,-0.0364686201107248,0.013044331805391008,0.01038981058743519,0.10579088931804746,0.05148175206480782,0.029961030033387154,0.03560064704044514,-0.01670818220344789,0.08251365904425637,0.038602974609390946,0.05089850495668737
GSTO1,-0.09872898465699217,-0.102970636118338,-0.01118687169550249,0.02748070163654085,0.04549923835462733,0.08256052993809165,-0.07133079317202491,-0.22292260964389793,-0.32704891176857437,0.037352206353561936,0.011521661610034213,0.0011285881360752524,0.008561792292382336,-0.0644032455204963,0.16353006679897858,0.02144210180684197,-0.06259123399080607,0.032502392104195,-0.018305688134798055,0.008675494429021595,-0.03604924595391968,-0.03512276469240464,0.034491692806987925,0.006459179097794166,-0.02013449918035257,0.11946466936219305
PROK2,,,,,,,,,,,-0.005924666210678242,,,,,,,,-0.0546506144537687,-0.059149564789266834,,,,0.10139529321742546,,
SYK,0.004714691497249392,0.04375235313813325,0.04032392087279881,0.021875550288035887,0.05130972713528376,-0.010145912536633862,0.06200106278250695,0.057548380670788005,0.2134063671222916,-0.023358174003749007,-0.006404991508965459,0.030473235580219978,0.015347419125340836,0.040725419794682104,0.10802387461145131,0.15162810468258478,-0.059425807022517006,0.1049186065459048,0.048196074917913424,0.018443322910908215,-0.005345893099992108,-0.04164902802228111,-0.0382770622387338,0.17525270333318504,0.03452204061648184,0.06545595570457793
CD40LG,,,,,,,,,,,,,,,,,,,,,,,,-0.0067917082650860335,,
ST6GAL1,-0.05310225616925186,0.0035487000689462685,0.05237602697000476,-0.004805830784607473,0.061257037535843106,-0.04838198705404266,-0.020617499006098147,0.04262473741469298,0.1511563091146243,-0.04449292446927193,0.012359772016776103,-0.05512534799939388,0.03303219245970682,0.03577376134034137,0.03235419984452475,-0.03450856522044894,-0.0062502480359375705,0.019480801473738728,0.07089411758062202,0.12720153204210097,0.007672434495121534,0.05650017146265829,-0.07474727622419847,0.1787695892159131,0.03296687172790919,0.020393169478940047
WNT3,0.057329028828858264,0.056511217944974594,0.059312459917321605,0.030608733862838525,0.053544295257247694,0.07960633569895247,-0.05666145098234985,0.0465743741948399,-0.08705417365794947,-0.017780687371499786,0.018889246455623555,0.018072432667596904,0.019093223708790796,-0.044209714767458094,0.008322365857131026,0.04131379011792347,-0.011945613485175227,0.03882549795551805,0.09141309152161325,0.02866322503068737,-0.04963521042645953,0.03419063953148735,-0.05594575783484818,0.09470321816368801,0.010396698369990522,0.03335520542178007
HSP90B1,-0.014598667941175886,-0.05675173401735372,0.012163933063729395,-0.03965078733454457,-0.06872699843272682,0.000981002863411245,-0.0373087396834338,0.1796377991170163,0.18907168475594827,0.045683321815894316,-0.010701954088506669,-0.008678529835394948,-0.0038651463354897535,0.02434866653963497,0.1780936334240679,0.09769703731028233,0.016234235720406866,0.03143464890545484,-0.07481762320434039,-0.1676183661167956,-0.061492503215732006,-0.011650800216898433,-0.07926829107052244,-0.13180942690292693,0.04228705872255644,0.013886791352584681
ZP3,-0.014898733084158558,0.06567260522432436,0.007198017364204818,-0.033379038292820164,0.1150940226385657,0.03545737033777714,-0.028574081739930614,0.06480484956243228,0.27801685158233846,-0.014754831286784635,0.0003640945573265631,0.013773581440849506,-0.026176214124133568,0.09821222070532522,0.08319993149526879,-0.02112163115235591,0.03861746500750437,0.10033719261259226,0.038229401596684656,0.031133781740915845,0.0342265447367444,0.01504442729079797,-0.06535135968145916,0.1666010481823748,0.057069038629227097,0.008719155560798279
ANGPT4,,,0.017041112967512328,-0.0379247020724285,,,,,,,,,,,,,,,,,-0.0026175774160975013,,,,,
NRG2,-0.014991663593383263,0.07888207901024016,-0.023160701033992103,-0.026762349226842744,-0.014724978144014045,-0.026904107069250886,0.015889110594444485,0.1178833722011127,0.10784549674100913,-0.02769992031231522,-0.013427055578244708,-0.023018614870194704,,-0.011244053725427442,-0.03595277903718605,0.07383640650047564,0.00114436365446567,0.03763254855706603,0.14736983673816628,0.07284265731137765,0.051823924041218265,-0.046226419154807664,0.06497949324558061,0.1812644740458258,0.07740783995400428,-0.0043585650989969565
MELTF,0.05553220804186458,0.08472282157605208,0.02070049030403889,-0.01169342754112328,0.04000339250546119,0.011532209371410316,-0.032562985651313936,0.1505640702160696,0.24514419086411862,-0.007527986982062697,-0.04759304154245913,-0.0061757906276413334,-0.03280105552600405,0.07088305930213014,0.17572062205358094,0.05344829200233875,0.013539113218088959,0.12562231264031742,0.09069767584278547,0.06346760907989919,0.0338808236179989,0.01693690866269947,-0.022470735966295577,0.20529943062903114,0.03793713645399944,-0.005609080609189663
NLGN1,0.02248993336786534,0.11619070162672795,0.031825573980247615,0.001966684444596534,0.16717281775638093,0.07556175221846674,0.012629198408966086,0.15168362464840668,0.23244839020155675,-0.03182090482002247,0.029178549957743403,-0.012319451917051291,-0.002553815977469932,0.0673251516827159,0.05536191895425986,-0.0056456654551975596,0.052704741911532994,-0.039160765784148996,0.06864363812459949,-0.03587491040728054,0.08145899894572357,0.02976434230234493,-0.041477470615672654,0.16613688268690446,0.10725320830103394,0.11703944512053975
SLIT3,-0.009484814280660671,0.0460808485873461,-0.0023186664514037447,0.027031173436544827,-0.013450341527165514,-0.0030297056475309557,-0.061887081010438875,-0.06902744261820944,-0.25650212884010587,0.031367723777311826,-0.011110758654134273,0.061029246424982676,-0.008662223006594652,-0.025265754519452885,0.04717194207298907,-0.008825416253573883,0.00876702475907139,0.04814989935390249,0.013892990199035254,0.08178397533963289,0.00039372442738191233,-0.010479711141763748,0.013602705414403522,0.057938789761887856,-0.03394410461496674,0.030158406039337143
CCL8,,-0.03592893592746269,0.04376215640386011,0.018588421889429014,-0.019105498299852076,-0.02121583963333301,-0.016240301938014953,-0.034650410258292505,0.0778909707364354,0.062284442474567214,-0.024841781017815593,0.03648825610167291,-0.009945220875292987,0.04632253415456785,0.020630919333090456,0.03868655829208602,0.017088966821669313,0.04022831194043389,0.00492925039651341,0.05407834842384572,,0.0037686928587972795,-0.04730127359766759,0.08262870271726332,0.11455768872048289,0.011326928020808438
S100A4,-0.04360287728008701,-0.0679032505474236,-0.016174237545157195,0.002581330700271071,0.07122832806378648,-0.008610036274127054,0.04191731072696124,0.1809702421362047,0.45246500078020896,-0.03584117604533262,-0.03796500536551543,0.03141038284404531,-0.06879140995265318,0.13693696230638688,0.1390014652106834,0.040177325485324565,-0.03479447215431181,0.1127240602365697,0.055693260596786316,0.04967926983779982,0.10139401096977627,-0.013178760789682855,0.08248771105140304,0.045031397912797304,0.03900344350616352,-0.04145860711256991
TNFSF13B,-0.004552721266223471,0.05867543911001884,0.042168538393458715,0.017805900402727778,0.06796800974388786,-0.0147878506007195,0.00931342443667857,0.07747951836331048,0.3310858156454417,-0.07207243326139406,0.013710111301858762,0.05102846760399104,0.0426117922174666,0.06327093797831748,0.07808450495474334,-0.018560534429774785,0.024449006736204967,0.0420907186434001,0.10851188371997794,0.08534565365264421,0.003786844675852995,0.010751620394238503,0.028016532578463187,0.09317189898073389,0.016793482330437717,0.07946457145679942
HSPG2,0.018474785273785037,0.048288047675091504,0.06010153865476417,-0.0003306504007515284,-0.0850014418390116,-0.0709490101856695,0.050117761871570854,0.24837229959348914,0.4222695330100724,-0.007935859069228304,0.016014691485504925,0.09290993532901415,-0.0949084666417371,0.09243890893943275,0.2346287128105417,-0.0010461411575800603,0.11285864003850896,0.1538488596129312,0.004300263365681945,-0.019694865195778972,0.058125232854305035,-0.04873808577935785,0.06538151808709318,-0.025525022673231108,-0.05431684686834159,0.013818257716794301
FAM3C,0.0944789464832707,0.019121553247986537,0.07825106942806814,0.0180094580921523,-0.045599526201294115,0.06828586973208216,-0.026198103762255624,0.0013985166197935399,0.2369126922412576,0.04113573725169183,-0.0013049860801341354,0.018549230564713897,-0.031157540119681446,-0.03275047821140271,0.06716112985105367,-0.01251119149886739,-0.007964385172504885,0.028947526641849238,-0.02505302195011326,0.03336252750529001,-0.003423848753219239,0.00347779049294912,0.03132388334804658,0.08832141106339285,0.07374528957324192,0.026864616177035668
FLT3LG,0.15333795026071764,0.024143466008677363,-0.008067248141021048,-0.05234863024296853,0.038279789646926105,-0.004198442832337723,0.044268522649762804,0.09075799927440142,0.1719268168401599,-0.011861323235230202,0.07412829466249815,0.06961408953075895,0.09093695143047978,0.09634892942245209,0.07509012315076358,0.026927680715218588,-0.05554754332428127,0.07192607377190784,0.03180201806938943,0.07586645819960003,0.08250335273982332,-0.025815578085994374,0.15388804041889131,0.18424949531818716,0.03166691344194717,
A2M,-0.0716058663835095,-0.049351597693418896,0.08320045805378698,-0.013788184309284529,-0.023362792887699508,-0.11042315536608942,-0.040865818208488315,0.11866423355601088,0.3309446279853955,-0.011724799234498956,-0.002544859396405739,-0.02363632907563617,0.11694983447775391,0.07204509376044552,0.23533727118906037,-0.06070243193772526,0.11482502753280015,0.04254477638952311,0.0862170332855948,-0.025523790914523857,0.04578138322409489,-0.017576081732281732,-0.058645957854948694,0.023348092849600068,0.030349320280865438,0.08129134478369333
VCL,0.038003775282329455,-0.00513510483531651,0.04578396816992627,0.025596108842942274,-0.01599587046924723,0.005399837165924017,0.01692291322450958,0.09511523381197298,0.09923749578391979,0.010904770398145773,-0.012671838759771181,0.056265288332119974,-0.037342192688244624,0.07010704306017122,0.16664959184499636,0.05809685793007251,0.03964039671284417,0.12126277276601391,-0.015572990124887704,-0.06209534541851395,0.012692948037553354,0.026803810649986343,-0.06496903356962899,-0.02216056609715873,0.016215220815797023,-0.0021868092924088737
FGF2,0.03715247795801889,0.09543635859302453,0.02188435249796357,0.01520013173390918,0.03492079410365195,0.020517653474277843,-0.026691336912810143,-0.00012087916988231466,0.262452091331888,0.011827406105032013,0.004435689640187034,0.019442887701460448,-0.001554991975672852,0.06612353436562717,-0.01670195793910636,-0.07274199309920582,-0.05038752161207018,0.07730913878145838,0.07767001404775319,0.05323426293522232,-0.020776472493188574,-0.008157988008339442,0.058975435554461386,0.16230258956252838,0.018573577708043614,0.04202124100979693
AGRP,0.01817838763185415,,,,,0.0916759126721458,0.0020533523795573487,-0.0558382109335216,,-0.002863043955979089,,0.045101132736759884,0.06186960968827462,,0.008155889567947465,-0.03731688223851862,-0.04526422858982594,0.0018553714694900343,0.07836394721283299,0.01807653577164778,,0.0006273292939844806,,,0.01400089606417664,
CNTN3,,-0.06285092038867272,0.0003265257515205912,0.03927824918370833,,-0.06310964378863115,0.0028354191875283297,0.012685065415907066,-0.16531338186580877,-0.029769081194229594,-0.04570327527478459,0.0051214411012494255,,-0.04185037613827193,,,0.01134353088482429,,0.07040403520350409,0.11664318151268054,-0.0014173761373904219,0.015219728646382272,0.0369870383351774,,-0.03898337508640154,0.08920267255352719
RNASE2,0.02466086447149292,-0.019286300746346404,0.06998786765354381,0.030039777255633695,0.1245128712963937,-0.02822340790569397,-0.033019417348916044,0.14168942880554478,0.3505246462060833,0.02072234708291913,-0.004026122474317971,0.04543049311389459,0.04453495503227708,0.04597269840022789,0.09971173572396265,0.002511003478025772,-0.01278196596043744,0.04848140351187726,0.15116467088291946,0.060545949851573785,-0.043122061845461614,-0.015632188596681123,0.0026616947024517457,0.2192513932621798,0.1127557968155333,-0.07211162944108193
ADM2,,0.022065262540316766,0.03737974729912835,-0.004732744892980067,,0.012791486629819373,,,,,,,0.1085700357772192,,,,0.011722273694220577,,,,,0.009963300306169693,,0.021516371361744908,0.037059166575365364,
GAL,,-0.06259442637948047,0.004956255059832359,-0.037914883705993586,0.05970647409877035,0.07025504569636007,0.02843767939787234,0.034129416560850945,-0.04832479430178417,0.019721790736909973,0.0031812261660623354,0.04849483740695477,0.0044030324507714005,-0.00391302975970127,0.05488112957680092,0.0002954788950241661,0.02198155580390164,-0.0036664011324893018,0.036284634993549496,-0.042693464950196186,,0.035194879530538674,,-0.017324151245722556,-0.051243100022193004,
IL36B,,,,,,,,,,,,,,,,,,,,,,,,,0.04081341138196236,
CXCL6,,0.0029542389778900754,0.03850162829069892,,,,0.030656880322258842,,,,0.027007601778775807,-0.08700714573297658,,,,,,,0.008609442870924165,-0.047331075856429934,,0.027658177273900204,,0.007568256421502448,-0.0074811137158514755,
PDGFC,0.020377892136726913,0.1528014172510759,0.04097621789471314,0.03266439004927547,-0.010605536681205951,0.019471024756724842,0.03756915185396656,0.21950375431185978,0.3166544615994426,0.012959932749477323,-0.03951244595784963,-0.028248799948856734,0.00949104283083858,0.13818356371206483,0.12670318449528975,0.04854366716162082,-0.012841314509913706,0.1541336449301707,0.12894532221230512,0.12991667850716185,-0.026080936008633104,0.020912636482366034,-0.0221194309209504,0.20139899574076842,0.13839139934510028,0.13161623998754168
COL8A2,-0.02721506722752255,0.03890155572804763,0.07070361863277141,-0.009135820117735515,0.08933010688255093,0.09810032556304231,0.055967885872856796,0.037167091937033304,0.2593032890017145,0.005620324809412312,0.0378758517725989,-0.04654273413833241,0.04821385635310484,0.0809130607626881,0.08216050346410825,-0.05853703650492579,-0.015027966908010153,0.059589567560880775,0.06205037981264173,0.04969049692200078,0.10652174191365481,0.022619698524624043,-0.02738009681225614,0.23687467145940513,-0.03615833546149286,0.04523202504619318
SPON2,0.029994559598695666,-0.0033804572732463204,0.024442757738700752,-0.005400874619355139,0.004273506079474678,0.0019627532880398006,0.008253743881974574,0.011939260161955706,0.274771304937891,-0.015576576499496654,0.05393439269983426,0.03271668634408976,0.06886990613259733,0.042123020808784585,0.22336329811499436,-0.00616438018676148,0.12149950260533407,0.11928715590764741,0.04966915249430871,-0.00593248044334451,0.012057528003585906,0.010374061429482584,0.16407529611491042,0.08751796913799961,0.05146962096953356,
LCN2,,-0.06878202190161445,,,,0.048803524471548974,,,,,,,,,,,,,0.005177470271273599,-0.05649835158353649,,,,,,
SEMA3D,0.03079637783026013,,-0.016264593164103027,0.007793963411946799,0.09125352236085031,-0.020762492568077655,-0.015989302542581144,-0.00517809519555571,0.13051520121913343,-0.016203596994959026,-0.04755331491782421,-0.009821239024726237,-0.0586752891874071,-0.05303515742238759,-0.06090771282611169,,0.03689887162441399,0.06749056856401944,,,-0.02672330645313587,,0.009689617957560931,,-0.00447548812053116,0.06518248258979589
BMP6,,,-0.002987379501116071,-0.006371380747676621,,0.009913277843272278,0.015920194844762994,0.021794107481796353,0.06836155561681359,-0.0006358687786124687,-0.009175902122980847,,,,,,,,-0.036210167563644535,0.046463795905110086,0.02322309598572024,-0.0002989921919645921,,0.060894898091766625,0.022597960840619158,
TIMP2,-0.03374994595213996,0.14708389589333784,0.01239914139106046,0.05336441845447128,0.05576820474381742,0.003985696717046293,0.025620679989305322,0.17284240892174557,0.25966059654359214,-0.0006046720484049245,0.022163620573024453,-3.4286006313004735e-05,-0.05343684192901511,-0.07964777369573535,0.0031785649671767805,0.06147729551785718,0.01954185045798284,-0.011377712181117801,0.017894502878463815,-0.1853147442713882,0.021983334044826996,-0.025899185260853053,-0.0272075817490264,0.08490645349364971,0.08457443157479094,-0.0644261016707657
EFNA1,-0.03815777653617776,0.0006343638063348125,0.03441782425038834,-0.017473888406258735,0.15199695624863194,0.020726553250702055,0.018335266887847326,0.25827300877974446,0.22095086407737458,0.0437414993697007,0.024828654862653583,0.0731176690777484,0.09878177775554255,0.06229826569698293,0.06872931720126753,-0.016564827523295307,0.024571895120091364,0.07181714258492855,0.05169421650037696,0.07434185757748282,0.030820659005258117,0.12572748864883346,-0.05248039556189403,0.11561038870878311,0.09192021457461055,-0.06893020633088838
S100A12,,,-0.0039436276312037315,,,0.05593453139348486,,,,,,,-0.011009443719129881,,,,,,-0.020155148418732942,,0.06297839660525152,,,0.057658167576215516,-0.024169039418163493,-0.03206602664865467
TFPI,0.06456888682872304,0.07092186900404034,0.03153041210177817,0.012959263882085906,-0.04297363668938164,0.00021082371386189785,0.062267194013498436,0.12815370602060763,0.3405313258612492,-0.02992161773482695,-0.029995700529697224,0.06510755293429599,0.08608849825889647,0.0876913381695732,0.07345689767407317,-0.030588138385226067,-0.06589163771761081,0.11498126616213813,0.028821048373892818,0.08211569467827863,0.07960173599971515,-0.009726356589051733,0.01170578595605043,0.07275296698294717,0.05460417624206402,0.08102196467536725
GPC3,0.014876997686652153,0.02835001354923507,0.01647925288909086,-0.010539375284842091,0.13721826378587448,-0.015698301360068615,0.029948310782981564,0.3093634632004639,0.0597982755476069,-0.03606324367256743,0.058796859948587604,0.06972684260546955,0.03437145759528102,,-0.019918402382025118,,0.04794775483994023,0.0759578138854062,0.09491960167169586,0.07825395488386541,0.0084781011397082,0.037002426976962335,,0.0899004988128416,0.08406220825757094,
NMU,0.010898902445987808,0.013940164940175536,0.004324280006766571,,-0.0505460965709973,,0.011406139772760728,0.14467052458949228,0.13691619819489642,,-0.025646398450176876,-0.03349294603702408,0.06955463160041297,0.05298130574848629,0.0334410659063011,0.00414896015879269,-0.0043956604075146895,0.030591846859797947,0.01588800043347518,0.0933394773734326,,0.00311142790567598,,0.07375474818730152,0.089491394732691,
SCGB3A2,,,0.014745399201503615,,,,,,,,,,,0.0395190010453204,0.06767353259764636,,,,0.025828979757151142,-0.01734393057204452,,-0.01819834647001678,,-0.004983069683390014,0.022900737899890708,
LAMB3,0.04858030295354979,0.022178129181997585,0.056036729895021675,-0.001983746434159668,-0.0027663252930921083,0.04106600254175113,-0.018707799837953554,-0.038289610524021134,-0.3048919818854334,-0.010683004822698414,0.024033581140827744,-0.024902948223150246,0.09511690178044245,0.10078293237776402,0.06198201176159891,0.038981550172776776,0.024619352413779855,0.040458773535102646,0.06530952363270397,0.011849911406966541,-0.014164863192134959,-0.05694541132718774,0.05852487724655964,0.1897474138872377,0.03439802652347552,-0.020228624815725058
LGALS9,-0.05900952244790737,-0.016222468171470016,0.03700496930992077,0.0255626680253064,0.19222648380122506,-0.002557466879740321,-0.006689572911941016,0.11512470881830154,0.3246230801153019,-0.04826562140325622,-0.029241906760711804,0.026137820727673358,0.09245430316650248,0.13590167152878976,0.02457465612166463,0.05350270499684257,-0.01542831290571592,0.0037251609912843774,0.02328965113923034,0.03929824382340239,0.08907767937400815,-0.03221704229750663,-0.0240955829175782,0.10882046552961133,0.0933771541332713,-0.06606674808034696
VIM,0.10295271022661619,-0.027403367708125743,-0.07082590416146817,-0.0545693090650685,-0.13260477724383438,0.04942564704961558,-0.03283574691035353,0.09900941913102186,0.4677156940712489,0.060204136939187296,-0.016936741067230393,0.025365150544137,-0.17184708931479223,0.10988653979425032,0.09998999177672635,0.05257557432690332,-0.012234022829163247,0.17573891804332725,-0.04871399104143522,-0.10698679084841817,0.048563827534012095,0.004313073372709665,0.011249517521350835,0.3251327200626856,0.14737139243622877,-0.001544055862133792
PLAU,0.017924697933925662,0.10352115055076376,0.04204427839492323,-0.010815926770824907,0.02829548736355267,-0.04327960947960981,-0.008533088891561133,0.1481024943665705,0.3809418261217352,0.07309023440021195,-0.0030769241053286754,0.06373929451903827,0.015003786780265536,0.14664832691986848,0.17661925439241347,0.07516696851133914,0.04238390944576438,0.06325839002787931,0.05345603089678662,-0.02864530311118404,0.047249331018584924,0.026258013634549788,-0.010488106505824131,0.17313230402041666,0.1109907126090218,-0.02720571638164992
TGFB3,0.07980468362754725,-0.015965581244436422,-0.021409375605678408,0.009396931951117377,-0.020516904013407836,0.02537536328952546,8.771865606889714e-05,0.06552590448742328,0.20131393141978526,0.018607435150583853,-0.05951417296034957,0.07848394725357423,0.013477777681873648,0.07846364407637423,0.1389864900669163,0.05753846545043041,0.05242814393672986,0.11636091346313147,0.0744703163353826,0.04320886962605524,0.04506967394677576,0.018047161281270995,0.08851097638828663,0.007416768815897578,0.06439696288114916,0.0014902316731412511
APLN,0.06333986031150614,-0.05383968114501905,-0.020575238709921246,-0.0005559963595929253,-0.06864635608870898,-0.002142006785843756,-0.061889658749336156,0.05257938553736272,0.39401291545215916,0.05682687050321549,-0.050487357986181314,0.04790612619955507,-0.04452704795632941,0.08533465098128734,0.15261790358838864,-0.05785555226287197,0.009033062378288808,0.04184059521495491,0.022136473481855122,0.02375130801418154,0.0362714771719769,-0.011181122438995914,0.014706958124751063,-0.010473894244697655,-0.04071806163771966,-0.025840850420580333
SHANK2,-0.005479475386776471,-0.06290675785582768,-0.028197007663045878,-0.014661438603136675,0.15786482444776434,-0.006204587386906425,-0.007840418394720067,-0.0443270312713551,-0.1989756933771746,-0.01622086010531673,0.041446422509210275,0.010585679191703145,,-0.05028081446942776,,0.08176708146245032,,,0.006002762040468577,0.11037591020265139,-0.01585520549357409,0.04029855459014944,-0.03318993772536728,0.07121554616515148,-0.02658629292228929,0.07038294572248922
LTF,,0.009013395218405353,0.0004902077908853469,,0.022181870581323936,0.02329953148287682,-0.042405219882789884,0.07322072055560756,0.33741026613104613,0.0275682984811982,-0.02697217228400059,0.06828152301905586,,0.15240377323166496,0.01567266639602581,0.02662388909754022,-0.00469084155989204,0.015990153907200502,0.025076011318341546,0.019416500558036197,0.0070458522001703204,-0.045801574054686954,0.05396549151188095,0.005454501598854229,-0.03544526761378405,0.03944304881602563
PYY,,,,,,,,,,0.018800749815946528,,,-0.04640359472016027,0.015468432610223602,,,,,0.0011760860755429265,-0.014576877430896019,,,,0.07349860938127611,0.028026366381391072,
PENK,-0.022732654513716404,-0.07599220569211987,0.03890785213805127,-0.04918156661798347,,0.02620295497419454,-0.029220004182797917,-0.08206552242129514,-0.22165381752324553,-0.06018121559025532,-0.040095987059670955,0.06006057561823439,,-0.04159139929757737,0.04231559076286637,,,,,,0.04610671702904177,-0.04133967504310098,0.02087365782564093,0.02681269663855609,-0.019634648927188712,-0.06419412244459514
CTF1,-0.019482858586520636,0.0334947677638909,-0.03384211972630731,0.020647317489781176,0.04350783141051073,-0.018403072633173204,0.027227788663692406,0.027369979298480295,0.19857085133286123,-0.011982760431816585,-0.0028736653127317594,0.030753909609895793,-0.022155510599132247,0.05879661494255875,0.0682355857918333,0.16483998669596556,0.06241176734435493,0.059907386556361235,0.08633976969723632,0.0664660570131363,0.08294747960802057,-0.03432036104562509,-0.05730838668049899,0.20724959555856076,0.002782044609249871,0.06902592491190766
COL3A1,0.06661001869354946,0.0606692342943313,0.08508033473677673,-0.07281183574225088,-0.06427477009651233,-0.06074123769921665,-0.018845134869937084,0.08550625932065685,0.43225892611827516,0.008754312890935331,-0.023333506053468806,0.018319020573571997,-0.13327627066000178,0.13069983282940434,0.2299898090139031,-0.005959289764347064,0.14687953947538074,0.19042663558233663,-0.00672532539169611,-0.09041569829126882,0.10291491221948879,0.003200669675839,0.05650897128557774,-0.10328286308991551,-0.0017669430510934105,0.0785582102758294
S100A10,-0.06765084778635624,-0.010507441378178996,-0.021919063127370485,-0.06434339287420386,-0.04569220196162107,0.09769479184252437,-0.023149683334049997,0.08290929853382296,0.4520702999317827,0.06411004199003827,-0.03195466883740572,0.001745545441982648,-0.08826363100499082,0.12542164246073753,0.0406350515982115,0.0021446654511794085,-0.06161248653158651,0.13089031549921779,-0.023375081216261476,-0.053894981290720095,-0.029760789919539225,0.007066752871507833,0.05285906510601956,-0.00459512695541802,0.13742551734306008,0.05898427520191502
FGF13,0.022872366607472147,-0.08334383996775954,0.05670167561941012,0.04007220858132671,0.0593608567078731,0.02179702088995998,0.003813866313796836,-0.14328979855057136,-0.3075697494360096,-0.01925509677201051,-0.0025288703970535696,-0.006617862728420949,0.010112063950251512,-0.16034688353203222,0.06635045023932722,,,,0.10410056998906467,0.07603826114480873,0.02535498535192167,0.02546486944797946,0.04419545955540179,0.05121084384255376,-0.03769155269844042,-0.03040295546018904
SEMA4A,-0.0176748356828582,0.021592326772024325,0.006292422202809155,0.04610995334562045,0.06558364018403083,-0.003505645805151072,0.014449377094852186,-0.1096237513693142,-0.15084663685159233,-0.008476789900236356,0.023702509220305937,-0.10287959641336901,0.07067166727195454,-0.07823662872554003,0.04078571965487366,-0.0012990246663972728,-0.035191525368524025,0.11983110576625614,0.07179453685716904,0.03045529002353428,0.07904261924399558,0.04568923847863485,-0.05972164765068995,0.1840708603279112,0.005587057754992892,-0.05690786463033486
EFNA4,-0.0155423110943034,0.1268204337510172,-0.02519137637998841,0.026171737851033938,0.02526213707353566,0.010497685798474822,0.06170940194644374,0.06636658139268746,0.16958645917201098,0.027748763670894103,0.029557547713290326,0.030371085574689958,0.0075736968783135196,0.06510499867657618,0.06684977263283229,0.009300407646396924,0.01769164306721335,0.017528311121302056,0.07592759329442761,0.02627134694648434,0.045215884392107136,-0.011968380017006673,-0.023064498150161587,0.18470337386244254,0.06558167714968208,0.06885097973999135
HSPA8,0.06233268986568874,0.037994405433230925,0.0647655262538054,0.06009641829110388,-0.012577318951472525,0.03965017229527551,-0.005963609492877441,-0.14840818101554842,0.017347645770852637,-0.05590942382707718,0.06128614230712126,0.025971304758247018,0.11875325028901829,0.034660616115765916,0.1013181722426956,0.09068416269996231,-0.014434171891591803,0.05487760918157938,-0.024684054003172296,0.042525332138046414,-0.0640141074809966,0.06436676413531318,0.026125925906403974,0.05682628921762765,-0.0391625439950511,0.06343604103466038
NPB,0.0005499445442890577,-0.0077507020112302615,-0.024723231010945833,-0.02683519530010006,0.03809229597466965,0.007936213591420962,,0.11902166872183055,,0.008931051408848638,-0.002129512512986432,0.023105713439039617,,-0.021473103895015264,-0.034582071165546825,-0.0008633651247710699,-0.05112530525209439,0.0618168099138734,-0.00011772939265850262,0.09722945841771398,0.0025842885682155424,0.004649063346034757,0.07413419438352034,0.2365864336261392,0.0008621550690779273,0.07274535514462657
ULBP1,,0.020997884144945737,-0.06140949816770218,0.03750423156910288,,0.021031923121086305,-0.012489652975902571,0.04125685368499367,-0.025613596953384898,0.06308336075620861,,,0.04364641403804231,0.003696594238034881,,0.08247965966594116,-0.028830140849421267,,0.033235437206952864,0.034669852550450894,,-0.0217212042871158,,0.08624150579982408,0.10722101103471887,
SEMA3E,-0.035331423043292565,0.20617105539410532,0.00696528554354035,-0.02788237216796331,0.08887613261200103,0.02646017923811914,0.02245012763081862,0.21634263652254132,0.021834960501644445,0.02681706782392574,-0.033913651284443944,-0.018245484897402228,0.0077064064818529775,0.012893677035769196,0.1282078745383573,0.03326178028257501,-0.08522909862021527,0.026869230340288326,0.06310423428966815,0.046810122736131374,0.07022370981886845,-0.028150929755821442,0.049620317262382925,0.11820529379025001,0.13306944850103197,0.005052024398440487
FGF3,,,,,,,,,,,,,,,,,,,0.11406977269188198,0.09916338162549346,,0.007863568618960835,,,,
ADAM9,0.06189119301772415,0.07948580923880504,0.02507009028387425,0.036901390795603665,0.025310098713500515,-0.021269862139741656,0.0025207909486994235,0.08434183827737098,0.3969032131849041,0.03754797392680782,0.008423755980462801,0.08139785406683783,0.10402590972059322,0.11566371855167598,0.11659338595482223,0.0323587621167192,0.03358249580459085,0.07109043953350701,0.052548151394264886,-0.06682478013089964,0.11072897960263733,-0.015232767949003396,0.015381276342273839,0.13723175069603277,0.16203790393220097,0.11536314418187332
ASIP,0.008623613488403617,0.004860544381922191,,,0.020219562001317224,-0.03363787710636858,0.048381012843671814,,,0.01870077410214512,0.02687159201742055,0.014327324358528501,-0.02288087217878297,0.0019636281591315285,0.16531149311525456,0.021441753798108917,0.000868165642824061,0.068425517091362,0.14374595179102023,0.04647223760670636,0.08570922279599238,0.025298441735178256,0.04720939590405061,0.19548590305727995,0.09143227389829418,
IBSP,,-0.003221249759035781,0.05662419146880942,,0.02937685188008836,-0.07274824267388454,-0.020951575780551426,0.09534940496581686,0.13459619219677335,,,0.043439186098774334,-0.0038956436025602394,0.03752851173246873,0.21287251787900446,0.03765617740363235,0.035315455501960254,0.1002340180905708,0.09578093197612277,-0.018659438307660314,0.008963830323995356,-0.011788425040449326,,0.043973895571451746,0.13345480663373027,
MMP12,,,-0.0015559953079944077,,,,,,,,,,0.03187252169901218,,,,,,,,,0.05474386861965777,,,,
FAT4,0.02020356105230919,0.04044981391784589,0.015224888940344664,0.007138702057353887,0.01904832020329387,0.02598438149306528,-0.004964838684550153,-0.012066021896756924,0.09521535173645566,-0.07148918118223319,0.023744634001951575,0.037840698493781015,0.07831321347384598,0.0636535729402967,0.042618939764161076,0.04222922291541879,0.07474319024491526,0.04199503112628776,0.03633858604200349,0.023996302080126517,0.014530839537556751,0.03248252222562904,0.1248778251698044,0.047197361129308196,0.002570110130973057,-0.03857077568640573
MDK,0.004027047221443659,0.13053747139433988,0.025527346090186635,0.03182405802922405,0.0401837816107507,0.030302099803942977,-0.032222787557450235,0.2696401823352461,0.5022884658389284,0.07072685144095842,0.05775653637047885,0.036139649162599194,0.20914836820922506,0.12033992030668726,-0.09526739396691133,0.024588796361280717,-0.017673602894289483,0.06819709432711248,0.04222111409980095,0.08518989808701856,-0.014870473396194617,0.029433065251417947,-0.002433751024182595,0.029883267570261253,0.13141674845809825,-0.051190450755992704
BMP5,,,,,,0.07010060614201723,,,,,,,,,0.04696617382001633,,,,0.056004624840079606,0.08533824954917446,,0.04372813166442464,,0.06751074004237517,0.0838995472510748,
CAMP,,,,0.04358232010197867,,-0.005546822841355774,0.0735452870471846,,,,,,,,,,,,-0.014398948427614112,-0.017097985829185227,,0.013074115489540404,,0.0718965117635202,0.0491298839810394,
HSPA1A,-0.017156735982178855,-0.08559609687642378,-0.04416264248395585,-0.00142678340901361,0.07423162418162835,0.07752022592038454,0.009513207417260446,-0.030140197214500123,0.29690591302810754,0.04227915151995743,0.05627861346610687,0.01743341032243968,0.005900048008916094,-0.047412887327443566,0.08049307125946847,0.017006364581064175,0.04548162099663907,0.0015706757425961071,-0.012766122293638322,-0.08481437731337495,0.012786802980591804,0.006106198330236297,-0.018496494701215383,0.019907288396366067,0.02645697754334981,0.10645802305165016
SOST,,0.031169208896290487,0.0030999068601120353,,,,,,,,,,,0.023148572297197332,,,-0.057767277663961336,,,,,,,,,
SEMA3F,0.06777072492507193,-0.0063072797664037675,0.01982039340201489,0.010325555979657768,0.03270616126351523,0.02988677823834783,-0.030238565537054382,0.08910291658312885,0.18103360065295115,0.06989423394886056,-0.027013370188487144,0.024810422843652775,0.04570348602054316,0.03772898109354001,0.14977078546339717,-0.12655069745014072,0.06772403741891493,0.11916937190946435,0.11443186303578855,0.0611020033162111,0.051226628348335426,0.01297475052509468,,0.19740754745810735,-0.02831635506267466,
ARF6,0.02519111648079163,0.02507111867201797,0.040423473358193025,-0.025500272341940026,-0.10618776532320044,0.03582109632796885,0.021726539142319444,0.179379878046593,0.07706784853291768,0.05955071006639509,-0.014273328196041503,0.042624665701609,-0.09325746022236177,0.08776135636138487,0.1859386777309261,0.112899979687017,0.1351754763514753,0.012788583079618417,0.05076262804500268,0.0122807209151762,-0.039834155458102545,0.01549485537561181,-0.032284941531574934,0.04825649879569294,0.1725533727909006,0.0038983359610839396
IL6,-0.027041970622254986,-0.056979927854340404,0.003040439307536875,0.01230058653114397,-0.038194954407960655,0.002659906888196449,0.0025655231789077663,0.028580379863818846,0.1638599606674978,0.0668233025003929,,0.014182485669579385,0.04474555825459225,0.05933983951630425,-0.005606597375971332,0.09910080707102864,0.053830809872355945,,0.06782448076278402,0.010117063330445056,,-0.07049031536799157,0.02490684169059309,0.11390783908265063,0.14400096589954098,
CALM1,0.09319781786716864,0.03427467683275921,0.049497433454424235,-0.02267379610717288,0.07057477457104319,-0.0410422271699611,-0.011438250160904743,-0.2605925467382111,-0.40240731817599057,-0.01897486395442066,0.02300526079559143,-0.004275614051289925,0.04508640301062556,-0.05681187813882406,0.03899995280040611,0.052550561885359004,-0.000970761134333129,-0.015701237559057342,0.00902917952039203,0.09072733422908039,0.02572132691711749,-0.0030333928751938026,-0.08356854371329764,0.2528363537965214,-0.15974400908212857,0.045038204633676464
VIP,,-0.04402426423395071,0.026272579517990148,-0.009284609049227547,,0.0017541842849525407,-0.019072230121661374,0.003325092555944265,-0.14895010602406766,-0.05047845899188582,0.015346081891051562,-0.0320346368897642,,-0.08726216602302693,0.05709917736195489,,,,,,,,0.0016491639644466878,0.03964977872197862,0.013557034224231887,0.016407774906168127
NMB,0.026546709024296917,0.12092371789247391,0.012165502966210936,0.03589352710886171,0.05480327335136029,-0.05584663318107853,0.05875014100389877,0.1586182481583619,0.42019024015675394,-0.03450793021529649,0.010767494390431476,-0.010941657453215445,-0.1049238460769961,0.11361173793523847,0.03936373175814543,0.03015915689572989,0.009378747040714983,0.1477177181129382,0.05616719218575885,0.13248325629618052,-0.013646736213589937,0.019033295393445022,-0.07992418665971762,0.16643033439058308,0.15710812789986425,0.034283629294935176
CCL26,-0.019334005922328253,0.020952956170704185,0.008013845451376681,0.004514048536741269,0.06348715698827133,0.026087525248739887,-0.08431481597572775,0.007828731002067385,0.1289121006689204,0.04173712517245001,,,-0.06254502614521605,0.02044413844025529,0.049569309482454214,0.05851672505490418,-0.04933056660641031,0.05191726713076577,0.011505016386819883,-0.04250740562526835,0.06061562129128071,-0.026772293216640413,,0.030834568530128444,0.019426743794900506,
FBLN1,-0.018608816507337554,0.02887140290283624,0.08015626527943964,0.013672002255603343,0.07356889699782009,-0.03308803514121053,0.009465382977925547,0.006441422851044561,0.15069858482271914,0.05590374123599167,-0.024476265564242046,0.054200442313964675,-0.03875092885177852,0.003797990387023455,0.1847650847599297,0.0037454454783872387,0.012259792601024897,0.050592275972195754,-0.004412024691504006,0.012064361490869377,0.018746188140154354,-0.07000927192854738,-0.05962283932281203,-0.03543774318768833,-0.07685165764714867,-0.08002972013341324
SAA1,0.04583744660387698,0.010143338068828082,0.029568049856722456,,-0.029950813639112076,-0.012155014988274314,0.01100408137381442,,0.1899051573231884,-0.013483386334411011,-0.025931966690006584,0.0358053378130574,0.09032314126386165,,0.09711524448786038,0.01272219735351179,0.0048070549570359885,0.07936036917565295,-0.027886245952921367,-0.09876425618193098,-0.07874696058005372,0.023781269368781253,,0.0549718145621979,-0.0012814025839773232,
MICB,0.01337771576094872,-0.040530833015326874,-0.0412226099627094,-0.02975509425109488,0.03415149053458717,0.05323787243315882,0.05543268017985221,-0.01615514495978366,0.19133704456943126,0.023895122414681894,-0.0070011073441729335,0.04559040520664642,0.017928328847987177,0.0384051242391218,0.05177414414471783,-0.011893360012448322,0.003363466876973463,0.0510757943437038,0.023811634671218645,0.04804556955896228,0.09906683590007172,-0.061564753200468766,,0.12992095961746697,0.045316259327770905,-0.06319166270320095
MMP13,,,-0.05354818520250088,,,,,0.013534573044998305,,,,,-0.06357888709289862,-0.03109393237095836,0.12881659594943604,,0.016762763510591226,0.04092386864102707,,,,,,0.09342179471467754,,
F13A1,0.01090967005168621,-0.032535075234458595,-0.01764157720406767,-0.041035618057575794,0.0922623385851236,-0.07251987567213546,0.04275692506312931,0.12216543700365928,0.07671035642117088,0.006724526181035254,0.003112617794709443,0.03737534442235706,0.08133117951694933,-0.02929051109252529,0.054394165044730165,0.001244644114936926,,0.11379047239473347,0.0037593864608105247,-0.07129389759632153,-0.029758383285431938,-0.0035305369946748676,,0.011212962894790433,0.09135927244431916,-0.08856637350426894
CXCL11,-0.04457096583967001,0.08283867689489359,0.036922840309595625,-0.00963104923887655,,0.020798335029634223,0.004905935458732913,-0.010887754227588857,0.23157444868199165,-0.005715991177913287,-0.030941992869532906,-0.031050137178738783,,-0.01738673428059782,,-8.3364775569089e-07,-0.008351857093700572,,,,,,,0.0932077483805784,0.059216151648898846,
COL5A2,0.09956209689160293,0.1207304249198402,0.05920877585563597,0.057935298050177046,0.030512912374467245,-0.012753993591515753,-0.04678586441248884,0.1767847761695724,0.4106863967081381,0.010427083608060378,-0.014596124312695621,0.005957641941250902,-0.1350193484326462,0.14363020199779603,0.18896874844478362,-0.05346963255332324,0.10368702653049612,0.1561123045554623,0.06472610583185975,0.008399069425089714,0.09406409115316232,-0.006233225269334121,0.0029996545984744536,-0.07671546447669318,0.04426277016028692,0.04375485799798069
EFNA5,0.013070153986060356,0.04655676860033661,-0.037455460854745465,-0.07042449769315205,0.06376915523473714,0.0263726433885663,0.022729196605437322,0.009673591807226828,-0.2064891951480844,-0.04088610450153383,0.00192659255890726,0.0014246633457183112,-0.004609193639705041,-0.07171765727530285,0.07658856659443969,0.014944440013912813,-0.08794314272588455,-0.016256998890167285,-0.02807137830013418,-0.021738034885955698,0.013182990247173003,-0.01711702913338165,-0.0046360990848803045,0.12915818643594,-0.01347848416097229,-0.005435976243169889
AREG,,-0.03369765723094266,0.02571540641850331,0.053437346111162895,-0.0643150023679592,-0.050291829656038664,0.03781883926074979,,-0.05822572673312267,0.05974511980117428,,0.01378786427096289,0.07997663342322411,,,,,,0.08174294627366252,0.07274443317616275,-0.0011274016308415982,0.014703823034548053,0.027420842037879267,0.07977800329515365,0.03397455387402378,
EDIL3,-0.1301119112333686,-0.1030392209640974,0.05094548676083303,0.0035702908893094952,0.04298206898836406,0.07520518089878243,0.024741144967116515,-0.12673000367885373,-0.46484136300200374,-0.02857320218500523,0.05436460759283438,-0.03091602251281668,-0.08996928322765971,-0.05002080475519277,-0.00988756724050992,0.016965807794578906,0.10762624940214255,-0.1374509604699907,0.020565711822574842,0.07243821716247964,0.009474053122319895,-0.03603067569635524,-0.04219720963834778,0.006798435265790855,-0.07666261832413983,0.02064618141942137
CD86,-0.04247443431582792,0.00708038612092386,0.01779182377078559,0.005015381414852787,0.03824628664407707,0.04177241193397023,0.009175006047487362,0.02462105743843086,0.24986936343683516,0.0037870558065422697,0.049487759818408104,0.015129027464957374,0.03355458214099011,0.06999240538213962,0.09768305575835343,-0.05102612479237217,0.0716109373047296,0.011545400808902649,0.041454183564270365,-0.06172100135888773,0.016140586581412226,0.009992732774912834,-0.04706069723208819,0.11655593444301948,0.053631488350821425,-0.0315113150536689
AHSG,,,,,,,0.009686729059633917,,,,,,,,-0.000445473618425762,-0.052485055683728944,,,,0.05809664940012809,,,,,,
WNT9B,,-0.03882788973500258,,,,0.03151413586233756,,,,0.05555230548977932,-0.02321374974070323,,,,,,,,,,,,,,,
HRAS,0.04259529798533339,0.027497053288631206,0.01975422106912939,0.0024643021843045944,-0.06246546721075573,0.016310355755207243,-0.0073625554544825,-0.0036747731220206025,-0.09370449142965824,-0.04897414587885444,0.06652434290036309,0.021483765003513827,-0.02469288876178549,-0.0404453847318204,0.08153570758431544,0.04409720584659307,0.051341061820014154,0.03318117003258876,-0.03827366983675446,-0.042307608374191126,0.07211342979959165,0.02545475655663938,0.08235363223772996,0.21620744852630694,0.027769430966615615,-0.012787153937230858
C1QTNF5,-0.05229595163093286,,,,,,,,,,,,,,,-0.1365718091502814,0.08084880924256002,0.061483321103124135,-0.023389079755470835,0.011050263781489917,0.0873590268440106,0.002851684641724067,-0.07000868523263484,0.09105583156835345,0.09613620836663642,
RLN1,0.05160079264135339,,0.01532005853674417,,,,,,0.08752765605106252,,-0.015586758124855334,,,,,-0.03118299544423331,,,0.01970324767049973,-0.022944118103961963,0.0895101440787776,,,0.04995274323923964,,
COL4A1,0.0374640784118497,0.04928101926849108,0.08695517199294296,-0.07841275629782479,-0.04544226257207491,-0.05565654131554114,-0.021862986671235905,0.17792108368546194,0.4734906863618158,0.07059567795618497,0.006569463541363833,0.055929853152593495,0.08723047173118761,0.12531957757278137,0.25000250238959626,-0.05212080456103494,0.09453903460718899,0.19236961237337,0.07054184757714374,-0.014023765084950044,0.05295770946423497,0.02641015937081376,-0.04224542881635133,-0.09724711164217062,-0.04385790094812365,-0.09713264106838582
CCL3,-0.04732175617330291,-0.018419641897782238,9.956853590528765e-05,0.027977305237824067,-0.04379007439761639,0.01449718928238893,-0.0002495100891211155,0.06461198229207138,0.2213654724310022,0.058537788812469606,0.018310210380281973,0.03745347646787239,0.08359857467229571,0.035678302712691345,-0.023178853196776785,0.016628559896198797,0.09690289261205494,0.012570308917489136,0.0002797398031569252,0.0003919585049448102,0.031641323823840536,-0.015355813545753171,-0.021880999887839713,0.09836639700798464,-0.015721622863116184,0.021325122990891076
BGN,0.017460288564036548,0.019260149031679823,0.051492789373754955,0.056702673218546225,0.0025704874548379336,-0.048443053718514324,0.00043026757068376985,0.12842290809489007,0.20111567881253734,-0.04052467448484288,-0.0048181368456620835,0.03677725565285155,-0.14378247940207486,0.07922737684434603,0.2182351296552399,-0.03385508070230035,0.1097563934196402,0.04672404287165407,-0.018664468288712318,-0.08278618255017228,-0.003250982319285304,-0.026469492982022978,0.014582725640610543,-0.01989740171970838,-0.09517106671825593,0.0556513340764773
RETN,,,0.033785149888348624,0.017063055966568978,-0.0010186354701421233,0.0174549775802633,0.018941301182322366,,,,0.0009980309912845937,-0.02149780523862792,0.06340012087207283,,0.07540767821486197,-0.0003371588318306188,-0.024396387462688712,,0.012555985679060832,0.03989673179338465,,0.0010320898491915712,,-0.0012998154507351627,0.036392058690877256,
S100A9,-0.11427428705029674,-0.025632674742033495,0.0713886031990168,0.019600922539045412,0.09841372921500378,-0.035636752454534654,-0.034326157715725385,0.0033643363846073823,0.3629534654143305,0.06995367871002825,0.05774803801941226,0.048412764311689886,0.0952067246670958,0.11248260846166148,0.12446003152553803,0.04853321442913308,-0.024853637387241785,0.0214477002969763,-0.05494813206296919,-0.07816627072427071,0.043628532146751074,-0.018965729393633394,0.04201340595059968,-0.02504612790974692,0.0260395121640786,-0.015064420995899839
HCRT,0.029284620878784917,-0.029132085044462117,,-0.03206366940715401,0.06854370168793707,-0.01680386048741242,0.008272939109615681,0.0208919984567181,0.10766714552201345,-0.022273333599008013,0.009097470666569372,-0.011194165236599118,,0.0118949640631544,0.08020466227435172,0.08501404063966725,0.015935574647376025,0.1794238367900041,0.07087542564692222,0.078994542827749,0.025298336665119516,0.04007473295823828,0.017128873978910972,0.17457644168039885,0.10729230244810073,0.051895107433245755
FADD,0.046914618774067926,-0.005306232066333974,0.008295163557509765,-0.02623362171173811,0.10473694088179046,-0.0023909924327752607,-0.022410945239114567,0.11328027588396454,0.31265133114317356,0.0384124095650548,-0.03980346257787034,-0.020694938551555093,-0.0035449626368016206,0.11672799351425492,0.10105297460758632,0.13640296857980683,0.09438206310057116,0.10765292519417945,0.14334866413539718,0.04489906519903329,0.09237060230270216,0.014543517923737504,-0.056794285138681275,0.2006831022034954,0.05595340093176893,0.06703809058159438
ACTR2,-0.045368717323160744,0.11370350632134196,0.04883186683866523,-0.02758106223788185,0.02053156182957516,-0.0547663774393709,-0.006021110775788335,-0.011949987496504203,0.08654321438550758,-0.03552502858678543,0.01525120855670914,-0.016130014160502967,0.03858976057474576,0.01575847226352449,0.0522411194148259,0.15142213382430852,-0.12695868352207448,-0.031319342776815653,-0.09861374148682878,-0.07306532592082435,0.03010057179798932,0.020467457695001308,0.11598652188926138,-0.14164661715245705,-0.05595636589390999,-0.000643357754147494
BMP2,0.07365417925338896,-0.02598711922169788,-0.07033660029021181,-0.018553570704831084,-0.025207067069420486,0.05034511170412389,0.0008460135104742627,0.18291150518648888,0.05995702397862604,0.015746397389803376,0.01835706857494647,0.06138939582748039,-0.02961167920088952,0.07964832523535409,0.04524218042342614,0.019196242073390806,-0.07451207435078755,0.08335706550144371,0.05461512020600041,0.03314579105077258,0.02953416287767925,-0.03205997198150271,-0.03427707436119244,0.17443962084924644,0.09311614440524804,0.010699802760438424
PDYN,,-0.07358136262356765,0.025895898308343792,0.04669621825773692,0.14774930637253314,0.051834593657065886,0.011843158218773301,-0.1492043648347162,-0.34196391695882145,-0.0506816488470699,-0.012340707833180205,-0.05957252904712134,,-0.06913420532299037,,,,,-0.020350431443729198,0.10076751013099534,,-0.069339418997403,-0.018871145603872194,,-0.08210111283834122,0.0030539694060472606
CD55,-0.03807436641446984,-0.08441083498137802,0.03342004776830445,0.028380643780117627,-0.0070643572740375455,0.02574175277041385,-0.0013856010166898966,-0.05121742827438955,0.016467075414253768,-0.0033308166025659337,-0.0008173784375648017,0.03567943739697845,0.09911480351999306,-0.02108206511854588,0.12224821994417973,-0.01713209013783455,0.03940241634893476,0.1173937278321924,0.023283349710912758,0.036643221769326474,0.003939517099618866,-0.05297063981955483,0.014952925269197422,0.10861519188255969,-0.05345789618201485,0.08011153513281047
OSTN,,,,,0.00509366970140597,0.013242639963614581,-0.0010432804034458288,,-0.07253558371837626,-0.01872353913879101,0.05614248606519915,,,,,,,,,,0.022758615111159234,,,,0.03776864116318803,
PDX1,,,,,,,,0.07312471043521848,,0.013327774590137002,,,,,,,,,0.037614524245175814,0.098509400877629,,-0.0026063079638326053,,,,
CD6,-0.0025146673176386462,,0.007991581523814333,0.01950591571187519,,-0.05326337579133948,0.013413847631570625,0.06357309747871223,0.017521973012028045,0.028194683214605127,-0.01916754992791241,-0.027579202965786746,-0.009040904108083381,0.025137678883572503,0.05211391523591064,0.00866593151755011,-0.03998303375789257,0.000489964315581601,0.023031717899586385,,0.10566990000054036,-0.02251200362239536,,0.09598937450584148,0.024962957086531217,
IL16,0.006565255559352759,0.12688051466460043,-0.008049986234713487,-0.023115764617367078,0.005603118346092699,0.02874706705649269,0.027434450051111142,0.052263319768938256,0.22386974096593085,-0.010270533836192407,0.008780051184350298,0.015393720367192781,0.11489431212336394,0.07611795644606083,0.11014642345097822,0.053859446499318966,0.04245540820426548,0.10333114253725492,0.06612900718075446,-0.013815968067055033,0.03102950497042658,0.025374586926157326,,0.14571805252529274,0.02022912140432787,0.00795244957927329
LAMA5,0.0417902125125422,0.10508268712938532,0.02924817340116578,-0.010722540961919854,-0.13146705228952177,-0.05278296881416951,0.010825544772494302,0.15129893181736118,0.36106817067515323,0.008952807341292031,-0.002634172512756073,-0.01959218886676999,0.15506412250430865,0.08583795495615237,0.18079380603099915,-0.01759915982169432,0.054199289257527046,0.10903960870471326,0.03289241442392927,0.02406881645675117,0.0850270794646443,0.06977762116563663,0.07746083552467518,0.010795715342325934,0.03813178687153386,-0.018910585094736213
RGMB,0.012262014049568124,0.03007969693587399,0.05279471708883086,0.02590981642312349,-0.024092677868297607,0.08094788395235038,0.04933931437971215,0.1762139266959732,0.20425345385565755,-0.02338657164898127,0.0180894984780545,0.06693654171043657,0.03040530750863404,-0.02020125154372336,0.029612174154307933,-0.08879529701304278,-0.05060848869777411,0.04220725011708432,-0.021344880670480296,-0.02251092806903459,0.03813162265436918,0.015720770059036424,0.027646909296582256,0.1528792580519253,0.10265859437935605,-0.01055272111477259
INSL5,-0.022294932465290063,,,,,-0.027398346694413003,-0.011853700608576722,,0.14025410242586644,0.01177434059010033,0.02183782416016324,,,,0.044449677833243814,,0.02745306890399316,-0.03658544718106306,,,,,,-0.02451876127497334,,
IL12A,0.05438553301020788,0.0453493381625746,0.07169977798884349,0.028687416412206512,,0.07153040638582751,0.050759513282723566,0.04713045360438013,0.28140145768068214,-0.002325112376058103,-0.036167821811730914,-0.0765334892714246,,-0.05611910535223826,-0.0383347882278455,0.1138072559180055,0.08471432731292007,,0.03374074420137393,0.019144221971317925,-0.02401751055367657,0.06234085255499823,0.027121248196384902,0.13068001857014916,0.10059060673647571,-0.017347064600359646
S100A8,-0.05084111728309238,-0.005080760079057302,0.06848312354972053,0.012532467152621513,0.18151706773216603,-0.07297471467692322,0.016232973892292325,0.08791020390125584,0.446051386397407,0.03873174207378106,0.029553437773165697,0.06527614243739709,0.03990666189024902,0.11870023797731875,0.09304767765192631,0.11744949550226254,-0.027866094385048744,0.08778591437120703,0.01777435953848206,-0.0275043017371494,0.07138981021830074,0.002702673767164686,-0.044751054414581826,0.12605247060571745,0.09203947455975652,0.0908466137808086
TAC3,,-0.09654604782645458,0.02849763184102342,0.022109981501210914,0.026586233273489027,0.025208796738739155,0.012068102641659185,-0.021926047886930925,-0.22636074791024,-0.030418340651303267,-0.011447807787095376,-0.0588545589279092,,-0.07932495392295863,,,,,0.015207233620550332,0.09581134469692208,,-0.005822133413024512,-0.049390081029837433,0.01659178700207498,0.05357574003163145,-0.0015513091108025053
TAC4,,,0.015265772529374888,,0.018648315691003597,-0.027350427969910066,,0.056374118712159305,0.08685777880535873,,,,,,,,0.06141526226953148,0.031666442651774075,,,,,,,,
MFAP5,0.034935606579112814,,0.03530597084823031,0.004238624656678292,,,,,,,-0.047195395256937264,-0.034164902699850605,-0.03711179882414366,,-0.01079211835999152,,-0.11606287422241797,0.012732512781117084,-0.0028503634645776314,0.029223831185795544,0.008609820265383587,0.021673613707258236,-0.03162647074351717,0.014830928266613811,0.04213874827143668,
CXCL16,-0.033098374512095866,-0.009970763617895515,0.0078531910147383,-0.014673773735800809,0.07627196318568827,-0.011953661444277036,0.053309048631672525,0.08010402016106054,0.28196599277344503,0.029343420077788136,0.03309833043170339,-0.003439680507506742,0.08828621084857914,0.07554594707021077,0.14170545737811402,0.01792551306376956,0.04034995600529827,0.024452028548936005,0.04522544845658862,0.10928933072403005,0.004612879631314016,-0.025959461434757736,-0.03200023298644044,0.05457793679170512,0.020188388058207173,-0.02020179479131766
AGRN,0.07126793851007054,0.00239591180038471,0.07594899292624636,0.06909680479766088,0.06859064589533997,-0.10096070735627333,0.06194942722901726,0.25044852158202197,0.4361316211199516,0.046339077082916035,0.03235721628486763,-0.019064407275714994,0.07252921185539145,0.09791582329732194,0.21659381005931044,-0.0220078784931721,0.16297310964214448,0.17004500047293308,0.0392346683173206,0.12828139746272046,0.008000836521449641,0.0050958042929604395,-0.05759036336028613,0.08476409189828792,0.058928092788484585,-0.0007860351502347637
COL4A6,0.023470847166551005,0.08872787818242735,0.0364571953331381,0.039080769975991206,0.06780192800698945,-0.01954165356383722,0.026040091566936083,,0.12403590115682646,0.001359130597695403,-0.0026066535566575256,,,0.013235054569522554,0.04849036035491697,-0.014266895509941762,0.06410456404073837,0.07963495480066661,0.08841467709089484,0.1567924339081568,0.03907754793526263,-0.010524753374971241,-0.0293447392866462,0.15664031218499286,0.08633514430663779,
FST,,0.0197095354639793,0.014285238606638075,0.009016947569233227,-0.002447975587958155,-0.03449253428583449,-0.07588066490984136,0.0016223930891254982,0.04851414425760454,0.03804476002973585,-0.06598686752626247,0.07586340794078177,0.004392149376329119,,0.22067431568858306,-0.06285833782325939,0.02463818022383754,0.03063002879018313,0.06907444871366093,0.10261337715474504,0.08848119016074069,0.0005119786800060624,0.13675568272175137,0.22880949475761947,0.14516610260974439,
MEGF10,-0.010664189824873124,-0.013087005074712785,0.040807957306923284,0.002333493286628435,0.04025004989432912,0.03716084437555774,0.016230233147007365,0.07380204521983703,-0.033675412700282285,-0.014410924988020537,-0.03533768802103458,-0.03651720805569862,-0.04838925083917564,0.014819621224737053,0.01647095470642478,0.08129279979459744,-0.009431714731588022,0.08721150362797818,0.14281910865866349,0.07085700774181286,0.0726610396788932,0.03149124845434083,0.04965426203106791,0.1729548901286912,-0.05580379178460692,-0.015498889304766271
C1QB,-0.09570384137782874,-0.011878386496702552,0.08210542952462464,0.020787698181326367,0.11742093006848002,-0.09566087248507447,0.02314467778824186,0.05141790235350512,0.40140130655233786,-0.040768893727399,0.02782013858692567,0.019769387368262135,0.13555502816525897,0.15507465078345786,0.12955972999803178,0.028071700530164487,0.10074315150296595,-0.0023179392062585603,0.059161175030743224,-0.025575072811627086,0.017963020600014916,-0.0687288775186764,0.14893694422222034,0.12409928320149312,0.08115391755046829,0.07679162393724762
HLA-B,0.12803585590897906,0.08808594670377076,0.046809455675046754,-0.05034518918957568,0.005647783448359283,-0.015821718464203664,-0.02333949789427604,-0.023239475260833548,0.435114266346672,-0.04422263504675963,0.002501319511990316,0.05151118144268276,-0.022288703808949616,0.12875826429150522,0.21327232114173078,-0.038434850020110795,0.12394540695743655,0.06683951679057618,-0.03118147887563913,-0.1120914741793123,0.07237036998320205,-0.04808325096526855,0.07514073406600276,0.005840924740559137,-0.005097921819705565,0.05955876378393125
PDGFA,-0.03537728501359923,0.05546430128556877,0.018244132400485457,-0.03243902226538103,0.01898979000746531,-0.052924473548915614,-0.007385251240965324,0.11815859265543267,0.0999446934962718,0.0037395374248488608,-0.0040841518649163844,0.02461749576211592,-0.030431212762215158,0.11361726708772035,-0.06664555383981507,0.08533856979066005,0.0783951351350641,0.05137328547489988,0.060504351104193825,-0.16530727507858356,0.001552749530732139,0.04751604169457025,0.07330214206551704,0.03861307044268163,-0.003445372502419292,0.0030592196232704836
LAMA3,,0.05623950072145023,-0.004318832842749317,0.007860529292187838,0.050958007732846165,0.01852582190945414,-0.003965126807379048,-0.0017560209690892082,-0.06525656133759686,-0.026132804568127714,-0.016462092537184548,-0.025382492281383975,0.11183460886875347,0.009359507149368722,,,0.01612081866413613,-0.03543939414306328,,-0.016972651106947595,-0.020280807274233797,-0.01702750692632045,,0.056955530343889206,8.439263687269213e-05,
DKK1,0.050821828131090804,,0.0716303443132262,,,,0.023002740113219015,0.03911800514764823,-0.09092337963490713,-0.005136432731380046,-0.0292957087740896,-0.03177537252204483,,,0.1571752623531872,-0.005530525059767721,0.06316583929657647,0.05168334643678832,0.1326554786118195,0.027816303874548212,-0.0027828379351258884,-0.006797098921651028,,0.13241631152715794,0.17983036672485606,-0.0415196112940254
INHBA,-0.03853133253978866,0.06409844921965122,0.02920374742342127,-0.004017921095275112,-0.00961690877791027,0.0330651735896239,-0.030197299276484405,-0.03846913108394355,-0.23757843739350382,-0.024750809219141117,-0.016514835608272625,0.012109557167584646,-0.06081364495155605,0.01165422230643588,0.03418883465711651,0.09597721416335155,0.00829357391522846,0.09099732708669694,-0.025752970099709723,0.025704612848324333,-0.025052376749456776,-0.05555008171898675,-0.03777431431523778,0.08784233783791981,0.06022263590283545,-0.0746838474625605
LEP,,,,,,,,,,,,,,,,,,,,,,,,0.015244693072442793,,
IL7,-0.02387915351920439,0.0007394929476810868,0.030073761271614506,-0.000573708805457316,,-0.005779777316007619,0.026727468539544583,,0.07241775241137784,-0.0007442921137715518,-0.02226860036664267,0.024485961583314328,0.052496343923011314,0.03669271607637696,0.09641182746407963,,-0.02898137404051067,0.025345430421879575,0.03042806542027503,0.010079949044377812,-0.04540838256829054,-0.03486515892626216,,0.13500698722426624,0.11796249321929964,
FABP5,0.08009745223114123,0.22008179465944236,0.10233239184187443,-0.00043992181573226355,0.11379426317660787,0.03159634676203064,0.011953955299113243,0.2144120596840042,0.2625222745861256,0.0050708731150499505,0.008725049806846059,0.05463904267902499,0.11001053329284144,0.10822610913875802,0.1489904863778782,0.06750406871720185,0.04490804239929593,0.09691520539180652,0.11086299555156462,0.07169516124977551,0.08505501881396622,0.06517583396905587,-0.06436400615460097,0.2038987239450275,0.13352983257996273,0.08904561992180508
CCL4,-0.010377170403149958,0.017694507087289677,0.000840567851798696,0.05744207086955536,0.06017255146585668,-0.0036286088126837347,0.02075380704721623,0.09590698632407432,0.20418748290239697,0.04524060099748475,0.04102935830527966,0.0930689612323896,0.09172371065086937,0.040808778758357596,0.058976708291321685,0.012044723902348299,0.02345098076024163,0.03507338697850413,0.0395851027334294,0.02573426367893294,0.05480468113292078,-0.02102522412316024,0.017200554756689267,0.0405507192322558,0.021033658405203173,-0.042481786189126285
FBN1,0.06821832271988819,0.0032006259162421567,0.07014129390835443,0.0095418476104968,-0.001434164161070449,0.021121749159135016,-0.008688303460357155,0.09939510946952967,0.19360140392812014,0.035560877967077666,0.02115619446937029,0.014547048512918997,-0.08567290077888846,0.10045716331205327,0.21619025772305547,-0.03444603592507655,0.013817257839134855,0.1427971121644887,0.011274995519703854,0.016244801752066364,0.024790246537201206,-0.02744005715248945,0.10290732722976943,0.040785278682033986,0.045394188865977986,0.04573867594804188
TCTN1,0.008498947210455599,0.11114087015308144,0.052436512068380285,0.01304220551328815,0.10284972596388164,-0.0014444133526794762,0.05110422184179709,0.07538076285271782,0.356959587892324,-0.030082489437380695,0.05979909023443516,0.07308567801917303,0.07203553225568712,0.12309196802775849,0.07213951051044118,-0.0006396856268081901,0.14609952617664201,0.06842711244989241,0.11306099812335683,0.03132323343505801,0.005024579713580181,0.042066021876345464,0.061782086567868676,0.15470097414488462,-0.04376639339528362,-0.04796806757160932
NCR3LG1,0.027435883178283105,,,,,,,,,,,,,,,,,,-0.019229636604835343,0.0737354733296022,0.050577117103781495,-0.003573491010357458,,,0.013991265673724435,
BMP7,0.006341608160084571,0.11876616519405961,-0.012083032591110526,0.03954572002731358,-0.025201414480830426,-0.012011000847196616,0.02718516351522525,0.010251458743191659,0.24452428865465498,0.040292159331093765,0.01721839450343846,0.010511927292854665,-0.037483357335131064,0.11792280511985255,0.0249504755559158,-0.07129353834284433,-0.03804537043881808,0.0035936958794192675,0.05547952843569522,-0.011159779474111373,0.053451852433979784,-0.06632555147956716,0.011465820747204702,0.19275613159773963,0.061280212411217116,0.06780984539541872
NLGN2,0.012809402262812923,0.05083604362148773,0.04751264109263662,0.02457866016516335,0.05847748187013631,0.014700103022132769,-0.03672654207947498,0.1338291918149742,0.14350201111355637,0.050022438269400324,-0.021072626476921128,0.048149199215101024,0.08099011472535654,0.03949597921007343,0.09583920895229742,-0.01824418830539321,0.016095477784801655,0.05590560079360026,0.044091359424814985,0.08076190799174818,0.08480628894212416,0.06721609084295256,0.01872877206192469,0.15000170516651576,0.018674080721018133,0.0803831567167427
CCL25,0.08936901555776716,,0.060755102854768095,,,0.06597129172929977,,,0.08609053789985513,,,,,0.06821908909021364,0.06911663178810803,0.07434715887866736,,,-0.04481261099461796,0.08227570895125554,,0.029246979343381347,,0.07865719030527979,0.029427146947408687,
NPNT,0.07181409131389936,0.06535804876815512,-0.012559335338746182,-0.032551843859938985,-0.02251338783016983,-0.031337357950006604,0.030468428862544257,-0.02308920883626838,0.42299741492639886,0.026253544699511282,-0.030986513023690206,0.07716432946583217,0.04196450242095858,0.08854376137444914,-0.023723150516167652,0.07427238067544521,0.02415121345614072,0.08569861976689903,0.03626507001640234,0.033071932900435294,0.06450616032429023,0.013413621856416475,0.07087686484737175,0.12375826330762832,0.0027958029111509472,0.07921285336065821
KITLG,0.04894491129331978,0.09598962647283864,0.05037228283912106,0.036475712234204545,0.07786374542810408,-0.028179787701032983,0.06545793153661318,-0.019114355216207902,0.10542889570331274,0.04165471184047142,0.017202646101137215,0.01722409323050527,0.038943420286210756,0.054135778849373206,0.14983752343220377,0.033839141445007055,0.01683727193853934,0.08891641041866946,0.05696800343418616,0.09315386916925576,0.06757078747759035,-0.06116382636288373,-0.017669752128267716,0.2553479647706595,0.02097272498623937,-0.08329663809186914
MADCAM1,-0.0023703536789467694,0.005198618153643607,-0.026948032433031177,0.01703137090518192,0.05584445049554921,0.037993523945668926,0.026056110075520587,0.025310472000759077,-0.055019542216470076,0.010373722964811132,-0.04769619888307955,0.038274956862247786,,0.022500657741361205,0.02004418868732323,-0.030306058656583857,-0.03939401859879289,0.024971477830517588,-0.05446941588544145,-0.0037009463467066596,-0.07293405015805782,-0.004284855521071212,,0.12970444657272892,0.00024315919099400393,
F12,-0.012744201867649905,0.0008267282908657491,0.03538716537315196,0.09391806109343931,0.04209837786212741,-0.019696534696736677,0.03116672045579738,-0.024095245877998148,-0.1910175294596172,-0.014017654245871258,0.03245443701743928,0.017291525668102332,0.0654729482881714,0.028480858539807394,-0.07443657270814112,0.040479151450703174,0.11354065585195855,0.11911148663056419,0.06376464748660675,0.11123325065952107,0.020554430529113498,-0.027952583793482647,0.09226784977823625,0.19719514456329174,0.1071118311848254,0.09061913726606836
S100B,0.002365611248960825,0.13223232207052765,0.0717359177247457,-0.008805758665526797,0.19625206014634505,-0.06458862168303979,0.037390581454429896,0.03901444953946365,0.24361057753766566,-0.018258765723966713,0.020367892402829272,0.022715890068749644,0.04255420314237575,-0.0646856347544963,-0.1591477663856509,-0.03328924849853876,0.07910088774111933,0.0016118297090237385,0.20138443949960227,0.2358768470449706,-0.031055699353212996,-0.018659019577429842,0.07798417845579263,0.20028590067393143,-0.02137396968689706,0.07933414729092288
IL27,,,0.029869389246233315,,,0.0068131502306959454,0.03701715189747556,,,-0.022997302005598307,,,,,0.017499462031741547,-0.01027222478851801,,,,0.033770205390657206,,-0.030686177104033978,,0.111858318049391,-0.01676934131489369,
CD99,0.0929888493946983,0.1917573112939518,0.019223467249556432,-0.033247926884734276,0.05399433455781521,-0.013993309815815596,0.007069753458575398,0.17527810212541645,0.47489793509591627,0.03745717838768355,0.011505337518383592,0.03559719998171392,0.1157309712842533,0.15600092284417297,0.285328640335522,0.07952683860487883,0.025752619885524013,0.13548367099478237,0.0740249407588977,0.015766995450812966,0.08093783437242899,0.023139073800219855,0.013252173716166727,0.10187351949503469,0.15112697210061826,0.0008509064813832784
PDGFB,0.0673511534386974,-0.03965734575777927,0.060164038576709614,0.03603356836464042,0.02117932166356441,-0.07187925775591092,0.0035648151560630473,0.01154383646102286,0.05379756985297536,0.011446235654326278,-0.013655706912713316,-0.03547577457420964,0.041001801682798336,0.007272995660069111,0.17438022302729836,-0.06762139167656865,0.07877392800736689,0.14880270254607456,0.1032890349606521,0.06809432567059764,-0.03938952068907328,-0.015018064868358855,0.059991379152572605,0.12222843496405109,-0.05370700065065502,0.007811401869445378
CLEC2D,-0.0026189303975900267,-0.03422429130618018,0.051724729572369385,0.04259264975687293,0.03327293951836505,-0.014748730732567454,0.02716833227135462,0.23652974458383563,0.2587186253093303,0.029884017188657,0.024377157106016276,0.07566819706776708,0.04894822029004458,0.098671481526366,0.08983195228220595,0.024160696343043325,0.061477198021509506,0.09654802845204784,0.03513852401748921,0.1438819584323988,0.013556588955663055,0.03908544052780937,0.048415142007875736,0.13797301943134016,0.06294107496642053,0.011973294070077656
F8,0.023824401449487446,0.05389674389904878,-0.007181353473380214,-0.015278300781787858,0.11004136923888354,0.008744358505425947,-0.007391596423461314,0.03952400862812732,0.22309687337960177,-0.02126003474244892,0.041730006642543796,0.06250932716164316,-0.019258478948771685,0.031745053987987666,0.1314916607645886,0.02991979089254668,-0.0906290106478135,0.12489322562179775,0.014731897776761552,0.11010538808173884,-0.004169553520131267,0.029244073568720573,0.14652865062672157,0.30781855296087696,0.03640913274847726,-0.007258818097138502
C3,-0.13020373948456287,-0.02012207020903663,0.09232244754465668,0.01489988978050095,0.07069038861609835,-0.10230704740371903,-0.043613152273387926,-0.0439082100478693,0.35934748107270403,-0.09632478987277347,-0.03598975239015786,0.049516621968713634,0.10402631515149667,0.1135823559784096,0.008849546457729474,0.03250204925283031,0.06057384280958529,0.0424881283796192,0.003190230237604249,-0.06466765317482033,0.03498297180258908,-0.03251806998492295,0.05323954574070895,0.01978079160945314,-0.0970702444675122,-0.004863389057144129
DLK2,,-0.023614427147414387,0.05629446578150991,-0.005993096178808103,-0.020191808586585105,0.06573689590408875,-0.021705869638915656,0.007946908248131143,0.028414788212937896,0.02813769896190221,-0.05484235755571333,0.05931251573556722,-0.029648604806761483,-0.02296362704530523,0.08527598730468335,-0.020347375826032195,0.07136033043493327,-0.051211848362722065,0.04409083375664048,0.1406047038412442,0.03666929126348458,0.01883292206894005,0.03015477969418596,0.00442502101193787,-0.018061785867463674,-0.055440376852360966
TSLP,-0.0335122544868373,-0.0183681568250406,-0.020541594521260927,-0.011028838951684595,-0.009142283817457133,0.026213025648065616,0.036052913687606276,0.025381413053113595,0.28840524703943593,0.014516018250420835,0.005441847713031845,-0.030387481866538828,0.0885899000859231,0.04170809332031604,0.029359651448501098,0.06819623040406102,,,-0.004219413363595073,0.023801420658012815,0.04236613244983757,-0.0073941663018105225,,0.14170849338198097,0.14409466947271823,0.078854345833927
OSM,-0.05493912160879074,0.06770204065983616,0.05139729348867537,0.038839222252896016,0.04313993303051665,-0.07881994817012082,0.015295750382929666,0.12033919886603997,0.25030425136036233,0.058198607309434464,,0.07776516228147477,0.08694931795910475,0.02504907598200537,0.021810570780700998,0.1142016945333783,0.03566816011831814,0.050160582970776565,0.09370559675422128,0.05595388445421058,-0.023631290590959406,0.0013030367952257711,-0.03356891528834979,0.1214826500699308,0.13819967972742506,-0.03722319638046554
PRND,-0.0208423946472795,,0.06267040353002094,,,,,,0.10019951062022052,,,,0.05940973787045485,,,,0.014989258819080772,0.029422920399902363,,,,,,-0.006357248049796342,,
SLPI,0.04869721020149409,-0.06819907008159402,0.04074316620909597,0.0429814208058227,-0.06317257050855264,0.028868534067486518,0.049100871819322385,0.214070805216307,0.43541858326789473,-0.030018139273300062,-0.016138190989502244,0.053971376196948265,0.03548003449025804,0.07929436876615104,0.15085917986627617,0.11397871786802498,0.06910282576346362,0.1244442316975252,-0.02208507637485608,-0.1461167110442625,0.046685003992234755,-0.008398268880438795,,0.06441944631254957,0.0869278826427637,
AFDN,0.0009672762905034061,-0.008889406933521412,0.060933237171918994,0.008265632833795522,0.0916880238051278,0.023166372122173498,0.04079637448558938,0.08686016469744673,0.24632996467469015,-0.01643477991114859,0.05638541997906284,-0.030941156606847434,0.07717187590305498,0.011198226755327558,0.05421277200440669,0.004052090872576779,0.0514563337966646,0.03939378887256536,0.02362807648650837,-0.06555833613066299,-0.03948791465833406,-0.020540090560186387,-0.058016936106327285,0.08916224270100265,-0.000260908361170895,0.06402977823506738
KISS1,,,,0.03457321122676072,,0.010350230447202425,,,,,,,,-0.04337503794301085,,-0.017135641612845875,,,0.0655801210918626,0.02187718704413899,,-0.013490004927159913,,,,
ULBP2,-0.020600298524333926,0.0020520044948167605,0.07669185840411336,-0.004778780750086756,0.020014446082417512,0.05811204436537313,-0.04825535525022506,0.12152218707638326,0.10991913927589048,0.061623382142318155,0.011278116454410838,-0.024943060126717393,0.03373195423660254,0.039375623929220505,0.20424069644106324,-0.008706223718252255,0.053747618436387,0.017359776667800014,0.10509770442162408,0.11014677210547902,0.07868550558791906,0.037394313028744804,,0.16249047998639676,0.11532595805613897,
ICAM4,,,-0.024492205007094016,0.02515804589289515,,0.007048874813459991,0.012970070076356376,,,-0.014963986890991134,,,,,,,-0.0804527370452117,,,0.013853167815921798,,,,0.04657573981182621,-0.05347257796335442,
TDGF1,,,,,,,,0.0017607777145138678,,-0.010996088171747138,-0.038807343203722505,-0.016360521998927777,,,,,,,,,,,,,,
ANGPTL1,-0.003329810711336192,0.07666678655380471,0.011366190097198123,0.0025077315631719986,,0.0036918124899914554,-0.043554985769221934,0.010229538781017176,0.3517772359039714,-0.006875924952992259,-0.049061129351321196,-0.015101307238639257,0.11220961370175034,-7.243903241864699e-05,-0.012845666861343752,,0.002212124679493936,0.025654201286621128,0.0321525911024596,0.08738574907146751,-0.03201508821495772,0.027714289868663103,,-0.03209789320480452,0.03212531189047256,0.09393057920855737
LTBP1,-0.015932619926688322,0.07236764608371292,-0.011649970127480808,-0.029076080810192643,-0.03333385084326213,-0.00638561251647812,0.048157202721844095,-0.001001607873223308,0.15140149100475755,-0.030104637462064095,0.015879405792961328,0.05386975201842963,-0.02155660021646143,0.10179566949213312,0.08144686700443925,0.033420594751684636,0.09643229055243667,0.049111481693240505,-0.014562385372415464,0.037671259355958595,0.013273790577623606,-0.0006146167392650554,-0.004294397015123403,0.1123885531164159,-0.05801648430032269,-0.0027305811643522815
CD160,,,,-0.004893048797837361,,,,,,,,,,,,,,,,,,,,,,
NTN4,0.020689836331481498,-0.02737389137075576,0.045074195782626454,-0.035664049986253,0.07064364417524012,3.2874303752683546e-05,0.05342470274554801,0.04065858723394686,-0.01989270956758305,-0.010309607961760971,0.004547893421386039,0.047845626999600564,0.061255046441576096,-0.01569622016918118,0.015674354079559603,0.039161343459274404,-0.02299873969128638,0.01214731000023045,0.08703890923934904,0.039185831161835195,0.027023366126586845,-0.04711903475709236,0.010458281418674928,0.04593726330614716,0.02104515963942172,0.034256269634306134
APP,0.09136126499348773,0.10716219513937716,0.005510149376428739,0.015629698184120397,0.10377099180877652,0.007588371485232003,-0.028966695742361805,-0.20743235377867886,-0.41040952140168824,-0.08911099930536959,0.002566151351347627,0.022711386294886938,0.0638874692177864,-0.07831369344598194,0.17106324188741756,0.03980689347372921,-0.09727147928248357,-0.059396609385046074,0.04023933539633239,-0.0843615795820732,0.04318171269695231,0.05819945253424395,0.08240358256933389,-0.019564754862651343,-0.053413823011105706,0.018996361132931055
RIMS2,0.05766739446510301,-0.08774032706252945,0.05293701745338442,0.007159075683290027,0.05034425322307192,0.0195462594438961,0.021682819673281787,-0.0615766891918524,-0.27281832219067975,-0.00549752973499023,0.008375418084770388,-0.01425829186810547,0.0710612157644672,-0.03134868336593745,0.016899994054039268,0.05611077826147037,,0.0431636156253262,0.09053082291922229,0.11916187738110362,0.011250270495595288,0.029191242142473667,-0.09561473487485862,0.04062799124877111,-0.013235127290499351,0.12781630136037642
WNT7A,-0.01635224056024403,0.11745824093580595,-0.03002497956993997,0.02382444197392173,-0.004960426752737694,-0.018953024652741828,-0.010619509483726286,0.04668439303276547,0.1127662760642846,0.06494954223341784,-0.012476607256430237,-0.08108485055292873,,-0.022002708096686283,0.028748568899561247,0.046302876470738205,-0.06173448858889818,0.027092873293350105,0.034366668777808085,0.00760908268762035,0.11431518531943392,-0.034655661946524814,0.09971343681445823,0.0731927551971451,0.0876860639981489,0.17979982589508123
GAST,,,,,,,,,,,,,,,,,,,,-0.006878352850845375,0.03492171366578034,,,0.03501772516537785,0.03238637306540434,
GPI,0.044197941841745456,-0.06498371945296107,-0.0324915003246085,0.021036423948748762,-0.11922307259192878,0.028444832800574475,0.011850783500042969,-0.1338033610102122,-0.17971388280758094,0.048499752331441645,0.04295196537712672,-0.020611185899249658,-0.038160553700362414,-0.08759401440051699,-0.05965346874297335,0.026596767321689,-0.09360458916823633,0.11498673928424435,-0.12842980251906952,-0.09435449485944282,0.11096573869977756,-0.02752385722571544,0.07502713565632105,-0.029017965704630888,0.10863457894606617,0.01607314674141573
IL1B,0.014264118153543663,0.00870213723931703,0.017701728124906675,0.014400652945274263,0.024428904687293515,-0.04265828338221589,0.048546825830507186,0.047470116179987816,0.266776968787401,0.033985194873362524,0.005366120687660828,0.09946803142473822,0.10127116094319008,0.12780543781376041,0.0893395689410025,0.09058574379208588,0.008555133862245077,0.057889550834147104,0.019304326645842345,0.03255349006721781,0.06910272809151695,-0.027251907087206588,0.028362368547365926,-0.013852324628728145,0.1230437736745613,-0.019913076917753125
SFTPA2,,,,,,,,,,,,,,-0.08913687331135041,,,,,0.013314516257040214,0.05886744586477965,,0.014873551498876564,,,0.021435820448846055,
HAS2,0.0063094357866676646,0.06510385930593289,0.05461640197948757,0.043243876238395894,0.11723461058702091,0.03082084427235253,0.0734495112697054,0.31325333320500637,0.2869278738410745,0.03805924968642515,0.03132289138770036,-0.006071940525621143,-0.09557707616746888,0.08425178926019665,0.0429676990771896,0.01667655250886815,-0.05108309223391067,0.07345174483044518,-0.06118054310452675,-0.052441730423575646,0.03553879577197269,0.08158268437545003,0.008396632901575683,0.1291389349501281,0.10475588715469257,
IL11,,,0.061038490522289296,,-0.07638577861627296,0.026466969378515358,0.019010970215022297,0.09294363810854521,-0.009278892515005344,-0.007302196940011075,,0.002860682239804322,-0.03069337179189858,0.06507797870039972,0.15991062210463744,0.024675531586262928,0.00015086441203240143,,0.017427217424496724,0.008879426047004743,0.02931742339027985,0.021635879888586906,-0.048266766186161415,0.05654102533226765,0.10143798048928943,
SEMA4B,0.002237845103401112,0.09583968368962638,-0.0145609790784958,0.03974650086958057,0.05249069733514948,-0.05274500952096444,0.006597529868399436,0.10391831150144369,0.38739884407892755,0.03964855959260273,0.004325373529387932,0.003732540620940585,-0.019582915168222505,0.004370762757107229,0.043430863527892646,0.050301892049068216,0.09366251427550813,0.1279332052746153,0.06103876147240199,-0.02135175954994965,0.02708613528799523,0.053210140501975665,-0.055498354514818715,0.20005481368347036,0.1720234105694904,-0.004056543831619412
FGF12,0.07670680642118588,0.0072700440642406265,0.00732603094954138,-0.0435299864616102,0.11074905146025882,0.01781185326525798,0.04701180166919185,0.1067908991563041,-0.30594639557228764,-0.04150423575271392,-0.0003870499341500113,0.02216233471676813,0.1392414680930277,-0.06989018628643463,0.15454634287974436,-0.03023291842330894,0.014491662951802571,0.08826255053155159,0.014463710360167043,0.1602220561941448,0.15299529437318343,-0.04895960818705252,-0.017352787516322465,0.19554645212853047,-0.018553807489183113,0.03805431645171501
CP,-0.08215971359704027,-0.0011751759940153673,-0.017787755106918855,-0.056717025350663884,0.07402946032907963,0.07326676238173345,0.0332161493748806,0.1426936663918529,0.2046564793972137,-0.04106206357240121,-0.010842712253522598,0.04685362044849669,0.12994820983984953,0.04924066682248684,0.044357097020500155,0.013869578490575117,0.024717438863079613,-0.018418650850053137,-0.040992083531611795,-0.03479230869021238,-0.05807082399581018,-0.0012631888993723701,-0.02849157550016105,0.13268500957353402,-0.0067092326016831285,0.06583326196416572
NLGN3,-0.007359242754507058,0.16452254297376176,0.07286515762559564,0.03009993885965235,0.11805630657675972,-0.03800281545432836,0.07234662208862537,0.16868052733377906,0.3405618669122277,-0.03641736095029591,0.011271009526706621,-0.00016291513607130347,0.010824088349360241,0.12770850233086686,-0.0939138996063477,0.09802210634046016,0.005604472925833849,0.09934946424398332,0.09869325085744213,0.14606577088321776,0.0020972867985368086,0.05488543887700895,0.04574114211372305,0.2513468768630536,0.11883186782385394,0.049235182535905
GZMB,-0.05027587784483695,,0.0094321194734601,-0.024344329532245017,0.011658780976353294,-0.02381847220150988,0.011988680380583967,-0.01771467409144221,,0.04141460806732163,0.035586417232622,0.06796149768789425,0.07218946732242273,,,,,,-0.06134611538974329,0.05659043533889944,,0.0328618063740599,,0.08194472604478578,0.004043033643238479,
PROC,-0.034945779507159894,-0.02124398954384664,0.060708309621657255,-0.02883502543962452,,0.020785869872865678,-0.023903023653169007,-0.017494577987643603,0.19217449550841564,0.028739951773120394,0.02113347080957872,0.0032724980270801957,,-0.00491864937254486,0.14241550787724175,0.027795330914050117,0.019584503079258117,0.09689675717354432,0.097985627301316,0.036064644187013564,0.018260955449907586,-0.007661080165129241,0.029279373467999737,0.11901422012577154,-0.04339949472077565,
TNFSF11,,,0.04436265033033987,,,,,,,,,,-0.0028005623611003553,,0.0562557141446399,,,,-0.09840493650847544,-0.04012131645463699,,,,0.02451778615643255,0.039907115946333775,
AGT,0.0636233419937302,0.08983915130596835,0.027110650464397486,-0.04658736625472479,0.13709613097555293,-0.07539482997855436,0.06828872756458564,-0.07405229089489959,0.45673303653377995,-0.060224043500998546,-0.031055881283536736,-0.08391600486462113,0.07238103156368905,0.1216344911957016,0.07151540977575915,0.1137164584232106,0.06971635244766324,0.10790030148176033,0.02478037568737405,-0.14477801061172607,0.011160621023879028,-0.04702573288635568,-0.12181265392043408,0.1945191276548772,0.11371595668368947,-0.047395755461055226
PTHLH,0.12223437402398911,0.03397037233540142,0.03376147281808292,-0.018175376748267795,-0.010574102654321214,0.04142632668331998,-0.002339697315091854,-0.06536136190407701,0.0136160274736271,0.020176607360287643,0.016188041458403916,-0.0171716543571251,-0.0056639933912721865,0.01586201071386593,0.11138201123219561,-0.08536953415104662,0.03902062005269869,0.0003521689969738066,0.05244095949015953,0.07682085004056267,0.018907796642185972,0.00278055791020351,0.008113899556938723,0.15207244663604647,0.12660863872762904,-0.029446770807452793
COL1A1,-0.016660225925807914,-0.008427381623872313,0.0511443302454084,-0.005200700654591005,-0.029206210210981864,-0.03503503107656314,0.009862698869559266,0.13598774362930363,0.3181620930399552,0.0708483422922267,0.019331173079935808,0.011301012758381074,-0.12404069853058532,0.12686709162251558,0.24001339445956837,-0.06976373851273027,0.08109586458481689,0.1955280416848993,-0.057096361051532596,-0.08427546160280769,0.02469968603269987,0.016319755768050982,-0.013594977945370889,-0.15752742608636855,0.03430056832389407,0.0068554587137994024
LAMB2,0.10231882396842998,0.11021130081536483,-0.006748508316977368,-0.015296298334746874,0.04419894002466415,-0.003913252872033403,0.010093178496836884,0.07475836996716022,0.38005903294190785,0.026397130728514205,0.0017889108153478224,0.11661851684907522,0.007006624980970603,0.02629411234083702,0.2030323019796718,-0.06355748961330975,-0.006963581326111205,0.08914613893875875,0.043213781047492544,-0.08013687139070536,0.11385597467262278,-0.09229516990402498,0.06625312550897103,0.07067135402587946,0.0872225505082634,-0.01035559065635785
DSC2,-0.01667259243413046,-0.08624111745857016,0.06209386316321852,0.004538741845979091,0.05187252785502342,-0.029835627746196716,0.032420955633643576,0.023075750352194804,0.14252340040332234,0.006885701177208772,-0.0044806101672090655,-0.06157479258646593,0.02775398191513612,0.04509425525401751,0.0854437533262405,-0.07213129051218098,0.015645619229988222,0.029350105564022518,0.06851358742897472,-0.027014130192613586,-0.0008932459391300016,-0.020644962939228583,0.03381718217486382,0.19472543620911612,0.07568723119387406,0.08641017910555425
WNT5B,0.02903696733310417,-0.041475753303525945,0.011545610310830576,0.009429278238334742,-0.060980697468133685,0.06386141739635705,0.03765313142660792,0.01034073219288397,0.03126694513682996,0.053262179846617144,0.006625505089688901,0.08802095161496314,-0.033943860668406385,-0.010318511093165917,0.006628507782125693,0.007919328405821827,0.0238313934178697,0.02723906736108879,0.011416304758213936,0.015403682384370813,0.024754821762929844,0.030981230265729517,,0.07495270378337957,0.04133545222927393,-0.012624383012810896
LEFTY1,-0.0350614894035961,,0.03483430526071175,-0.011765289759445916,-0.018654187690531444,-0.0160357051285876,0.06013259862416529,-0.07260705127422257,0.09454671523531606,-0.02432167348255255,-0.06619556408863864,-0.004978541460318477,,-0.005165911268379682,0.053825286067186666,0.028085169241413063,-0.07071314992496902,0.06046637070204376,0.039303686362431416,0.029588653353289196,0.04976635221099838,0.03109852341483849,-0.002891591480411003,0.10558183146374558,0.03792346866437997,
FGL1,,,0.006179751473089927,,,-0.012309791287242551,0.06131815811078157,-0.009667785731638007,0.07360479110595276,,,0.02406677668193296,,-0.011531490385177857,,,,,-0.00975239575941369,-0.0017034804822175682,0.022903448445972304,-0.02070640153718193,,,-0.02286342833664675,0.0999443024825918
CXCL5,0.08597309432970973,0.03195862877728594,0.02255478352648577,0.021462035438875204,,0.027418152449726438,-0.05383627655001542,0.0067140025435513395,0.03359499545897641,-0.02179570335420121,-0.11229567705941822,-0.03313889190853235,0.06343385778981735,,0.0405623002537707,0.023686433422152018,,,-0.06499476710719293,-0.0830925828318609,0.06526206692522844,0.036035896863405664,,0.08961876916784668,0.09545029661051989,0.08667328441008364
S100A1,-0.04038554356916341,0.049361914947242035,-0.02860603744778377,0.008243043768118763,0.19741495439626108,-0.02577313515970935,0.01688938267819039,-0.15126563573785795,-0.42800411432996693,-0.036695533677919105,0.012174116777650758,0.06830167181612465,-0.0013260311539518759,-0.03445276275464173,-0.07889686446459493,-0.004379460049011585,-0.018218342823624164,-0.08351576940194436,0.09308822603027213,0.1315143736473691,-0.06653855138078474,0.0076098069676891105,-0.05608849680560391,0.12402996222232272,0.002414231995167958,0.12440690798845226
C4BPA,,,,,,0.008233656170423698,,,,0.011403728923183122,,,,,0.05205501826143961,,,,,,,,,-0.0038803499941995976,,
NPTX1,0.025710192621945346,-0.08249970929626987,-0.008501039289573329,-0.004321377108981492,0.04073638413160512,-0.003482172714814278,0.012664199181895854,-0.16185193242290238,-0.3677039612850221,0.0027479885130903153,0.01826845216339856,0.04364953857417272,-0.055023295209828106,-0.08431424263883638,-0.017104379255419123,-0.053535617847465036,0.009983027764285867,0.08499072956766439,0.007060753048496368,0.020548770678951316,-0.0020360249626036114,0.03665177203527296,0.014885661023643682,,-0.19518910330902187,0.03569577697848774
TGS1,0.02936876962027468,0.10090042882632627,0.01193497821108741,-0.04052731004301163,0.05182531184070186,0.05147973831177249,0.10436608479453108,0.10558935225799536,0.21816227914500247,0.0011205671809383696,0.0015274372878484334,0.072129655646941,0.04761400356914999,0.08828389523771318,0.027398449835255655,0.04902363908381427,0.1705892880150837,-0.05795142453811357,0.05756482507556244,-0.010980261775246025,-0.01531760646884629,0.052974828424388505,0.08394070061517006,0.1542022953615482,0.07606019042104584,-0.009987411744967424
SST,-0.018963443912027193,-0.043316387360493404,-0.000588129388311948,-0.03295796741114488,0.11059673632106917,0.024339289335468185,-0.0004174582229593988,-0.1096944201416705,-0.345832790230845,-0.04499719060383542,0.04495347801628711,0.060292291603918725,,-0.07458418876443691,,,,,0.0027607182405273586,0.059957345452082256,0.0329236161027451,0.026194802641826134,0.07466346461909505,,-0.05651312742082044,0.036097017091346856
IL34,-0.06370251682652323,0.0534611981222313,0.06828232658808034,0.016127849599858315,0.015558803453505412,0.0022894664184236213,-0.0014993727956313702,-0.09493601767951564,-0.1456924547406727,-0.06612023552872615,0.010057705418692166,0.05527006095003549,0.042565878386056064,-0.07095190143113658,0.11243473739840332,-0.03919925113166386,0.01124572900026422,0.09849573232791338,0.04477660689164315,0.041644795323958345,0.07652704928209056,0.029619013629863484,0.056021283464172004,0.10930894954003455,0.004280698438613268,-0.035438623584347184
DHH,,,,,0.02947306137826536,,,,,,,0.05974922701478424,,,0.019189145390303367,,,,0.0073303766080220056,0.09266034634472654,-0.0021531681894897277,-0.014244603987130008,,0.010903021526703976,,
XCL2,0.06660108624972325,,0.025649039042409453,,,,0.04389299038411239,,,0.06219222489851838,,,0.03647866637876604,,,,,,,,,,,0.05529026026480521,0.0030478685096712002,
RSPO1,,,,,,,,,,,,,,0.02536680936863897,,,,,,,,,,,,
TF,-0.10087483192471278,-0.10205803287669193,-0.02299089502700893,0.02636669884518041,0.09277060493646014,0.026281884852008938,0.008020999104839234,0.17953455627392417,-0.32559684992771065,-0.030836385274469327,0.0670679490469991,0.025422709299901026,-0.006561951155153241,0.05732842960295737,-0.14997126672235883,0.09101093388560637,-0.11313831374342108,-0.22525228385255855,0.10865832932025704,0.09356197050466132,-0.007176854296103611,-0.012920534810626744,0.04175264134900243,0.08989237155367102,-0.13350664548118787,0.14479818082536763
IL33,0.0814663801902431,0.06048705496349984,0.030977329590994546,-0.003358938996506715,0.08572037670044158,-0.02076182731877928,0.005595650021976888,0.06958009092479703,0.27109000343021966,-0.05705297548333833,0.0032078168791293193,0.07191388466495692,0.0635811436265449,0.11333231103043777,0.006320896553487459,0.045887499255096276,0.05658885992977084,0.16098847285470191,0.08031402620199458,0.10744885026719463,-0.004216086867668126,-0.002773494568947754,0.007811406171801525,0.16059714240939887,0.10498835719059688,-0.04867888289423354
RBP4,,0.027144967352179063,0.012520567641221511,-0.003194515186978234,-0.008782383571034533,-0.027264058591339735,-0.025589431009806277,-0.09402243780260687,-0.23392632024667062,-0.020720146492119975,0.05529788008102222,0.01671607551473975,0.10086986626487064,-0.09445795308202627,0.09630266013093235,-0.015151849194319505,,0.07880493676963757,0.012479902011738516,0.09612185684476064,-0.010809676967142806,-0.018598017294731043,-0.012882327022240401,0.022963127623776374,-0.017899175497468344,0.0014493277445930969
CCL19,,,,-0.0017594758054093858,,,,-0.03646150581506886,,0.008479852234498104,-0.012218795545121942,0.050262387030570926,0.06615413440825524,,,,,-0.08918436968828221,,,,,,0.05363124982675438,-0.01062891466213634,
CCL20,,0.010341734601743736,-0.016415267184825114,0.03130666312827238,0.00878014671188208,0.0013733683756658658,0.017323597148073785,,0.032018442497211586,0.032916296329570736,,0.03903150376976557,0.06692484095299296,-0.06755061242817462,,0.020096087404294753,0.05448427510365767,,-0.04616171361072467,-0.07367676333252315,-0.007731473704905586,-0.025341728724197345,,0.002886781337131561,0.024240402321425925,
NAMPT,-0.06932272242452908,-0.01205256842119214,0.00032530549870690554,-0.0006253634352516187,-0.14267492584750216,0.03873407623495427,-0.03957318074813703,0.05480287261197277,0.3404339065670081,0.07762781849093008,-0.014660760319262958,0.03932420027922871,-0.07556138732021311,0.07572172335529105,0.14975741646100213,0.13635738265742386,-0.1070667306710899,0.05663910357558186,-0.06680316934511234,-0.220436823755853,0.019069478177925193,0.0599919062760756,-0.027692562121968734,-0.0815120813638913,0.11262218061725597,-0.08480507837049776
