,MGH258,UKF243,UKF248,UKF251,UKF255,UKF259,UKF260,UKF266,UKF269,UKF275,UKF296,UKF304,UKF313,UKF334,ZH1007inf,ZH1007nec,ZH1019T1,ZH1019inf,ZH8811Abulk,ZH8811Bbulk,ZH8812bulk,ZH881T1,ZH881inf,ZH916T1,ZH916bulk,ZH916inf
IGFL3,,,,,,,,,0.00956431080168803,,,,,,,,,,,,0.010957567809201714,,,0.09207682694374877,,
BMP1,0.08976725947117363,0.08270076028733428,0.0008995990538187183,-0.013681864616405708,0.04871643828101994,-0.007395395785151229,-0.011464480542851872,0.06725487068168275,0.17892708758337592,0.0033921567388587683,-0.04281847858560577,0.0063514422403609045,0.0914046262044426,0.04714293889756855,0.10412224033662329,-0.004665774725889226,-0.05145742121380567,0.06792767963442024,0.005088738960925556,-0.0033636984832716658,-0.0017554301746312197,-0.047156802297942876,-0.07141249355033623,0.031188840135731973,0.12290659199079504,0.008433963782762864
NDP,-0.02208141408661904,0.06912716915751238,0.024007090855928368,0.023248686939390792,0.0023208981751697846,0.03802021891564905,0.061346503469580836,0.06324587075271962,0.030112571625229952,0.006364877114126131,-0.0160164364794834,-0.029369465561964028,0.05785598116048664,-0.0012003586939434514,0.03866164342265944,0.01761435686408091,-0.021844812117055724,0.058571628115254,0.016223933088136307,0.06420539901865427,0.01286492706062399,0.023520412979053978,0.0058299598147833085,0.13745095052009654,-0.0504278794196174,-0.008680322115427496
TNFSF18,0.04202771816524079,0.08924014667316277,0.03030648076150388,0.05831553328074043,,,,-0.012415753666023646,0.033105524407897886,-0.012435442230551296,,,,,0.14195392576213806,,-0.08773601790348708,,,,0.01524589032787676,,0.3122929674276559,0.016055748393182467,0.035712529568725185,
IL36G,,,,,,,,,,,,,,-0.009052785594994901,,,,,,,,,,,,
RTN4,-0.05738063231520226,-0.027957798517756528,0.05777016491932007,-0.007961684638352791,-0.006038225524017732,0.01502143043322176,0.07500712246773124,-0.046901518671278696,-0.20899839878038398,-0.046209282730516395,0.019266411176744932,0.060456202681319786,-0.10482705692420581,0.045305977989059665,-0.09361049355347724,-0.0006751454939064996,0.09883243395301067,-0.08867184435859536,-0.005524326198912833,-0.036532229983384325,-0.08626671222677906,0.02545943903240587,0.05977890777384886,0.028612081331268052,0.008611414428911699,0.01662284102112517
HEBP1,0.008467488068540018,0.07007353160266937,0.0855904501572368,0.02385133695098885,0.009062931303531481,-0.04371449901521012,0.04769260503225129,0.08267350993460026,0.09583888385005723,-0.032364398590106654,-0.015637740505128842,-0.02150450736455428,0.009753289139335541,0.03498114367737548,0.005846019586871399,0.21539322617344467,0.04953269475934208,-0.03580310627583286,0.07470163289794997,0.04573054099555053,0.05458061264589955,0.01578796809414965,0.009817526971733543,0.09895426971498736,0.02102566818429234,0.01841430922859482
WNT7B,0.0318682734014761,-0.017750352085621687,0.028449702836177274,-0.035744572740132784,-0.012380792793459643,0.0006635854680189988,0.040025953725147126,0.09297718980483168,-0.0639416139861631,0.023330737606176367,-0.024331907574822394,,0.022957647658710806,0.031370935364323234,0.05631989929375893,-0.07915394954195892,,0.086355507614147,0.0048993806349052725,0.025035146537451456,0.02110777076435821,0.0547029413931364,-0.037320134420190054,0.04456367112684052,-0.008802591179467132,-0.023063401904277952
PTMA,0.029495894920762267,-0.13008275541503037,-0.004313452936620005,-0.015365757670665347,0.03930724091841293,0.033736955754441265,-0.020894954870503996,0.07370191451142677,-0.1159955707270069,-0.007169192152057021,0.011567043244977352,0.01418585723492637,0.19310069105316896,-0.09110656429123723,-0.0008274898658412165,-0.050519264690320406,-0.07944411218749427,-0.11769680562457638,-0.07742054739422378,-0.049057324983315304,-0.0019510504855599143,0.011260890245496749,0.11767636354583297,-0.07753549119654397,0.017506640236568925,-0.050040369292352026
FASLG,0.04969304717972733,,,,,,,,,,,,,,,,,,,,,,,-0.046756604917532876,,
CEACAM1,-0.04569694966321491,,-0.0025401565924611184,0.10004584562081387,,0.06850798284024609,-0.01856797891525861,,-0.012231886839512873,-0.018097388266684906,,,,,,-0.02347403632538657,-0.08951647460443606,-0.03749799000046609,0.058731108380299574,-0.029062398263303518,0.03005202212456966,-0.03194240417210656,,0.12085898577065658,,
PDAP1,0.10161978754192096,0.08847794094625605,-0.03397247915601982,-0.046292409785251294,0.0646489905206354,0.07090823780564165,-0.021700223616582096,0.04070117669493431,0.1272967465856834,0.03570676835627214,-0.0003079110231524859,-0.04815397832844174,0.1396331312231923,0.07224625581389466,0.1938700319313208,-0.06394955287714259,0.007243540883781378,-0.006503379159761723,-0.005044285444459,-0.009092325893582753,0.040346649544218155,-0.00041541718072612906,0.022006152726070562,0.08146265748566145,-0.017176528706928974,0.018001812558748227
QDPR,0.016612236008932656,0.06407658210730723,-0.0008788785811207557,-0.04269102049830934,0.05173197505052446,-0.0442309504211256,0.1077653798657318,-0.021004956341864268,-0.21073659965669042,-0.00379968006807643,0.03296512764274578,-0.010108645376929534,0.06831791270765988,-0.027748387311317985,-0.07532669906481126,-0.003049516338007212,-0.09704503547253406,-0.1350111746436455,0.11844190830794142,0.08622245408043501,0.022919314776649637,-0.007343415984258991,0.009213888222308772,0.029945031468631533,-0.03851836557477137,0.05530219545100287
POMC,-0.04933777118806758,-2.2892613017017726e-05,-0.009675377967123904,-0.026226955604695807,,0.02583416048718628,0.04080959329618787,0.006808186704571626,-0.004383538853518139,0.004398519595420376,0.050792252910689645,0.03270228816839014,0.07616511974489189,-0.054233767073436405,0.07525929774385715,0.02976918865091449,0.03676554404857273,0.001866692369678215,0.106166248797335,0.08429243392138325,0.03715454337793714,-0.0035714123665710885,,0.030933436807860454,0.04504792357288507,0.06363163289796704
CCL18,,-0.040398576875197406,0.019038508700784853,,,,,,,,,0.005632497676101653,0.10534473025581026,,,-0.038068290956769654,,-0.0439457249022739,-0.005807782018140165,0.0008883819133578073,,0.0254556524901405,,,,
CCL17,,,,,,-0.024691337297735767,,,,0.015325797437145591,-0.027017537267507958,,,-0.0024827569781667442,,,,,-0.038358850695391244,-0.04138691904941063,0.05598594260942491,,,0.03880936298718234,,
VEGFD,,-0.005227743267820291,0.06175101712440054,0.021622090790907166,,0.02073658866831485,-0.01847259941406575,,0.04199000399509874,-0.004237346128368736,0.016407270826973703,-0.03349758392059855,0.021473952249973727,-0.007886202222958546,,-0.019381176396690496,-0.0647057655273715,,,0.019602658737522885,-0.009883820591463784,,,,,
TNFSF13,,,0.022532375666180774,,,0.040908535433021975,,0.030341033661313056,,,,,,,,,,,0.021344077588208,0.12605411898865027,-0.0003730599833965507,-0.01255447621290295,,-0.0024301016942505794,-0.006050467399469444,
WNT5A,0.026505977251546364,0.03372680499012627,0.053349947897627065,-0.02133721948652042,0.060150729724115184,-0.00258466269000015,-0.013019922827397763,0.032326798783182994,0.16425489132219376,0.01543886586583383,0.05262354980837172,0.04318178153948073,0.038308623135518596,-0.009441840849666294,-0.027043669679086595,-0.02826241731098825,-0.007672483196450275,0.09632672870787554,0.045036217961467,0.03804253770843552,0.04856313022580313,0.0429135900325235,-0.06842344984645227,0.017484524900439044,0.06370452353620347,-0.045961321768645515
CXCL8,,-0.010040101734970988,-0.055814163204466936,-0.0222807543341874,-0.008423217577764867,0.04544855067442377,-0.06145445173186457,0.06259905780229058,0.08327342406223232,-0.018030019962088632,0.02664342104324423,0.05988350199475157,-0.012418641898953937,-0.048863359453517365,,0.052764583284414066,0.017215387217082614,-0.07737336764746817,-0.08085448073788723,-0.2116760027268726,0.019684128193945622,-0.005545683448222964,0.017279307769080883,0.019040615742335367,0.0449983208759564,-0.059919124271380124
GRN,-0.009546996398295083,0.1615742410616549,-0.011128078196979875,0.003826369136232604,0.014413325999665006,-0.00857007152207104,-0.03976259806068652,0.02785656004774122,0.20752996760417883,0.034646409417549824,0.000862201494416636,-0.011711135744707852,0.04976795323014477,9.821462990423483e-05,0.01857234240524262,-0.05441144703349035,-0.04351803772651885,0.05019904174603447,0.044497392701315995,0.005584082336472464,0.007937292432295613,-0.04601845299566344,0.01700522700386142,-0.04147870524169462,0.05943254002981925,-0.011822130665389178
MIA,-0.024006164196203307,-0.005439724845279921,0.04394309598047137,-0.012520495886397589,0.01023053582419181,0.006382517172542781,-0.023014097346104087,0.06526150033499872,0.08527133093037269,-0.01529891097366779,0.02206656067686333,,0.0042849665320438225,-0.0009843972796803422,0.021289215628330905,-0.06149368194916639,0.10634863746926199,0.020901465665001343,0.16131604381742545,0.16888066868555368,0.02115250978655453,-0.06717402218826153,,0.04069668107628381,0.036519641844807854,
COL4A4,-0.011840470180993639,-0.010686422175092884,0.05222368713875849,0.0007422256804950128,-0.04157194304522379,0.030210157694202218,-0.005690706371616838,-0.009920549571451578,0.016397142083040505,0.02970407590236907,0.05800753983618201,,,0.0021171000630218328,,,0.022549958562510818,-0.04041276996649424,0.019969834471450117,0.004997391691728291,0.059094426884008344,-0.02189790655422225,,0.018196989781465545,0.0351377002864111,
TAC1,0.00013711642449924287,-0.05237513233170729,0.0905557346455166,0.046621827660641435,0.06683938587522928,-0.033104115947755565,0.041512938191983734,0.030786800189977603,-0.1180104783601965,0.006407392748221799,0.02116062902591107,0.051132955652275484,,0.011164685287835553,,,,,,,,0.029917495312222674,0.0727831057332225,-0.03851804011733116,-0.05295667756492251,0.15175499344153986
RARRES2,-0.01818878228706558,-0.07936253943055668,-0.011174878477773188,0.007363118901680757,-0.030583478196987663,0.039983041905807835,-0.0841652621272895,-0.023150065872067152,0.15408634721578077,0.03934495377944008,-0.002097305318647225,-0.04083712543338075,-0.04724270262391785,-0.0013700708803244563,-0.010977626420792728,-0.09009748629443315,-0.07321287495594066,0.06107632089261068,-0.021546254215564706,-0.02718980130013027,-0.0227373897008623,0.007222514002837961,-0.04378095940645625,0.05862140460192793,-0.026816429335521856,0.12688048221387907
FGF7,0.060019328612958486,0.036066726504934234,,-0.012001976772823528,0.003955507571100505,0.05092700329788046,0.004296175497050911,-0.006711707642148036,0.07117495943381419,0.0069732420612440595,0.0016157325858140578,-0.03323511936832901,0.0005614639622666859,0.017344525965699714,-0.0011094431705440638,0.10978775674218026,-0.06561423556713508,0.06710888986881337,0.05898053870710273,0.08731382747497234,-0.02776898861563021,0.0023414456756601274,0.017997382810861277,0.16084978982169076,0.10797369727856791,-0.0035303142124301352
EFNA2,,,,,,,,,,,,,,,,,,,,0.011005337300784743,,,,,,
HBEGF,0.019865936592283397,0.0761861999833735,-0.008810717065428636,0.018050446757217953,0.03259185975012988,0.05881657664413325,0.010224590593936723,0.04204470089564201,0.06801604950782413,0.009567356452286768,0.05159221050200243,0.051913334639144514,0.1042274865400502,0.0167705744771215,0.07772706673358373,0.09188628035212523,-0.005050954524019305,0.14689547005507383,-0.05112172057817669,0.030417947313046378,-0.024611819920017403,-0.010694820359750048,0.009540537226114353,0.022700343483831563,0.06979386746503317,-0.054244363581513036
CSF3,,0.01298553022115442,,,0.06348539192802977,0.018923881658568505,-0.03252686657764201,,0.03257682414390241,,,,0.04898778443902515,,,,,,-0.07646026161185986,-0.09521328660969333,,-0.04579379967050988,-0.03354231748433634,0.01954451569959674,0.039564998251503176,
PI3,,0.017844330458388846,-0.014295823996313848,,0.019151637539251806,0.10900389691595196,-0.007849008230020035,,-0.022008990150842137,,,,,,,0.06089786706584365,,,-0.072877316361205,-0.21017582303071988,0.07464603792032341,0.005782815635465896,,0.02251059913348379,0.02779017675380364,
PCSK1N,0.01228011635870952,0.08677112657240282,0.037224103127621595,0.03895501890794425,0.016564138492972166,-0.07159209289050945,0.1230883578198082,-0.07137817489020082,-0.03795165288418174,-0.02340589795363783,-0.03800970943178444,0.016245698913067763,0.08566948439672609,0.029877939468890443,-0.09392807278135017,0.02587271370590216,-0.03125398362526845,0.046969933137010145,0.000868489223876235,0.02222640119965486,0.050896203814917336,-0.0007137813282502667,0.06166980356679196,0.08164777598024411,-0.051953811996018825,0.07993557120621995
NTS,,,,,,,0.0016835361399258246,0.016641533290165978,-0.03359105019031081,-0.047631821954413824,0.06423484169256627,-0.03638206052422207,,,,,,,0.011536417849939782,0.07303619881158828,,0.11602051045452495,,0.06296224507903297,,
SFRP1,0.020718746175635554,-0.013006968885212146,0.056065086500179585,0.051083086077438285,,0.007778065719790018,0.08764392703732801,0.10476176500883488,0.05350121557213627,0.049202262863195345,0.014122533298356657,-0.01231916987210669,0.08521069282442965,-0.04645178065022814,-0.002596065638595206,-0.11181171616555845,-0.08334906914672063,0.11770708050868448,0.06495963864658685,0.020003301332690016,-0.01954566577952383,0.00253286167887545,0.05934052779066785,-0.06453952514655233,0.018704955010730166,0.07415371445652519
CXCL13,,,,0.047088968476412904,-0.004965326762239497,,-0.0028772985386814887,,,,,,0.10036691656151941,,,,,,0.005326849733062828,-0.01643085128563076,,-0.03449457142028295,,,0.06951704821958232,
MICA,0.07620385627712406,-0.013528547233416507,-0.03293238247307686,-0.051232391807829375,0.004390064907319459,0.09166266844682901,0.013060261283599342,0.09474737442088434,0.08984150779571111,0.039569169277091754,0.07761292920541596,-0.03608903048551845,0.09255323759636325,-0.005496486110062283,0.10206749096717242,-0.01312102060705853,0.009940771664611445,0.03364386416004882,0.11698613055344159,0.10967681359463566,0.05632399984307268,0.008783640165623254,0.02435919303609129,0.11215732476956915,0.05014459859794043,-0.018811234762383396
TG,-0.029646570372792138,-0.06340656586093994,0.06574775316581467,0.03661452043248435,,0.013782773470741225,0.023982383272344168,-0.04567753889335275,-0.023631781609093443,0.054417468658279185,-0.00870887297915398,,-0.015180627585901356,-0.030724268948142362,0.0694326884995671,0.024948930016983607,0.045428871459629344,0.026984460353402243,0.10530908997416358,-0.004893712071576661,,0.04613542674799837,,0.0719357956748346,-0.041993253095784625,
ADA,-0.049358316186707746,-0.014997263377493655,-0.07725804342832475,0.00238500628171855,0.10802864578107328,0.05370411865622924,-0.013533360576885495,0.0416986523458209,0.09876997528044544,0.002080848994958691,-0.03248381943942057,-0.008462451295343398,0.18591399390575997,0.059695380824950864,0.04167016834149199,-0.0063228707193696875,0.0626086634666825,0.017960791708863322,0.01988403296745275,0.06738576586763624,0.06513180515908777,-0.01679426046372405,-0.061235053127782456,0.029753196788513563,0.06459796268229691,0.06185352930398309
LAMC3,0.02546879257699312,-0.007747105821544419,0.0031778152034239505,0.021882798977742902,0.08918469020848896,-0.009374799459466565,0.02067047247571985,0.14176784368985704,0.16036194160145026,0.015157514016427275,0.02290965234374063,-0.0015437999834460728,0.09027826860796968,0.06278640410968019,0.13665590873813302,-0.029628722277056176,0.06536433050685476,0.089793607888127,0.0366296056044266,0.0907806616602211,0.019561786377642727,-0.04290538695543805,0.017363874233527088,-0.09322650506444377,0.07107853879277415,-0.08345321758811189
CCL7,,,0.029142761080610535,,,0.06852870133088756,-0.024763565167155575,,,,,,,,,,,,0.00475191666464664,,,,,-0.03814189895786541,0.0625023354855308,
NGF,,-0.02191261338579442,0.043392074914594396,,,0.026573484566323715,-0.039750262329137476,-0.024411035680364415,,,,0.03601232476534661,0.0929697167771455,,,,-0.02291814225851677,0.0029996779172712924,0.09841091968794866,0.05034309594360656,,-0.04741498941562258,,-0.0411778838657411,0.07547086576535914,
TNFSF15,,-0.052762886851514125,,,,-0.0057028355248599704,-0.055380424066417314,0.02106290954523172,,,,,0.010819907677987252,,-0.003073154910726056,,0.011830821302507743,-0.030422872453539977,0.007978936693774065,,,0.010425138807299573,,-0.030808580101367666,0.06492782304521738,
HMGB1,0.014112559866159247,0.0855608358347467,0.020762976623916452,0.041336862434532516,0.08560932059060343,-0.0381351278726726,0.06299606547346424,0.04162454516790281,0.1717055720198406,0.040484791793924786,0.048050102198750985,0.016939769896402924,0.15942697029385072,0.05734640393858014,0.02785843209998955,-0.031673010678858644,0.08845146662433814,-0.022038129714459627,-0.015552557259233952,-0.07768462155201807,-0.0013706463009669804,0.021698945973688828,0.05922446939921042,0.0088581626532746,-0.041684956990826416,-0.04431953964922659
ITGB3BP,0.008191321412763223,0.08152461257185603,-0.03140225590345024,-0.010789426661321117,0.11522079536395873,0.0710418640128079,0.01416327831099501,0.08620687939353704,0.12589427833435574,0.037326053005916106,0.013666328150788162,0.012341313480961468,0.06392836827809836,0.07222413367729352,0.07006005402386066,0.012614355791780404,0.052146962004589716,0.0938657683470951,0.05932279309436347,-0.0021713288607796578,0.03705674739922595,-0.030917301332867356,0.03406182504584233,0.023032214682673503,-0.0005446775323710428,0.06102907327180503
AANAT,,0.04693316586719459,-0.004008672855556538,,,-0.027341823747119517,-0.015738263188299215,,0.0257739215056056,0.012506654552863263,-0.02097143923699931,0.07885698598543164,,0.008413194261464979,,-0.012106681702937277,,0.024588304343074373,0.05119431852169458,0.034511076199837294,0.06157138426199828,,,0.01960125194135235,-0.021637731686340988,
RELN,-0.008062365919763968,-0.025579542263818356,0.08642143676104437,-0.07079027149680506,0.09879587489062358,0.04331942593843994,-0.006740475007077071,0.03198210053862732,-0.07960556132625121,0.048527495284798626,0.01527310960665763,0.026059767941677574,,0.013547512213715548,,,-0.007161727295576204,,,,-0.0552713368066302,0.031776557702515,-0.042870486812684336,,-0.009681659252969002,0.1623857018709687
IL15,-0.056487260524724324,-0.03907776158355627,-0.0337413720957615,0.013366309373113922,,0.025123997629824552,-0.012816776049821028,-0.014307155153937132,0.018779288926052812,-0.03388602608434386,0.036896912768029234,0.05736808336323982,0.0032344756408280995,-0.042443918637644365,0.0037561853967576363,0.07379501084988069,0.004802744736797591,0.07108971441427839,0.0020579197150974904,0.04009801292450344,-0.009381672651812126,0.00826016549144129,0.08128196295369321,0.04060125665999884,0.03961777773395987,
UTS2,,,,,,,,,0.028741936719233575,,,,,,-0.08418067942174247,-0.057229088986415245,,,0.029959820669848057,,,,,,,
BSG,-0.009255764502469926,-0.07413530617652801,0.004765890931587235,-0.034251751703311364,0.029888532256186894,0.04209576259351029,0.011737866434788281,0.12346322437869232,0.035405849725864885,0.016649936027822665,0.01024374120922598,0.08423292045505404,-0.011596024378009705,-0.08228425518960678,0.12558111360881877,0.032849734833249114,-0.008388753529060563,0.08986286874476422,0.04455860408806724,0.039162896752625895,-0.01324138940221262,-0.02556329117342118,-0.06531647945778475,0.0451987692767559,0.08221672206033254,-0.002735786459208408
ADAMTS3,0.011245479005953667,-0.02569618513903918,0.06956474518840741,0.012411894435199527,,0.01426399684762935,0.014832742867936365,0.010580358506360769,0.20163013946529326,0.011193165126339425,-0.009401248685609034,-0.008769442744472429,-0.009643645990637386,0.00528417536107101,0.06127498485400182,-0.09938505026622842,,-0.029564311253488174,0.027462038764988192,0.05404883073899363,0.09545486274466637,0.07638806411302536,-0.040787135655083386,0.09138307331660134,0.0319795846359023,
CD34,0.013140531766726107,0.005743537180985242,0.0005887685937652886,0.04055562039210503,0.08828025359187078,0.0022043445036829617,0.004081336687507822,0.051276585912958264,0.18665127641719087,-0.031405894735250545,-0.028819940197532545,-0.03635670416924911,0.1265009087306768,-0.05285084513456456,0.110263376698661,0.015646850104170693,0.01799104648350905,0.10230141384948835,0.08071640770868924,0.14314096327146147,-0.01327617810048302,-0.014396805645633547,0.15167076605908564,0.004643121121168768,0.09256614564505417,-0.04748784418960097
CCL23,,,,,,,,,0.07594997469789849,,,,,,0.011567751084778274,,,,,,,,,,,
PLAT,0.048671623941751896,0.11070826041465559,0.08282181780822213,-0.029885402352117556,-0.0009579098591490035,0.01837814304074397,0.08415943847311678,0.06473568553317605,0.16032904968610825,-0.009669313429063959,0.00359444840501242,0.040975477073684034,0.00866704067479076,0.07015273452010017,-0.001719297301421922,-0.1123550040123263,-0.07548510195729106,0.0725853793399783,0.11928920481669503,0.12805781396663907,-0.032558743659642765,-0.037814493572041,-0.08622993660367849,0.03543459164671988,0.132110096537383,0.18008090650639177
NTF3,,,,,,,,,,,-0.01901175802224258,,-0.017283422977125762,,,,,,0.06647476321882755,0.14548180579426434,,0.010200619176862696,,,,
LTA,,,,-0.013076533723000343,,-0.009475499938293826,,,,-0.005732042686893782,,,,-0.0424439238769415,,,,,,,,,,0.01838544580112624,,
CKLF,0.029024088143913798,0.031145629291798885,0.024640984924442673,0.02165777780042528,-0.0014152594176059332,-0.005467866189498668,0.04874554798636328,0.07166159591634096,0.1762440357664897,-0.004578453989656813,-0.008992454173936421,-0.04618152642938154,0.15038280149426567,-0.012493015851607364,0.05978810015812745,0.034163351536552714,0.05519400202845826,0.11978709152519267,0.09455878706722545,0.0972299097358193,-0.008744362569433532,-0.02623591447946936,-0.019482659691780563,0.04682520275954738,0.04093772659915749,0.08944566746150409
APELA,,,,,,,,,,,,,-0.004653259540505317,,,,,,,,,,,,,
CD24,0.00534872276550402,-0.10074415603385627,0.002989495235238693,0.004331730433268407,-0.014916955799260502,-0.008162193554353742,0.014263712015274559,0.05037254825218474,0.06384615896857569,0.007755433101014241,0.04125652384420274,0.06205418429684543,0.10204002226239049,-0.002618465222022161,0.004676315448144158,-0.021699652681666865,-0.013760852779065157,0.09194569222430159,0.08714241488204892,0.03613231123662801,0.06870933459281564,0.017629212460526428,0.02132351627736602,0.002004883952680991,0.009646217966369955,-0.027549747296173183
HSP90AA1,-0.006855820425201036,-0.08286075694796945,-0.021411624005089943,-0.04820902683505774,-0.05426834443512105,-0.05859172207995018,0.0575367068483948,-0.023691471739395238,-0.18769818152821655,0.01894920846143837,0.024962891827062624,0.054428749472676966,-0.03118170312167345,-0.029820865386469164,-0.15419205209581902,0.06465568153348035,-0.10167017664061762,-0.13312306643538926,-0.16263559308971828,-0.24097041877727707,0.02464259524449592,-0.006573401962476389,-0.09830995933577193,-0.05429689022450722,-0.001360886201507196,0.025058155013873068
BMP4,0.06439224066400928,-0.028957508158453424,-0.035373746389460274,-0.03610634228312281,-0.02446618585628124,0.006058860543289095,-0.015105770792090195,0.024403924552694783,-0.008887114941653531,-0.006397763035295228,0.008119860253002072,0.0373460427091496,-0.0348409737863805,0.0026878339770865485,0.03535636731301807,-0.014998250955296043,-0.0975353982362655,0.008832782023112922,0.03866749956632804,0.06293735517574527,0.09612269804818702,-0.027023696390157052,,0.03386876849264328,-0.011228041745039868,
SCGB3A1,,,0.05683811358812694,,0.05512850061306943,,0.05885503040142016,0.06724788687769255,,,0.04107693913095875,-0.01804048817982441,0.09902536368203611,-0.005188725550000334,0.010309459812885797,0.041509168947748296,-0.03929957750612019,,0.011169658095114486,0.036415512508434195,,0.031715835262080556,,-0.03800528797201158,-0.012575967909479617,
IGFBP4,0.05046228301878081,0.015688056743565965,-0.010973378895134778,0.028313284503877833,0.041159250258101285,-0.014507895521800221,-0.058826164831762555,0.02938436764438181,0.16648000829834414,0.012536595772688416,0.01581595950876611,0.03626323678642961,0.1277537787343094,0.00499572928922803,0.016257265658727194,-0.030769439212875574,0.03990239170557652,0.07268420219264897,-0.007708705302778536,-0.04623072302101904,-0.04345971190430616,-0.03631373252396044,-0.0026574674219756378,-0.06556697856780327,0.05382270180973729,0.09581728493020128
RSPO4,,-0.0009568517456371861,,-0.027503590822824994,,-0.020362198667989023,0.0386245322480619,,,0.008722948450645692,-0.013448271415295478,,,-0.021753575536313335,,,0.07284204763818795,,,,,-0.0022292943679379485,,0.06957045584944295,0.040447390121196435,
LEFTY2,-0.019972880510942335,-0.02177906109733956,0.0373325133500684,-0.034479020698875006,0.03356282287017602,0.03601701846124774,0.009999731012264486,0.04206162659005789,0.15717184158059705,-0.008175227942761248,0.001969187824766833,0.04862275025691537,0.014011448122636065,0.0037618709220782515,-0.08727123233207214,-0.025488345842915237,,0.057349138708743454,-0.006560306775246353,0.03513889998736296,-0.0182760060272632,0.02102010752607077,-0.05492961256011039,-0.005940317101958265,0.05236429733340102,
PF4,,,-0.06358745419934567,0.03715814089380999,,-0.027206024432008705,,,,,,,,,,,,,,0.008962490045798107,,,,-0.03973440219832058,-0.025406060206517707,
ANGPTL2,0.03543648099792673,0.03889230844175494,0.05459230779803897,-0.005572661143053863,0.05551004038746512,0.001584221624925019,-0.005633611226590736,0.04871744875468673,0.15260453816407804,-0.05530038667552382,-0.04133953539219923,-0.03767683857864372,-0.11900577779566567,0.008312172148157628,0.034879112255895066,-0.04976940905919656,0.03222327911214059,0.040836948291308704,0.06974693095206186,0.13799600384598018,-0.006271798608116094,-0.00544540166248061,-0.0010335852364561507,0.023969061807981053,0.06370237455951534,0.10246474673973174
LRIG2,0.012907975865336086,0.0049206146856992945,0.02809881801746574,0.037270177427168996,-0.010163772777685542,0.05341730780016847,-0.06967340336952847,0.012749883316441994,0.06519794503760563,-0.018085063089434292,-0.021886016557299492,-0.00020363229523615863,0.08226884764023104,0.043177945805538215,0.01990877413598414,0.0397556023928967,-0.08858215800476749,0.09794008623209939,0.017326905141244183,0.0546707230978963,-0.020555523656121986,0.049226691029423446,0.08426980493722189,0.09700141499782602,0.05012630152951034,-0.042939110955901784
ICOSLG,0.05735114269099319,0.06397541708495028,0.022388046204381222,0.002926660486079828,0.029959067291807254,0.038997956342850325,-0.0399418708532418,0.10020178851226767,0.0501987390480763,0.020835930867267535,-0.039429609371581326,-0.04762255573258518,-0.009310202192468748,0.06008627287291837,-0.06227084800839385,0.03695712312768472,-0.04085974485376698,0.030026668368626757,0.027915451938286078,0.13764589797511256,0.0333186120621523,-0.029372534468217974,-0.05729956304306522,0.03997612258809323,0.06940184825056878,-0.10747603647790493
WIF1,,-0.037015759583104366,0.021085935094251575,,-0.05325537468279138,,0.037021872051544016,-0.020117358044692425,-0.07664273510670094,-0.0416147485158589,-0.020528731398080417,0.009222246676470912,,-0.04002867328021279,,,,,,,,-0.03697103352796751,-0.007289643716024397,,-0.009973071513395689,0.06704870544878672
NPPC,-0.0111901296552614,-0.024794431050922567,0.015564816642847937,,0.019370236000093223,-0.008831582099475065,-0.01546571558247435,0.03815235218927461,-0.013451516727406895,-0.014250348586231885,0.005291990689140981,0.019161258196609465,,-0.01760975800734568,0.055383660723387,-0.02374627280376073,0.041951671435333904,-0.03972663556183904,0.07767330709317227,-0.023485803419405555,0.04011029556606735,-0.05122175461983491,0.07218879389748678,,0.061614742315347346,-5.789039470300632e-05
LYZ,-0.012657642467339887,-0.07964939019384586,0.02791365365681013,-0.021953035259662836,-0.014146821129303433,-0.030636543388870056,0.01655095700302775,0.06913980569906976,0.15969022489362875,-0.008025602231847177,0.0731627477097959,0.026070411685946728,0.033745665647896876,-0.03053526229713009,0.0170290737744157,-0.05737235745077064,0.04456381955237666,0.07900308386552155,0.08192868387901714,0.06671895325198891,-0.005947996545746153,0.015532737951626303,0.015713599482819016,-0.055146876849337105,0.06975945195136805,-0.07320579441233525
EREG,,,,,0.0038607586575834544,,-0.038719673424412446,,,,,-0.04041916274967082,-0.01828311458353678,,,,,,-0.032050159583533494,-0.019630294173903523,,-0.049535500258570224,,0.0036797421194773388,0.06398179072343273,
SPTAN1,0.04969870366166082,0.09178860300164017,0.04255654680328365,-0.006046025587596174,-0.003985994343039876,0.013310012274035839,0.04854589954092585,0.07731242083480241,-0.025161380812336258,0.04044706792367051,-0.019333581374822564,0.026835910087729096,0.08370349667058827,0.05227222161593782,-0.07340468781639695,-0.14274854056843317,-0.11997667669093012,0.04100104433184212,0.07056477112222342,0.09315870596332156,-0.01609811273398151,0.05430459951744152,0.1073276143008239,0.08840429685399642,-0.02210892760080695,0.07287423432832457
PTH2,,,,,,,,,,,,,,,,,,,,,,-0.004896141809621859,,,,
LIPC,0.025135729243901835,0.008045580089898524,-0.021045822306682328,-0.007356133302443345,,-0.003321629617038738,0.014816486268684908,0.01960377025591856,0.008272409116464072,-0.015214790352088389,,0.03592345575565622,0.04097042462739569,0.035153198274072685,0.015984335545603735,-0.031754979527517574,-0.021554241405805783,0.035236174571987244,,,0.017844001391620318,,,-0.042176129130747975,0.0006898519529569602,
COL8A1,0.0027708991849234124,0.11138037818520513,0.008267092388733709,-0.02170219755868873,0.046112455429048765,-0.005384001362622515,0.010690022733226893,0.038321406933856154,0.09636982800043314,0.005933379734196531,-0.02573971679573675,-0.064170321402359,-0.10306519501067246,0.03603557715343927,0.0549840550010999,-0.033413956527264324,0.01552443446969762,0.04480595209477585,0.1249581032463798,0.04437566137064296,0.02484630011844929,-0.022540264953046146,-0.019038347324146384,-0.026768156677707294,0.08090746567132688,
GSTM2,0.03731170632743635,0.1293975618159146,0.031498472075206105,0.010362374641641255,-0.03758918576964222,0.031947935344705934,0.023281564458245505,-0.03184668445802037,0.07524065775179163,0.028683106155139294,0.020844650081628096,0.08519599832649029,0.07363864892584462,-5.948877649786876e-05,-0.09356786382070206,0.001683017051144033,-0.029921371748072988,0.08241087639981329,0.10117088703613027,0.07561958206931768,0.010340633186936425,-0.0051407841541535665,0.002687026630688518,0.1131344970104007,-0.0006069568119103191,
IL4,,,,,,,,,,,,,,,,0.019265157567952884,,,,,,,,,,
SPX,-0.066520325303987,-0.005755663626914645,0.1047349096886885,0.03709274622839607,,-0.0001441796055709742,0.07718913378056615,-0.008305230362658702,-0.02163347376081942,-0.002482462849425819,-0.006408708035049509,-0.015744750611861758,,-0.035262091064765536,-0.02621973244850274,,,-0.0022429925021509945,0.05852332059434751,0.018389238959618113,-0.007700184747132104,0.020719861595272518,-0.020548507776470687,0.1501432346162043,-0.05053897978879259,-0.020162611348197426
MFGE8,-0.04698079348768506,0.031036832683362145,-0.033927066545672235,0.012827846360884479,0.02546741013712156,-0.005530051954075593,-0.00790256981852212,0.053765803232992425,0.04903909738063871,0.004806998034131773,-0.07562183346309605,0.0351426281229396,-0.0033754370618284605,-0.032604828894959165,0.06297316268117764,-0.0669296101039646,0.03325359633753739,0.07690817554318065,-0.03149720020349697,0.05174921428232183,0.02182154625063094,-0.031054581792689093,-0.05335455442997835,0.009277027886444062,0.04705001985916364,0.058400726705504086
TGFA,0.13100589976793395,0.012473861646193869,0.05727279612512876,0.023372236198548467,0.050074458247205356,0.004704643323428024,-0.014589985401468731,0.0485963377613331,0.05286006882522057,-0.006349828407818807,0.05996319939963677,0.018976896461025017,0.11689059969194801,0.015834730406591186,0.15173385592871252,0.02965839828811526,0.0003011692035758632,0.015783100591483128,0.007446712917438486,0.08372308043399007,-0.03953783709725991,0.035814974139499814,0.06003701474350394,0.0763204659413647,0.03628316664128583,-0.006081780935594667
SLIT2,0.030815652276242774,0.00980953347460121,0.03267976449214452,-0.009564692623015392,-0.005284464244245663,-0.008648050693317923,0.012559045728595807,0.0632296175895151,-0.04281502036683102,-0.014459587419264975,0.011966889723831444,0.018584946823804578,0.011226723362881144,0.05005663782171632,0.004801224035369492,-0.059195862404870306,-0.006826819674289454,-0.01214251854452851,0.0727029780942748,0.031141475175290628,0.21245186570990043,0.021087634504716558,0.006316283188252015,-0.012216051014415452,0.1334095337875141,0.14522454701696674
PLTP,0.012309163027880878,0.014100353350585453,-0.08532266314945557,0.03055666253181563,0.11320286036503066,-0.01372450362883726,-0.05767698699901825,-0.05448397337118621,0.1491080463050475,-0.039736020812159135,0.022964783531508264,0.007178780695899866,0.08830083559407528,0.022656112786680338,0.023891179434042748,-0.09078481243051191,-0.1357345863729373,0.09364518180419362,0.03610244529541189,-0.015511318887566305,-0.022550186819183197,-0.0536148505209858,-0.03292164957886417,-0.009134421532251734,-0.06924673897183865,0.08905650178871474
APOD,-0.0035783764379104287,0.010819770870982345,0.022931795979101617,-0.0234053332121409,0.04671470143911756,-0.019678425606100596,0.01939903634473177,-0.06107701411942955,0.02566440016487681,0.022445368399789698,-0.028918088780020765,-0.0729532853528687,0.10887934812929552,0.01612829953162841,-0.08924114656832133,0.04576565007241631,-0.05794142604733562,-0.14011563425806767,0.13341186571545877,0.23114097124264435,-0.0032725211507133316,-0.036262114591433685,0.03020282257858872,-0.1962173274301104,-0.02273551624620215,0.018886956181881142
B2M,0.0026211127778290218,0.12498063438785678,0.07459401803123648,-0.04378513621171634,0.028163784656246048,0.08443084775614988,-0.022989381989221676,0.05182110606918296,0.18526335323577509,0.034281558296853934,0.018348680585165547,0.04933827318808816,0.192603066963167,0.02900077877111993,-0.11238686409902697,-0.03193680120815869,0.06505352347127583,0.07425758153841283,0.13584065263750697,0.1286314778353085,0.0013706150367283117,-0.06124035070583073,0.10572575315133108,-0.12835490655661216,0.11877259433552864,-0.12347266426472205
OMG,-0.00573291247185775,0.045768394920160306,0.024900624502031586,-0.034109574649290875,0.08065674204999887,7.498753874968524e-05,0.07334891109808175,-0.01678211931453142,-0.08226549335865822,0.034816567712854775,-0.01828574758898227,-0.00806449585290549,-0.024739757482979168,0.06130719287967134,-0.058561939889377995,-0.03284917217721011,-0.09093827092425985,-0.08806341857070638,0.10679974587364027,0.19961850673387002,-0.036450048793434504,-0.028171726493831116,0.17012145594066927,0.16722133536810874,-0.026886339552659243,0.00649763213756131
CXCL3,0.012627890403633782,0.03453601113343616,-0.019957401707121177,0.009416208174750187,-0.03853031795986156,-0.006106132281019815,-0.07642159898299254,,0.024911365193648005,0.00861246925288883,-0.04273919964727364,0.07935044178737517,0.10079382705552754,-0.019207428459846503,-0.05636507275617945,0.016832683984503712,,,-0.08048743533498405,-0.022457004778761974,-0.018802515460487182,0.007708265069915001,0.03346228214420511,-0.0328740192207802,0.02393126045197469,
CXCL10,0.025655221131214483,0.0588676478404321,0.010258783494367596,0.02436822310826761,,0.025987375052331004,0.020787609671108827,-0.007021869078171202,0.18996405959244028,0.07069317009234873,-0.04409332498057985,0.06313849922379416,-0.033710453945174475,-0.026678489218832466,-0.02059774068628964,0.0007258759870781653,-0.08341200464575424,0.025776625856257167,-0.014273080334350643,-0.015947751359330672,0.018328230600515808,0.015058217200168004,,0.006327898073848797,0.08902373552809065,
RSPO3,,,0.038468288450942155,,-0.058980734531655185,0.02930749605121444,0.09080079719809052,0.02771437180110593,-0.026758022713921983,0.01140194703499613,0.0029190720555496447,0.1261833697897629,,-0.0319422510854781,,,,,0.010542142742954029,0.05714486628349027,,0.0009816031911721013,0.04900962778445584,-0.009690990723264594,0.020566271630320456,0.12647138934495797
CORT,0.017579375095295596,-0.01805677969806808,0.041076761304342874,0.008344792328121674,0.028633926993199527,0.05047170905165077,-0.00352369729852707,0.029170505090551132,0.03297643683720692,-0.026938952082534155,0.00951438675380282,0.03368516274918403,,0.022729695399254225,,,,,0.02643502537802293,0.11276588193552575,,0.04067539005733223,-0.03648936979952508,,,0.02394791853207929
NCAN,0.057271594275488696,0.1531607966566919,0.1374897023423304,0.06063973162386128,0.06890237717436962,-0.06041821603489849,0.0936393579567329,0.049553318428014845,0.09060029219411368,-0.005106364229870948,-0.015198191617395804,-0.044213883686220874,,0.10410457654457216,-0.11517101327486345,-0.1320057511434907,0.11272249013494187,0.04547845590472426,0.08438358476982226,0.2001762032029567,0.025388303075005725,-0.004996995083467732,-0.024677985084463897,0.08008032111990596,-0.09117253142822933,-0.056893095463455855
PRG4,,0.010356673109273839,-0.033040132237926796,,0.08954829310692597,0.03295007668121983,0.01785879079414536,,-0.03014038488552329,0.07052365151989683,,,,-0.01924487645469478,,,,,0.06344039765122311,0.10831060834119677,,-0.0006802424953507184,,-0.006764194671637937,0.11018723816930089,
ZG16B,,,-0.05516873699577284,0.00820383814314442,,0.027690528892163283,,,-0.0037849082683547265,0.031179654970256467,,,0.05615413593374586,,,,,-0.010301676850498718,,,,,,-0.02459871964448653,-0.0431053373364358,
TGM2,0.018104833307330138,0.07470637271360082,0.010399851865275268,-0.052911901963097585,0.01667775272032407,0.029190834323675256,-0.08506350222334506,0.024883897094810422,0.0974507953767369,-0.026702020211395002,-0.02597623058208307,0.023063038505956247,0.0350641224756044,0.055034148601411474,0.05839543894176978,0.06756993295074254,0.006802934122134919,0.06317339210223574,-0.05201111116378313,-0.050823504975615254,0.04335114430891326,-0.05915247446143877,-0.010852337845670515,-0.03791922880500635,0.08357746081527499,0.11186330523801913
VEGFC,0.01488163119047401,0.08690261742747159,0.02045714340864604,-0.02666840614649953,-0.009611155411382168,0.0065494351939141575,0.004883383606034643,0.13120842412160347,0.03811016824796902,-0.03727331683488195,-0.012881371674288102,0.07753363948736133,0.007595447428009701,0.025724032289935004,-0.034830142869578036,-0.018925548469992084,0.04292692005066705,0.030286991816638756,0.014934607142993935,0.011414968177504113,-0.02367504461705391,0.0006169031458637278,,0.034381197690825566,0.09675246533551053,
WNT6,,0.04279564419099992,-0.04823531374458667,-0.014786966292955596,0.0625274303681529,0.011259186451378436,0.008824283738385182,0.08608530748579513,0.04737809103034141,-0.019518647478401357,,,-0.04927943401659029,-0.022823816620432837,,0.01166818744836694,,-0.04838914745679973,0.07210286863466625,-0.001736478965815784,,0.06308071399963955,,-0.021386699172547638,-0.03310702130564351,
NRG4,,-0.0020375259028038418,-0.004384996315487705,,0.08045021782928087,-0.019439591810860225,0.044568280123569594,0.02385418498285385,0.050654824512303645,-0.030635737061959323,-0.0366843117576804,0.009555446066768941,,-0.027900744724373563,,,-0.05931090417537327,,,,0.008794211828331372,-0.03049355073020683,,0.03249267940288594,-0.021125650515565142,
PMCH,,,-0.008015829231994693,,,-0.05532472584938511,,,,0.0475884698556087,,,,,,,,,0.09654705218898313,0.0637945942181099,,-0.030238093079856865,,-0.06692787741837494,-0.06136856828714866,
COL9A1,-0.015360796247475123,0.09224549200912763,-0.008249527943161743,0.055895271803908644,0.08449840019259205,0.008497089620392575,-0.05134839866043808,0.10760256426547418,0.04586730646551525,-0.005537295644175617,-0.040061414487921734,-0.024875243619452148,,0.020947474859720858,-0.019706341432613825,-0.02274011422217651,-0.03464768056351364,0.0698653180210099,0.1350965319995987,0.14846121142893934,0.00038775360158993706,0.015156099412367667,,0.10183010484609441,0.06457229982250048,-0.012825289225183637
GDF11,0.03410763903894793,0.09217312476910555,0.08917451501148296,0.04159001504752314,0.06937377954284446,0.044169066318416814,0.02255461702931531,0.058343529917591695,0.14960256860065835,-0.019723933495991844,0.015292742705765416,-0.028855861577312833,0.10126022266123595,0.09333358434036869,0.000824941779760557,0.00916642395136859,0.006706883617226257,0.03835303632913025,0.009609412739480147,0.02574621877360426,-0.0021532750224071296,0.049611459431894794,0.07400065013473779,0.031038711963619178,-0.0001917413031791811,0.004065903377992727
RAET1E,,,,,,,,,,,,,,,,,,,,,,,,-0.006215176316258835,,
IL24,,,,,,,,,,,,,-0.027790484560760734,,,,,,-0.015218021956313993,0.010977127727772488,,,,,0.021595014870799848,
SORBS1,0.032442544884619694,0.04380293575815624,0.05455563514866188,0.027949169641095943,0.1006483475877101,-0.003000495899065062,0.012991245098309635,1.560358713167135e-05,-0.027063915806345495,-0.07288897549493428,-0.06661400344698187,0.09022953332836754,0.007557122174023103,0.06328937470102786,-0.06416080558728636,-0.02066718139062375,0.018020946621917503,0.05851849370320328,0.06365127482091398,0.06089493064203501,-0.051742250840988845,-0.03719418880220207,0.022738741505258807,0.06263589338348668,0.052370731713877065,0.029685575553469193
DLL1,0.015606944717052896,-0.07542746396536225,0.04103826964258244,0.014317117835181834,0.05263215004770703,-0.027608531304034564,0.010619362734314295,0.019285628862251446,0.1158263728777622,-0.009874637056048062,-0.011028276431366345,-0.01907817869720145,0.012353431904527697,0.04339823739123247,-0.03415150970202758,0.0462105689786115,-0.09016126656641728,0.006476394296204659,0.03517104305610855,0.17834690104667197,0.01298214183525484,0.001804714195739889,-0.0068017124833322385,0.04591572362934976,0.04000776633673427,0.09862286281191378
TLN1,0.05754313119584879,-0.087160913268475,-0.023528407986014216,0.010380433918172614,0.07635691309639361,-0.004147907499525754,-0.10669027043454717,0.04048908373324604,0.133465904481464,-0.009495247212921356,-0.0068452590254901875,-0.00014694951670704402,0.057636684492374884,-0.01861944827733551,0.07214074226940412,0.08727475694896544,-0.017930123585931542,-0.003416765621048116,-0.04180393726526661,-0.003294834901105393,0.03403922123127944,0.007911312757149524,0.01651838948014473,-0.07995741741219702,0.02630182125333284,0.10204931208125195
COL2A1,0.005106871554628151,-0.0013974799936500879,0.01434291980231211,,,,0.004473062391380632,0.03177717550514864,0.016749139317014536,,,,,-0.031032096437636044,,,,,0.09982309037183702,0.09715698458277641,,-0.012361131467379816,,0.01734682514926711,0.03337060332024665,
SHH,,,,,,0.08422159801708737,-0.006107869717492938,0.053765816127833405,0.001251007688667409,-0.012301029508528842,-0.022343963740556173,,,0.03368390833912486,-0.018972244283834348,0.06202670864583762,,,-0.008293979579048351,0.07415140271086794,-0.044516757171668524,-0.03846230739359155,,0.0474037829804634,0.06885788309311078,
PON2,0.048310708938473994,0.2017799950492918,0.1492021845280054,-0.05291405200170038,0.06815404276153644,-0.025856414034517754,0.06237626861539381,-0.01056680747318033,0.12907198828287164,2.0649918794689255e-05,0.0078212924184749,0.05370022170400145,0.11734675027348279,0.10969568608498388,0.08652653201745146,-0.12998266483646276,0.0248236827199767,0.07675956000514692,0.10221244571160124,0.16725909283897242,-0.0643523476630066,-0.11055359127184776,-0.12782934693136241,0.10173596574381584,-0.026951861168540814,0.0058694633289905224
ICAM5,,-0.035390251974885455,0.037865148180543574,-0.013556539276647838,0.001697573771824204,0.008401097627564639,0.1003870652141131,0.007285216205909837,-0.0019049543459212402,-0.02966569559923802,-0.02617505680212185,0.08940817184087364,-0.02630710821815803,-0.005414630985143372,,,,,0.07840089426558668,0.029462325210360334,,-0.04717827129991896,-0.04839867494609933,0.04876454445615847,-0.014812624866716613,0.1367735177970145
HPX,-0.02860557297090682,0.03160236793859229,0.014456775709614863,,0.03701857011811913,0.012563976554167931,-0.002060884356328476,0.009033027580961278,0.1330910091956759,-0.019287606848706243,0.007730360896740295,,0.0005328402839782068,0.0033476025426898886,-0.02743964594813548,-0.06021903897341724,0.019074096008069006,0.08955103121035626,0.01153177485071029,0.05115706560988384,0.052963746733475946,0.013134080683554658,,0.15020321091104408,0.0037293036263705537,
SFRP2,,0.005820247061081501,-0.016962497078108686,,,-0.010435963725379145,,0.026757020121195987,0.05177166098718001,0.03375193606563554,-0.01695139099005812,0.13432111469266117,0.11554381405595988,-0.025829430745737653,-0.01625525075528312,0.07935421514101171,,-0.01322368446674964,0.06333896823200075,0.07712014943317426,0.07331925834528336,0.032896527613678846,0.11454545715444496,0.03835019163979528,0.10602276482601039,0.007587209797516721
CFC1,,,,,,,,0.07679393513145069,,0.004867693721778825,,0.07819490548056021,,,,,,,,,,,,,0.018377539562429122,
CD70,,,0.01765593436978217,,,-0.008327796574978737,,,,0.015459629451020184,,,0.060712851742059926,,,,0.11675378086491943,,-0.0032639458079153543,-0.0012879846487633022,,0.020842777131676305,,0.006692468615311133,0.03714462265017429,
HP,-0.023612942759137612,0.12478894929796983,0.042122773588613306,,0.05339174040555861,-0.023000964594055536,-0.033540802300024264,,0.013835551088451007,-0.054759333082769084,-0.015391305656298454,0.09219311316303688,,0.04243115988796114,-0.02158652719802133,0.04718936146019789,0.07517697415384013,0.06643081685405605,0.09144823803062374,0.06416965978085185,0.0024833467532351322,0.009229320500637218,,0.007306710021447121,0.14105879784858497,
CXCL2,0.0038693986961534266,0.09078558015954952,0.03338246768103293,0.07476805531024286,-0.027075683070530713,0.008000768848539458,0.0018296881231089895,0.07638994500562031,0.05167025201345774,-0.0063092836477549735,-0.0112739268104478,0.059050174347388074,0.14291967687079282,2.6798709867516826e-05,-0.06750597451100965,-0.009281374119349687,-0.08475784188850634,,0.018610347879035552,-0.02762284608321278,0.055590073993802065,0.019889209017857387,-0.05186119331637317,0.08243712955438319,0.08840351153610983,-0.03939152251601172
NPPB,,,0.0007461237859515674,,0.0445773803976284,0.00048459252127973406,,,,-0.032782276586395744,,,,0.0366132336967598,,,,,0.05153037644506093,0.005868413113108866,,0.029270267578906405,,-0.02878799781452711,,
CCK,-0.023425313346486558,0.02225571288438646,0.08513994207461364,-0.01694992812593219,0.04104045047867541,-0.011000616354700132,0.07053630737832144,-0.017553434375920808,-0.13871132168117326,0.03690503984492888,0.039748487384862745,0.043202682328092386,,0.01567080363081756,-0.03236376061029436,,,0.03267048865366785,0.11624058797338045,0.11990884575840428,0.03386266147280742,0.048667003832888966,0.07799818385851874,0.027930102192313563,-0.07952973949877777,0.01009536750105182
SEMA6A,-0.003009691057649564,0.08211255204663005,0.08180134581313953,-0.002110458130914104,0.0199596964593409,-0.054398510824192975,0.012650342720566537,0.03757252415280658,0.1068330621389392,-0.05494320120153566,0.050616731579523996,0.06426132801960406,-0.013989399539779825,-0.0022775474767710623,0.061399326190140185,-0.08584343729375801,0.0061841713727895315,-0.021478295038726895,0.090797344892883,0.054036435142020785,-0.038470963184471345,0.06525363428763986,-0.08116193431021873,0.07077376413078511,0.07016442435606345,0.06366918131668288
IRAK4,0.03909390298698989,0.012538696402467317,0.06664340033411974,-0.016131297039479225,0.03247206981500043,-0.01049892837158475,-0.007832399916437851,0.01113320776989748,0.11590351211947694,-0.015915790271699974,-0.01655589303435482,0.0324357602059858,0.07655109144389917,0.03209589741468863,0.0051758396434968944,0.031107136491377127,-0.04096855597886816,0.17864670696545806,0.0028086686418809146,0.08608419871562113,0.06490584986589674,0.020791659542477376,-0.04899388610396852,0.061418923655867194,0.0845307160618065,-0.030444852240908486
GSTP1,-0.05219677971110614,0.08203653643727549,-0.007506513880387826,0.06468392660997697,0.0853556837992082,0.053345763881545494,0.019534800759016813,0.023996944520741276,0.15566877464062207,0.025744436821649543,0.04798417052083867,0.057302327012175615,0.031955845809400175,0.05738473295509011,0.06794257186742392,-0.06745076587150996,-0.0777651218160555,-0.02055610350002788,0.08663164154527084,0.15197966180775987,0.07718240521512122,0.03488806618142895,-0.048666241615270354,0.06477213532821065,0.09104343450599825,-0.0010604158315329051
VCAM1,0.026289155575128554,0.12328459930384822,-0.022769776797065384,-0.020660928152795133,-0.038736192109496734,0.06714080429498677,-0.0020463864351779,-0.022128165476106097,0.16174368345570597,0.009465354704996492,-0.015973484320276614,0.10256649969273458,-0.04258794563194548,0.009277791790180949,-0.011792107540162928,0.016243148891879312,-0.010598522636227008,0.09220565911298775,0.0038007528163317515,0.006970800221247378,0.014593932683232983,0.02953109700840031,-0.015297551190198854,0.10808011153246475,0.005882038881233418,-0.08700265504671992
NXPH3,0.08548045803843313,0.05694864029341582,-0.010773422395703532,0.005410312639718075,0.04521438578358112,-0.031709857833236134,0.04868378704161246,0.0996257342230857,0.05846974412064308,-0.017943021449948346,0.048133031537525406,-0.0221594946087964,-0.0053167569370026445,0.03124603628679085,0.023418216434030935,-0.07021697261016739,-0.06866994871697872,0.10133173537109859,0.0650513407581834,0.1296078508123338,0.01686069214187134,0.03307714848126808,0.03976965666505892,0.14886992853029998,0.060274976258534264,-0.03522553251016952
MTMR4,0.03917347164847059,0.016615930800885508,0.06789964183703005,0.017762958982634396,0.0840818853718529,0.038520819538250206,-0.021132883458473865,0.057382569743401404,0.06269224016529362,-0.0003421042920406428,-0.014263530877922278,0.08139517551738389,0.038992174020636386,0.03060966901072479,-0.017587029868220656,0.01943297645071759,0.169110227717956,0.0865529418083593,-0.01748152234927615,0.08571464591171345,0.02432832007285302,0.028088005093519417,0.11813468210796961,0.04635157458142201,0.12452470919312555,0.005352651718870078
LAMC2,,-0.05571961606777633,-0.017220986011808343,,,0.024225947024112317,,0.03880559808784888,,0.045364804289603995,,,0.08064115315141863,,,,0.0006322846177682967,,-0.0223808602051275,0.054608783624036934,-0.029389049603556233,-0.029350785805675152,,0.027457513077241383,0.050875596738301436,
IL10,-0.02430534440909891,0.07012165360456049,-0.012563882962116607,0.02532001707952665,0.08369813563058824,0.026172544164004496,0.016984495385991456,,0.058629288611523486,0.056575290148321536,,0.08533506509828011,-0.003453585218709059,-0.01344235822454209,-0.07273690691575754,0.0012150329212023843,0.1347719234157958,-0.0470916532583714,0.014148569578106333,0.019429601257252106,0.07440320768300158,-0.03363466040577921,,-0.006645657165940837,0.06364664714541017,
SEMA4D,0.02494554351103447,0.02238229413427878,0.00023285052171368345,0.0026254136151183873,0.051767074418378134,-0.013666376927569628,0.018842131550451394,-0.01715586532043794,-0.1191926443277171,-0.0029292275252199456,0.023120121940693177,-0.021887852834131496,-0.012870630234332475,-0.015197253339141965,-0.09173152946061132,-0.004549629860682277,0.015670694916679287,-0.029593007312989014,0.09095029061232644,0.1197327022657675,0.024316626354343028,0.04968294367971897,0.0004849338038977296,-0.0030741671690659887,-0.03406143494965488,0.021298969449840544
TRH,-0.01418116238185307,-0.027140786563799535,-0.0097081384689964,,0.10114481140587536,0.013990549895288204,0.06652054642633709,-0.005961238273997724,0.07603238019180918,0.03013518117847803,,0.1388374440571104,,0.08429851057403709,-0.10760010427660421,-0.06602195560249748,,,0.049507048196036955,0.09045989986848178,0.040083429139166224,0.03714241936861318,-0.037320176435401635,-0.02061997263057368,0.07422332177543915,
SEMA6D,-0.01841026912045949,0.06870888562350477,0.12696500266096977,-0.008196466117777803,0.04505597924500881,-0.035121773115289294,0.07895043347661872,-0.010281579895510644,0.11928601063511834,0.01577895396953448,0.06550760969642837,-0.011303852697764656,0.0886604418142587,0.03721497594422726,0.07175998997277547,0.014073550768345907,-0.018344477617439743,0.0763767261784156,0.045118571820520786,0.01106420005948766,0.017244713531731952,0.06329668678919147,-0.02708205441099491,0.12878672311755954,0.06692526896131352,0.11819244778539328
CEL,,,,,-0.004862232663034141,,0.006981743940309416,,,,,,,,,0.03485370495022956,0.047473336697361576,0.11119147854296857,0.06603561067462779,-0.029878082854065027,0.12596341620482013,-0.031144590087614346,,0.04266816094447462,0.037994676884734666,
PDCD1LG2,0.01528502903370467,0.08974129135743081,0.01101859402710424,-0.05102637526949973,-0.03900735363481149,-0.013142875973864538,-0.022617572160006965,-0.014585370022770702,0.005862643053604911,0.018285023451495498,-0.022011655076668295,0.000518843701610499,0.03490735043462532,0.035629040422704615,0.03413592770225787,-0.09972862155806458,0.08824397366795364,0.07079882588587716,0.06595788899085912,0.03945547160596588,0.05413561200853074,0.005881722457422699,,0.08025305052246536,0.07965274119503248,
SPINT1,0.08165719848416352,0.12852660503454458,-0.027171205592189093,0.029535828959587937,-0.060213131988797935,0.023286186371934373,0.061287001508360604,0.032538961373359314,0.02792890799674126,0.06492929531673548,-0.0304098755583242,0.021349227096998886,0.015558059276999247,0.013970468127627478,0.03726013558837754,-0.04735433575395475,0.02999818610969413,0.007857177320503344,0.11077331957351401,0.09667119854983534,0.0708499529489333,-0.022505414957333582,,0.06934601913114197,0.019801165642393977,
CTHRC1,-0.06932606726112746,-0.021054479510745887,-0.03982076091646244,-0.03179976141524085,-0.030121517295134546,-0.0018238267719522324,0.01983028959261504,0.06239680905890762,0.09911039303716217,-0.0012219624253056022,-0.020883362011395443,0.04976808783061221,-0.09448112198153441,-0.014399510694126502,0.03872684037383535,0.060641168200089565,-0.018870610175585334,0.0770559734045708,0.08027965104451762,0.052114762569907436,0.053399688454524245,-0.006943164849369252,,-0.013033798585864703,0.0396717923955748,-0.008445128156314123
PODXL,0.02071460400576545,0.06455061293487104,0.0682921543468993,-0.013635155385126097,0.051835329496080294,-0.00899647940911809,-0.02330376163757323,0.05005640597427464,0.18305312339494872,0.03283968461944531,-0.018644103098231755,0.03619149730635498,0.13042205644909227,0.02120128454310141,0.09141817922780522,0.055856470434619124,0.04952641888739364,-0.0032109399630071847,0.06690726260699201,0.03320766884535041,-0.007561063046925828,-0.02693378639313493,-0.004899863747199958,0.0007170631703606807,0.1439743547101053,0.11305039651100328
JAM3,0.05278970040982334,0.10288209392996468,0.08062627599351928,-0.02137491599085607,0.007646369506097088,0.017904218506078453,0.07101691184583149,-0.0036867698533797617,0.11341608419724848,-0.005565017319964264,-0.018803252717307685,-0.017573602924483376,0.06412918884500816,0.039066194155674194,-0.06286383572899708,-0.019084421908384323,-0.05217562803638973,-0.054009515919046416,0.05808996274254086,0.04028797296876012,0.058936073220907374,-0.045515363739494795,0.0372612692833556,0.03936054562367249,-0.001604093774503602,0.022802576407139633
TGFB2,-0.042382679044090855,0.022165837032707233,0.07382310503764995,-0.024103392633019097,0.03251344475508082,0.016330598891489193,0.060145928780186805,0.03237184306605913,0.17037842991686017,0.011618819910759423,-0.0362108745169274,0.04218356175335831,0.0303624804472321,-0.00040359384241631796,0.03837386900668879,-0.06341351175782145,-0.02969964389979781,0.09965381407211132,0.06371794171998596,0.11919960078095927,-0.014769652252801746,-0.006658974609959498,0.0073159420593060746,0.017283417030010663,0.022423707357821534,0.031936058785897815
COL18A1,0.026066573671319676,0.010954004050775033,-0.004570723942055973,0.015656470599694574,0.06550411998950781,-0.06082498855712259,0.0729888096565086,0.10512810824509537,0.1761575683531029,-0.018778338637415036,0.006060140916823319,0.027302259971574358,0.1769531235754849,0.10437327936329281,0.07479501088655927,0.024579260433231196,-0.00996918446856387,0.0999506400664273,0.036199347916672855,-0.07207765987718809,0.02254041130755377,-0.04587207408510128,-0.062347343991734715,-0.11058984653732437,0.048083030596747824,0.10272676137018921
NODAL,0.06556228366266184,,0.03021020768735511,-0.023082425004192015,,0.0201095043591453,0.039649064569941245,0.10948850499063134,0.10353492804089069,,,,,-0.03919006607892001,0.059518238872326344,0.05038582259949677,0.025164259213366114,0.14050349777749388,-0.025698081446714385,0.00860597300991021,-0.02032685829760849,0.014304971686320925,,-0.03125898089085756,0.031573088738510204,
INHBB,0.05534458303416926,0.015004384740831083,0.00931678010650375,0.034772164746295214,-0.018508223527966893,0.08659030226522094,0.054511290264372236,0.062150823679275,0.1656745446671863,-0.023408824516395515,-0.001947972267481185,0.06566951013404443,0.09928458768403825,-0.007186244940555542,-0.039680762730466376,0.030001153013222155,0.03766552963850853,0.12051847137850674,-0.0319646007856606,-0.034039499498264715,0.039303923924047156,-0.009634919460416256,-0.03645135948195787,0.11767911695121387,0.06506122372496706,-0.04671381761240109
LCN1,,,-0.02355192429065706,,,,,,0.09339509747864855,,,,,,0.10007965835546,,,,0.0230573637491135,-0.01886463796907103,,,,-0.047065111431047774,0.04131660294564983,
ARF4,0.06535853364140444,0.042233149225411874,-0.020102187714888933,-0.034753858373712025,0.0005230681097430764,0.06482816382748352,-0.058608580016603684,0.019964670507857205,0.1577629197287108,-0.0027999243845635096,0.015965895676218162,0.02588328749716694,0.11539401593877471,0.00734440120712309,-0.0001235221042583922,-0.005747141261704842,0.05596547748034513,0.08864489841354592,0.12512193813234476,0.11154866802154963,0.03285937360166837,-0.02025613839220582,0.04809225313254553,-0.04114090875977071,0.02248690328404613,-0.03706567855618791
CXCL14,-0.004974578361452726,0.04497767066626027,-0.006340798947653619,-0.052515448958625095,0.053880247512438424,0.042748977824187524,0.07022455881093866,-0.0035994519681183845,-0.004572452052359697,-0.014483180185755977,-0.030516033157980408,-0.004779100978104731,0.004868100960967165,0.043111506905503624,-0.07881344762804016,0.07955082986656374,0.060059853722774344,0.062393831707763664,-0.0737750952487863,-0.05222215101394968,0.06696634397096814,-0.009513221799201617,-0.11905039931465705,0.07355807338468515,-0.004906519701275189,0.07925611860458369
LIF,-0.030798439657800873,0.07995738747542916,0.0402288960917342,-0.025383305210648688,0.01977263984003065,0.09500091059035316,0.003723971181093954,0.06247906044280467,0.04192709993822458,0.05413052848099214,-0.04121204565436707,0.009295315905621812,0.13462817206448197,0.01199821395681288,0.0255963648736483,0.09333145651421859,0.07713191219381103,0.04150424293517673,-0.04224217341524121,-0.0896625347705173,0.008413045838259662,0.010208886533517387,0.05292013795075822,0.08929806266559966,0.11613046078935546,
IL17B,,0.1359838602720012,,,-0.05164466904268898,,,,0.07710725632753039,,,,-0.03413216092635052,,0.022928934249377943,0.1799295509223732,0.017971733894927056,,0.05415142946374381,0.05692281576743305,,-0.001472273536672705,,0.07132728231238558,-0.04116957595501672,
MMP1,,,-0.03453173306356672,,0.016204950409838343,,-0.041788529047731074,,,,,,-0.12063018047912637,,0.18296970456726483,-0.011976798413836344,,,-0.057760357498867904,-0.013365869852583026,,-0.01746093010503474,,0.027634570536290076,0.02257281877074516,
MATN1,,-0.04448817450587929,0.026775521948164467,,-0.026956619018619257,,,0.029876590824052474,0.048472597132934656,0.0337555089094073,,,0.07304504768484753,-0.019541714042415455,,,0.06118212838404815,,0.04722334924819339,0.05462037050277249,0.0053272659466706415,0.067982593702627,,-0.009791033152991157,0.02594964504154395,
ADAM28,0.022528013885130194,-0.0646047176869391,0.027010405146206933,0.020023872808961677,0.045379419816612566,0.007391271082759959,0.06436665887678013,-0.009641887328917409,0.09750402043455848,0.00012522444834785763,-0.0031617377087595445,0.006884399283643168,0.0062961869726661365,0.056533346909052436,-0.01463537052212488,0.03233878704165351,-0.08364991397327022,0.014790111509966439,0.11214960968019354,0.08154671032767559,0.03952741082677852,-0.041134722689368665,0.1014796618741385,0.004080004300424073,0.06267261543110807,0.007027857927087954
TCN2,0.0017263889004364423,0.08203794118665443,0.029498522089932713,0.009467374938297213,0.0604643930956882,-0.029968215222495105,0.06879581123091237,0.08740108037347206,0.20204614956873712,-0.015209475864955498,0.04487423863679407,0.06528947828034991,0.05711735749486651,0.01831782315352624,-0.008682875085188545,0.015773337766959914,0.011144414473667536,0.0486904486529785,0.08188280893990972,0.02718114039483655,0.025719002146363013,-0.03741246538521732,0.021322307406739852,-0.018197387044034476,0.06366479436689539,-0.004183532257569922
THPO,,,0.04044798258247209,,,-0.020174438237633947,,-0.04381680597551502,-0.008198864456001854,0.032074221736904655,-0.00852972325561469,0.033723616693213034,,-0.031032096140574773,,0.01820187218472349,-0.0034643319088499933,-0.004866213801622218,,,,0.02410142975180048,,0.06390815269460727,0.016641403718729058,
CUBN,0.06409619339064429,-0.004383197540798501,-0.046761295531476045,0.013183152177504445,0.020395233388846187,0.053448866837681734,0.07152228403249627,0.0785325895486134,0.12958616407635976,0.0183887553879236,0.006326498450374615,0.033242256755643025,0.10551342239979736,0.06569791340708814,0.030112086311569412,0.17729274402033074,0.004860034783721565,0.11880925897405764,0.007056700465028319,0.09566612325088918,0.031681641816452,-0.03149152938691163,-0.04656421156829339,0.11828125809289562,-0.024131427338837795,
TIMP3,-0.018908058339576015,0.03956643176108876,0.06536915631749853,-0.01082030012425255,0.0006766650669931438,0.07700247344008654,0.006333972871619726,-0.02529525513832973,0.09345607960982244,-0.026459657989265115,-0.007716275472539668,-0.038017897941147766,-0.03188410805588971,0.07746944940653398,-0.10731557036787431,0.018029534106677368,-0.043897341774267525,-0.007644240364999926,-0.007402758571630212,-0.09933034131713933,0.0007401518472266147,-0.07070448601923962,-0.07581218966720309,-0.07657685743466887,0.02133784401055017,0.0604126138137335
PIGF,-0.0056414197366400805,0.006363661339601444,0.058998394898674394,-0.055351123898634065,0.08454567619778511,0.02194048356611875,0.036575234778331564,-0.033330732369866896,0.10506679800501544,-0.023731932904554658,-0.011796123892147067,0.11359841720677889,0.11060025887019231,-0.007311366018948186,0.08843926808335587,0.001885597985216058,0.08660565758792614,0.11332683482273519,0.11391889022118372,0.1398339176777421,-0.006002310357473929,0.004251080982633816,0.0434902761802876,0.07413356405400802,0.03909994132978469,-0.03379537344201209
CRH,,,-0.004032439452637826,-0.041677306037670545,,-0.01076132339959003,0.10019945964403043,0.0501316749690619,-0.04138428474022083,-0.0023379712816676695,0.04598298847481196,0.08436035256420409,,-0.006548633861124952,,,,,-0.023816503392782767,0.09917763348628862,-0.0156556368093386,-0.004712970933674706,0.003315057593460787,0.089866932590457,-0.005943463689045908,0.08516472674675896
BDNF,,-0.025688508267070247,0.004781437960781554,0.018817463143172248,0.04526661427087089,0.00424144142221682,0.010369862310307188,0.02146165692826163,-0.1041314810387309,-0.03090465817808491,0.011919386366691865,0.06868222310431187,0.013672228116655845,-0.03495011044507464,0.06249512927901565,0.034493487363334914,,,0.04114405055432997,0.03891788522796167,0.050674786960598434,-0.050664825716378266,-0.04022725467417784,0.025075723237849446,0.09236595772182905,0.10038918959728736
CCL5,0.01172394484472219,-0.05164347998382514,0.05642813789601139,-0.026383407219194677,,0.0866504638124666,-0.0660748820544599,-0.003191865557179232,0.13004445669176104,0.025823326429311847,-0.04185336835729018,-0.050236274432129566,0.06780981053199299,-0.010399734636374329,-0.03769087762551635,-0.04272203626563262,0.03873426131232105,0.054694891215162744,0.055721026397535976,-0.04190878525644738,0.04570426032055598,0.0639683613659706,-0.05360709632028276,-0.03739897688144713,0.02069683956645802,
GAD1,-0.027094536864752636,-0.04365808243180509,0.0807613269094841,0.02875464617945245,0.011293620817767079,-0.0034444718828242995,0.052874682185377095,0.002167818922500804,-0.08042196319412874,0.03181360546573603,-0.020360477961842007,0.08090576287072157,0.024837688567084123,0.017691392747849973,0.038958297012730035,0.06951423756426736,-0.07562273779200199,0.05247921330907548,0.037521458055356394,0.08923384926870666,0.08294904880503241,0.03753319599284975,-0.0490076726950236,0.04125385216127575,-0.04749255195829179,0.05369214063967747
COL14A1,-0.006319313221717861,0.07845671297617332,-0.05010148903394332,0.0074341235766309174,0.0693744595274021,0.016672792784312586,-0.016238024497529452,0.028457122651993,0.08518708456472451,-0.0212352812718217,0.012515571899104497,0.024689353146514357,-0.04250257361258327,0.043158680001719886,-0.03752442574595702,0.06259648523625538,0.04581543839478409,0.010507029908318715,0.020469629826577594,-0.04041638856607956,0.03564534767332428,0.00043835350838785357,,0.010244589092816513,0.05645878662283443,
HLA-A,0.01354928293139992,0.19980334668022537,-0.04075869601826267,0.003985090416819112,-0.039180939499167865,-0.030714708832379308,-0.08696627932539558,0.018155017586975877,0.1979633575525525,-0.0026915534368709164,0.04066848675556674,0.03376077802658494,-0.07053776548229232,-0.02227866059623234,-0.024813769661016026,-0.08248083756047093,-0.07865736763828184,0.05614829082280599,-0.05637207775751173,-0.16319506374717668,0.012739499672347852,-0.07471578262078175,-0.0030900814174678556,-0.05284847080707542,0.05881790536950288,0.05426523893954143
CD5L,0.035734509776215694,,0.037881361253195044,-0.025705052369860388,,,,,,,,0.0249903325453308,,,,,,-0.020761548107837986,,,,,,,,
FGF18,,,0.00464771146057927,,0.04269751368658947,-0.00793962139789195,-0.030299178747323557,0.06667598165015959,,-0.0053788403420660085,,,0.026710616285435144,,,,,,-0.0036835466848053723,-0.03442064057054747,,-0.0064171908269848674,,-0.05391053767722819,0.0018136858661482636,
ADM,0.034625703188995334,-0.06245098008519798,-0.053416714361468345,-0.01734425783846408,-0.02666049595176558,0.0220806500333429,-0.13587607099458546,0.11580036469172501,0.1362336922354839,0.030733159630198154,0.01813543995666779,-0.04618832350506711,-0.1241017447489043,-0.055796538540293115,-0.011000407231133382,0.10140111212087806,-0.023928010620686654,0.10917157247385614,-0.06732770490115277,-0.15956548754144972,0.0029372335775358633,-0.0341841847673104,-0.06877470831888449,0.07383963958416825,0.051293974191173416,-0.03864676715331141
CCL15,,,0.003928517851833257,,,,,,,,0.04082423421864171,,,,0.07967288750556055,,,,,,,,,-0.046756605142209896,,
GNAI2,0.01936026589668738,0.040674112223248196,-0.00041221282726426324,-0.003912340222290052,0.029175933370806473,-0.04812922891899678,-0.015490005081503784,-0.04269664770202221,0.14990497022927174,0.033614539405749426,0.013743829482781605,-0.021546810335013145,-0.02054076729455491,-0.008050981255255045,0.020315160802628383,0.04542421537508607,0.06634872006559428,0.06643992333149987,-0.010111891456844126,-0.05389966466321956,-0.05240568410548504,-0.014924708148498748,0.004083751085753968,-0.03864582087465637,-0.008505394041403725,0.040098670457711025
HDC,,,,,,,,,0.05167257403622494,,0.06344799981891858,,,,,,0.06387449157237396,,,,,,,0.13333037233629597,0.010382912384477463,
COL11A1,0.011784888996090708,,-0.03316253093991454,-0.02423614771684981,-0.03879147311966945,-0.00370898316648122,-0.02307092568457519,0.09179111557631511,-0.029914524726258097,0.021429385384539718,-0.006112286442851439,0.06529594555077049,-0.06630175161897155,0.003302220374564017,0.02568145202387792,-0.03594527959388209,,-0.0027152457690606292,0.04372023394824009,0.01653912238148029,0.007888796625123807,-0.008154816365041149,,0.013532201371303319,0.1101891364896352,0.04323055831623665
NUCB2,0.01706693719081605,-0.07813242595267464,-0.019586549602872576,-0.022242795494688977,-0.002272538322705344,0.027916796163425496,-0.0348203867245265,0.01226248144820938,0.12645566526494514,-0.002213710944788649,-0.0010754880916476043,-0.005831748341843364,0.08415515894334823,-0.050015670487870666,0.014807824903690538,0.0785072455903892,0.07366199035651314,0.050761829740526794,-0.11786792423311997,-0.09440706016033225,0.01325805253168191,0.01681166043591112,0.1096916591799781,0.002878831322101296,0.016218940464479897,-0.05840791203778539
FGF16,,,,,,,,,,,,,,,,,,,,,,,,,0.06830978101694746,
CXCL1,,0.04039629090857536,0.011813215553350489,-0.04470978231981193,-0.05088869391401599,-0.045421536691791345,-0.019314520540527416,,0.005956066072508274,-0.03863340384369601,0.01704022667601183,-0.016850643972948626,0.1959935751151046,0.05194303747161197,-0.021043503703727883,-0.08636383608756504,0.034762092897583856,,-0.06686717161498804,-0.05317789312652076,0.038994358861865766,-0.04144845278675395,0.07832013149250626,-0.05967097172771347,0.0652792577009348,-0.030496996211666644
VCAN,-0.027728348090792825,0.0970703893833467,0.0026077641366352377,0.03458795433285946,-0.006004412527693775,0.019139629930134777,-0.008398536605687722,0.07946944085214251,0.13188675872682276,-0.025256851793250944,0.03494605308681096,-0.013499154780156439,0.09688184414519943,0.068804810803482,-0.06046591953151083,-0.21192450590826004,-0.003945416897792094,-0.08706276206868223,-0.011372672108332803,0.07749167004489899,-0.05564664079325969,0.035597496507004896,-0.030254272087223446,-0.06722241829148387,0.08369240113655618,-0.03373721184058257
MMP7,,0.04244962931248537,-0.044566631227113074,,,0.09110642974065235,,-0.023752078595058897,0.00729118271468263,0.01238124852775319,0.003064508327195574,-0.009803146385897412,0.0076030908586101,0.017460876392319635,0.01707405913118579,0.06874119756457399,,,-0.002452004756006612,-0.04683740717280483,,0.03550875455264706,,-0.021542540467989264,0.0332149558942205,
PTPN6,0.059944406549778874,0.00034798829329995266,-0.03534463229807727,-0.003019398271485882,0.11189119102971512,-0.04106517284425222,0.03722076591994001,0.06372850290133072,0.0701387481378308,0.05025000077307988,-0.058120056330736504,-0.04574508041287796,0.12520349400644926,-0.00016760029791511,0.0645241409085806,0.042780053382852325,0.0714256300862039,0.10820310970551136,0.04157884953892562,0.07993698516908503,0.05081834878560361,-0.04038588589151252,-0.05265277674682502,0.040647148632348494,0.07610235025982405,-0.0004281214605034016
PTGS2,-0.01456844235134796,0.06129161882378813,0.005118369412438662,-0.03181843312917844,0.02039606083114351,0.02900096232025221,-0.06975333638029335,0.07334579254480753,-0.07725437914247199,-0.011802385849148467,-0.013147646409940853,0.026464317895108638,0.017894314271616963,-0.06590145130028842,0.027157656651796827,-0.035081756968505955,0.05997464752769408,0.014269942378223235,-0.05651562743708661,-0.09177783855804965,0.02035071754237842,-0.050122191722800476,0.09403325539584528,0.011028354105558236,0.04425469138210784,-0.03071242816003561
XCL1,0.04059528137612509,,-0.0031122760655789973,,,-0.03550161656766,-0.019296630549606484,,,0.03090637615503734,,-0.007511930062885317,0.09588114620202458,,,,,,,,,,,,0.1397194029407504,
CD58,0.08090231192679166,0.07286248200075905,0.027554027310376344,0.0032132922985042126,-0.03238907314754868,0.03394628882326067,0.026230324334728192,0.06978352750588315,0.1612404538345978,-0.007358564931629495,-0.03452712541637458,0.003796989026398047,0.1731284729166362,0.09915392190021076,0.03219553265926825,-0.001802954762507926,0.12502168605520236,0.06707450252553479,0.11622689083967101,0.024270509822237413,0.05488440126015377,-0.024327309802569582,-0.03561266631236988,0.03103798154213331,0.0640115958339585,-0.001264093722922232
TNFSF14,-0.008433264587459976,0.04892318936701696,0.048652222610822485,0.06916203312060915,-0.007229966625455771,0.009050596032192562,-0.017486040779362194,,-0.01930526112839872,0.031026560111330752,-0.0073811938882345895,0.06019150950702602,,,-0.009557765031095318,-0.03402057544728029,,-0.04984059193619695,0.003709439392143395,0.03897715274627932,0.001880504952359494,0.019686853272480268,-0.04505035301487772,-0.01944716326041892,0.06709419218476038,-0.05832513273832518
CNTN4,,-0.02212305158525056,-0.0031876949038701723,0.04940483912041661,0.017506656485527218,0.018385273521613177,0.06562352144638897,0.03557799459248551,-0.05339895441862047,-6.292017474788657e-05,0.05895115365410914,0.10901834929971539,,0.02663283450381514,0.006498392570063436,,,0.018356437940160557,0.04657651276582714,0.12260665980326008,-0.0029586986975800858,0.013254906999977261,0.003187130883554938,-0.012396718786261226,0.06716459807084248,0.026568599994407915
NTF4,,,,,,0.0028608287017128213,,,,,,,,,,,,,,,,,,,,
INSL3,,,-0.04482108507231768,,,-0.003412260671621692,,,,-0.003638171868130765,,,,,,,,,0.0012611831045276738,0.08032281794746095,,0.02417759536473444,,0.08270677967309722,,
BTLA,,,,,,-0.010434069297700051,0.014551777634625122,,,,0.004840651934278983,,,,,,,0.032234275778141745,,,,,,0.0472169331205944,,
MFNG,0.0009055499791084255,0.02148481690014129,0.061062063613139865,0.06725099810109506,0.03199850649414979,-0.017262544899904357,0.03493345192609911,0.04094894263151869,0.16621813423466467,0.062098431113339854,0.05184291038173336,0.0453673352535929,0.1219352064137499,-0.027375803307904952,0.04178923896679419,-0.036795580936912625,0.03035730154895605,0.11472072753894164,0.06582880896105575,0.07295557663618342,0.004429942804019153,-0.05842906612003337,0.05393770617134645,0.03740663446839718,0.07671915906427595,0.024828553671092744
ICAM1,0.018961883124555053,0.06365288803921099,0.030472669537590664,-0.04870478034098192,0.04326241762926808,-0.022688027803731248,-0.025173112464734127,0.022787398208327057,0.12666036037535844,-0.000524518734867396,0.032579492942597675,0.09326594228371826,0.04067821422778393,0.0026637113172302434,-0.002667494163311317,0.031083031539614798,-0.03555069561225469,-0.013267708639597378,-0.018836582991996642,0.003997062871572568,0.015099685504731184,0.06493726448584157,-0.04340070275730579,0.06835884097455686,0.10754685829752678,-0.013207914379374802
PROS1,-0.019450215924962592,0.12992693932649482,-0.003709147940259541,0.011802969020318016,0.012319937341417028,-0.0032442899875397106,-0.054397011967082944,0.03930756651086458,0.1484374824774313,-0.03698800570069842,0.018215684308790656,0.049359609516779174,0.09934414082998166,-0.031600369156013504,0.03392785059924043,-0.04341098088114439,-0.0728479458347419,0.11144149715858354,0.07350743791773909,-0.008273477633929452,0.014297951377676086,-0.023944877970148257,0.052730827094309846,0.005349292365288085,0.113785441939619,0.04936590249649814
CLCF1,0.0010961845894056426,0.12699422603826216,0.0031997135201106445,-0.043946482446674776,0.00064117853288244,0.07852323631627722,-0.06872056899994439,0.04118344091746126,0.026521442066398542,-0.006270852748954178,-0.008435987664467022,0.011098555064825892,0.026284593445238192,-0.052376469734964494,0.08189897318367888,0.13041456760225598,-0.03237867455637624,0.05776447471369489,0.046633984265725306,0.0833663196655394,0.008909722200532266,0.0054861038504648635,0.014253938411750756,0.06218139379294623,0.17403914127343173,
PSAP,0.008264376353504969,-0.05597849388713751,0.008752396020559182,0.01615153160850404,0.06851155747350571,-0.02305409349781662,-0.02997662188693114,-0.09032001852961147,-0.09910308072273807,-0.011080204612856661,0.046576338129346355,0.060434490511228824,-0.05394995595505391,-0.021318359238165538,-0.12009099565649581,-0.06290898613398027,-0.13696527816219176,0.015717993828362548,0.055545560315305324,-0.03349411098980525,0.056627489149732584,-0.07414602739100098,-0.01209772491632662,-0.012864813085966615,0.027033540620117705,0.00926268408271752
EFEMP1,0.051707507487680326,0.06452255438831626,0.012732151539208888,-0.027884752942541523,0.0026954249465466294,0.053079083043479046,-0.09379625281914426,-0.01833229445964197,0.1378313443942361,-0.030176991039327444,-0.026407548054360408,0.0128795787774797,0.05194505674876926,0.04618391252161532,-0.009784293012826186,0.10579473841076822,-0.10704838662035589,0.12327940482202106,0.09916030527609056,0.07643129963392203,0.014472649219899287,0.017718560540569726,-0.00322203366417992,-0.028213714440767004,0.1437974387551105,-0.0066005967114614
C1QTNF1,0.024341545522157098,0.02766525712686138,0.0040445714875312865,0.07054705767752506,0.04166982773909119,0.03919995146877282,-0.008298899818418567,0.018121667975064884,0.12123920213243859,-0.020032894591536995,-0.048416483135702806,0.0586175482877409,-0.06393138870485762,-0.07968086169874596,0.008590688569206183,0.02716903665742174,0.018340801773195945,0.032102978372200955,0.051773727899060144,-0.1348173987035864,0.07582638925505665,0.006784300962336301,0.1012654527842754,0.06344318265544308,0.1060477173644219,0.11373080613741783
ALB,0.058411059968222406,0.05209295019294395,0.013765828351376588,-0.044324184902193794,,-0.017207362603356813,0.034561985065881255,-0.017840029482712478,-0.05970893004260937,-0.027631094385509904,0.004249985246556643,-0.029551217720925685,0.003983285060312939,-0.017056436031560054,0.005501998984070698,-0.09528241415058081,-0.006142046945789144,0.023985683332463658,0.10195037208146862,0.08733856514780823,-0.01141449402432932,-0.024173607335086635,-0.02469060356130536,0.01849334517177172,0.027640807430991104,0.08744802650662702
CCL13,,,,,,,,,,,,,0.09761650265301436,,,,,,-0.023260324994790645,,,-0.04002309660476927,,,,
EFNA3,-0.06519493510405586,0.003126598877705222,-0.021873882328082066,-0.036047986688162705,0.03231365465578503,-0.022404429396314342,0.035351113281915286,0.03609250149292815,-0.11537056243603061,-0.006313262384643891,0.029862674353730027,0.039125044087734304,0.05034509458100644,-0.039583340710510465,0.1681678202113552,-0.05890396103740125,-0.09493185119252488,0.040337627713849855,0.12456759958651652,0.06011230857792961,0.08104930365684092,0.06632848963052322,0.07154784916852057,0.1404780494239322,0.0037798518744021413,0.18658147772849792
DRAXIN,-0.020949963539885166,0.08632905532537466,-0.008472427095519418,0.017269491040894508,0.030336727738884527,0.014173258009020603,0.0025475098674914874,0.08857659491220114,0.09848920007027649,-0.055878930183099744,-0.006251004014739159,0.05007045338166271,0.0891221624898821,0.010699954880492028,0.005707779877355887,-0.002363194773306522,-0.012242840486993721,0.05850806560532073,-0.04077211318610897,-0.0623491684475857,0.07695020384915574,0.06085867252456869,-0.05019169554336375,0.050873379434151794,0.034166269560530656,0.002943723698638596
RAET1L,,,0.017450194009859785,,,,,,,,-0.014584790206822297,,,,,,,,,0.0593298200743563,,0.025556510454243946,,,,
NPTX2,0.010014651324801732,0.010744175299605,0.07437652575713921,0.022323545050343792,0.07319718491399552,-0.0061885937541333305,0.01586618156598529,-0.024445271879491325,-0.1686591981926381,-0.0184772859265956,-0.00769019116957772,0.06577721725916236,0.09115876354548601,-0.04855026624173458,-0.008552215334087355,-0.058597050208493776,,0.0021634453628089655,0.045852740165767826,0.1111305837895419,0.07183474291052924,-0.0352635844196905,0.08317326584755723,-0.0027303933371657036,0.07577965612231173,0.13503301546662816
FGF11,-0.058492817437567866,0.014862530399666691,0.02047056348489546,-0.007048271173944302,0.002517177646514654,-0.024054218038623745,-0.027784447148118067,0.04958624724237206,0.18630420355608762,-0.007173524389441107,-0.0044215179571322795,0.011648083623217727,-0.06888723713672777,-0.013095456218727587,0.16200190180594168,-0.0630358755513071,-0.0953714357579732,0.06641534882679025,-0.0028731538981003144,-0.005991185785336937,0.05704507703846318,-0.0441233442986744,-0.059544280005993086,0.17658624463196607,0.047272685974464344,0.07505309525380019
CD59,-0.03844279721248192,0.14424679629120957,0.032347327578419904,0.03142819674785209,0.07878000051039057,-0.016392142529911804,0.014769971094557915,-0.04329562960118925,-0.06447238403015135,-0.006209352320557509,-0.03452875490979165,0.012440942653763028,0.04522740612586263,0.019649482897545402,-0.004259315602330176,-0.07762526141111417,-0.005937410457586415,0.05684324848306935,0.007222630034991249,0.012277177968127356,-0.01548089693468439,-0.11625653339811379,-0.033404728033681455,-0.11970203381120686,0.08416365240687931,0.012943293107584889
COL9A2,0.0002930792062225141,0.09883173054402576,0.0552834097597806,-0.03325744397565488,0.04834445560480779,0.003964223671757715,0.008371187701464482,0.06507780860526025,0.022316558495023966,-0.013665571738274932,-0.024436618418905643,0.01535501774199344,0.07352132419326561,0.023358228824793353,0.025762977477874552,-0.03867090055535278,-0.11240730409162461,-0.011758760779497685,0.09544755883411077,0.1694856517897937,-0.004836353445630319,0.030867959325828833,0.08924030616408642,0.1024815088483593,0.002666123446483943,0.0814838309804996
DLL3,0.008666326352869404,0.041252977018808985,0.030311418030082613,0.02535380863434807,0.05882735939615216,-0.03405746579703931,0.056642897519963216,0.03221582621149323,0.1232658021695475,0.01986217229326549,-0.04608123911575919,0.1119883028260017,0.014784886991248681,0.057597671928779404,0.02525334446951515,-0.03848407312724597,0.02649211231097652,0.024464491062588394,0.07457251175167934,0.21146421196638,0.001867583344573161,0.06335993788519734,0.03927711735235956,0.12462805839665166,0.031707036717999064,0.0818348370586785
FGF5,,,,,,,,,-0.037485940052973885,,,-0.05484891551585087,-0.04492540810410056,,,,,,,,,,,-0.01430919290328815,0.05225582304065474,
LIN7C,0.03598896312182422,0.05916699976277911,0.05856456082988807,0.013674087957326294,-0.03184032953124415,-0.0054047399330441346,-0.04494350087555612,-0.008286417908270248,0.03425251087218066,-0.012414539684247963,0.00477251698637232,0.047705658423258336,0.03482120622813812,0.04515166165232631,-0.08965235536849048,0.013906340644697052,0.03323277734738479,0.028948370475345493,0.04965068212937028,-0.00461235537085309,0.056281227654535776,0.08871224669200403,0.00610133749291273,0.023646223763421594,-0.003009931393921537,0.05936402869769996
GDF7,0.050456950209611946,-0.029564716248218718,0.004391865711584192,-0.03916974152515145,,-0.018821177281684497,,-0.008692201529323816,0.02788841379022791,0.020791185864815202,-0.028058943988569784,0.04145344344288359,,,,,,0.0215285504561334,,-0.016215550164927827,0.042061876731544004,0.030094556606804348,,0.01996387627149458,-0.009142945177476193,
PSPN,-0.02685133459943557,0.09965884016027132,0.03358561650004885,-0.01534684566315721,0.020098598841813264,-0.0020216085222466164,0.03639960089762776,0.0093682801749947,0.03874748330860828,0.018960285914017976,0.03411720867021629,-0.0010828687226874412,0.017071709922270525,0.05693025241876657,0.02406225190617694,0.008747836048465081,-0.06361440253316787,0.02712079741260809,0.06455636499335403,0.06685916795520319,0.0387949048454254,-0.014317715218469992,0.004974769720260053,0.05627527308427884,0.12681867499784027,0.02625837188162908
ANGPT1,0.0111893013566569,0.009515333948831707,0.06658592613048112,-0.009123553040757367,0.043901437279625,0.011452854957156634,0.00655424945963117,-0.04319203836155656,0.11647814706820865,0.02158093754217757,0.06000223791097201,-0.048460307021615086,0.08678491563404246,-0.01732884474746343,0.051009488308294,-0.07417699683709338,0.04726482559146514,-0.06191667328668297,0.023610842698277956,0.05787993222751198,0.047502959624672436,0.06291503243694792,0.02561449571236592,0.052447606046915354,0.002383036216778402,-0.010370715477308513
PNOC,0.08732943982182252,0.05512000624874327,0.029711935075378015,-0.022840740015846375,0.02740040392536096,-0.00875503195462485,0.0771448345647347,0.04247669461892407,-0.13217450924956514,0.004819619851896044,-0.010941671829916821,0.037006429459316606,0.0035844895737996802,-0.016331674738299405,,,,,,0.013750793657260051,,0.050342401021761574,-0.013585178850773887,-0.046127948735057815,0.018420202612785982,0.04574519275295243
L1CAM,0.10405376346084731,-0.07917157973519241,0.07841993756048789,-0.028987857541064803,0.0114467009862389,0.027182972355476252,-0.028004587611691,0.07695286069369658,-0.1100577093377498,0.016647479502256698,0.04232157952320391,0.10749457487610801,0.029454755859634713,-0.015261496758342747,-0.06571858706069772,0.03312315486278392,-0.03291679495862234,-0.03470346327238845,0.034967744216779575,-0.09762314477693994,-0.025534731006137405,0.05867162775038999,0.040772636001215376,0.06452909659697688,-0.006761754646811401,0.037958008941308734
APOA1,-0.021993911161462605,0.024338303392843298,0.04533016619289673,0.022585370742034656,0.110291778634921,0.0031346979231867784,0.013016300633364496,0.0022032777083383403,0.07644829268881138,0.007801848263302187,-0.05257502364174667,-0.01738515682960207,0.017757581225174856,0.04396080805744021,0.018298793105860144,0.05789900010101172,-0.003850450714608714,0.09090349332005199,0.06994671649630248,0.039604371615580315,-0.034364996829961046,-0.015343983609430447,,0.03559689766924505,0.01986543125546253,0.05110872118939684
PSEN1,-0.03465167519044957,-0.02026586717245452,0.09497692170125321,-0.012010018697203266,0.04239198625534335,0.03764337930219831,0.08884672342663366,0.01847581584149456,0.02039530176853164,-0.007623835524483784,0.05322110962280069,0.006572962773601992,-0.019035702013485294,-0.013933207530482678,-0.05303371572108083,0.0564969268922069,-0.020078393151326823,-0.05854465449520857,0.011850495808043475,0.04848436666808986,-0.06096506825668303,0.016304331409021468,-0.010518118093324182,-0.0015970633510306248,0.0414838337330691,0.030687688867422278
CALM2,-0.025601466751762104,0.07378751436232886,0.0935497049897038,0.012270887803373053,0.06226220709111438,-0.028587676855594307,0.06398617652507921,-0.030459865246422968,-0.21777042011607603,0.02243075208521974,0.05221369625319368,0.05650267289856712,0.08960357973637469,0.10723639502872159,0.0005526313386262251,-0.030134846582674856,0.04684881758578238,-0.047475309701511065,0.15454330755289694,0.16316261714273175,0.02129827609057627,0.022674144062959277,0.10693916823851894,0.08523935548167004,-0.045823710784881254,0.05713827095489747
CLEC2B,0.008556727482107843,-0.06284092440208303,0.023408747098249364,0.02363272055516365,0.003324978490053303,0.019560726452252555,0.003777658778355887,0.012019744330941641,0.15007864553955313,-0.03826008269520049,-0.02564361919724925,-0.016708022709934125,0.09533875239707733,0.00923161214073091,-0.0069522500671077205,0.006168219679990535,-0.029954178675069824,0.03945329459621652,-0.03583000655826036,0.009111862768414625,0.0804548216777014,0.006412795605787727,-0.054346806746408856,0.04446283785899595,0.03593167285604484,0.02133154830395605
NTNG1,0.02423752763267119,0.041984435567850156,0.09789886082668085,0.03419572029103253,,-0.0028076070095045596,-0.007682071110992558,-0.04495670114701994,0.03916542810891953,-0.018442506385632787,0.0015061128130993754,0.030700011332439773,0.020948290264458005,-0.00543409417860715,0.03405152176240803,-0.04181115061190699,0.002608383441704557,-0.016614873618740287,0.07424705452960043,0.15834726411807537,0.03438082817552021,-0.03489120120780567,-0.05492980798108584,0.1439590223853918,0.013936956986031236,0.03149813941454638
LRIG1,0.05334641575972031,0.11273245563191624,0.08414994365038236,-0.057304046161284594,0.05908286226381743,-0.021231942214368704,0.019745738491634978,0.007886110368973147,0.12600559971153635,-0.027699716731210636,0.007163156869158484,0.02873797900487937,-0.08713301812169912,0.07635264741859922,-0.009246708208781342,-0.07125359800519317,0.06207297092806418,0.14756301450327988,0.09289947321340798,0.18340609038616984,0.05626497300798874,-0.004850338492051666,-0.03131284744758854,0.07368494015043237,0.012699272180967138,-0.03211886273280548
CPAMD8,-0.041317087640121763,,0.0033690815647263294,,,-0.006319103902873495,-0.004387573226809015,0.07492565906284676,0.02386085501613255,-0.030270019226754378,-0.008138937667062801,0.04651358591129283,,0.009178852865433589,-0.019294392835583065,,0.0012038618124073693,-0.03636026844505898,,0.04972100330335368,-0.057351047688513325,,-0.044536194228692545,0.05511097647253611,-0.05932536950154154,0.011165857281640027
GHRL,0.03018132296232404,,0.014771252079276244,-0.028284552717132167,,0.030599618853627178,-0.03740786952167897,0.03534816059116007,0.07737796097118776,0.06272370763454678,-0.029175348781415526,9.623364984745203e-05,,0.12224912881978611,-0.07095585294766313,0.08360233321994955,-0.07028721216450232,0.16375411070719392,,,0.044943548744429705,0.044779829006674314,,0.046331693127438595,0.018317914659691594,
NPY,-0.027979266807641043,0.007956186806983243,0.07729726132996054,0.06057137634503967,0.015380145451296425,0.036465479463917726,0.09024917501299647,0.01143185467815085,-0.02103879623681073,-0.03926048833862478,0.002036128969360757,0.08599110713228592,,-0.006889886140099995,-0.031426067673646446,0.01015123285749691,,-0.0678640393455888,-0.03988184316152218,0.0003154446052377749,-0.016565239858467497,-0.0038748911968258114,-0.09368467429898612,-0.017488588497945035,-0.10559576170034239,-0.007568278763696613
MMP2,0.06905579839494444,0.04043510992804816,0.00962339044187554,0.010063807812882861,0.08788493472213299,-0.013641332485431965,0.04693222723123787,0.0652180939843644,0.18046454252713984,0.01236291755229586,-0.020952997522418616,0.02357190767657707,-0.1177313820379725,0.07552802678789042,0.09389253612015175,-0.10671092608035344,-0.0007149527297060867,0.04611127858807228,0.0538854881620237,0.07303069348429897,0.07553093379143978,-0.04217127651648043,0.08491735135625718,-0.0399724237149404,0.053778802653222886,-0.06563060876376525
LHB,,,,,,-0.01718947710178439,,,,,,,,,,,,,,,,,,,,
PPY,,,-0.015619714361977361,,,0.01929372341432482,,,,-0.013007191829443822,,,0.008638014776801107,,,,,,0.013753904429228744,0.016545107349766337,,0.013492414297831105,,-0.0063222953123033675,0.03259405813159526,
ALKAL2,0.023442231719127897,0.06595582755268715,0.01785537286259037,-0.031440135154224454,,-0.011492268597417048,,0.025741380060431855,-0.013649405891046544,0.0073201436264034945,0.019781282472151888,0.028971625605076847,-0.03354157526383705,0.03621937646603449,0.02182335004336658,0.04474494417446189,,-0.03846341865971246,0.0476124605464661,0.11253853824379936,0.05765149382208232,-0.030248378323213965,,0.018375609352572483,0.006178609933674284,0.0033309359709529757
CSF1,-0.007845218900740001,0.09705609725681437,0.07466099420072025,0.01587013340495736,-0.021292012962149057,0.0011174035872117962,-0.10278593347519495,0.046084445494462556,0.08249554146882754,-0.0023449302732188888,0.014275896327286946,0.03178692673801992,0.15596221599806206,0.015732392998067484,-0.02006765532233604,0.09088897053836856,-0.010169983103963925,0.06260323854698692,0.022698989868490286,-0.06624414326473811,0.033040378921915414,-0.02832203770949476,-0.0715780098100721,0.012413974640182185,0.0875180078769007,0.04442852525285611
SEMA4C,-0.027644698278814828,-0.04649528510956255,0.04671819932781722,0.02100854445146453,0.017708043064145917,-0.005933040499110669,0.05115718573506255,0.01991595279552417,0.01780876340411982,-0.05949725855161349,0.057780903046797574,0.04873284182054045,0.09363797036157724,0.00818008694226449,0.09363238808258359,0.01903639619261134,0.00684175160725394,0.11404488832212697,0.07684603259671785,0.04355170223449247,0.04848418996136148,-0.025540052951130977,0.045547631563758254,0.05354023133155242,0.0026133531446416195,0.06081028737842643
BMP8A,,,,,,,,,,,,,,,,,,,,,,,,-0.019927241412678622,,
ICAM2,-0.010707884626288751,0.007001030811260603,0.022162854914178645,-0.01866044033778388,0.05756979695456893,0.001699790943261129,0.08623189128303697,0.02278846025388927,0.11895631128708699,0.00798196073629657,-0.007179459137306822,0.03240682431306398,0.14662198794911518,0.032178353151740884,0.06523223090651795,-0.09050576437421086,-0.07676519031290638,0.057815509488477884,0.03792607782269261,0.10382303251940697,0.01672206842969075,0.0015082850488188277,0.10309078852457206,-0.021817750562058622,0.010459142115382214,-0.03599566764782966
SYTL3,-0.026584796907912003,-0.07622489168986255,0.0040940770073930885,0.009947238730631696,0.045141059176475797,0.044198901960133104,-0.0036179657808896406,0.010726916549662404,0.07377210297834173,0.03337318551198007,0.03358474823053732,0.033108526634674416,0.0523082728115696,0.01596588031349235,-0.03551243047089207,0.06911460802663169,-0.046608390595973076,-0.004041807397727511,0.004462832878313806,0.06570530415329559,-0.01793106277791245,0.004509924121755922,-0.0557981759386394,0.11063029907754025,0.07315618860004758,
IL1A,-0.048009791801299564,-0.0010350999784627581,0.03990503199027449,0.007891936492060924,0.11497898386316392,0.052396789426065384,0.010034664780224307,-0.020343121318582402,0.1493391108183676,0.05584185859858613,-0.047149741981668845,-0.03180114586093656,,0.049435965186384545,-0.03589033989812092,-0.0049520789264738165,0.07042840454662207,0.04351155686195417,-0.02580118314175057,0.008398757440564767,-0.019417754707791023,-0.020711740152174578,0.021407273974493216,0.008281355031186712,0.07505150686888233,0.05920593260069372
HLA-G,,0.05983737282327646,0.03256533923681674,,,0.011118909727536966,,0.007722509696468455,,,,,,,,0.0052803922566000625,-0.0021549255730576385,,-0.021631459399506107,0.05404705667379976,,0.017093127391782793,,,,
PGF,0.023318816279740567,-0.07008382759665054,0.033665353522628186,0.03827131026590463,0.08682982449527693,-0.019173115267502563,-0.016538128426158066,0.09628384066830077,0.18489700127005415,-0.029858740127693174,0.011529804532038269,0.05204149174875046,0.14525205525724494,-0.04975259595710732,0.07446897194833926,0.0701782555194402,0.0019398833305305022,0.07008895605322467,0.03637762547772483,0.16855018793227788,-0.006175370147982294,-0.019240205614439836,0.004070298411395784,0.010134869821257551,0.03628685048399399,-0.0567716309139248
LGALS8,-0.05936059754785526,0.009148012192772772,0.05981274363109571,-0.006042086311003503,0.052701945663438096,0.004717142851510521,0.04354501177999301,0.047575773740130764,0.09192381449358733,0.03958523779575263,-0.029423814629342297,0.004621490029636324,0.014924985965577635,0.08198570091499749,-0.024675529147076238,-0.04462547414485943,0.07129828046188236,0.07903028567971486,0.08291305643140022,0.035272847487119015,0.06792712199573982,-0.007706690817665217,0.02273318718656682,0.04796497532255313,0.007977302349059719,0.12413048402586216
DKK3,0.03615264244462596,0.048051658981492454,0.09399138117667147,0.0062132175088838,0.09515943221779277,-0.05986661645178553,0.10380487197375633,-0.03899378974752014,-0.15212616052972683,0.013478313021077432,-0.003507564087213296,0.06988383971560322,0.02937009288237549,0.006714356492339111,-0.02220527404466988,-0.08325049928677135,0.028901478590587202,0.0002062230085529782,0.0029212597281004027,0.13378518071995554,0.02381114114707812,-0.03079933788412095,0.09299656153320829,0.04918218026126664,-0.03556650102503926,-0.007761208995512744
COL16A1,-0.028983051623257473,0.11221531692357054,0.09187819339178985,-0.030393865252400194,0.041583561820166044,-0.004203306563613283,0.05829454996540654,0.017277437857905337,-0.006894292992914711,0.008469167798837949,-0.011847959393480368,-0.021668617690927202,0.14094923648842214,0.09658657455444955,0.02728593647186107,-0.019154392752691346,-0.07565212416711961,0.052586140418848015,0.07092773596373711,0.06725132391440494,0.04509542445529323,-0.00426796823600762,-0.04747473310273187,0.024837801429988305,0.03447952990202571,-0.026733431918060782
TPH1,-0.003352091435521797,0.01856318021589389,0.07911890015582387,,0.03632873284536379,0.002657124407288761,-0.026029638427576118,0.07134002966945566,0.06430270389800029,-0.009735620772620558,,,,-0.01900618167721252,,-0.08869187563998968,0.015758639414984708,,-0.007153387426572158,0.005767381350408308,0.017355165013147978,-0.0038369330580471836,,0.019136424368293874,0.06056679481024211,-0.04659488265350891
TNC,0.0225256119968404,0.11420147976334387,0.009128702300314784,-0.05553791395104161,0.05659207033301483,0.03351937162940122,-0.06406107823270504,-0.0376089023097949,0.17890310243167915,-0.0063818303790740116,0.0033395870294022803,-0.009995805677119812,-0.12204952650098187,0.007397442095811522,-0.06243808964327635,0.14018640352048636,0.03168651810314741,0.1743580434271309,0.009125085465098758,-0.05004443216603772,0.043801967485062876,0.0067678438094873235,-0.012305675176304572,0.039556641119004005,0.08455714242390185,-0.0201363712521068
TNFSF9,-0.017618639740913964,-0.04320958489229944,0.002078385259485468,-0.03920343731229665,0.0518340826655577,0.0023837435572670864,0.10227920944640927,0.011078209652558041,-0.044163545513096925,0.028962897096890674,-0.015916069295486463,-0.032161313943757854,0.029367435610545643,-0.0343048078372556,,,0.056299166772626585,0.052000050111633236,0.02581114525323797,0.07553299002361757,0.023236116111505195,0.08147954928851046,-0.05189510396053418,0.04263126151599521,0.008953325378505758,0.054037232015854704
C4A,,,,0.036085091606596974,,0.04373778827989599,,,,0.11168557195750149,,-0.036407765204085035,0.02514895836048815,-0.011425214263352324,,0.017305122631474084,,,-0.023630195890071107,,0.03315204288340548,-0.03586918106371315,0.1249699899761127,0.018013805137640906,,
CNTN2,0.005280380476990292,0.08108402674630864,0.07801702236762767,-0.007063155717858484,0.09842695104510474,-0.031747077863330184,0.0565131703875182,0.014999230191760034,-0.04430977181061516,0.0376059890114353,0.08985236656255516,0.02410514733656256,0.07405126990628633,0.04068371494295222,-0.06001085561323072,0.01613630492879605,0.061653900977485486,-0.13105448627760033,0.06143654821129924,0.16958380387901886,-0.0015660364944560894,0.04816767131088537,-0.09008958402125987,0.0012584940297376455,-0.02633883128466668,-0.012783713801704486
F7,,,0.08213850572161592,,,,,0.004593288899367092,-0.00792204699102114,,,,0.002889789189541711,,,,,,-0.016252906231574164,,,0.051361245412081875,,,-0.013128023591017338,
LUM,0.010045133874700867,0.019928772057708485,-0.046352154468335745,0.0006012661056181092,0.04113153373394641,-0.00985780753714613,0.019173430722474245,0.0342584500586561,0.19188071257264622,0.02178146236175058,-0.0016081012873402397,-0.04098981231913059,-0.110375976042589,-0.02330742424050142,0.014509087156993868,0.004925481926760995,-0.09715448199946146,0.11479391461122335,0.054822103807636476,0.11354857317108291,0.028369137040433808,-0.027191523709573433,-0.012594228670940002,-0.08941919978773201,0.032811893911220476,
IZUMO1,-0.015574256712209628,,,,,,,,,,,,,,,,,,,,,,,,,
BTC,,,0.05818865616946361,0.014226035425723326,,0.021784139665426146,0.06767508144804893,,,,0.010394443005126144,0.01062491082205766,,,,,-0.054835928210324805,,0.08698163229607826,0.0050547799675151285,-0.057015277650890275,-0.012780696479687605,,0.05433375440699679,0.06253403425161945,
APOC1,-0.01005972163292384,-0.1351562963087169,0.0288571102973193,0.06347413131467468,0.06928298778614857,0.02778796449563759,0.06835445793767041,0.07002148113097283,0.2247385900367544,0.00562756355453683,0.05625669607115588,-0.021851537570016517,0.15164381044757488,0.016188816017114537,-0.07569943284776348,-0.06757160103098925,-0.05853023434059102,0.04798724389479707,0.11418791581855492,0.12708296533474475,0.10386504498298364,-0.049023511427938156,0.03620154350623403,0.049483773819378254,0.028968724645172632,-0.0034737539328003122
PKM,0.054193630669802324,-0.059187258438964344,-0.05243494759738738,-0.029260700761543627,-0.03098343943778227,-0.011029629294712854,-0.0906945311320017,-0.036063695216055715,0.05416210244229453,0.01115369895599893,-0.00018333995182648463,0.10020265730446676,-0.07962404073527302,-0.07711736998144023,-0.023944805896363382,0.08352393185567376,-0.1475596151605814,0.08082148117027038,-0.058016196288934896,-0.15133127658796372,0.01882316049836945,-0.031206200757978524,-0.04703162054081328,0.01816196118926467,0.05793841190919403,0.12231801892696162
TNF,,0.023893211279400355,0.027755700154160436,-0.03208474719562006,,0.059321992322818394,0.0034983467693800187,-0.01135811665236651,0.04540049812919839,0.009829305504478223,-0.01614516556192909,-0.020368853708029003,0.07657396333274537,0.01277123309280246,0.037386766495473206,0.060536288611254374,0.03729538447236461,0.0031087272033227973,0.05645275694112148,0.029705764070718475,,,,0.028905233402700303,0.021501373908697823,-0.013260220143104282
GNAS,0.006595913008358291,0.0025299479087858207,-0.026252793643424626,0.006160314703666941,0.0013437079677919932,-0.12262330289604562,0.09200655360567446,-0.02832929281850618,-0.11758499894166244,-0.005673299171343396,-0.009387977601934643,0.016960745677819866,-0.14869160012741,-0.038592085508215156,0.11894728178982393,-0.031873521547432004,0.01566602307341085,-0.08108420618780912,-0.0994785425146795,-0.029235007969958305,-0.008748949140048794,0.061590238243669056,0.04120221028947614,-0.006436494230184001,-0.047976005904353546,0.0499623556450884
BMP8B,0.04959829963655942,-0.020040896637475842,0.061750382242445,-0.02179128813618476,0.011904388705231191,-0.021862871894399317,0.03659485528028101,0.08502309403442807,-0.02272234064515665,0.03013069187341815,-0.03109335731635969,0.05038798419980044,-0.0345325640323485,0.047639924612589396,0.08889353998176752,-0.08771245766276627,0.017124159974598676,0.045496595621166785,0.09600294178696678,-0.07368656525001432,-0.056847261041490384,-0.022510436668476283,0.00821796809206108,0.029029711421458,0.012827833056617765,0.15037664447985052
LIPH,,0.061963036133531435,0.007290563568621647,,0.02600085164952084,-0.011261795481068966,,,,-0.02052056579792607,,,,,,0.04452099342705208,,,-0.014687090281453728,0.015257173402407757,,-0.007763981334125269,,0.017174500484647005,0.031990105475546725,
CCL28,,0.0003550922091024117,-0.00013673418242062207,,,,,0.03113546289041363,,-0.03539700465448545,0.05436858111750668,-0.028411168788563552,,-0.029616817274830787,,0.017633042722175668,,,,,0.0706097652866492,,,0.04562759355226206,-0.044088500622114724,
PTPN11,0.05492857622563662,0.049273035500768204,0.07127033201051422,0.020131601960299342,0.06252797479230704,-0.03458600630671361,-0.03406412243503112,-0.017963819087521034,0.030541880193283365,-0.058619521094939224,-0.028701715672433924,0.020518835399582522,0.04199528216626449,0.0011983016593768124,-0.14648967243077932,-0.04674774453480868,0.047273941732089375,-0.06995890226090175,-0.09199193652987192,-0.04283605629521195,-0.06571090291383187,0.027208472500106027,-0.0019337286802073035,0.0025724548677677553,-0.020750566938586543,-0.047429796491448
ADAM12,0.08856988701643227,0.05867248557969176,0.00244632479083419,-0.027242151549691753,0.047660103701314294,0.014315867550773747,-0.029001869827672784,0.0855206474131428,0.07927785756307812,0.0015464609930222317,0.009016254673611713,-0.0057246376520908105,0.059559562015239875,-0.010912432288494398,0.16694885710940446,-0.023859981080188768,-0.06772974004016652,0.14755944958569306,-0.045282136219098226,0.043600628053449705,0.007310913728857127,0.02000760432048143,-0.06081290092353128,-0.0717900124649956,0.06300055257005009,
EPO,,-0.05458816291375054,-0.01993582585044643,,,-0.03607482000534149,-0.011904099880765712,,,-0.020472094564920267,,,-0.006556795114240838,-0.0173244079527292,,,0.08281606336772275,0.07741053446338822,-0.010417028456840473,0.048679046349053526,,-0.03395904520439442,,0.10615490724205318,,
EDN3,-0.0003006054712760954,0.04539441673111763,0.02053078056622656,-0.02212564944641839,0.004787090371429437,0.030510893756824618,0.03100159608023911,0.032892842291096604,-0.015424519801366592,0.020142746783192212,0.0062049898641704715,0.09183008430805878,,0.010733937655602625,,,,-0.052483956940348436,0.04031802757966975,0.026805255096919545,-0.04286427691678601,0.007986039440610212,,-0.02910735646453688,-0.023563515570163427,0.002673996476828623
CCL22,,,,-0.020823457434853438,,,,,,0.04704325837426981,,,,,,,,,-0.044085549878455206,-0.01642345432953576,-0.03877635274610441,-0.029797583838362535,-0.004548420310877164,0.003757124381657455,,
CCL2,0.033574914464191044,0.08947044980821399,-0.006216327548561268,-0.032087310440289174,0.003956516325715308,0.014258537185437136,-0.10418960558847572,0.001902256309621162,0.08133344173428017,0.00527084402624878,0.012398278895579705,0.10899450832774807,0.09220293712974222,0.022387273396607444,-0.043342856808075245,0.04652645722203288,0.02175357493697619,0.03707105724041887,0.046878903281851736,-0.06047418351910792,0.03761951996529881,0.005977529222402078,-0.05971314151566815,-0.01799497258318458,0.1128309011513302,0.012068272768688326
DSCAM,0.020165640094650952,0.07682183714658923,-0.017636667777761718,0.005520572445790552,0.09618347138200203,-0.004375029370393923,-0.014369029851823579,0.03729558301087222,0.02240976640767836,0.017412605105384348,0.022364209211006975,0.02183369299414581,0.11305849682539233,0.026681304103365278,0.10884207952762377,0.0340363470011881,0.11821587864870473,0.002251449888534529,0.022635479546164967,0.14793149718143547,0.023176725758201247,0.0511038505344264,-0.009880853025092737,0.03193862770941386,0.09423073778972657,0.2261646493006416
GPHA2,,,0.034279466338252206,,,,,,,,,,,,,,,,,,,,,,,
ANG,-0.005277342566930496,0.04937470741168635,0.003573243314258198,0.022810233795752737,0.00018583752857216542,0.07013895157174913,-0.015812171494650525,0.03787376721870433,0.09107146931870111,0.01722077421039868,-0.0013065889334100695,-0.06678203037163315,0.03063088485278977,-0.035757337024537025,0.014500749927830622,0.06238169443987906,-0.07118874602927856,0.16566358914950427,0.022003205903240813,0.012711090777949777,0.06915596316542715,0.032950500423207955,-0.01376955987957418,0.06891802049113807,-0.003527576647681416,
FBLN2,0.010736845779815226,-0.04171907439895616,-0.03975114053839898,0.01039922800157622,0.019067569489954198,0.01859941213977418,0.058291870370583886,0.05159870608455858,0.022196042778510925,-0.006163793361560605,-0.08951510498725074,-0.02151889904210647,0.0930138053272007,-0.002641467337405465,0.037286112036051096,0.05327468653948178,,-0.04671700627876819,0.010049911749740422,0.08498192825748717,0.024219107389490287,0.014575105859891448,0.08570673355918697,-0.031211111129390245,0.07480839654774052,-0.04766950103653478
VTN,,-0.024448100927297694,-0.008080636050387656,,0.03986840899947342,0.002798910427749322,0.014494034551825234,0.031694033193540486,0.05003319491903153,-0.00689219837199456,-0.01809493770253126,,,-0.006949814811818872,0.15087202304273503,0.12324580369201407,0.09383359185368617,,-0.0029019766894483466,0.0697280038821232,,-0.02601374778889124,,-0.012185505839041103,-0.07192590915834843,
VEGFA,0.059654818388039786,-0.0381331341919799,-0.053518072426440896,-0.0030307072832034252,-0.11362233038962391,-0.010880992522707047,-0.1348322026811372,0.07526740943484257,0.09315995817923117,-0.02928315616533651,-0.03567328712528279,0.03377578458634916,-0.1582222460921252,-0.0656122942082708,0.03378768236157434,0.1319738110369361,-0.12470802030258461,0.05847699728272811,-0.10237384678080462,-0.22201547670109237,-0.042439216184349246,-0.03506598217636194,-0.012033321973431741,-0.007266740644163019,0.003910915328916746,0.04612843340754223
F10,,,,0.01783700035925611,,,0.0557386925067027,-0.03817612187311555,0.03867749277581958,0.05505339582153411,-0.0007146972676331128,0.01758165599599566,0.008490876256480496,,0.03310997897015855,,0.08478582428408814,,,0.09534304973497382,-0.011292252757658426,0.016308395820945672,-0.037917108841106266,0.06148386918579838,-0.03247009605255443,
SERPINA1,0.0075315028742807405,-0.021995077095757258,0.02629597418924447,0.03455439898457925,0.15734657105389416,0.030801805539779077,-0.013420248034121014,0.04147540273797215,0.14998711535451145,0.04433252226851221,0.023162509939181106,-0.03376371376491549,0.10012736048001623,0.01980494035257493,-0.07250598117261899,0.013887931642818947,0.0068140561086252535,0.03207665759248009,-0.0226307254881101,0.00199317645221942,0.054353429479664706,-0.0378625792884079,0.04748994418136296,-0.007664852171932639,0.10450560459611138,0.012383641545674489
VWF,0.034897504945051325,0.08801271505151226,-0.008134439034266134,0.006589549873643733,0.062312792787034395,-0.06004371475859154,0.0712363504000891,0.07009395578444302,0.17656254964487045,0.02343905063942491,0.004249083935950271,0.02474042390481373,0.1521558102480957,0.06916907604855897,0.07295838564399258,0.0029629469926451923,-0.013675266213594746,0.06837050426293802,0.09763223531800362,0.08290636663676015,0.024738270142621737,-0.034131434752641826,0.07176802491532631,-0.05518955201844232,0.00028239343546105483,0.006747109473374133
GDNF,,,-0.004778305050073247,,0.005232844979689529,0.02453052888305728,,-0.01029963892462744,,,,,-0.05866627848154511,0.010423424533293984,,,0.01030166589703499,-0.003942518843680868,-0.018804698489051197,-0.022927128596394352,,0.016845080507323754,,,,0.17505263681702452
VASP,-0.06451636298801175,0.006142670345090195,0.054794605068677935,-0.021964399076399833,-0.01076689405501226,-0.06493785527682273,-0.02703440276934504,0.06395716664052635,0.1632894324550552,0.016098282359249323,-0.009399138599202914,0.06244483664539401,0.1172947333979449,0.04225479172639903,0.13091450394665066,0.10999785282673669,0.05672046966113798,0.13486218819028584,-0.0031815841029386245,0.03116548930425713,0.0024098929357119925,-0.04239903492345743,0.034602270003845935,0.022902062618988337,0.05881925100211641,0.12432947398728506
ADAM15,0.06968264810422982,0.05739130465329264,0.023390538145250876,-0.026336007630333398,-0.04499558160912642,0.012377887491608253,-0.008721453879029567,0.057779641167373094,0.02888412907093473,-0.04700860897640706,-0.04865613818727579,0.005370602132958225,0.09032394670439217,-0.009190650886107257,-0.0107345683752029,0.05832847782614927,0.016199120962970045,0.036791554943357244,0.05834323377166685,-0.0038599286437104477,0.010068956432449747,0.02117145976977481,-0.01095680881878514,0.02578713042087198,0.13445053673769097,-0.08912479536320231
WNT2,,-0.007093449712590734,0.04201561798611904,,0.012543863998054988,,0.00668467348701588,-0.031233445600697258,0.015754128542105197,,-0.04926020969848547,0.024734499102675608,,0.01796640463236439,,-0.0745788851080007,,,-0.00564481197014005,-0.001329909742813295,,-0.02061622528392202,,0.014276078755047324,0.07860371428141062,
CALCB,,-0.025562415411364784,,-0.01976381700460439,0.03516815213380271,,-0.04248154626360084,-0.015182720634499103,-0.05364038466149878,,,0.07756904605469943,,,,,,,0.0655159498930689,0.020026070297458485,,0.008869616512537547,,,0.09021739617164982,
OLFM2,0.07203876919987943,0.1680958663274894,0.05334043502272251,0.023967767215860532,0.15243779807422556,-0.007777488682848453,0.08248143750317165,0.03385496225958324,-0.06348852230279328,-0.024391663188017318,-0.08185039872334722,0.034434095139062516,0.19744852199528892,0.08177198092984458,0.008158425570554618,-0.05303540888360949,0.04642675282389359,0.06495386060495331,0.020010657007286922,0.08058190320458687,-0.018004916460992483,0.05115279933709709,0.017270852498292126,0.137315577008517,0.020909220177840495,0.051375292336086245
MFAP2,0.04516722287857495,-0.007525907889349578,-0.046266764076619706,0.007682036769486182,,-0.02381259977178787,0.05693095842415674,0.05010908463383561,0.1740690785115407,0.005425935584694324,-0.005326972786569242,-0.03321277761406936,0.17670588427631162,-0.006247656894776919,0.06790285865908935,-0.043619140295323024,0.0017894448365310337,0.09694282515850154,0.007097210991301718,0.05380791602882374,0.09654468344085959,0.004107013067215241,,0.006013636248794048,0.07802353518873481,
HLA-C,-0.007120520729605481,0.18030270742987992,-0.007663567506439117,0.01354912537471789,0.05950413637182118,0.03602941782353774,-0.042593017745368604,-0.025488686122924254,0.1783199593446906,0.004907675342991166,-0.025166292826095567,-0.0012640776458811617,0.11483972471777926,-0.02043464210244138,0.009263298616448402,0.001870925408288678,-0.06271275313130048,0.03296864906440588,0.06469159273382315,-0.028163657410718714,0.015507062066773838,-0.038956027060267406,-0.013200545507997478,0.036275874701635756,0.06561557805703025,-0.03664239591786229
THBS1,0.052726592418846537,0.0828939418147092,-0.035212207639682316,-0.015131185786752698,-0.0018357540103059093,-0.01569889888970304,-0.06181101484956669,0.03918028722722262,0.048516149595656845,-0.006591026218023036,0.015633741377913447,-0.01252353458790317,0.032163654650681966,-0.039706017474156155,0.10121254098845592,-0.047834712623547646,-0.05791796305297848,0.09789650045228547,-0.024860586453976735,-0.011356899756546843,0.05308770355911248,-0.03703147340425092,-0.03993065092663534,-0.11550042304548676,0.07559383805669774,-0.05917863596085523
HSPA4,0.022523879325222422,0.06369752252222229,0.019077966770193345,-0.03748825262156168,0.006658602160192802,-0.02501519416071788,0.032375231860116795,0.04080010667293327,0.026699974425615353,-0.0018542731782849543,-0.021491494944924323,-0.001925675938141533,0.06972522148989843,0.020350627128701698,0.07684495166400575,0.015247069523799749,0.01962650885555581,-0.000564275244103419,0.025856187988456503,0.03082092147238326,0.0050236307393778335,-0.011643888736363758,0.011967305268091673,-0.002273823400127346,0.0018525895300029202,0.06591242679007454
LMAN1,0.06057197451081823,-0.040868187626296765,0.032406916455711345,-0.0034105129211815547,-0.08807657294795997,0.005033532469047136,-0.056098394539482184,0.017048469732563482,0.1617549411475222,-0.009443723986108954,-0.018357550431137157,0.08803155159880946,-0.004744751473470125,0.00503113649558927,0.035758326194771504,0.021949426037389305,0.036203510807920856,0.015819819894159603,-0.027825338372868488,-0.12535240450509047,0.009790837743546565,0.0026353473772750442,0.009214646210572615,-0.06299858582858578,0.050622533032306585,-0.04956793567381881
LYPD3,,,0.001751950634092203,-0.017074900336240578,0.023204959079249608,0.05808958186993376,0.016851233830822824,-0.01200072305657991,0.05616085581723146,-0.01118675763811706,0.032843059344402084,-0.03098801623330551,0.09229465738743498,,0.11531086083583407,0.12846282608613663,0.03951280037905485,0.002566413955301229,0.13366680569070233,0.040392543673693555,,0.00970290272777424,,0.015756555299625025,-0.035557998678353006,
APOE,0.02412087783649652,-0.07287393013058348,-0.0412227967882595,0.011439607250955393,0.09033521888368935,-0.026911812651231184,-0.005644025124812067,-0.0393622856363066,0.06047369030704428,-0.06696194283301309,0.0034621545930139754,-0.017168992714724104,0.137080681675586,0.04834765609893941,-0.20215565201549832,-0.10744570860386082,-0.11926620346104967,0.02575139718555399,-0.06355871407760626,0.007422814199449959,-0.024262725878082782,-0.08273403538021452,-0.04139833970998247,-0.008307959793887671,-0.0002522613454365136,-0.08196372396649673
SOSTDC1,0.07100819096124149,-0.007116092996207351,0.042545542609759665,,,,0.12245863347473544,-0.009366220121583054,0.08398247645447902,0.02491247785316776,0.023947347809351753,0.09043156434720877,,0.06862185015653167,,,,,0.08240371321468445,0.029904697256117593,,0.0648459082614588,,0.011597586921794977,0.04247829732315258,0.1299749191069963
ANXA1,0.04655635571761911,0.06506425577963333,-0.025691774220630657,0.013230551287873763,-0.0738493972801034,0.10567132009970019,-0.09060097371760233,-0.04607680341245633,0.15978236528433257,-0.05565155003408007,0.032652004603615226,0.07114092242079526,-0.06141552571036567,-0.052253910439827196,-0.08778189027359692,0.05687402917810015,0.0470544053761087,0.15897204430078338,-0.02329702860786778,0.010368012299772746,0.027091837083085334,-0.043254082137143934,-0.005243366909854415,-0.11446360596887643,0.06548453611697255,-0.020419974795835995
WNT2B,-0.017120419278998454,0.03103533279241655,0.03507685101060491,-0.018183820172108987,0.022676371743103663,0.020622560072136416,0.08632279649543335,-0.017319106287558266,0.10465836786184583,-0.00744905914332318,-0.02527345979006057,0.11970999545969506,0.08048440820806838,-0.01838676110067717,0.04233825327602999,0.10134744901660682,-0.03743533230971935,0.03575058002242313,0.01808256542675745,0.08829217715243831,0.015575255925295788,0.011228080601292724,0.1473950446173901,0.07519106591976382,0.029645722637361288,-0.0018460777849523939
AMH,,0.060128934080248136,0.04632518837859901,-0.008205833618814913,0.017436069822366236,0.06258401322008035,0.013026910166731024,0.018800396858963883,0.1191747868486845,0.025917885916122776,-0.020001147145444036,,0.03780607477331646,0.029981359708252102,,,0.05971336928071438,0.18151014139539542,-0.002123891298353476,0.0868984739636095,0.04118757648587642,0.001586676466491531,,0.05629693172083377,-0.006748651016322878,
GDF10,,-0.03823641224989157,-0.014642200393011298,-0.040620233459938065,,,0.03669456656415521,-0.0069975429859589515,-0.05113198443169834,-0.005747906774544051,-0.026621591855715523,-0.046339767491110725,,0.015704998955091976,0.1925158047539698,-0.028631550220247926,0.05132291150256702,,-0.00738064939187576,0.04941535790394024,-0.035482601157671656,0.0821707724470119,-0.04453638521653124,-0.019947974757592024,0.01586986519069963,0.23012553428609575
EFNB3,0.10756328423826171,0.011155197414182597,0.0017249626650526595,-0.02407117828057314,0.025791430223619828,-0.039916352134906546,0.09881835615054295,0.02261776210556247,-0.06525672348955343,-0.03675630066222005,0.004552623387251226,0.07597096408764746,-0.01392314362923331,-0.03540825788585877,0.011118829213579927,0.019234756507580785,0.015065666572942345,0.1054476982432771,0.09374501285247908,0.0008738705948317181,-0.0187013555847043,0.00739690905724239,0.007409303317324062,0.03082985439556542,-0.037086358876391945,0.04598467772274293
LTB,-0.07251956447668481,-0.04501080688914849,0.02544724608244189,0.028285534276362705,,0.003864960151489557,0.03139735496714641,0.08320841885298066,0.009196043904162088,0.012529106755007223,-0.020065042285785144,-0.009527992300854179,0.15303879781978347,0.025940468089923178,0.04022833025476342,-0.06301072624407021,-0.011273449732768887,0.020695167017321908,0.013031876510931732,0.08614307888024766,0.1021811511631462,-0.007991539379260598,,-0.06755558024896567,0.007550150112329699,0.024932749787664882
ANGPT2,0.04139955107621529,0.07686229387260039,-0.024590322252581374,-0.024805889739179174,0.028673804718240034,-0.0318616069647187,0.05744960251343541,0.08825914208089099,0.21335806344607863,0.005712813151699475,-0.05664505694857578,0.04784347873095586,0.13296828035535316,0.061419573382246725,0.07757037351779873,-0.01124008324640718,0.07716228135925682,0.1356357934874309,0.02470246734211149,0.1051223076987322,0.0021417357369882426,-0.03627527656867749,0.009821060822138033,0.009184079611772424,0.06046838023515134,0.029837680094696006
NRTN,,,,,,,,,,,,,,,,,,0.09818685251537072,,,0.0059628769338707375,-0.030238093079856865,,,,0.019946998840435992
ADAM17,0.05133424748595336,-0.06137738841265063,0.06826560727572893,-0.02342493458954449,0.0212220057250761,0.012187556453320668,-0.06670170875714726,0.06833989956880589,0.10427905401805453,0.01909519829265677,0.02282870711297796,0.03291835807087178,0.027050858306913474,0.018699476037329108,-0.02894632066505735,0.08299345084876729,0.02702765127399938,0.043448364858612795,-0.01903549302003024,0.015795312221349594,0.0361382982224919,-0.011640897791469797,-0.0013771262950995986,-0.003739346367328058,0.06574829039198332,0.027909231438221795
LRPAP1,-0.003439537844069566,0.03956874923845602,0.11409684101778113,0.047157986582179984,0.0395539318110319,0.017934794085261684,0.004997571660424359,0.03975300657593258,0.0929131158969362,-0.0135192597972552,0.04382726434401203,0.03136749143288813,0.06446844697845289,-0.005597495582461219,0.10617350736369227,-0.07751206888368087,0.05408842212409628,0.031887504184622856,0.08505485911329755,0.12342465875681903,-0.0022391160580125125,-0.019878559402802184,-0.016471974654912253,-0.005458702849517359,-0.03942199015097234,0.0438479044589949
NID1,-0.03194015956891325,0.09443001150893944,0.035300488643033076,0.0018129536337054874,0.018008592452621278,0.0008442544212220564,0.0889899977040714,0.13400134784862996,0.21181651346233096,-0.0041289624088538725,-0.01580135507679094,0.011295690514198334,0.08021182112087531,0.048732508228388934,0.04966271617808859,-0.02084804312098331,0.017782205239563042,0.12330502307436413,0.01800325015381698,-0.00012037460879835259,0.025210414540709807,-0.0687506041505958,-0.0774246393768197,-0.07848926705852573,0.12703072967221038,0.0615671660747688
MST1,-0.0076663444727821635,-0.02561425914912423,0.06732734768490424,0.011105380884131464,0.012543409207932657,0.05990525972567135,0.04353188149409982,0.048998455974836624,0.1824975358085122,0.011390248671401792,0.06512166892152926,0.04407748804834824,0.06035053944775971,-0.007558409490344989,-0.07244801147195334,-0.002885325778595111,-0.009050627393110279,0.011774107054230178,0.07488999626272258,0.10208224748582713,-0.04402288323331199,0.03987634859857918,-0.04078710187906808,0.0961364994558973,0.04896530245818143,-0.007556315011205877
CCL14,,,,,,,,,,,,,0.049637176837853056,,,,,,,,,,,,,
IL13,,,,,,,,,0.03972404268834104,,,,,-0.035920725231003224,,0.0631589816872743,,,,,,,,,,
DCN,0.010300929247372009,-0.008292118308461887,-0.057568555811885226,-0.03201634210578594,0.011053585557499985,-0.023000551100349795,0.02355782270995323,-0.00371636660628544,0.17439932777910166,0.030397689849717635,-0.07886238316241836,-0.012935509871310718,-0.14582489435131984,0.004515079873431443,0.021194795074718237,0.026294910004133944,-0.00024579049596955554,0.006176388695592757,0.00968716931484368,0.07009760433850554,0.015474405716778697,-0.021108686270620836,0.011745741943867422,-0.16092831854854514,0.013156664161009447,0.026352249693533027
IGFL2,,,,,,,,,,0.037927991500691274,,,,,,,,,,-0.023804700417650336,,,,0.06873735426295838,,-0.03761967486936547
COL7A1,-0.00851653595102649,0.051238293157513,0.059324009742192645,0.07019337993871445,0.012117326295962379,-0.050153804061924934,-0.06756746000125147,0.0634585731236811,0.08866909341150796,0.03892650899716314,-0.028713304341927166,0.013656431271612325,-0.0016129669122636233,0.014946383381559597,-0.012199408515852548,0.039495187141877,-0.00495766292290461,0.15926357087844528,-0.03577599925452289,-0.004515354007292381,0.05973750012956616,0.013135489893720199,-0.05225893415439286,0.02193987906742342,0.11616705602287926,0.15781951449290896
CALR,0.03884165846058025,0.05258635834912836,0.0018223905031357916,0.017171255665364763,-0.06200400093683018,-0.046860800748217246,-0.06560234552708041,0.010701918355194347,0.16028800219376804,-0.036593793160932024,-0.00880516340863282,0.041099652610451176,0.010673578188226068,-0.03837054466597485,-0.00027703820590131283,0.08557730356942271,0.06231335446525157,0.06014200120232002,0.010673227435686055,-0.09967456999950805,0.028841327380980934,-0.05695702347727249,-0.040166039077654425,-0.05557536340646945,0.10775648953719004,-0.019786856991476212
PIGA,0.034419505394845715,-0.08008425166599466,0.07226538697350623,-0.0018413860848689912,-0.017049538148131895,0.06776904344634017,0.010046636978463178,0.06707324416852856,0.07080184974791844,0.012520476436820194,0.03532426940171496,-0.00864216275959027,0.051096772173250066,0.056503910729783995,-0.003033862046176981,0.00022674413930054134,-0.06474437129687485,-0.016464672586801177,0.014442311692284762,0.026609755151356784,-0.005904329375552052,-0.054850110998115514,0.055443461738921625,0.049533641859399756,0.014313206698666144,0.06916425979100208
CD200,0.029588962077007206,0.054905964467797864,0.08756051919320591,-0.005500930612741002,0.02689212979237633,-0.004099745003934461,0.03862667859679487,-0.005331830985439775,-0.03590828614949346,-0.04490999737317688,-0.001215222628654705,0.07958598712839024,0.1689912407916704,0.004073409814050274,0.061845506819011464,0.048923237575843014,0.02530659628133371,0.08179172265932058,0.05951375683477307,0.15500556478454872,0.05187509362193146,0.00932893143925374,-0.10647332138242628,0.04594625858830216,0.04771300772515655,0.09331166434996292
GRP,,,-0.013147883703772598,0.02518582705892524,,,,-0.04080586417341326,,0.015292199632425613,-0.0035760829531524476,0.040276874710836366,,0.04073982608741942,-0.048427205476271565,,,,,0.15788789868895986,0.019664866760479884,-0.008749136924838556,,0.07541742293668163,0.04040492285883799,
CDH1,0.006525236849570169,,0.026023429233498454,-0.030724242998780744,,0.03611187542005786,,0.0228601626273636,0.14237411376274753,0.01936612392264459,,0.030160916260772042,,-0.0437355662658086,-0.007927111942518964,-0.04895388769127442,0.010516978428202631,0.03745683821692591,0.04999408960641902,0.0737352123836849,0.08708466511856114,-0.07404743030127582,0.023079176113204706,0.12140430801965717,0.010115270835138947,-0.08345307372659487
LPL,0.037737318861828247,0.13927910926902112,0.11037253775153358,-0.02196764641906872,0.030957654415523117,0.019150095942731708,0.031164444195043616,0.06923585541757049,0.18621573381624354,-0.012419553857686843,0.006626528761142542,-0.021750589359482028,-0.019706912898213247,0.04327284587599316,0.09779504021170221,0.03387309628615005,0.028361799399609724,-0.006382687161850773,0.1289377825605756,0.16831397491229602,0.040810829326614825,-0.04791136186283129,0.005337731491446591,0.06506251228452259,0.09670245880870543,0.045851715122078696
SEMA5A,0.04268458428271171,0.06646315631531792,0.12371378269695155,-0.021053900654990496,0.05163263913934565,0.04767305170429479,0.03394533186722733,0.07964161708672146,0.13891401377873433,0.03151902501659883,-0.02824305842819123,0.06509430397448934,-0.0023830670379962394,0.04066797524800446,-0.05366601121488587,-0.06551831886151248,-0.026042584313144466,0.04237965450222787,0.04181338053315083,0.09049345120126338,0.01813016507071121,-0.01882422565221629,-0.0019605250599648866,-0.014424845602324503,0.052649295815340905,-0.0338192399090296
SEMA7A,0.04615729383902273,-0.02362139436085048,-0.00538071804212909,0.030767577286285208,0.11555365808900872,0.024983646459591415,0.026480783529814107,0.0018902697701917086,0.046400660926777276,0.027093223208380333,0.07564603404769374,0.036912104963664275,0.032365664734809556,0.0694226199525874,-0.013733361209227916,0.07978649893286568,0.008822028755653662,0.0454761765391892,-0.015538797313631472,-0.0050866002094796465,-0.04520054273686402,0.00010024996584305763,-0.04820665263035614,0.07134914965033295,0.03832334923385676,0.12234605292273744
SEMA4G,-0.001371679159635226,0.043686779637823546,-0.015367025037162287,0.055901170983754626,-0.026971617010792474,0.02918681449375355,0.07729250650989374,0.07542941805182661,0.04282302228189144,-0.02612739443294197,-0.008823093577691335,0.030749149310181523,0.0617234567857357,0.028585509124939887,-0.028093044878722388,-0.05216005828889554,-0.03323434765827894,-0.019371550975835067,0.06841618776022722,0.1647958693460863,0.08069960334520107,0.009253970565475077,0.016696251101915013,0.054142141142502015,-0.014646173927270537,0.09629721425665957
SEMA3B,0.045696145666189694,0.11548391842038487,0.01384436647969401,0.03065374667171292,0.0361318003540598,-0.01376421686242057,-0.05954126837027488,-0.00420699938801603,-0.01816650286589929,0.026905870876331853,0.016844733654606907,0.0057897064804206064,-0.010688122310362666,0.051940026430265185,-0.0493264782578952,0.06546816870848692,-0.03274407464991535,-0.04753616271348006,0.036461269571234016,-0.04544836778153451,-0.00245536784565096,-0.04751208679124382,0.011993736183979874,0.0497347140125123,0.002082962851048415,-0.0876670504527652
RPH3A,-0.004681594658519656,0.0933324322870073,0.10190719830047196,-0.03584614119528602,-0.04973176336294761,-0.03718951525572953,0.05037657642989624,3.6315196075236024e-05,-0.03279528776862352,-0.0068959788247769625,0.02363647406332908,0.022305732666302522,,0.03149438614949171,0.0831745646766576,-0.05584854325307854,,0.005802087107398632,0.07799554564279741,0.06476843301059212,-0.04570485900347439,-0.026380851099592744,0.04510777867036111,0.008698166740637552,-0.012083591981679484,0.040496852649415264
JAG2,0.009125718769827141,0.051122210959835095,0.08142451504467019,0.012204987562061119,0.08189005641882464,-0.0073400121917191015,0.05077198498597776,0.04347125630409707,0.036757656681194774,0.05109034084954709,0.0016799737792130395,0.09422637549985673,0.12558563563419378,0.046611520321740325,0.100576876295624,-0.015998294560473896,0.11204166178461565,0.02315155065271408,0.02207419447293666,0.10196281258372342,0.009492777997575324,-0.00809965346868702,-0.020197545381974855,0.036561437102411457,0.05765504070113373,-0.013376777324010682
CGN,-0.02023373054983367,0.06336259547490401,0.015991253107712093,-0.032659984898696606,-0.058563930508359195,0.078929480986811,-0.010940513100596306,-0.021454524612065904,0.06396458328063925,-0.004081136803035694,-0.008125125623070098,-0.02804790974458546,,-0.015536291772270425,-0.015528116591138987,0.07143338067839959,-0.059365332744662894,0.007099425634311584,0.056548682713948785,0.13717904157860963,0.017801636057360615,0.006022799344879612,-0.04947716074682839,-0.00033940442940182857,0.07642357492847515,-0.005166481677989498
GDF15,-0.10543023552974295,-0.01682434433870338,-0.01961549868887356,-0.020616665369048017,-0.07832699486850447,0.004313350490721299,0.010260477082397433,0.02788264340856975,0.1475636240175592,-0.022139334599372857,,-0.04766082651718281,0.07718057826660073,-0.07057538295399028,0.11297993514992347,0.1128753891209844,0.09059365987719407,0.1929087579271311,-0.042522728262314576,-0.09711463252015125,0.06767714567491896,-0.027343948708144095,0.041765977290106844,-0.04035829575001899,0.1109185575128877,
SEMA4F,-0.024056469659980338,0.02408746618048981,0.06203972054789893,-0.024089772214426083,0.08587214918629554,0.05099451083781719,-0.028671502462636476,0.03571655195538743,-0.07562116731519994,-0.01508834987647667,0.07037568067968304,0.018168916847468037,0.05956071638918609,-0.01777875715906122,0.07643264235075006,0.02743456960365545,-0.09779938743319246,0.06796226299622309,0.0731058929466067,0.13133281119027543,-0.053236371001229965,0.04051903299247767,0.03090696142013264,0.08946573344584849,0.0026304874513290518,-0.00020965271625813487
NXPH1,-0.06544440951326295,0.046918005668990515,0.08271931612296349,-0.002710602721501212,0.043985274450219894,-0.059448378696842205,0.0354023205799405,0.04538609795879761,0.12178959660066802,0.030068397668194923,0.02285152032666396,0.11833850549870845,,0.09317375446193749,-0.025193388145357327,-0.14443557761152123,-0.08655748578153961,0.1532245513486955,0.08973892434187036,0.15829219822761023,-0.008883192831128884,0.019119160225576512,0.008704626258138656,0.08407470124245901,0.06751741997819775,0.09177200700938673
ARF1,0.062102050941762375,-0.025512227259115523,0.022376535756603668,-0.033356952897326084,0.010424083471188292,-0.028003611859109795,0.013115023712940007,-0.0363131104850248,-0.08721978865090836,0.0019340747380489076,-0.02139706163486227,0.06296407081009919,0.10010633343218023,-0.018229836302863137,-0.06467044060926806,0.08541087335352633,0.024194322799878043,0.010341534688413784,0.04117592611132367,0.07354651647534369,0.027218824705421557,0.014095688214656392,0.0543706692298479,-0.03643122250679033,-0.04132029748366832,0.10083015732893098
DSC3,,,-0.02800016398925974,,,,,,,,,,0.1143065730718155,,,,,,,,,,,-0.0005547562145647286,,
EBI3,0.004743328006841637,-0.018577819273245127,0.036649915663589445,0.014867295112932735,0.12689454487322233,0.035970964136877365,0.11036349068943783,0.023326547654635738,0.1310842555266494,-0.015439200450912632,0.008725678018562026,0.0192907248004164,0.06478936910561166,0.09587561186252685,-0.0347690029764105,0.07153450474514293,0.0028435213031568363,0.04986969760677748,0.07945661331467772,0.04846652379476406,0.037374713003317434,-0.021030283626428413,0.05249875784082759,0.029218865763534007,0.05452092047285433,0.08369552286034097
TIMP1,0.06409397910282577,0.1251991323951062,-0.056056318442524115,0.0027018922700325246,0.028794743473984814,0.04073026014725045,-0.11447680382372973,0.04318626194585713,0.16840811648184303,-0.0012316032083540009,0.04075627986496673,0.08478886036404515,0.06147585497764399,-0.031647677630014505,0.08333498734497756,0.07454738034363674,-0.00511908410122645,0.1279797686899891,-0.10973815934931073,-0.20650607653362008,0.06557421014275988,-0.03612508882682657,-0.09904412432184315,-0.11826972801096962,0.1292442179119568,0.06601983519249402
SEMA3C,-0.006256258004013167,-0.019972320920637675,-0.04774701573245271,-0.0015688238063613883,-0.037124650823710456,0.05374514722972328,-0.013691143614190408,0.020596655280905755,-0.033834615001419606,0.0783202223658541,0.031453789707729767,0.05235438143334886,-0.03482591429286912,0.08422540255451227,-0.03133712897756394,0.012562226279188184,0.027057804522141658,0.17078423547243216,0.044572047826412255,-0.011427672937931404,-0.03215905782889842,0.02418866768678784,0.004468949493464674,-0.052448084584154904,0.028574806134727942,0.13488619001628088
GNRH2,,,,,,,,,,,,,,,,,,,,,,,,0.07135790795831533,,
GAS6,-0.05256656215597284,-0.0145683875769828,-0.0016114149080133843,0.008863145646123243,0.052337147399635284,-0.06602888210313576,0.04294216774910851,0.034314487107881236,0.11474525514966333,-0.03129442224868974,-0.006199712965154827,0.08275637958393951,-0.03878027284801118,-0.05862740533279791,-0.013469580810533215,-0.06736958636319537,-0.053675305454304184,0.04978075135663597,0.02200683633314363,0.0014541513794688165,0.06922340928516393,0.00675419188471978,-0.030406236126721237,0.022671808139567838,0.047206651679287545,0.15151809642758535
MEPE,,0.07872039477015319,0.021413757821759853,,0.016368333242606836,-0.013159940726627978,0.04565070233356544,0.0837453899378251,-0.04487693798453519,0.025112828926637368,0.04085181155963363,0.12133614936938383,,-0.026087111067087065,0.0792327291180244,,,,-0.022154434191749887,0.13708126650848892,,-0.05118131872096903,,0.06509686725554151,0.0005515523251256591,0.035946694930165266
SERPINE1,0.016248229639789228,-0.00884652008347266,0.004642916399221564,0.022208744176895133,-0.008310286301538253,0.008706737943267066,-0.04179280217053181,0.004753036287429569,-0.08163928619227967,0.0028031162673526648,0.033530546607100906,-0.013367508283338452,-0.10107809738475751,-0.022971304016444108,0.06537478461401398,0.11493027007354685,0.0560833326421995,0.05309258137474562,-0.11382503454340376,-0.16805281232658875,-0.030103250175175834,-0.0311847541222452,-0.024800455214242696,-0.08929399523198063,0.09685347685058258,-0.01865282553254771
RSPO2,0.007022874018562504,0.0029396374466566827,-0.0005559663701836796,0.012668308756799904,-0.009492215219708817,-0.02677776004243666,0.07287316534146829,0.08719661910236136,-0.028828128267672712,-0.012687762015826285,-0.03939462986860681,0.030909997712573148,,0.00944939431590266,,,,,-0.027714187146068565,0.08630094645655462,-0.0027161051276903513,0.007102850372056196,0.09929376396631126,0.024511895815915993,-0.025345532301469686,0.09828561134551107
SHBG,-0.010631477556107341,0.006691953438260083,0.0446435351262964,0.02887079975618609,,-0.027115245112741684,0.04969764303006399,-0.03058533850735112,-0.012464290558115047,0.04029479217178772,0.0451265628771311,0.033665918217117195,,-0.03009565632894678,-0.03034882534945625,0.09487310404204116,-0.0019856031532671293,0.030176764404061984,0.006115182912814664,0.06565794790288783,-0.04640607885661491,0.0023113983165851085,,-0.012536896781434676,0.028714699691117996,
LGALS3BP,-0.02977238874415905,0.0795213825675011,-0.04761174290361293,0.01829855400869149,0.07960170661172968,-0.030183031078680037,-0.051974600411728564,0.059011086215123694,0.11951722016940985,-0.027438939542260038,0.04488843858455058,0.02574919177770825,0.03333293181013909,-0.03891658330872957,-0.03681749242091096,0.07463486998812402,-0.05142523884457278,0.09798152302435521,0.006550231530392634,-0.024716295567715107,0.0547949180832821,-0.014181114654875315,-0.07951179871604619,0.04253374317035635,0.14938769434487842,0.014262120034898516
LAMB1,0.08888571295862026,0.07486289423259897,-0.011368133318021459,-0.035277855263617534,0.02466338535884561,-0.007795634540145322,-0.005077983665823055,0.0845249734770951,0.17534720182437155,-0.010218051316236635,0.001623833364969171,0.05232207622740928,0.06938667773023025,0.017761658672811997,0.13014862601534954,-0.033006775774841686,0.09272951969581826,0.15404082261521676,0.044603379513981994,-0.022023886917708298,0.012712415933760232,-0.07345129712534007,0.006145526588823633,-0.0540606904575671,0.08488860621457374,0.029307581848838433
SPTBN2,-4.239254698916603e-05,0.05125749796744976,0.033035285043678794,-0.011727442019346803,0.12094147147537755,0.01983409564692658,0.023057979981090482,0.04111723408075418,-0.08676454907975426,-0.012398026298167797,0.021453875306510575,0.07252572265069449,0.04829533564315787,0.0004369558489307591,0.04901720726283532,-0.01028209038831968,-0.023140519639157274,0.06998065244792782,0.10514200381034791,0.1547488364254221,0.03913761247693168,0.05902469227076355,0.03646826471105877,0.12731480695684416,0.03451180993165374,0.020818620953991528
COL1A2,0.006752975762857586,0.10003179030431873,-0.032508125326600266,0.031341594442497504,0.019452756785595753,-0.04942927171342332,0.05838961772736747,0.0569199932930904,0.21394335430905248,0.019351369314397265,-0.019744249217485167,-0.007844473057055759,-0.13879125736982068,0.08316657479668522,0.012424141511808607,0.03728637610155323,0.027453724644790806,0.09095877591343189,-0.000953611340052655,-0.020577992293606347,0.04622914046484523,-0.016190437391231653,0.07264318258806729,-0.14397368643838976,0.09279409199078663,-0.08116335582485479
DEFB1,,,,-0.01931082148817156,,,0.02642013141546376,,,-0.0400847718755174,,,,,,,,,,,,,,-0.06775678432570476,0.06558827385616067,
CEACAM16,,,,,,,,,,,,,,-0.03550404742701975,,-0.034651787893209544,,,,,,,,,,
SCT,,,,,,,,,,0.0296059348068821,,,,,,,,,,,,,,,,
WNT11,,,-0.03461039249702474,,,0.059915898103015015,,,0.08215644427712333,,-0.004293281767178343,,0.02617651585380961,,,,,,0.012248717164196352,0.09543828127738398,,0.05824659785219995,,-0.020568245835387893,0.03853778940108095,
LGALS1,0.03930998163293485,-0.02714483298864839,-0.21360140338864336,0.02000358442101697,-0.0367227799927045,-0.012540900447876504,-0.0517224685539634,0.011701283910899711,0.11390253952392178,-0.0017624793262865476,0.052894157158481336,0.007716457531757679,-0.14172784637401098,-0.021171189068846744,0.12718287824213623,0.10098029656402116,-0.037802976427215494,0.06827762488184777,-0.09005026151513339,-0.2009122554842641,0.05459772379363755,0.002538044283247377,0.03235124457551778,-0.04088032142903236,0.0344570979006034,-0.031639379685053065
BCAN,0.01839457339181938,0.11438889819691352,0.06420107802678983,0.007963354555546667,0.03981451438451966,-0.009072594206329648,0.055566048980996284,0.04951383122155882,0.2006342025894248,0.0109165272578438,-0.021389410069297777,0.00023702507759816946,0.03314244234810502,0.11579630339531301,-0.02999678752955073,-0.09923997098471551,-0.03877407665582501,0.06800058026275516,0.10170513930720251,0.2108380564386269,-0.014523666980222552,-0.03692045931599427,0.023213654033009047,0.100868798849861,-0.06052700343122908,-0.022934578013128835
ANOS1,-0.011708581907606118,0.13586820098162164,0.07637007602604194,-0.01204436886653404,0.10521089552031412,0.013956750095738454,0.027100460320838345,0.011360985650870247,0.17297554004272556,0.07201499706667004,-0.02331587670048624,-0.00990765175110409,0.01915455818142076,0.0702386766009012,-0.0858681550431552,-0.07793525228601336,-0.005011538399946444,0.02739172863699612,0.019538019858602027,0.1950912327062762,-0.039552068388599794,-0.03727585217190111,-0.02454906878592853,0.10823506917596332,0.0350066111594833,0.06057130839665798
EDA,-0.034890022259880304,0.0015134441676367394,0.01001876400088779,0.009952310059287357,-0.048269722866788795,0.04047255335063961,0.05224520231941494,0.027346792907416134,-0.024057825398908057,-0.03912937281486065,0.0056783048781253965,-0.06000326635528054,-0.014298116954848224,0.01488553344052647,-0.048276609881459924,-0.06767844654539089,0.015586286645086891,-0.03153581998058988,0.053119088033765874,0.030201977603302236,0.005564580941524713,-0.04373299541412701,-0.007825199231401922,0.10153867797354452,0.043988136120306144,-0.06909069734439777
FGF22,,0.03036918020041643,-0.0036365074874347095,0.02335772074808763,,,-0.02364306267813533,0.04775889649721892,-0.00833360882066185,,-0.021785093367124166,0.049685190223189804,,-0.03443459167462717,,,,-0.012610916451479824,-0.011069547263949183,0.03433557036776135,-0.0279000068018847,-0.04373523276009427,0.07762819366174503,0.05102107029077359,-0.04505190169496487,-0.021822931798663042
SHANK1,-0.02302205144818265,,0.007204669846387619,-0.0036900363753357246,,0.023389871241484676,,0.041201602414911824,-0.03514914449450289,0.038454519028613625,0.05426493246403203,0.06458041357546856,,-0.03332610456480685,,,,-0.03247144893784441,0.050212292558893305,0.018582271275670793,,0.014818731575423164,,0.10874895959788666,0.051799937829825234,
NPVF,,,,,,,,,,,,,,,,,,,0.008144416041195831,-0.010857114651497187,,,,,,
RAET1G,,,,,,,,,,,,,,,,,,,,,,,,-0.016052179763013607,0.10221366676118454,
TGFB1,0.018409725306476967,0.0256189969579246,-0.05222723220339622,0.005425393181941636,0.01941543412965389,0.028416524339221857,8.548807370126767e-05,,0.0012943065343265416,0.022960705735351923,0.05153849289200745,-0.011607333434146088,0.026278031414322504,0.01671817820788946,0.0203156678516861,-0.06906337934825693,0.0723937504653841,0.017824900129828933,-0.051095920046593746,0.07660409853212606,-0.002245198359789131,-0.05125425370738913,-0.014378862981864811,-0.022782206116584484,0.014614732346073514,-0.047192116114265784
MSTN,0.030995838309218912,0.04460573473292921,0.04195692627541884,-0.0018721146067961587,,0.025570247006495867,-0.007892142930684824,-0.00609126385909952,0.16397557283572275,0.03854051222303696,0.007875712969159126,,,0.04102149305567746,0.1001453120655854,0.003399995216432403,-0.05956387638986298,0.060318451405513195,0.006259964356879638,0.12453378453646781,0.02665257031320001,-0.014930657728080315,,0.13786253727306325,0.030183831952159765,-0.060085192260383835
WNT4,,-0.04053436969118179,-0.020056424859723428,-0.023964408011714435,0.0578218370113012,,0.0955671341494791,-0.003640431038239023,-0.0194269810318439,-0.04057517900613812,-0.00606589904673125,-0.07256716629030406,,-0.009534642947949049,0.02632964931715868,,,-0.04658365205888875,0.05540752370692574,0.13756373259477156,0.016448326171810083,-0.002801392516399848,,-0.055768454908260066,0.053234444840991206,0.058882684386137335
TNFSF4,0.0272617746420395,0.03780967189524471,-0.012101621959606299,-0.00728553336232549,-0.04752181918457011,0.042717539966687416,-0.007878978516438276,-0.039572882249777404,-0.03859435831455205,-0.0228378352506255,0.011122651379681357,0.013390188820577431,-0.013314064397817103,0.03685128166773264,0.02453148619389034,-0.024321107509741934,0.022374941792375216,0.04073732655006415,0.08352786127280307,0.05970733068543271,-0.030353096732632964,0.007008462934355549,,-0.00034518598894537554,0.08248350141639901,-0.022690150128995255
NTN1,-0.004939567467467101,0.07586191442010001,0.0580399905167135,0.010738536659122527,0.01556598704661109,0.004656921282228827,0.00747124016215287,0.08120005752621795,0.14726163528170683,-0.026248404552080246,0.0525612673808798,0.10019216141815573,0.020997731158780914,0.020344390980667013,0.025200126770926604,-0.04555640463698447,-0.01168651094502077,0.10157885923184191,0.030265462925890486,0.1623188600748274,0.019707073096736034,-0.005343081749374224,-0.015540397896030619,0.06124899864449845,0.09663686512115151,-0.022588253736279013
CXCL12,-0.0013776955247981157,0.08277742837517794,0.019550616421672728,0.013919392141868157,0.09127914909871614,0.038024847314060965,0.08850336329154636,-0.009045676750804537,0.022556290134432288,0.03366773252827987,-0.021375636229102934,0.12275521160830953,0.06824426958163297,0.008729217479198938,0.09183143898167,-0.016528297225408425,0.061498649203998806,0.04496632797943831,-0.00796546802240023,0.03239033373570221,0.00940326272460049,-0.0020042920849780857,0.055769868731473854,-0.03592085580393495,-0.013119643652603106,0.06041022853895335
GNRH1,-0.030233632845028936,0.014150852840199683,-0.0012798294186676838,0.011941010659572796,-0.02001422149892818,0.06322710179068579,0.025539729499317185,0.03518115041191949,0.039409084951472634,0.007694741610817916,0.054268386786083596,-0.03492750431710478,0.017324472264927532,0.04914618650527088,-0.06608712957241566,0.005352060322442712,-0.09387097513185139,0.1332107041293628,0.0015667726554136547,0.01741988381927623,-0.0014975966937319969,0.009369466688138083,,0.011230681868344767,0.046213960966186116,
FGF8,,,,,,,,0.020410872813750095,,,,,,,,,,,0.03604952807832557,0.012721409838095847,,0.12120798823973589,,,,
RIMS1,-0.03729680186035605,-0.05317599031706371,0.007792281108376944,0.0128330461103204,-0.0297700139073406,0.019485420929973973,0.11232253251132533,0.0602183992504772,-0.0773714504924457,-0.02604924567801409,-0.015342804260441063,0.024629291525483057,,-0.002338251199049462,-0.014879825322023452,,-0.0592927106502813,-0.03254789836821122,0.04366674669709168,0.035058325090953156,0.007531240261360744,0.06044287391719355,-0.010268907814488084,-0.015926862950578265,-0.02698625493740627,0.0331734722702984
FGF14,0.0037492969635031063,0.02335482400454322,-0.004752633068202422,-0.003570157183671672,0.010044198564166862,0.030476368315516464,0.05606931119905783,0.08043749440540095,0.09523616690554049,0.02534907620240594,-0.001899440326513902,0.03280974907612206,,0.053612296103468855,-0.005270565699816986,-0.03573637391827905,0.009264010389991792,0.11032374825850336,0.010027562356876593,0.09612386861006628,-0.0015905391364999415,0.02459759114430767,0.07487950633446902,0.049274604730794806,0.06826232662970491,0.11325966502228375
IGF1,-0.03007263418402805,-0.021294183647104926,-0.0038108138909586473,0.022514028630793985,-0.015536316025000396,0.0005874519310981757,0.08196393837699899,0.021545334702654503,0.038575488620585026,0.020712277486192112,0.03533073882460904,0.045595434247426306,0.06573990364684694,0.06290151349677202,-0.037785942174919186,-0.03970002721190039,0.00404186750798215,0.08565407264636767,0.048519142262234326,0.05525769196926632,-0.016412488463050712,-0.01647260471134376,0.041135430740352766,0.017689635784930196,0.07340771912123979,-0.04592948957142635
TNFSF10,0.03208370232472382,0.06492491885844309,-0.029580172942351587,0.030874155276117792,0.029177420596752674,0.03451662691754329,0.06327626493775752,0.06033628774590725,0.11809111909424583,0.004627402796992459,0.040143265362147254,-0.016705050653199764,0.06972756638802466,-0.012947113974557485,0.03621260945660368,0.046849476970233776,-0.034600631093836494,0.056490912896599174,0.10648213348725721,0.11895703125933298,0.006555562487730522,-0.018132583866473442,-0.041340426051559014,0.03210163749754994,0.044754918325794056,0.12138692192450876
GDF5,0.011235045982556525,0.07125422152482339,0.01670722952191627,,,,0.03345578643820998,0.07910605190212551,0.06954953813986978,,-0.02444815650236225,0.050063504509480314,0.014246757963746935,0.03676968365637523,,,,-0.04519903365274614,0.12465060531748981,0.10000358889994662,-0.004957445927775391,-0.003033908375070128,,0.011026778937601652,0.08292755330576008,
CHAD,,,,,0.16223371755232213,,0.0022378557495540256,0.005384592381166408,,,-0.020871426357302034,,,,,,,,0.09593869196464082,0.0510508899376313,-0.039218808482866394,-0.031351334599540925,-0.025126145098258935,,,0.12829373384156673
RGMA,-0.0015278847433601395,0.1199699269860351,0.013900405782189776,0.0036284297913781517,-0.03376909764605671,-0.04645713341428019,0.004846109590378827,0.02151986533886125,0.1648513016544128,-0.0034138709014768617,0.0043371949359434754,0.048089770338864815,0.008781148279814468,0.07598901509652578,-0.019806150066406243,-0.09903142213789677,0.04008244040978214,0.05181169975426577,0.05956779139051918,0.09461514060141953,-0.0557743637138946,0.04135303641704269,0.024555838885437747,0.13157292438760212,0.031753342778535386,0.04916097225064875
CLEC3A,,,,,,,,,,,0.003301782318767972,,,,,,,,,,,,,,,
WNT16,-0.0051403825621606156,0.00044413707784793507,0.016890048899075343,-0.009209564129415702,0.022866185877341218,0.03123173251886077,0.0034079046250796914,-0.008308765443868825,0.02945426680212243,0.04786873192989995,0.061863081331196085,0.07776258691877551,0.06101213070703201,,,,,,,,0.022347191849727867,0.08834750362984053,,-0.009552161728358122,0.02345495701557866,
CX3CL1,0.049847899096466516,0.05078110842270227,-0.05772815427875624,-0.03147848115512763,0.13698931559553593,-0.022172299564573974,0.036696786026638284,0.02534287529201892,0.0029031072624928606,-0.038732492803699066,0.040872288605089284,0.036584174609135364,0.0266632185341113,0.028810962182785598,0.06784238311092983,-0.05030696925040937,0.01328667653804672,0.03173907697601189,0.0813287174422434,0.08400992986664273,-0.011206224332734965,-0.0368985585760018,-0.041341749070346184,0.09859746941707447,-0.003233735731202722,0.042133986592676
FGF1,-0.008390092262232095,0.12533630192149073,0.09523642236876334,-0.019291613760334985,0.07738107168603682,0.004569229432830407,0.0973488610890032,-0.03630151523118266,-0.003838376865791998,0.004399364400143874,0.04807834052323694,-0.006290934294876236,0.09733322401104118,-0.02965312862427688,-0.03175142968275857,-0.21020350133034754,0.0784302312529127,-0.06566487971999668,0.07108604892692731,0.07449306988126846,0.03665238235523832,0.006617470183451186,-0.1136954889756727,0.10141329872556437,-0.10358953403099627,-0.048475585558214955
ALOX5AP,0.0022037340902630285,0.03008126684206757,0.030212390905449336,0.016893207233666975,0.027565602489777394,0.001928340284154053,-0.0029248248078875554,-0.005228935584548475,0.151065360685263,-0.01857567054224883,0.0040428122983174365,0.0012009654203104193,0.08929474630675158,0.07966413208998364,-0.04816746921543681,0.02020549902184498,0.0036548656901887176,-0.013849700783000908,0.053340808748506066,-0.0765959880303416,0.008900181267912092,-0.030913211854058906,0.044382615129000554,0.045092909128846455,0.12225494967210652,-0.04455653675102426
IL1RN,-0.03884916361875628,-0.07424471628589437,-0.03483731147911328,-0.023408968261432576,-0.011053489794979245,-0.010587033687908743,-0.05181755761784012,0.03064029304471028,0.09429874283224934,-0.006109818800023421,,0.03552174266935997,-0.026628237070564775,-0.02236696484093736,,0.035626293452061565,-0.048009735601533966,0.007950001874008801,-0.0018675252636695988,0.008035075840864167,,-0.010378483803433943,0.03662355094722738,0.019927829453079932,0.07077272263798705,
PCSK9,,,,,,,,,,,,,0.0037998776658847325,,,,,,0.006256310563017161,0.028442185571951696,,-0.015270449713225021,,,,
FGF23,,,,,,,,,,,,,,,,,,,,,,,,,,-0.04153241638085347
NPW,,-0.09419197235733844,,,-0.01701852127254465,0.05070893611550545,0.03975233652649696,-0.04688968115287022,,0.02122152367213098,,,-0.03489938814063667,0.011549076596834946,-0.021157214737588408,0.060166061242796255,0.04965460334837114,0.08623605948647288,0.021562938456190416,-0.008131797371145524,0.09459286356636958,-0.0029955243514447985,,0.079355032697998,0.11136154018008362,-0.046594885451571075
CXCL9,0.060489896252060485,0.04268648778474014,-0.008238998857329205,-0.049085907150863306,,0.01861955257621021,0.030074268427639925,,0.054316623287783604,0.014437236336007233,-0.030173275451529008,0.01997869251438721,-0.008587424290513096,,0.01204197002096946,,-0.00497322355256761,0.002421116856723639,,,0.029727263701538352,,,0.03942684831144612,0.14915966815116585,
ANGPTL4,0.013767259311588596,0.033801184985062696,-0.07428979414074915,0.02512040796351032,-0.01758504772843006,0.024105685916815826,-0.09204193215260079,0.0234611149960686,-0.002070663140343344,-0.01141329717837161,0.00714013689399462,-0.004528721163288738,-0.1191525002452764,-0.027669269357801403,0.07345352642304623,0.052412132099816405,-0.021807094751910266,0.11699625790368187,-0.07494195171566173,-0.16088533216487017,0.008961653104782571,-0.010269913761610128,-0.02518637435397832,-0.018133377478616958,0.11964460098500979,-0.1347014539327891
CCL11,,,,,,,,,,,,,0.03317619201850237,,,,,,,,,,,,,
UCN2,,,,,0.017971178073811597,0.039549019276339636,,,0.06663451010669603,0.0014444160791328212,,,0.020018147804761556,,,-0.02606885483390445,,,-0.07141653042726918,-0.030282876040049412,,-0.021576750175689583,,,,
OBP2A,,,,,,,,,,,,,-0.014616494496947166,,-0.006222735903182789,-0.09825091686381054,,,,,,,,0.014120780129384485,,
COL4A3,,0.008206265523349974,0.029982612357220332,0.06248611007015167,0.017875923692095178,-0.039215097221121424,0.014217030416216699,,,0.03955727381525173,-0.02472007867061647,,,0.007398912176532659,,,,,,0.0027655897251173994,0.02425581134450109,0.07038977769179139,,-0.04994486654735645,-0.01744459248459328,
NRG3,0.023349740136211945,0.033267265577463866,0.03909167429387283,-0.02860254611612189,0.07306121575466547,0.04042360177281105,-0.0171220990001694,0.03940081231053317,-0.05891179186972828,0.0122059116544682,0.02459034785686989,0.04264278192584756,,0.006999133291191032,0.03823355803516037,,-0.00578673885144264,0.0003797927314124537,0.013071503317788629,0.11551763020366605,0.09675268145638177,-0.02365373290294749,-0.008901107427594139,0.09699976321903685,0.052700463744416046,0.03422908602856997
IL23A,,-0.025792951861134575,0.007012468450626101,-0.0321657745363694,0.025789650752471326,-0.0038041920594169163,-0.036281263945359445,,0.06353030048423694,,,,,-0.023334222344878468,-0.060365401820083216,0.04177636344924908,0.07540568684865602,,-0.02619434389620294,-0.02397112716464436,,,,0.03610120811258735,-0.047665111527412145,
COLQ,-0.012956454837921908,0.035757280018208236,0.050972007733382806,-0.06195342996793363,0.003601252679893258,0.0017355008154429012,0.03597416460410497,0.05721877295262737,0.08780041497772882,0.049288239912310135,0.03549972493993083,-0.04503296607545376,-0.020002558443494675,0.028085295373706364,0.07654079619065304,0.041456507001792306,-0.03899652054235396,0.10798464967731873,0.08996114439207155,0.1628433127335632,-0.006186198429382665,-0.01362646865744585,,0.12561393578125493,0.010476184572049742,-0.06673371000993766
SCGB1A1,,,,0.014434649166391684,,,,,,,,,,,,,,,,0.11363429569833301,,0.045912472808929426,,,,
TNFSF12,0.039286137501182136,0.03487166308259003,0.05061333452931913,0.0022614369059638676,0.03876343880685837,-0.014748229941453,0.007716756084390639,0.01560306954000129,0.10754325228434025,-0.003176407354498906,-0.027876807418869845,0.04295599823178033,0.05936291463313665,0.03251724789855612,-0.02331286724843554,0.05701687386448352,0.018250972232523897,0.050237959033798414,0.05391582838560792,0.02346089634761061,-0.01981900504812657,0.027609195156322524,-0.011704110866360924,0.01539885737511198,0.008509440701788367,0.0560822838213056
DKK2,,0.015673926721063942,-0.03832443440978141,-0.0062294642668870095,,0.007935560948664672,0.0677708917685296,0.04623018857614485,0.023032612157536814,0.019170930586267006,-0.03151680475897593,0.08453034761638635,-0.018363036719424998,,,,,0.04454279675468472,-0.004750250161185949,,,0.03565560715882685,0.03698702757962299,0.035575026265494476,-0.0032284636306742147,
FYN,-0.00564138532752542,0.14952131516545117,0.05181401752819302,-0.05320318811714698,0.0036636420302109483,-0.061473177698218445,0.03437628650705573,0.0376333675270389,0.12916547649032697,0.01136858326241511,-0.06176822371046866,0.04680564418740882,0.11697343559914494,0.07134410220694246,-0.0763867911397402,-0.05732934225947829,-0.11221334871432383,0.04511278752256177,0.09577203095165755,0.1490454788795097,-0.026305306305205323,0.03760312972025011,-0.016950871179085784,0.03446566791709867,0.08117330611546794,-0.004435627975209335
ACE,-0.033804656051853656,0.032226173397129985,-0.007572751045201207,0.0978150895924299,0.054209214606523747,-0.04838359982283695,0.011362345339116007,0.0937323390868408,0.1632380051117082,0.033953355204209515,-0.006146317106569136,0.09430669316000796,0.10694908928284766,0.016609674753723973,0.09418726872018415,-0.053478539936793704,-0.008067502050339223,0.08902522773904874,0.05034071854734581,0.10817432510198093,-0.03668135196123874,-0.005055797391606727,,-0.006439955885006346,0.04921049813358351,0.0014114709278036208
IL18,0.014934227385403577,-0.04538672714971648,-0.001420290835901172,-0.018606086762063417,0.008703178312745984,-0.022439442039553847,0.11522657300240735,0.03131600526042385,0.13051071327091,0.049039968335621825,-0.023639569686287144,-0.0018660537004886524,0.10443176425608763,0.015615586799745902,-0.05128857332218991,-0.04691165446386775,-0.048285725678958245,0.10536138302534988,0.06966949291620922,0.17319357182943565,-0.012167352818899644,-0.03619249806169466,0.0005511764528698999,0.023175610312174775,0.09153367373870276,-0.024881129930091037
PPBP,,,,,,,0.015533130510850066,,,,,,-0.026307111382336098,,,,,,-0.013621932878505794,0.0071949735895911185,-0.06279287529912772,,,,0.02218081586171404,
CCL27,-0.0020323297084910217,0.004140902846214901,0.032575523469334025,,0.018667646653974274,-0.014869585682691302,0.06290423834283235,,0.1331315370078948,-0.01437125930562192,-0.006753535802186467,-0.048559254264110445,,-0.0594766053492383,0.09338029471392917,-0.01511460088656683,0.010101938446438736,0.0058228777295674175,0.07184551737538235,0.026783382664588302,0.036638794683165214,0.05054350761222103,,0.014504951999244993,0.0924902883984526,
SERPING1,0.01672468625496856,0.037937395375566334,-0.008232288043874908,-0.03984560471040637,0.06605722966316929,0.005560988009157333,-0.01575226949474749,0.01502307591123442,0.17798247095917039,-0.02157801478475652,-0.049954472827124556,0.02990960898922441,0.02952359507937419,-0.018991292984153835,-0.07608968426662632,-0.1080492598497117,0.017065002097567842,0.019202281571898492,-0.024536792105735197,0.03194321120759244,-0.006947188724979665,-0.008812064626791441,-0.010336861866429469,0.0028313877263273176,0.08927768854063031,0.0497260222127325
AZGP1,0.008119999177998383,-0.0528015221170605,0.028430499092467566,-0.01944447958057662,0.02066911068431654,0.05218647651116735,-0.012205584248014191,-0.005479154207581604,0.0366828348030784,0.03980589360021298,0.018376120871879873,-0.061347559735395754,,-0.014923331631960711,-0.02492552898719747,0.02098445271399623,,-0.006034996597523622,0.0254657405857479,-0.04008858586675884,-0.020418039437717972,-0.044462577604712214,-0.02480480670277695,0.03682361943958202,0.07492141523277604,-0.09319688352734173
INHA,0.012712484696570032,-0.027605809741937607,0.03626180320526895,0.02689509727960617,0.0024608975846336124,0.002523009454251235,0.000870897028919986,-0.02343087888868502,0.03222330809829251,-0.019628416525075642,-0.03742501303500105,0.005100150324636647,0.01679967815376619,-0.009235965985114308,,0.06671361457112558,-0.010185364571044117,0.05131017014234935,-0.03760388823385039,0.045774274834806075,0.023390836867843094,-0.052003619277177594,,-0.012160274786914851,0.08082250785505668,-0.04205027529177853
SEMA3G,0.03403651129540859,-0.04724639548581213,-0.023130341228634044,-0.001039749207213087,,-0.0020531570306923136,-0.024922482112181704,0.05859860630617158,0.07045792616454687,0.00944154954458194,0.04726582041556888,0.0085914051638895,0.03508913621196326,-0.023527064269788442,0.02258801609717791,-0.021657424487221192,0.13165886251434883,0.023369231248499506,,,-0.03061171566729793,-0.040001811428023566,,-0.03770934413832271,0.0032112537625264463,
OXT,,,,,,,,,,,,,,,,,,,,,,-0.028437163291947384,,,,
COL6A1,0.028376229454000607,0.10561856300687668,-0.0323512740087814,0.03152524744775972,-0.07717239540146062,-0.027745684107813622,-0.09161460654663887,0.038730103643865754,0.19976046466961833,-0.033351834659453114,-0.022219333456356682,0.05054359245692538,-0.12098114596135447,-0.06478983859862172,0.0679434849694408,0.0433510282852058,-0.10480600649314388,0.10911192397385094,-0.049091332231794065,-0.10275302110300734,0.06179500881636746,-0.06033593538495167,-0.0032153461872479485,-0.12130090605558481,0.11226199714063474,0.03589714240337583
FGF17,,-0.025439255972223334,0.009707945974811179,0.034455915573433776,0.05442112249353669,-0.01653898784058183,0.029739593607599268,0.004072185252634602,-0.02712774583439483,-0.06949751932626996,0.0020547381584614835,0.014779539031457909,-0.029885299824698255,0.0700961190454338,,,,,0.04641532706521608,0.0908004718712113,,-0.05096951720657649,,0.03748613148295214,-0.0320449660659797,-0.04549756443898998
TNFSF8,-0.0268896157464684,0.14298001674448682,,-0.030518993185675074,,-0.012873962617460141,-0.02353531449172834,,0.11249879676999858,-0.014147099397345202,,,,,0.06574831594820225,-0.02525957392998164,,,0.04741057345902755,0.03355093967331299,0.01610164476687738,-0.030238093079856865,,0.010821009686717321,0.016783056391261233,
FGF20,-0.04629244988109202,,0.03476023899577245,0.09323704457167345,,0.01635468080431297,0.07332349547600088,-0.030399127621324098,0.05210506546789527,0.025891616881656785,-0.031885446498824785,-0.014418227514319893,,0.07567041784919146,-0.03690706181198181,,-0.09193260600926696,0.012804751794577044,-0.022448731183424296,-0.01718655050756684,0.1355507674655365,0.04233597425916595,,0.059905820700034355,-0.023095768600449523,
ICAM3,0.026831311644297046,0.10462713458892395,-0.004220476966585467,-0.054063039410915066,0.024125737457917802,0.05476204631955723,0.05138839461658,0.024865024485909642,0.0872731947417141,-0.02043313275186509,-0.010532150073612244,0.062233070604339503,0.033944013667960904,-0.02567914474520045,0.13850187547717463,0.0619390856789609,0.16671904636212595,0.09878015661510982,0.06319418552602696,0.12514441674619328,-0.011901903700602163,0.011680560819534854,-0.04078709983203955,0.019472479643836915,-0.021015455486384595,-0.019631628883651133
LAMA4,0.0016370357917749449,0.08246478179688675,0.002801023716161419,0.047338687330509825,0.043039337523007384,-0.027611371288266393,-0.01877513614912194,0.04234901444773376,0.2213726112133246,-0.023712917268409725,-0.05491172304247361,-0.025633399423168467,0.15201089091887413,0.013457097137011263,0.07149890147643835,0.014170960278431238,0.039272916776450395,0.1254988213877168,0.0006076792142600717,0.017566371118835935,0.022196913515414477,0.008479089292168004,-0.025923986050786177,-0.03417353934842991,0.11213321115657539,0.0704633182486343
INHBE,,-0.004529946035529534,,,,,,,,,,,0.008599849376338415,,,,,,,,,,,,,
DLL4,0.06080244541256435,0.023561608356594037,-0.010151840702175962,0.014661108843607988,0.001851084414963187,-0.002246892282075881,0.08001565188208741,0.09381731038840602,0.1495126819888106,-0.03581009955538215,-0.019296224915793397,0.04745407874687671,0.0932110621681957,-0.0039063266279132005,0.1161533809004322,-0.03547876621978758,0.10518263300433289,0.03160551633442049,0.03344733980613204,0.048952803457903794,0.0763658027405076,0.0019243273397691676,0.05711416663942904,0.07060251642157034,0.058352043652245694,0.04180992295203403
SEMA3A,-0.03633453571272549,0.008082896821649494,0.03146686497354326,0.07507629420337553,0.018391727217852004,0.07674857182160173,-0.0073979138443685324,-0.0048219618041859275,0.004359923450629259,0.006409498616120777,0.02331586663614499,0.04176189868862762,0.11057046686788657,-0.006438958870390963,-0.03734383250752106,0.04566245074080519,,,0.07608474902964242,-0.01926757261392006,0.04471744555886065,0.12522739949867323,0.16089477900076377,0.050968130451420145,0.07818005828538808,0.18906337197205622
RLN2,,,,0.009225685137589312,-0.01644167078553644,-0.02321663066015817,0.00840739201897014,0.029268330842967292,-0.042896300707540434,0.01549863975048575,-0.04476209828671298,-0.043887567190762866,,0.014230109635738454,,-0.012259291627190342,,,0.03218930110823378,,0.017315798537737206,-0.0331662420239751,,0.05200865136317193,-0.024341464931780573,
C5,-0.01924997471235819,0.006907771618386056,0.05658613154270644,0.020349153312135142,0.011580927088047486,0.0140822354107576,0.03068218112385352,0.05031686639111916,0.1155175642160756,0.004227680927273882,-0.006897293091367848,-0.07964656288151535,0.15282688430387503,0.021220820403801445,-0.013236318540525616,0.03494257222127562,0.02764880646581689,0.06188616666226629,0.06700047975267343,0.049851294550707206,0.011519657860589437,0.015796995228824856,-0.04755114078021139,0.06952937570466385,0.08034482914967266,0.1787485594992547
COMP,,,,,,,,,,,,,0.019286663111197574,,,,,,,,0.026769597491817378,,,0.04023458773974843,,
EDN2,,-0.06835081959693073,0.02367971241173744,,,,0.014051009343929749,,0.07694933929751636,0.025317047198180266,,,-0.02742675635189162,-0.04235671197385716,,,,,,,,,,,,
C1QA,-0.05164055925688437,-0.08121090131987208,-0.001665123577568473,0.007092329407989951,0.06451567917584616,-0.024647833659674205,0.09879990920103567,-0.018069820823033413,0.1294399914347934,0.005575889844973773,0.03538241883307221,0.009504027867390857,0.14329302795891516,0.027296106689305467,-0.14730326900932253,-0.058103952765459786,-0.035118256713218145,-0.01343482062905476,0.03031365041666044,0.025410089603211013,0.05008748667978253,-0.06153573973954502,0.07830169661401298,-0.062318218421901786,0.03425294224038293,-0.09302917617936955
UTS2B,-0.014542065479436013,0.023261800384484155,0.010442662065296973,0.0008704807024645668,,-0.05252046738837641,0.010763846945895323,0.008943072688494718,,-0.0416147485158589,-0.002377151960278376,,,,,,0.053091675292345826,,,,,,,0.058555479088998164,,
COL9A3,0.011043385924129076,0.06704824823148282,0.06027962580313865,-0.008737396077482078,0.06911032996634607,0.007569640858086823,0.0304156369949148,0.05653925776126213,0.15867020380378583,0.02591972237073212,0.027281765376660713,0.011690657726688041,0.03744643359718699,0.082139805211085,0.02700740237019447,-0.16695537794362142,0.013279583862908412,-0.04770640966377878,0.16832412374707678,0.22096941875945728,-0.03809213976577051,-0.024947818142438103,0.07016820022713492,0.14772939981432948,0.05567140603947022,0.005349760273955151
DLK1,,,,,,-0.06536761123419257,0.03966597295133016,0.0372245515622192,,0.03400771253524087,,,0.0762909170309216,,-0.03197782176730931,0.06486640249623392,,,,,,,,,0.02158747941115834,
HGF,0.09003255403907882,0.020197202437888216,0.06722007160065963,-0.03925998286643327,0.07939221932358975,0.025707630261486345,-0.02553979052476157,-0.028203366541306014,-0.030688442156788454,0.028530156515032084,0.013103442699875933,0.07737668919060517,0.10684441829960771,-0.04796326278246198,0.09929203258821316,-0.05916262456203075,0.02177431220528699,0.026977144119161352,0.033929381955582684,0.04256458789656601,0.006625620138959655,0.008135678401054478,0.08000683777938966,0.008151202262630339,-0.013946644973518618,0.0599561514091643
GIP,,,,,,,,,,,,,0.019113972388836248,,,,,,,,,,,,,
P4HB,0.05007660934916579,-0.015334667087561349,-0.06318791938512712,0.017709043258148857,-0.10569702938885565,-0.03842852553867635,-0.08876439472780184,0.037198734601969236,0.09244513030964308,-0.023222225396879622,0.02895844977961654,0.042116050087770425,-0.11346960594118143,-0.0780106234981755,0.11658061605129649,-0.06227148960151383,-0.010464982699760659,0.04727778846246065,-0.08538665336377863,-0.16668415405111034,0.018403272693709158,-0.047410884469543293,-0.030102571108959877,-0.07791476627659452,0.08851620658407681,-0.02537017086358264
ADCYAP1,0.000806084953389529,,0.04306765758867357,-0.002587804890317562,0.03163262765939935,0.023698646449963452,0.04520073701812133,0.10295398817552225,-0.05107172845866763,0.08466816356147652,0.04910293987650171,0.07081387887213893,,0.0009377787801815245,0.13144099840122678,,0.03874533632376545,0.017916951660420326,0.05865683161550334,0.10634360341693756,-0.07707771287869905,0.02159173897189968,,-0.01257060834788055,-0.037694741081307805,-0.05824327833913901
GREM1,0.014640294996546855,0.006670953096548489,0.0006427845329320505,-0.04336264632958164,,-0.0037982866377948973,0.09490545979223176,0.06079646379330637,-0.022430366344467812,-0.009464634979700851,-0.03175198035008933,0.028372109605958214,-0.07005315637597206,-0.006032211047238797,0.046294731428613414,0.06172611484233507,0.008746061206544514,-0.08586729794268594,-0.032576450818291976,-0.02259379479557705,-0.0013227724001331899,0.02482254563315381,-0.10803389722709268,0.0004218075751916527,0.03632810562722913,0.07252631587364351
EGF,0.013814869481386032,0.04897883585620579,0.005056339877365698,-0.016715825864388016,,0.02101316993469996,-0.02282841251232994,0.0034701597018867623,0.07921406975282327,0.01641295043817981,-0.029354501764479318,0.027587546708116632,-0.004161009302246971,0.009023844733836849,0.1052434217417409,0.0857607096648745,-0.08114304724791252,0.01217485509671575,0.029521453417540974,0.07385929625873447,-0.004041447755187821,0.025039262769311177,,0.03470482236283181,0.06507369666554952,-0.01763604528029211
VEGFB,0.019167463741859965,-0.0500446637318609,0.0021414713568901666,0.015953464999966267,0.01814734442385467,0.04800530086820755,-0.07929595183362782,-0.03098896016959909,0.11903573891763074,-0.017103361620235645,-0.0018607504821379884,-0.023971282959222587,-0.17146253433486605,-0.04420967324919013,0.00446535878600878,0.03951479085657798,-0.07699569550865037,-0.07143790692740723,-0.020425930806902536,-0.05977658358742865,0.05666822424116647,0.04080019970645532,-0.008464515734266282,0.047855067067394716,0.01685313513843717,0.040339838597855726
FARP2,0.0048533115436719555,0.024171547122801534,0.08751061437133759,-0.07002396020573641,0.0469285424221199,-0.004242540470365665,-0.03612071895216608,-0.002593578845559987,0.090276078022132,-0.0252015944909833,-0.014753608977475966,-0.028288942178689203,0.050886588689860804,0.013662197665255164,-0.013496218684002,-0.04116608799540802,-0.008408546715524538,0.062601553699865,0.018962876802719863,0.09136557239578078,-0.04641791413824542,0.006256184492473248,0.007990797157269329,0.086524686189266,0.07526313862556523,0.11192942892030552
BMP3,,,,,,,,0.025686296758717805,,,-0.00440483901636057,-0.0016103602701513999,,,,,,,,,,,,,,
IHH,,,,,,,,,,,0.034617893331773945,,,,,,,,0.018217549010057964,-0.017534274892966436,,-0.03276307887913848,,,,
LAMA2,-0.013031630131590083,0.01748931575537689,0.005497402412416647,-0.004373317197833578,0.12683526194934855,0.020904062444809062,0.04808372597988856,0.05407349665250682,0.07624832937190394,-0.03384224318630865,-0.010148036361417418,-0.011614373375001317,0.008737429739327875,0.04292019414764333,0.09381509467813522,0.004253545261753785,-0.029739598273019374,0.06570245662324051,0.04425371525006947,0.12727465857823297,-0.01806779848059119,0.009127526817095674,0.08055409019301232,-0.08053003641795112,0.018307273602230757,-0.006884737847650397
SERPINC1,,,,,,,,,,-0.016896490947643845,,,,,,,,,,0.061490383414770255,,0.013157291933297444,,,,
NRG1,,0.02744896487333861,0.02312970637683552,-0.010810900098035718,-0.02960945859558353,0.0004648746921401126,-0.059752267666270176,-0.036665507076180576,0.00039113505872639227,-0.019641111233376682,0.0010918279192640996,0.047891251787057075,-0.02705610517460021,-0.0029388597009759325,-0.05383705914765713,0.008501763756632386,0.061083772091484655,0.036540263447180976,0.04949782642301996,-0.007140605346396558,,-0.06336256811990858,,0.02778973805554697,0.09679401462359004,
SPINK1,,-0.11044819780973253,-0.015455877887518114,,-0.024918964991606667,0.037425058232413294,-0.030980428986918235,,,,,,-0.0383141932735668,-0.031490323709582366,,,,-0.02539636717972561,-0.0658473702231547,-0.07798234947212652,,0.020134765217324033,,0.045328095123746796,0.05196247561884221,
EFEMP2,0.04538819060911531,0.12588711987286563,0.0052695316614611515,-0.034483954129387824,0.009464404063570702,-0.00523529580675419,-0.038292067815081696,-0.014517962770711965,0.19758985310350527,-0.021292382244251357,0.043414925125635676,0.09294047270653916,-0.10587820026434319,-0.047568001234326786,0.04085037371876581,0.14465084289708482,0.014110297209652383,0.014562545382032653,-0.01684556596199839,-0.08286674879345546,-0.016618179841855787,-0.026921269619247366,0.06666481100185269,0.029934407658969875,0.10194096738705516,0.0925418747752711
SELPLG,0.09889085676426708,0.02507664131857748,0.05736290560526055,-0.010738511790959335,0.08645983534777985,-0.006037377324040489,0.07078306600075399,0.034859944396819637,0.061201464382173096,0.031114684426330304,0.040911997497596934,-0.054128700174438084,0.060904204006500144,-0.03641691182085371,0.07399184395462087,-0.05490842322122919,0.029733147496907027,0.05863154045367283,0.09327919173697902,0.11330736961319712,0.04748870971839971,-0.04341043289470409,-0.02776472819697011,0.02994025895419886,0.0487844145900691,-0.004012924191491836
GDF6,,0.0495548992358803,0.05163338336785701,,0.06815182040024532,-0.025247317638954422,,0.02203951781603614,0.015064051013405055,,,,,,,,,,-0.008897074148211276,0.039618449900379306,,0.08271031024256632,,,,
HLA-E,0.0375268586184798,-0.022183745003905166,-0.028229445784777447,-0.005288319010965309,0.037558810920787875,-0.038653166590826654,0.03585586062548429,0.002577616627361484,0.15456641132939866,0.01956521885729921,0.010576113298525447,0.005256809801938746,-0.007931962498796356,-0.017625089495638544,-0.0688790559376581,-0.024945443671305235,-0.0019029083527225923,0.036457536521285624,-0.0601154591460868,-0.08118824835229697,0.055156588485115426,-0.07093949156421238,0.09927028976031732,-0.09778828684665022,0.012393711466948993,-0.025485752882600736
PTN,0.05652019984283363,0.2006953253858699,0.12843373082320553,0.004434485034987822,0.06564199835821423,0.01564542824667874,0.07805873857675807,0.04836269565069613,0.23093395034866349,-0.014731000899708682,-0.009649567126285475,0.03141020480707853,0.09481440954738529,0.0694473125601198,0.11843622867294158,-0.12444884853945354,-0.016589525329746314,0.16150104788256378,0.09149993549322089,0.03992235140531584,0.06279285323189628,0.008193474096244107,-0.05551861833844272,0.09331187463695358,0.07463840091404425,0.13140307054326567
CD274,-0.030661551945873798,0.05195151147522921,0.016807329691065895,0.009332812932335344,0.036126369731075136,0.03129634589857349,0.018155528691202717,0.04436821438329397,0.1112910923117957,-0.002685613427008311,-0.0059838890355907335,0.04111642313639923,0.06953470153204715,0.008819750375938266,-0.024349817597737387,0.18385621926637621,0.004516293534720881,0.011568075254468797,0.01802820768269415,0.06585948935557011,-0.0023344895690458494,0.028529829166882882,0.0740705354929342,0.08914319620096706,0.12539474218724433,
FGF10,,,,,,,,,,,0.01626907609785697,,,,,0.0004444353126390418,,,,,,,,,,
CD14,-0.03394825969018432,-0.06982509688607652,-0.019188213818419526,0.008546792403698633,0.009918849460805214,-0.10840740917840246,-0.08361276543215376,-0.017598573434590085,0.10438418209916595,0.028577633347034566,-0.018728556345847098,0.01990169820007222,0.07595732815609409,0.006993849314302875,-0.0768345824783718,0.05633231224451413,-0.061645826226009864,0.06814888620449451,0.08188401443226614,0.018923481571118676,0.024723541380922035,-0.04311245374147558,-0.06815221027692295,-0.04355528573388291,0.07509021264417012,-0.024702716864482846
SFTPD,,0.06414249021582137,0.03604203295916427,-0.013800589608807808,,,0.07940006036109644,0.012828364245890933,,0.03787974568254475,0.025930285599270218,,,0.050543039865725246,0.02862208718375217,-0.051293925059403826,0.04294027464250804,0.06336710901216426,0.02282981688046622,0.04814361751796959,0.05861367509718128,0.01778138019498367,0.1348494204942755,0.12199407953690103,0.05650990393861104,0.025011038122653942
SLIT1,0.007051107926987934,0.10570706572121413,0.05677572041394816,0.03339874368656896,0.04182970360642121,0.03247467545690707,0.04229312694982791,0.0037518583376931923,0.1368098576482085,0.03644636140877305,-0.0010172673184683496,0.026825356423498946,-0.0082838833057677,0.07243857818285948,0.09275314550375663,-0.10581411173690194,0.051789226609046994,0.041704430361734206,0.07197906615276571,0.08040116541054516,0.007025841420987541,-0.032273669265638766,0.08323514254870076,0.0455857295055781,-0.03977744544085946,-0.024248430360491232
LPA,,,,,,,,0.02453310267972642,,,,,,,,,,,,,,,,,,
CNTF,-0.04262102660719275,,,,,0.012199629750202614,0.003127985925356284,,0.05353200230320584,-0.0034416936299747364,-0.03390226668157036,-0.02398814863854122,,0.0010640515024323348,,,,,,,0.002743095041318097,-0.03316624568125338,,,,0.023694184947463025
BST1,0.018360857243904252,0.06413526979344442,0.025854472116803032,0.021145661715805227,0.08502645221631963,0.04256824576398631,-0.04541706485954669,-0.0136412579108029,0.15741107959689346,0.006760791049811288,0.03643702736085111,0.025894493983556782,0.0741139817642262,0.04535610123229716,0.08743639061487672,-0.0552701202907217,0.08456042868907278,0.010369536130916875,0.049164861485989496,0.133516391840364,0.0317960724322614,-0.027826155608290173,-0.027665068131178243,0.09102031083171763,0.044976786122089635,-0.0609491705647789
AGTRAP,0.009278386639773921,0.04506405327415658,-0.033455815902165946,0.00202996360006792,-0.02433026494936658,0.04832909842926577,-0.027752241801584223,0.08626503939511497,0.12306631305130274,-0.012939333452818861,-0.017657665845818616,0.03330976211545907,-0.0007432226462573635,0.014324589113683868,0.06581122673034608,-0.013206286119927128,0.10474870736331404,0.11731534901744625,0.10365303478728262,0.012191114176562889,-0.015154756179118198,-0.02150305992161773,0.003382438306099176,0.05751238339026606,-0.005370169482637192,0.022471110195465195
LAMC1,-0.018947223204192103,0.06611712912608282,-0.006718013841949439,-0.0045016159106547665,0.007798681545331997,0.0039722004805031325,-0.025874358353848267,0.05687723796666749,0.1721128867079808,-0.011614025562032011,-0.0026553927150499133,0.08889785118386764,0.09666673896130565,0.038449720262941176,0.05758436763212272,-0.017670802446045863,-0.04515996923773919,0.11237462538355877,-0.014528565542561099,-0.07493372950327917,-0.027217943579567076,-0.026435512149408678,0.006905416638751219,-0.06196837083829568,0.10270028697044936,0.0823174705304468
COL6A3,-0.05791991942735526,0.07026802201031991,-0.05917261390633724,0.034820534889458,-0.002105492226944443,-0.03726591972745809,0.02399140669605584,0.08017431073359582,-0.034463647142758645,0.004955739793000358,0.006376232040945251,0.02511128526776838,-0.06636971328153195,-0.027729446149949738,0.03891260168102915,0.06759427310807906,-0.022317950044569903,-0.06362941518957971,-0.020005178948689698,-0.02700027249366842,0.029303701441969164,-0.032289343767598074,0.0447446345177763,-0.0924170546056113,0.10350121000186847,0.16440682378543267
FN1,0.07462203152664915,-0.05246103809336234,-0.03762792786344204,-0.06512853915311409,-0.03944777659107498,-0.03495570822741873,-0.05589089346492831,0.05367091297878753,0.2520604936536858,-0.009153610964865586,-0.06837645407264134,0.028602095171318717,-0.13258773457096618,0.049674383842060556,0.12224852821200796,-0.0015227096848511124,-0.024185995263093427,0.13464768396532745,-0.1463626089659364,-0.18173782767922517,0.00501738932383033,-0.03349570012868882,0.02295643573657836,-0.08661734495798527,0.04980440047823279,0.007928926488654214
MIF,0.0071136195050242245,0.03890547364921538,-0.07532462658458333,-0.008753641578219543,0.014154801723231192,0.014661632887198508,0.0012388738892910281,0.005493694095983484,0.03298551831104102,-0.042656075026792376,0.04160776845122001,0.07857224188337568,-0.1494693510231042,-0.06947808470359218,0.029880390355330997,0.12858166870483345,-0.11705248705027277,0.11490747116530912,0.005720810337271854,-0.08689445771152761,0.045764525110599134,0.0670452270144177,0.07410602277565227,0.13632969260083164,-0.0042769459167251505,0.09752937112015325
JAG1,-0.036558741119573704,0.06944805554333615,0.06029060677549708,-0.047312640703408515,0.06269323096073513,0.021598087916982346,-0.011116240996110834,0.05399100373709579,0.16775118509331194,-0.02166076732807702,-0.007486485483025123,-0.042926331928094565,0.17417387343958454,0.02849605572959291,0.16444249593505209,0.01844680999348735,0.025011537121631417,0.06299067187019865,-0.03427909125748878,-0.01858078362389159,-0.019586991499559437,-0.05885252471858182,0.01055734702965806,-0.03759630584944738,0.0699136884724416,-0.005235685257243811
NID2,0.003927542927804877,0.05704129591299825,-0.003647017143734417,0.034950917454857906,0.01833795078937797,-0.04596256529335742,0.03025165114809969,0.04767105690643883,0.14219843274582258,0.025318570313591415,0.02288966615995713,0.03291058985436729,0.1371369652395467,0.0240705280512374,0.021058153624128422,-0.0498108336636903,0.07367949064756316,0.12811936978625837,0.040974033173588637,0.12521582208425477,0.05661186460264248,-0.0006140029085010929,0.08676275116193753,-0.033473596112089395,0.059107971653727887,-0.0791401693223166
EFNB1,-0.03373063222852557,0.02015441894282622,0.05490586562613488,0.07488599294204845,0.06659294443236087,0.012870620494391728,-0.05888338966792187,0.05153121367972116,0.105154418656164,-0.019053397559759967,-0.013696800079344503,0.054782195415004085,0.14504377169522686,-0.004505344985078843,0.01884861677189317,0.04887248056401788,-0.039647118874180744,0.07397722849988367,0.1135576993128125,0.02349713779957075,0.038654431330556724,0.021675042946031498,-0.05043116350667019,0.03893466623523859,0.014164181999088915,0.1493163957275339
COL4A2,0.022109392271088303,0.06552255232756742,-0.017289941174468387,-0.011551370861072215,0.026363031812058804,-0.034765652040421986,0.045208979476332053,0.09186685377119337,0.2018775948450248,-0.034292318284026645,0.021683935875435243,0.06782542640885666,0.18448928497138634,0.02998838092921126,0.11371266045971662,0.005980931525512089,0.03850138635976276,0.11162347530734675,-0.023492206332984097,-0.007097468784191061,0.023959106307344376,-0.007555127363235873,-0.02358188130664824,-0.09093545831533102,0.027859320958822563,0.016908659715796186
SPP1,-0.013956918335901495,-0.10380951629536243,-0.02372358976574923,-0.04235788744348727,-0.00306208962819165,0.027139443404292737,-0.10576764967388165,0.010431617372628363,0.17538742453084796,-0.010038907427101626,0.048284062274919805,-0.019823933012427873,-0.16894755131390837,0.013121766883755952,-0.0970679311132432,0.029016627824045668,-0.15300811311215776,-0.071772735708099,-0.01302477221498703,-0.1128655580302055,0.07092010711886011,-0.046913519237060684,-0.08822978474662103,-0.015796184474553058,0.12122968752322172,-0.012213738561311343
PODXL2,-0.030819474030144102,0.009978523529791752,-0.0019498599446305502,0.03292404528463035,-0.049249941516612605,0.009812127642145355,0.06266133750589079,0.04424414232310868,0.09943384473703158,0.026285988701679967,0.011739258247245943,0.041897651802865525,0.005480796535316463,0.025304150862385622,0.05753089427135271,-0.05473754286197941,0.05224688523451272,-0.004072652586884982,0.033849876288727605,0.04108732790464261,0.04194423813707545,0.027115243130800677,0.05732975242080021,0.1493765041193674,-0.004754987128165827,0.03289108853601803
IFNE,,,,,,,,,,,0.00626438602937417,,,,,,,,,,,,,,,
FGF9,-0.04800979926564153,-0.008310405974785962,0.04768565334139524,-0.02859201419630501,0.11338074433051806,0.02185799966881166,0.06356128232488191,-0.030011841628158443,-0.05469660233512874,-0.008123142570059876,0.023240335721901543,0.04009435357503744,,-0.011449006756979928,,,,,0.04965659163000357,0.07920687447379039,,-0.024491640120197805,,0.03300988152600218,0.033069779627736794,-0.0034185164815414516
ITIH2,-0.01707616670836555,0.005239361298080238,-0.01324503036265313,,,0.01662978406114134,0.007540305360870597,0.01999022634957334,0.03949560424770652,,0.012288266281345684,0.06166984079168999,,-0.009638327183560594,,,-0.006182545843828228,-0.044204908858957906,0.07834278622208833,0.1480766121600891,0.004783038334402603,-0.010858443744691805,-0.03419783094780074,-0.07409342778639018,0.0799138961835438,
ADAM10,0.08141930012513426,0.03538019222986744,0.06999858176656266,-0.007053040434276082,0.004274589679711018,-0.027082336642314814,-0.03488679777414462,0.05074861360876825,0.04822619985039012,-0.07019198642146944,0.01652827546995818,0.006103600051159249,0.08723536861589273,-0.013704433786107702,-0.0486232798308751,0.038481676544006034,-0.06754094670057167,0.004839313390004861,0.0873022276902102,-0.02098727177136646,0.0040105187442635686,-0.024786350106474776,0.07617858523563197,-0.08488652429638041,0.0679680071338328,-0.021381257446354027
CFH,-0.0024641107576258473,0.0907619901644623,-0.01508810700004657,0.057565640168988956,-0.03910233538997163,-0.004471687370490179,0.025824977394691494,0.026162728854342905,0.11578584349025578,0.025870655249996943,0.029015378935091197,-0.003868892597087879,0.0777153015349983,0.025620632779453496,0.0063340985879125145,-0.05755419554628192,0.059202536981316875,0.13280045035385743,0.11145051910007762,0.08250565847961328,-0.016754292864100417,0.01751543784844891,-0.05449160317124151,-0.04997490241507538,-0.014279792543066567,0.09483853377237998
COL4A5,-0.00914984647231278,0.10528393140946586,0.018829841199310023,0.026253241658971506,0.08255567359111829,0.04832983703814633,0.00047572190678565055,0.07494125685402303,0.06672623549180846,-0.00273528112983474,0.03748228817806022,0.02894007271705616,0.04570400215511619,0.06082581059469756,0.045125947704930856,0.048539119469193044,0.061335398710470175,0.017366067279438662,0.06563402047806915,0.18026704678439573,-0.01437209010491229,0.08550207529224828,0.07741216541970565,0.11623212677674946,0.057252890172652865,0.008118030706120147
LTBP3,0.04235158014240682,-0.003702871257886394,-0.02085708848784692,0.0605456184050105,-0.01447575892779948,-0.07777681815945445,-0.05801323006912158,0.006407029926232085,0.08601398040942014,-0.010462840020055425,-0.0254871042431252,0.037283027288722466,-0.010536369390660287,-0.017242644520047534,0.002481750821860538,0.0022413934487341735,-0.02967800948546482,0.026109555081615384,-0.09434081108141083,-0.10344417188149521,-0.022625157705642003,-0.06467587044414655,-0.07482611696611283,0.0179891259298966,-0.010076815088008463,0.024880924956296402
GNB3,-0.04238842010400711,-0.026037436441492267,0.02570792660184082,0.06344210560082392,-0.03152157373808798,-0.0015980727463665732,0.030754022125712,0.05912070439674535,0.11874114238672424,0.004345425918095057,-0.009532572453483793,0.10222191814942269,0.010898565545821588,-0.014288886933225381,0.06894785842323829,0.034753200338166756,0.042977181655023095,0.020538422366334772,0.03264162196458729,0.036725943673146015,0.09101530542628217,0.01293991616071637,,0.04338538377702269,0.004417768210857424,
COL6A2,0.051666320307309915,0.012686924339919983,-0.022363526756364317,-0.007093957661090725,-0.03941063167583699,-0.02199310862881244,0.06762338189336552,0.13264385198260573,0.1605493514412449,-0.013912722722285166,-0.03827252672489264,0.06113542212663986,-0.05169029404465207,-0.01469675106109337,0.14305866281240814,0.10979129647140294,-0.13951869072140066,0.09693189051804885,-0.049004212329015556,-0.09831637524936729,0.0011503404869033017,-0.07771984192995998,-0.06540254241333207,-0.11374228923177723,0.037443012771023285,0.018960834052867054
PLG,,,,,,,,,,,,,,0.06681918281276167,,,,,,,,,,,,
GDF9,0.06812494988232543,0.03459099324789719,0.05838012873520708,-0.007720373652814038,0.023392658362655055,0.04471237296244907,-0.013708473616124085,0.026127342324110837,0.13321601956984824,0.03435343827497756,0.021082781725508724,,0.043806700970917156,0.0731889847747074,0.010651528410837252,-0.05565525883417168,-0.053596713487286,0.048483498370040345,0.016320065123466634,0.09887895705939026,0.003620580339730113,0.025251091657805317,,-0.011392516708603008,0.0734833067921625,-0.06264676379667602
NCAM1,0.040330574692715115,0.06892884584128647,0.06405493708527168,-0.07467634887288226,0.0007472531663641603,0.024066877478120623,0.050230808794000346,-0.03254872951262847,-0.07565915024427448,-0.022048185796577906,0.0626526594343843,-0.0366090846444406,-0.04975502000814801,0.007172055097482478,-0.07253144632017292,0.031008661941323182,-0.08410616047499916,-0.08428021833771515,-0.004338433629164795,0.02651548424735877,-0.024019592309492972,0.05459027609184495,-0.02344178474348609,0.0890670097270193,-0.029499522231981493,0.02608958199905499
APOC2,-0.001737026393996971,-0.023222517387793084,0.05750808418197471,0.021470221502163815,0.10558528429809469,0.04154044009738092,0.029720557630093413,0.00766439721777499,0.10125715522516537,0.048059608116396604,-0.005551597182146281,0.009518368634248672,0.07003615973251488,0.07980525683222471,-0.018620296673037683,-0.11685708675757943,0.020588195918538988,0.1311109097390504,0.11361977469104163,0.15788695782312645,0.01419697924764208,-0.0305199854422376,-0.05246644982692273,0.11851682197092663,0.0639184109814061,0.0871478403178591
BST2,0.0030428444452028974,0.050213580102672434,0.032508228406093735,0.0027016487880941248,0.08506919802438691,0.0684690995546792,0.010224951749224963,0.04578960138244242,0.1883636264428332,-0.021518102094616187,0.044003907569298166,0.058492763412903215,0.08620162596262052,0.08509505671159087,0.11056739041926009,0.02736167595563701,-0.010488927592488446,0.16792078289772716,0.03064297602263054,0.09435670935230837,-0.003792241652286701,0.012914734926100045,0.03630107698553028,0.021959117635189367,0.07072001146509023,0.019551335909848457
COL5A1,0.05616360655145388,0.028685045059778282,-0.029592200775365892,0.0019840589220983377,0.0038837519163183055,-0.01627638307538388,-0.012329711779056786,0.058741494284702586,0.08659808073168104,-0.024299519196538076,0.03203240620288077,-0.01326926359699551,-0.09713324378164795,-0.03297593222214961,0.08786888966625973,-0.0022617589177638727,0.029030475026837966,0.011615062707428613,-0.046774818527638665,-0.08431808990066367,0.018067755887872114,-0.03613533160284634,-0.0413403683799377,-0.06877444517481077,0.07540049472242283,-0.048722422552762476
CALM3,-0.0010751251108557856,0.02980183818447174,0.059795075459292184,0.02448244103965463,0.05679376761848633,-0.044751292972734426,0.08082514483571869,-0.03720081916942391,-0.12633605539889636,0.005326907388450356,0.004192424684539138,0.03288485735505331,0.06688468054713617,0.0010373965520599003,0.0008138539506490257,-0.021919848152439112,-0.09634110053160307,0.018970036056356186,0.08459414141970922,0.1666651467129497,0.022843421218763066,0.08501374124948274,-0.01189141435068573,-0.014161498581320053,-0.04785523877135737,0.059619729448017765
THBS2,0.042889165525705715,0.08136635800135071,0.018979649082180104,0.022730728536892,0.043977997829682425,0.04100204600494077,-0.025716490788086292,-0.030236962534100607,0.09562765807740217,-0.07314992895250899,-0.0019171371375763405,-0.016792104628518913,-0.1310440094054402,0.01119063321433873,0.04974012113773382,-0.04549327689288538,0.022791128133608323,-0.05006585584220873,0.021372181273520374,0.0026199538722438413,0.004548828594708263,-0.022079489516559483,0.016742730595525356,-0.0440913449696543,0.12168409288943983,-0.029585393647040534
SERPINE2,0.025526682873670162,0.13032209013996573,0.02676380532789111,-0.005397721496678838,0.002476623437821025,0.0794869793915617,-0.07097903303098513,0.0747615835242563,0.025313248396634812,-0.0160011907857628,0.008901528217847884,0.01714176743774142,-0.047951700846456814,0.07670951408050021,0.10708225149896178,-0.19641752116163763,-0.07121538576480878,0.05166060149191666,0.03314305824309461,-0.06692796940362186,0.0070857380651271305,-0.0662426225242815,-0.057311322773424336,0.04048573767309855,0.020299347215266595,0.058818324802333226
EFNB2,0.039499735303845374,0.027070332598945934,-0.019920286387126302,-0.017592941632769695,0.057061213118424756,0.028992780904530144,0.02948881356122934,0.008288368775342747,0.09894358195596872,0.03762813070074545,-0.020161178693293057,-0.036303794318190336,0.1291381044386878,0.01679496122316872,0.040759165883028456,-0.0664430546179976,0.008613994235018012,0.0752965064256771,0.023066165855579423,0.032728900416982655,0.05568311636992183,0.04176239702620514,-0.04807591148276696,0.031834014884755825,0.11313636678443519,0.02059926739718089
PROK1,,,0.06417045396912088,0.02413102275090424,-0.054372448424474466,0.01328900047198016,0.029725372093557682,0.05909893839999333,,-0.0302041774016505,,,,,,,,,-0.03809352997510132,0.07280502693431601,0.06335024085590592,-0.01904136365818128,,,-0.05693137716693973,
LACRT,,,,,,,,,,,-0.018014384116049744,,,,,,,,,,,,,,,
MMP9,0.067294046418611,-0.019081136767477053,0.018013399148854754,-0.0200889342930744,0.004336316498181417,-0.03536184695732237,-0.05030239337031024,0.10447272470002163,0.20429167272858434,-0.015267529174794901,,-0.03170550701321423,0.21694098531454276,-0.0030531914177652658,0.11681000225924594,0.010594959113449206,-0.005582290729395491,0.11228897287443773,-0.07671094156752398,-0.03246377139953425,0.017742302309981764,0.0002582783066325121,,-0.010851532694878369,-0.009764983102472495,
DMP1,,,0.017301311901761846,,,,,,,,,,,,0.002404694518509537,,,,,,,,,,0.040305443147596785,
NPPA,0.01747324327584437,-0.08582669967196568,0.07730545681617862,-0.008130909925938084,0.12182468588194126,0.03835928480740814,0.11140580265097737,0.0157706712796529,0.005116242023694539,-0.019409994134267274,-0.03389546959229202,0.02372369557538784,,0.04025282811860293,-0.017972381120716332,-0.01086873850123829,-0.007799445180996661,0.061268229534950536,0.08023292465889334,0.12066033421310678,0.030504336920268108,0.00616263400902706,0.0482237671663471,0.017008389744687904,0.05993175452840691,
APOB,,,,-0.0314401370403511,,,0.0039004396877564108,,0.09645755460981892,0.029798841653904198,0.02091423284088637,,,,,,,0.022537419204492384,,,0.04649639873837476,,,0.009617197117380846,-0.028793444957903598,
C4B,,0.011935376182031658,,-0.015565940427769041,,0.037307914014591624,,,,0.022285295936704863,,,0.02559662416576424,-0.02812538698009168,0.032952001654297076,0.021677017578610607,,,,,-0.028252545156355106,0.08028105096722177,0.08124392158006405,0.017529529255283588,,
NTNG2,0.09018333974768289,0.012882438392494713,0.047305165638655895,-0.002699025350186352,0.0032456640197428064,-0.0020622901664872147,0.05744995266964179,-0.04013023941192372,0.12464828025645062,0.025341335302879485,0.0007785815998792185,0.04037871320978942,-0.014773290092948007,0.016358571016230814,0.052993860344031495,0.0049266209749998955,-0.017853334746804644,0.06741518561211339,-0.0001020339298756753,0.01836510805739081,0.016101227505119536,-0.06951124129610929,0.05988512832834811,0.026321618557349425,0.09728379714773708,0.007905563069946926
LAMA1,-0.04342051943148298,0.08477593084178939,0.15801068904558757,-0.01865875586383631,-0.010022214783932875,0.026550646429048287,0.036813422220688084,0.009282674521629904,0.15469601523446788,-0.019318165511975932,0.00230062613384127,0.03679517721477913,-0.02458678680975578,-0.04293377770217306,-0.03382398884578426,,0.05489590124467606,0.13270388800233296,0.06904683313227843,0.05956302559565228,0.06045105488725667,-0.017437634062726096,,0.01489971929762021,-0.011838238537333278,0.14929113711314723
UCN,-0.037362945399618014,-0.048464462357881426,-0.005474744644671086,0.0446746036155135,-0.07431322275891682,0.00623169368421829,0.012424883846878506,0.03217204555213551,0.009503686139190655,0.02328161072711615,0.02569407211970341,-0.004746374981849269,0.0372145749634751,0.009049850357492123,0.06955750246297515,-0.006905923331811621,0.016091905069811317,0.011478851384151506,0.0622460133553092,0.045826065574390715,-0.04690139633240033,0.006953066263803916,-0.03908718195733888,0.07971006573933158,0.06053277890656634,0.015937017241559336
ARTN,,0.03780877055869629,0.036892303788004024,,0.034644088656223,-0.01017977375529695,-0.0365525927647486,0.06597509864090272,-0.0029354323325820946,-0.05886741701637449,,0.07843276087361695,-0.021452111943582625,-0.026993745420867698,,,0.024265781777274096,-0.05439349057092114,0.06399330301430615,0.07602993069644821,-0.031617930203182334,0.011167985434534714,,0.05282740949634812,0.00011460348308530125,
PDGFD,0.025694699964172254,0.09399626023507798,0.054685465630495964,-0.026731428267374763,0.10796636629497312,0.036591472726380136,0.052357874250696226,0.06048250507155892,0.07705842038125335,-0.009026906341544096,-0.023444146832099062,0.09362098429746432,0.1606359027577317,0.037525751968566744,0.07056440269065821,-0.023041081145333268,0.06053065028302247,0.010144723472599003,0.040948274516357894,0.03730855477385993,0.016770906400064088,-0.0015665109601185907,0.06077609717959552,0.07790301044719908,0.12109857178374898,-0.022485319678372768
EDN1,0.053404632951917684,0.03337961124755843,0.03886814555731709,0.03289303207788384,0.06987308814415101,0.019872979719433463,0.0979601856528179,0.022079791677605494,0.13669483410678349,0.027705882363531935,-0.03252315627661406,0.0142078612621633,0.054281314815342485,0.02300081010165204,0.07605992259357156,-0.014504070607323548,-0.018071175071460235,0.02189027303027031,0.004953164762088877,0.014921103834493347,0.0616573844465464,-0.029091263028052913,-0.0003816049644470376,-0.008281560910618305,0.032497973280440524,-0.02292723114801624
ARPC5,0.05230505505197647,-0.04877633757542512,0.0784694375024063,-0.015259557183247405,-0.0166576207525143,-0.0065880984763480414,0.014317836832219696,0.06565216370461249,0.03781062382403754,0.0407064786787618,-0.01455425415298812,0.024148078483445606,0.11134108335761424,0.0353582368683981,-0.00506516667554277,0.02314180392439118,0.09322016936317758,0.07069352506889913,0.03809924435637546,-0.0031037195573510967,0.030237099038790228,0.019811727653694426,0.01923990577295143,-0.04784207768118558,0.011999087481289776,0.04051372815382446
GSTO1,0.03683777002232608,-0.04422692142064487,-0.07253221354926415,0.02159156685032521,0.15976286217138577,0.01911634208240686,0.015310382524099346,-0.07598521901792148,-0.14583526473461966,-0.021564363768269475,-0.01626465749630637,-0.020474372815474536,0.0030485411046727072,0.0020272548034359927,0.023709026018350433,0.08782887366441358,-0.09394706193145859,-0.015577853886155036,0.02107217617085338,0.010281774778350123,0.015276128421263779,-0.03503443194180269,0.1049899239097782,-0.027077233991602823,0.02216218909321119,0.07196876688306932
PROK2,,,,,,,,,,,-0.0014025629059201952,,,,,,,,0.016158153540497537,0.030206994064588,,,,0.12542798049864423,,
SYK,0.025634352643888497,-0.057447055406264325,0.007488406876133323,0.03193426717140691,0.07772317760294926,-0.0033320089550137656,-0.02087575771248734,0.10067678066638222,0.06536228232394323,0.010167698836768569,-0.0032476874221030834,0.03146969153543156,0.054694313796371845,0.015721735632382737,-0.10708121761908676,0.023790364799234312,0.016022959428187458,0.13351779070751385,0.05604478213352586,0.06705221418906855,0.027636173871280697,0.014142038030553606,0.07714135542067029,0.0005379882137805435,0.05954028465227432,0.14099821662543996
CD40LG,,,,,,,,,,,,,,,,,,,,,,,,-0.019406465475966844,,
ST6GAL1,-0.01980299882225277,0.03179370891351697,0.0476431362336986,-0.018288277948719713,0.035329620595119966,-0.009025441700835765,0.11110517955239373,0.019120794615264714,0.076729624750214,0.033336864452001805,0.036781629935243546,0.011070251184610571,0.0988229463212621,0.028608529822959385,-0.06785919282156937,-0.08015263826001479,-0.056537830439634305,-0.06796583821099296,0.0643950625209822,0.16880001992822588,0.03551515759668483,0.03948282178117309,0.025493011011587765,0.06407200361137377,0.01099419998434611,0.011062439522470147
WNT3,-0.005341940608876554,-0.007213761665608377,0.03467855328598318,0.009688166156035162,0.0505202764941104,0.07607213575369451,0.036644776833813966,0.02037600508273585,-0.0312929755103353,-0.020835242413890395,0.019855095980465927,0.0010922254805866359,0.01916165963604186,0.011730013736084862,0.05042865879099134,0.07958362818752304,0.025318809946573657,0.11093712193455818,0.016382829998026198,0.051102153614253035,0.09426275158427148,-0.010503112191371986,-0.041340354215015,0.05874310275575856,0.0011367003194697547,-0.05648396286220118
HSP90B1,0.004733341837911611,-0.07317329895195246,0.06992316593307185,-0.05519928124249085,-0.0678223382589726,0.002785928220107197,-0.10086285300550898,0.020315221682148492,0.04798306482313612,-0.026974017213637496,-0.040875597571239465,0.04548868216067416,0.07936915166776642,-0.018945218857255478,-0.030128651780795254,0.0056535474564737825,0.022225232245161246,0.010871457261291155,-0.05263944790856445,-0.19683019967870596,-0.028278951269607028,0.013808288982845742,-0.013721314626751871,-0.12167890402409776,0.0659214092396628,0.07477500337209132
ZP3,-0.027649557756100437,-0.09902703382644569,-0.028221520459995982,0.008771432647630415,0.025239408019751833,0.001867596011758772,0.05636568405864131,0.03914203761722794,0.09906753855054608,-0.019655953359931297,-0.020684847123099988,0.055998124875404266,0.08650198355480608,0.05218367393478711,0.05515577554962787,-0.011150305419989459,-0.015771013283396872,0.10153880838480654,0.02536475023210809,-0.022236574326079908,0.0077806221348911166,-0.011362624031962965,0.0977518117142378,0.09181353581697986,0.11416287130032594,0.02486603372937753
ANGPT4,,,-0.02120892059319925,-0.02893920441543658,,,,,,,,,,,,,,,,,0.09079852242541908,,,,,
NRG2,-0.016525502865284883,0.06695617322620587,0.14349559415561502,0.04028767042800816,0.04946805519437383,0.0549446866381611,0.049097288464737335,0.08123796875358075,0.07290887618467044,0.03673610701019308,0.0060342852167225795,0.12535930832825323,,0.01812161200068263,0.09926934634379725,0.02025601491090224,-0.03154475524040936,0.06546705572196279,0.015118235465527954,0.07305550707765315,0.029007820799445014,0.01979794498940066,-0.06055337627585672,0.1269654187769469,-0.0027085187099520347,-0.023337448850979523
MELTF,0.04415945990264838,0.06157975442556368,0.0038742790352273987,0.004409741084134931,0.0028671416910237644,0.05480403990452814,-0.015003462489345656,0.08374168658048659,0.07452604237574628,-0.0026547718264055323,-0.024277609390596352,-0.019638619496872668,-0.05484459321713591,-0.0006852958166079183,0.1111355722234407,-0.03540179407886175,-0.03096669208082751,0.010102103509293634,0.047044601649171444,0.004543977252343716,-0.05446750769733417,-0.054581957511728584,0.017963171249743087,0.1147134684303719,0.07600343196512999,-0.008595434877875648
NLGN1,-0.017879941809804085,0.11444580596214438,0.000395347604224018,0.05391334693821763,0.03329783513987001,0.07535868921176725,0.07230416711522054,0.043530566997170304,0.10489281478299958,0.058734296747865254,0.03086523896630754,-0.041528137586762374,0.06532217856831925,-0.0033693968084802135,0.041287176691114494,-0.011967061608996117,-0.045690926156666846,0.03496782750437004,0.014895596106533739,0.09327002944158766,0.02485595888272971,0.006417357103415699,0.009755268469669492,0.08259708181047032,0.05080451489018166,-0.00228281793084473
SLIT3,-0.03017792702735007,-0.03899428373418558,-0.027060507508163016,0.040560776222730945,-0.006083705154749784,0.008304768056018595,0.02928066068076417,0.02529994702496813,-0.09945992638740203,0.022210857469453636,0.08612935387400027,0.029529178839587743,-0.013201804665234901,-0.0376035648546381,0.05890638212417757,-0.059996680847953066,0.06503368984085144,-0.005118540270165816,0.06577618239565175,0.033198259687024376,-0.07070765614260643,-0.013374552974679594,0.03694695001316202,-0.0069479060992107605,-0.035682873858227895,0.07827702329878258
CCL8,,0.02652128532888865,-0.03261250322917008,-0.02859158091622802,0.010950689038444858,0.006489891890606301,-0.029545250700523055,-0.016426286691504408,0.0005938429844554787,0.050236449264078456,0.07053802691985193,0.011888775862273425,0.08156020075637725,-0.01366807540528252,-0.036388993036533875,0.08088280336837209,0.039627422936080736,0.0253858950807835,-0.04996684715296514,-0.005965211865543137,,-0.019519937179069875,-0.01563604854907883,0.017690179959050516,0.027030823109201758,-0.07288295650413797
S100A4,-0.06760123785728404,0.0034225182441737696,0.0042199388472888,0.0108834562317017,0.047315045761486874,-0.04636101064975232,-0.04883971789517909,0.054487202007019835,0.15929685388642398,0.03665709683340016,0.006793266578930307,0.04549775037147812,-0.026993596288283888,0.012912041239180728,0.0752286483718303,0.05985269735047904,0.04012787645038604,0.09565043547524975,0.011434770869976046,0.02045674186389679,0.10360636590931659,-0.001563310920484265,-0.07531313242137379,-0.033394764865762656,0.04920979612174005,-0.03912082307946194
TNFSF13B,-0.027718636048591712,0.11524007560123208,0.0334907235254632,0.012139321766541833,0.04098865743988826,-0.0489139051538051,0.07523232987535312,0.034533786378175016,0.13648713076183175,0.04583359453659594,-0.005508045889874816,-0.003740518066899514,0.08673659608620783,0.026942195017526805,-0.0652262283224092,0.07379713516170565,0.047616620717301265,0.0712509450826225,0.010110355710253557,0.08609328873761919,0.002820961043245718,-0.043986459198143577,-0.04328412254714827,-0.02248274391625743,-0.0237633735799301,-0.019752066355244433
HSPG2,-0.0053238058899566015,0.045654102546528665,0.017460162037409112,-0.008030406850848066,0.012460788792371374,0.008648091014368173,0.007549867705666922,0.06447827153641647,0.1961011871026092,0.018574906502052853,-0.05875262144747928,0.05208434361629356,-0.07636000628733053,0.029435362841570622,0.12755612665533023,-0.024162682880163905,0.019563502957184183,0.05877985415650836,-0.016145831333620315,-0.015129478360978683,0.0803274899008416,-0.05129470845318131,-0.050417887358206355,-0.05087864669239946,0.07270864227925529,-0.008313282119493058
FAM3C,0.005685770996127424,0.077503326148649,0.08824832693030472,0.017403301844067017,0.022334521218750684,0.012579529853843134,-0.017522492526455404,0.04381374375351772,0.10235723614267705,0.006152933621737861,0.008559791793229802,0.06772209967614098,0.009099652190011152,0.07835230202339387,0.01354785209190419,0.08249461691811119,0.04960832376641649,0.1213988526925504,0.07284459783899393,0.10314063607195383,0.01457335722782756,-0.0020510936824592583,-0.10358089214115804,0.015713528186131955,0.10811476478974967,0.13108680500147482
FLT3LG,0.06077905675448806,0.0810108405277355,0.028697633095716372,-0.02745341437417999,-0.016419110619922142,0.03311783138088757,-0.03158466088866862,0.009475766552647551,0.1213344990543657,0.0010916026833959072,0.06423380289502288,0.01794907478936817,0.09017322514301507,0.014634496613553594,-0.0007273014866051677,-0.09158352202603853,-0.036402040721157124,0.06162563116765308,0.1057719374193811,0.08220380676450197,0.013039490071976294,-0.029440624742721452,0.0448605514902979,0.11053228512666055,0.021862502701366495,
A2M,-0.01744266915420989,0.10415446107275703,0.0077825985247593965,0.021233297635599446,-0.039929709864514405,-0.057624074153305595,0.0033829938359016144,0.05065477276091481,0.19391013512395508,0.009933541371336148,-0.02152243087270727,-0.022722754383398387,0.18971990684130552,0.04440005990704751,-0.013282845088282636,0.003287345747854438,0.007963311596262141,-0.031390404685517355,0.04544894919910368,0.03487438734098715,-0.020442976184378264,-0.07139568511137478,0.045435707476685995,-0.02554895975252361,0.10907242475015927,-0.007559099030007635
VCL,-0.016276588775879473,0.04418808595528184,-0.03896343231004155,-0.016318548394014223,-0.011325979823506235,0.01743773935747433,0.039077830858038176,0.026863016712337658,0.058243004172250194,0.012790716816955013,-0.004401851593170718,0.034076056333324355,0.020838531863531223,-0.02000989105393555,0.006063894418665023,0.06116235416753146,-0.021481777146125113,0.10215177551318369,-0.034591728606565994,-0.044945180331240425,0.0047340611343636265,0.04419042207880716,0.014880507568214336,-0.06496213800401612,0.0899362530173305,0.02061068991866051
FGF2,-0.04477657641574,0.018681910499804635,0.04304940981732289,-0.018093829080552456,0.011449222395479035,0.041120791503285535,-0.04167223624240166,-0.046804284169865255,0.09687140290896405,0.0076295918493626295,-0.05062421531799736,0.014179808948283596,0.02067886543359965,0.04357265484272746,0.03163319856800025,-0.08603851117180616,0.014623771009642449,0.08616043373726985,0.013215959180064064,0.0071254978509705524,-0.055033747893262715,0.01757904006709142,-0.012540080821540902,0.05081425724641189,0.04858939866399306,-0.029553987438784138
AGRP,-0.028235316754681997,,,,,-0.02513274460415062,-0.01442262540457636,-0.036163013858875444,,-0.016917813057401424,,-0.018053061650026292,-0.027058417675452338,,-0.07639060536821239,-0.049919088952463955,-0.0611229975381698,0.01652813254350457,-0.014843430164544084,0.039752786266118084,,-0.03194240417210656,,,-0.060140821487634416,
CNTN3,,0.01848690999844245,0.05699837309267776,-0.03233614526398598,,0.02787444389832003,0.10313906415749428,-0.016187311889673962,-0.010832877090362757,-0.006830063984165598,-0.002999235817849444,0.005640414979608614,,0.05538191825452126,,,-0.011115193956558436,,0.05594891329117594,0.14051790338910658,0.08039117904232307,-0.005581679362367967,0.007729328908070239,,0.002658142673366086,0.03623597506137339
RNASE2,0.006628621310191893,0.0569064014423845,0.03322745054706038,-0.015577707966880287,0.025635033478244727,0.01196266578512687,0.03400099233150261,0.0656598530823139,0.13456086866903572,0.003290641439228884,0.008471864934006043,0.004400219282361873,0.010299310519053308,0.04749637889677232,-0.058791925869370716,0.07279646105380724,-0.09292570358859549,0.03340803112076936,0.10715929186268147,0.09385598555017811,-0.035129180552922815,-0.02812111177241117,-0.06321147305587722,0.11039722701641753,0.03684600866936621,0.022201877434969083
ADM2,,-0.040653309318898885,0.0002676561602542314,0.014426600099710463,,0.05976881384605579,,,,,,,-0.007973589300192202,,,,0.008762325384682232,,,,,-0.03089913417181035,,0.015750807644849974,0.006537279393569352,
GAL,,0.011533794817953785,-0.01939965965427367,-0.008175468006669252,0.028389398607022952,0.06340385053901254,-0.03307574915062745,0.01500333128387427,-0.036678633115862704,-0.008810266556317666,0.012830621416506406,0.09309940548480569,-0.005236424773305786,-0.0482700660518228,-0.008087120632050169,0.09007567953843543,-0.037195310059992416,0.08394841878411674,-0.036109001704052304,0.02213385047959005,,-0.021809560262688564,,-0.0068968124654410976,0.09760932489076607,
IL36B,,,,,,,,,,,,,,,,,,,,,,,,,0.02743572126993108,
CXCL6,,0.014313127392158667,-0.06860748671769337,,,,0.08497569547814213,,,,0.02500757643277023,0.04644240825571065,,,,,,,-0.06260544904421705,-0.04521246409266729,,-0.015929596429354348,,-0.05945523455584683,0.07673561689146256,
PDGFC,0.012717604021466569,0.08394908132806754,0.01543291043812288,-0.05953998491086166,0.058474115859686975,-0.01088419516698624,0.014954065714618325,0.013280092896430885,0.1627112165223256,0.005803295726462206,0.016266837098753827,0.029960742813847103,-0.012132581544949816,0.04867109112668717,0.00011542983223614844,0.01928192110041045,0.04505443719651389,0.13307778668131512,0.022042058675672913,-0.02166889413913418,-0.0016272391326247885,-0.026816542478043406,-0.02917716188474576,0.047119652563159344,0.06330277578266619,0.01860334535755902
COL8A2,0.030842063311745816,0.07389237308554744,0.04138409387004985,-0.006677439871113168,0.0406461196677533,0.08708186787705903,0.014258298869612674,0.059588612767740114,0.11680143609096641,0.030310364190509274,-0.014633368352021513,0.03598708223939846,-0.0150044404060665,0.032176109638431594,0.0284209031366119,0.009216575651508458,0.0008765114020885935,0.17372995679804118,0.00024246410505604908,0.11694926369115974,0.053663562094395816,-0.021173478356310293,0.02234097455804192,0.09353172239199051,0.02590459843162808,-0.056518775836713796
SPON2,-0.020342647839167206,0.05247149833263953,0.021291435219713894,0.03496168985564678,-0.008259831773803608,0.011259477612122828,0.013864126565414784,0.09029840690209556,0.13184290051758166,-0.023830004992508997,-0.00908947806689493,0.008132683584926791,0.11659409710669208,0.03655614055945814,-0.014972940654859199,0.01775613847803421,-0.002654973216926287,0.08820925519851952,0.047434527139134104,0.06569025401297005,0.008438049540305827,-0.052567662683151266,-0.018440417239652607,-0.024540605899097633,0.10508120515920853,
LCN2,,-0.053448302854249126,,,,0.02771287283789465,,,,,,,,,,,,,-0.009208491616080183,-0.0178792340515197,,,,,,
SEMA3D,0.03748781351380889,,0.034743235073158796,-0.0003530814998801112,0.06085879060178291,0.02071405186052721,0.06237754676789705,0.03001111521566349,0.060298810355473347,-0.0361390871858397,0.003254244415286965,-0.024392121034814182,-0.03340717502038371,0.0034089779272559353,0.004340226514351397,,-0.010734624624072707,0.0029509108546873332,,,-0.04577594248613327,,0.13249999242320176,,0.015360081596902391,-0.05996114992777132
BMP6,,,0.004699085409856199,-0.03098284421150929,,0.05394789710942322,0.02121051116088848,0.03437701455192774,0.01828689272150606,0.0019040370265557124,-0.03200625060664406,,,,,,,,0.013120731081986437,-0.0007881295549781933,-0.008469132668991177,-0.05929433195344361,,0.07344197298217564,-0.026757579680362457,
TIMP2,0.00880146833799223,0.13260680142886194,-0.003510018014388769,-0.009652204012366319,0.013452065943345307,-0.06959390530461113,0.0059271506123386485,-0.0012235156617897325,0.11000328016381636,0.014199860299248133,-0.03237196979144606,-0.008495392416480944,-0.07324358092152154,0.006771706300822704,-0.1461000393490922,-0.07700696105819725,0.11972794404466523,0.07555219194210754,-0.058358642414617766,-0.09589077720623052,0.05571009714450805,-0.026776446175486728,-0.05068290694441508,-0.043029257541051316,0.012459067196757913,0.06255233852742925
EFNA1,0.07328212321822997,0.00625169246324203,-0.004970086076503978,-0.014315605601335437,0.13318583071136378,0.0003725600445854727,-0.03064422713674504,0.051953778715893364,0.0638638101516905,-0.058712777523609816,0.017133504022457065,0.08076670583396799,0.12797884162392556,-0.026034586171703553,0.015878510787427563,0.09659494495525162,-0.046436725569979846,0.09369120071323794,0.07968791449219068,0.07587206398514053,-0.0003884646452818276,-0.07154703274365287,-0.020990982995403282,0.04662056668734799,0.06817660267731439,0.030189389074593245
S100A12,,,-0.0281781596352647,,,0.06970151864029418,,,,,,,0.07122515895504918,,,,,,-0.030047193108843004,,-0.04480696474275255,,,0.011125802304061867,-0.04011143367717257,-0.07288315776084824
TFPI,0.025907875221681656,0.13990518884903924,0.03481588246827374,0.002643495496871184,0.055472285072429635,0.038677230005862234,-0.043179318577899264,0.05400078057464951,0.16897782907403208,0.016299871054620753,-0.007855450364933202,0.0747538821028764,0.11678359345432443,0.02601250871070611,0.03280705112095723,-0.038421738601468025,0.01541868422332445,0.12285151065989619,0.01962258636147194,0.06451134747988378,-0.03008900459837482,-0.032170550310821035,-0.043493078217108114,0.009742576418207563,0.04970238033036028,0.10554764615303239
GPC3,-0.022852184423011727,-0.00607665645494417,-0.03898971621686937,-0.048785097849918885,0.07668914273597638,-0.016251364629955394,0.03151210136454614,0.06817584409411188,0.05879741030010099,0.04914148340498266,0.025362276151426354,0.03521767545756625,0.01905677750812159,,0.007947783332767676,,0.04774128674877003,0.04885476765066482,0.11270936878168403,0.1906193318606086,0.008520303264753488,0.021404651548056024,,0.014932651725322921,-0.010461942942052098,
NMU,0.02484945554491511,0.05038175231391174,-0.008520681988224331,,-0.023594201214866398,,0.09402866742796938,0.09004393872027072,0.07349414218236468,,0.011237493713488866,0.05285143552953147,0.04234691240389539,-0.041615132269645146,0.021003774463155597,0.09148405781061021,-0.05120880259732525,0.09893085540931262,0.030671271505979522,0.1534060761747439,,-0.035610405943587484,,-0.019803213630978332,0.13373505666800975,
SCGB3A2,,,0.010822088080624844,,,,,,,,,,,-0.023422136902971007,-0.0317723627781444,,,,-0.03352236309802292,0.056802473966967554,,-0.053567894520753404,,0.0601801395528114,-0.009091820104651748,
LAMB3,0.056933242075211485,0.05888364366395775,0.03724906564823582,0.0009816972200183223,-0.010527342009586944,0.04257943229341116,0.060062651942937466,0.09593109225861546,-0.13745865609839872,0.014678296146189289,0.01599129863422584,0.05433034546985235,0.04754180249042419,0.0987230036706974,0.09568212256319372,-0.05323763659990606,0.051442328293004484,0.06191903132973635,0.019917110192648947,-0.0008720977928329663,0.05674926798835875,0.014617521022735322,0.06135488368348584,0.030833207461587585,0.0724060878647712,0.05864597819251636
LGALS9,0.012962824371456788,-0.009790381459219299,0.0013852464241111448,0.06699016749426034,0.024935868607094472,0.01575063940905044,0.028871332744253693,0.04489342380492908,0.16606849066140422,0.013602405275749256,0.017807224034057243,-0.05582023685450003,0.11316631613707606,0.05583777976219416,-0.022269025413761915,-0.04344552411742853,0.04401387817163887,0.01467968866518502,0.016517640713071144,0.06943007510794905,0.020594918861396284,0.013523365381417672,-0.0010994418415786434,0.024414250567070018,0.06045894844889438,0.001977483433020045
VIM,0.032728994256012035,-0.038599007565626064,-0.10307380751752605,-0.008427854322747744,-0.07882832939846221,0.002518189132124674,-0.10808884280239751,0.0034050864463394228,0.1702529735836388,0.013393518594343323,-0.0525248109724367,0.05323816068825618,-0.1756746066666185,-0.07386953938661191,0.10587691186988739,0.08114163971772462,-0.10957774104125276,0.15435085997584244,-0.01759912919929822,-0.1712803599501663,0.06427203257572078,-0.009386199963419935,-0.04901963297013268,0.05358739248145626,0.10598669133616055,0.01918558978079677
PLAU,-0.05515828667161747,0.08788617052455695,-0.0014392328857015953,0.01669669189031673,-0.027257945321630977,0.0015036652082470795,-0.05231216416121548,0.029166747010700125,0.1839498730843874,-0.010654669922028275,-0.018496392682494096,0.021465647059077428,0.06333489779661014,0.029101895789240956,0.1506090918501136,0.08964198845612924,0.06625782779712541,0.04786820798803852,0.0538862761431433,0.03204081492925186,0.035216502217531975,-0.011369387817880237,-0.0008716364662211411,-0.0070750966703200455,0.09933148625533617,-0.0698621860447049
TGFB3,0.04232754908276836,0.1309099508436259,0.007806214585080067,-0.027008221358668507,0.027614301099616715,0.04910542400451467,0.02744512555885597,0.06818447097580387,0.10573338773510528,0.006074062189792315,0.023471891427249682,0.01711510178426616,0.08187871138020253,-0.000793385738023828,0.09269291218646344,0.06783476985886994,-0.04479161496035034,-0.017913601462261907,0.06930815934146452,0.018824303830085116,-0.01862425826053797,0.06305961733498715,0.04102301341747709,0.008325432473185191,0.09058781737890184,0.008018358020026707
APLN,0.044892001004255264,0.015381898285809766,0.026358361654335614,0.007440406351729192,-0.014656962929193463,0.030018581064733534,-0.10538167255425451,0.04460347562372809,0.2023359183131451,0.010671608212336392,0.008735393431276302,0.037469329806258646,-0.0845629293193317,-0.05645962410141487,0.051640254969570434,-0.011950441570926612,-0.078882938728691,0.043752233446806496,-0.016150243125333457,-0.058356157636463124,-0.026349882006757336,0.048450291519957944,0.0419108094321181,-0.029090021227613505,0.09131520359407283,-0.06562980892959198
SHANK2,-0.0069510602021541235,-0.06762918222528799,0.04606180928352119,-0.015804540316367462,-0.03557721285312976,0.011343233169329047,0.13248244942878243,-0.024495194646075368,-0.07384210129023504,0.033291723093515455,-0.01586479305100273,0.042549138160046074,,-0.036110024221466815,,0.06608091593667864,,,0.06112946327297528,0.13809785581893372,-0.006527528633407146,0.01476679779790158,0.18718162310673914,0.054296820461619336,-0.038136644330829035,-0.03012116161668277
LTF,,-0.000780890524138054,-0.0246386616862921,,0.05231154696685818,0.019762411853910533,-0.09414128528507622,0.02171666145822527,0.1853506986669498,0.010077074905139056,-0.023900894070472817,0.055007152731114006,,0.036467138205169364,-0.23427264881053392,-0.03548630831122259,-0.03933125209661531,0.03755986854460054,0.030156773239082203,0.003029303406939275,0.06868678004280587,-0.05530486833009051,0.005295340539190008,0.04626981912790485,0.07149821875142291,0.0399890206733368
PYY,,,,,,,,,,-0.038380594284932235,,,-0.025923723883959703,-0.0305673114092383,,,,,0.011057709205596258,0.03585354536873008,,,,0.061657120470264434,0.10677295525056556,
PENK,-0.003341295897308368,-0.04617732328100106,0.03960673710618408,-0.019921996360222686,,-0.05326564912839826,0.07089154156092245,0.02672756189808058,-0.06828189667880753,-0.042577675719421997,0.012636440620458239,0.09545619325469315,,-0.005364598924089691,-0.02062483356226966,,,,,,-0.005464913540462983,0.06421752541737405,0.0017836579338280304,-0.05153064088975316,-0.09344359632647208,-0.020488081986941235
CTF1,-0.025173303977506695,0.054372008548102556,0.007797288386288808,0.018041996005224235,0.14324207419092336,0.026889220409574314,0.06857563978420234,0.009175672132220312,0.03669124818273963,0.006925540201515943,0.028653479878098347,0.09111210552278078,-0.020405477756037953,0.0671516342322891,-0.019493677759471466,0.03704034176698898,-0.01765062482004482,-0.032876537908603246,0.09214074069307007,0.11748017035027017,-0.028590102546354294,0.017956751541356956,-0.03890288722290465,0.10431588093410978,0.04804773709913643,0.04251199462732652
COL3A1,0.0051257223362589565,0.030753859100307923,-0.052016045577076155,0.0020115125625640587,-0.01699029189727328,-0.04446182814894066,0.01245665181976333,0.07255628080494224,0.19882764523821989,0.0025798449103143673,-0.05779650747342594,0.02581440094494638,-0.13689842156188103,0.09694405997147594,0.049482318705532324,-0.010532574975704966,0.0543291727348356,0.12887889029188498,0.0012157167340400552,-0.04333334511669959,0.059302709454932066,-0.02413301605835808,-0.03908718195733888,-0.1333003264571224,0.10926504706801726,0.23582444010659845
S100A10,-0.007484311688536727,0.007792779089206675,-0.025942832023184058,0.005511043306088599,0.07830511485142995,0.016153560512842176,-0.08226833619504882,-0.0511703458554915,0.16410566915960478,0.0234494445803277,0.012229597964098666,0.05507825134278625,-0.1278603536264585,-0.07277440631477844,-0.09194492270654277,0.10871240039493515,-0.09356691367414088,0.17843520657970513,-0.020472370955831782,-0.10327593366942005,-0.027032792390169882,-0.00844181274616956,-0.012422390710794477,0.04396485195740523,0.04863673586800215,-0.0626981186547506
FGF13,0.0016592337462243882,-0.030897324831697822,0.04662627964652663,-0.020854020069466548,0.02979911434321811,0.015732341509364974,0.042581579367454075,-0.01861845278825029,-0.09424175202065407,-0.006391631084085734,0.0024344260877614456,0.04063635918224541,0.07592458535057078,-0.024311507722234473,0.04598986515984077,,,,0.13471159449700126,0.07019502793264709,0.0617232104842145,0.017878624659130992,-0.0038585155758352036,-0.006519458013320777,-0.06400437542295717,0.16381155497237176
SEMA4A,0.0010091285013420213,-0.07520830086411165,0.05374406656626846,0.0054367660604987215,0.038227373681068856,0.0005536900715394806,-0.01350924467444234,-0.03395294899994941,-0.09610639526319771,-0.00821221820372675,0.01955851856619966,0.0027617291154376643,0.02733279554008873,-0.0456695957839045,0.041764486488351266,0.16145134037546335,-0.04980722564775013,0.029851474798357827,0.06798616436163092,0.07103752952311335,0.11769165856644545,0.015498131564590418,0.008974705571458325,0.06371081726861533,-0.047508000257841757,-0.001196314541934551
EFNA4,0.02901032489290937,-0.020353199890501255,0.010699936036710657,0.008983441206031567,0.030211448100738628,-0.013996141698090566,0.02653418609306608,0.04322517196441118,0.08047714580917702,-0.04369361902535353,-0.03169752241429754,-0.03313267813328884,0.04198684717052835,0.05074568128929879,0.07169671540602263,-0.00011200366261876002,-0.04248481812680823,0.052739148773687565,0.0012923926748064764,0.045041775084938195,0.01934158544066294,0.006057465963256979,-0.01752131873919616,0.030830208558004293,0.05320173656789837,-0.07062705897059407
HSPA8,0.020185473952546603,0.05628544233794679,0.05132510688556353,-0.006009922989832062,0.022215636605298083,0.10198973864498886,0.04469373763526968,0.017533147178468423,0.015894384521368016,0.004308851828689519,-0.014950555157843819,0.03405550111860951,0.17171596400392872,0.059040913029186515,0.040759859980112785,0.10270239376098318,-0.012316715666761709,-0.02468411196728119,0.10026650822471768,0.09617712897655717,-0.0569651057966863,0.008281059649811117,0.008460607512354786,-0.05262632956608427,-0.020537059821634014,0.09477785901810029
NPB,-0.062147747444040925,0.05320901113915355,0.010536563256942995,0.020361937046216184,-0.025802022692828584,0.03347277615304125,,0.03069214379770169,,-0.04565050548240162,0.0070686153265058374,0.015614884926536924,,0.0375699330847361,0.06014426877253512,-0.07382136393499016,0.01834967585556602,-0.0035190243982516803,0.015539516757163,0.02768648929229702,0.07535806614748003,0.11235276293835873,-0.026930985173260404,0.07222120704790762,0.07746550073196071,0.0033610280927600265
ULBP1,,-0.03691917880653592,0.020903965173932133,-0.02539098039857334,,0.04727009634247621,-0.006902062926206303,0.032351860654298195,0.022031375553920145,-0.03805850805260091,,,-0.010404758532019661,0.01791733491439369,,0.006264126662395402,0.04361986309040813,,0.041900497045007895,-0.027675455072527482,,-0.009099025337368557,,0.032887652801328,-0.016409986350279706,
SEMA3E,0.004565283997571941,0.08284454641843796,0.06529962419073931,-0.03293457708367864,0.086135842227717,0.0026506069407056148,0.05197436974933804,0.011740382678267932,0.007270520090509675,0.031162411049243128,-0.014244703835808534,-0.021053618383215796,0.006356775478553122,-0.006855668765988794,0.13187077780514792,0.044020224328609074,0.06985055825223634,-0.03656870939450178,0.04745472533124234,0.1467251248478648,0.03374291255874624,-0.041088185490050104,-0.022910469527940007,0.060990310084716344,0.021561340990698948,0.08809689658444655
FGF3,,,,,,,,,,,,,,,,,,,0.0532055283998196,0.19304204526869967,,-0.023942289953656878,,,,
ADAM9,0.03205592100091811,0.12978754431953748,0.03176135792617042,-0.008244075522000079,-0.008689498716323204,-0.03552711008564127,-0.02526440831741326,0.08172946111715176,0.1668055318475497,-0.004176276833311351,-0.020807055744503727,0.04962828910198723,0.09345959178707994,0.009198589773706635,0.006058611688386185,0.11843534834830996,0.0017942453889507447,0.08417292169298951,-0.01160236231783193,-0.06765999271370514,0.015973652459328434,-0.017054541257167072,-0.014157682862719918,0.09342271732005836,0.08555280096431778,0.05056354537230624
ASIP,-0.03247142914870862,-0.03181777643383303,,,-0.0029680128220861057,-0.0387801010169486,-0.008302861287133718,,,-0.05623696935503558,-0.029031345816548215,-0.044077555788877544,0.13088270465175372,-0.004609444614438064,0.08785152027446924,-0.049970487372984554,0.008843205985418007,0.06378348822648146,0.06840086570372714,0.14267310675485867,-0.007697839189663454,0.00442050327811596,0.003156439810609966,0.07709100101183176,0.15192495663372443,
IBSP,,-0.0033839700217003386,-0.024524303687723775,,0.06503247496606859,-0.08137603386237852,-0.014526043798487735,0.14150962648059331,0.06696493144797457,,,0.04167580511333625,0.028518110366965888,-0.01146339356348251,0.17024798516184433,-0.028920440880671864,-0.09624880529776861,0.1022708466505532,0.04179025200629016,-0.011752090983441937,-0.01510665698580334,-0.05865640324262689,,0.039079843676426876,0.07452027851404855,
MMP12,,,0.0015062474483131907,,,,,,,,,,-0.029202690919334827,,,,,,,,,-0.017171500888746517,,,,
FAT4,-0.006230071051329802,-0.06558719985123938,0.05430420991423675,0.010335271365160423,0.11294591797641701,-0.03045612860603775,0.05990982856414607,-0.00025070377592555597,0.07808329993890481,0.007474404245654358,0.0470826549115466,0.03943136470140998,0.06858718245942019,0.010505389186116855,0.0879085492208435,0.06704942546378609,-0.07907320395233058,-0.019271103100305876,0.06126897121675648,0.15650590976355105,-0.027504240588506444,0.04052924552015382,-0.06081293004240864,-0.03753153088730097,-0.03374708913149286,0.062439047137019074
MDK,0.015177428446958997,0.1186176354111481,0.07295674649262514,0.019418732461475813,0.0801711501276922,0.04154472586978086,0.046421281815385476,0.07987747121321187,0.18327164976033603,-0.011740224056135834,0.0320674609256364,0.0198146298445074,0.15913285552765685,0.029739257287748136,0.10283467084597932,-0.1374021727882778,-0.13475469359194212,0.06998984907442483,0.06902671076615807,0.1551569372115954,0.009099487636379593,-0.002419992427996876,-0.048932207201287034,-0.055443817131407024,0.05284754909711502,0.1777426898131153
BMP5,,,,,,0.008534864083840342,,,,,,,,,-0.012708771190542133,,,,0.07988476365402122,0.147722228515657,,0.07554205245642917,,-0.027279261495654,0.022826294275779844,
CAMP,,,,0.06890069869218472,,0.05357382879970591,-0.027212734143424077,,,,,,,,,,,,0.05324519676037039,0.09652171642082305,,0.08160594877140763,,-0.028777971125310792,-0.005863065261186418,
HSPA1A,0.035043407884273264,-0.040785151274492094,-0.036151950992739046,-0.03541594758490724,0.026771070342100384,0.025964214699048412,-0.0553790931902218,-0.04078405923519256,0.10061409570971644,0.013366009403580388,0.04386279625280091,0.0343244644402128,-0.09985108547379605,-0.021438523623511868,-0.0045317873650597,0.09168955994684631,-0.01403987003482197,0.030258230020582987,0.005975953422912273,-0.11480013635398574,0.02046325836936768,-0.0030443055935099844,-0.025383932194301132,0.060976548665383996,-0.01787287512724186,0.114512052735127
SOST,,0.006201102148894535,0.04598045266560627,,,,,,,,,,,-0.0006652193918823551,,,0.0014390153701526005,,,,,,,,,
SEMA3F,-0.029030847133974594,0.05612629617892805,-0.007846817805706617,-0.01659903128416036,0.07716410561502828,0.014386819349443528,-0.03766705404990764,0.07451035923609381,0.10261825472337027,0.0185475909224657,0.08520284080533831,0.028217107001977246,0.09897061442377514,0.05001666886338934,0.07346246503070013,0.023531782766062454,-0.00849138515509235,0.08482287361040648,0.1396131497565009,0.11940681976725391,-0.05424286112503133,-0.004584572210592226,,0.03190486721112862,0.061378724080491935,
ARF6,0.005163121849050287,-0.04166441909653994,0.07189574198105433,0.027306606406193912,0.014303318304352273,0.016884639315599248,-0.014004048151314308,0.08100562385481132,0.07414252317482486,-0.019756463205553434,-0.03284854074430594,0.05517153559333715,0.019476519897196815,0.05926577067241356,0.0005735512959526577,-0.020910764297437497,-0.1503400506448841,-0.04556303610240832,0.007088255088094641,-0.007986780880789957,-0.017355773859480606,0.0004291682947560198,-0.019207585600078375,-0.04366637196985805,0.07350411050489457,0.030213755513739424
IL6,0.007817811552112242,0.027691832826596322,0.026193206919779288,0.023051425171216926,0.024096697720051168,0.026661365269053813,-0.004234569931965479,0.028639900383335366,0.03534406279913467,0.002431426905487595,,0.06005224672736668,0.015389220728556663,0.008160680300766075,-0.017669350910258123,-0.12320668034358741,-0.10595061721895142,,0.08474220401478998,0.0690976879551273,,-0.04710222866845243,-0.07297270755583826,0.039830236393909535,0.09764454192862745,
CALM1,-0.02569487321268396,0.004966504981961729,-0.02693666115644873,0.01587321754857264,0.120804676542226,-0.08059321664669843,0.10872907834648321,-0.07538709820078517,-0.16083197645148659,0.05972426227129235,0.03090212865849768,0.03792387869324461,0.04683625468217569,0.01743466108758051,0.11761334299772405,-5.8844054694812665e-05,-0.025029589343223566,-0.05998055881458299,0.06913131258612354,0.0002472146979003543,0.02112602915874477,0.07115219119567968,-0.0603514536195982,0.15257906219971554,-0.10280057656953054,0.06363395405955827
VIP,,0.012800166946436584,0.04821616468075362,-0.036467293919520666,,0.07977382891304584,0.12691492499632384,0.004946412882397361,-0.009828796571701836,0.03435178639856782,-0.02989781523339702,0.007686074187967439,,-0.016207091681664138,0.18624412281913455,,,,,,,,-0.03609997429007114,-0.03952736379615292,-0.01137404797123534,-0.05274708394844308
NMB,-0.037862201173942844,0.20989392389961975,-0.00710224808559835,0.024785667177448744,0.04115136834129659,0.005482608323412547,0.03141603218161195,0.014859240062869554,0.18201041015599026,-0.04596778818291629,0.0010603875072393138,0.030153572900994647,-0.10972939615251484,0.03499066342150555,0.003568850637517463,0.029833398831960765,0.07172000641092044,0.1301269695400079,-0.030892177181074284,0.12120889060648944,0.02433193045462263,0.07946169542010177,-0.027275416495441112,0.09931162207978969,0.004894605567878486,0.05896432427893685
CCL26,0.03038018473021886,0.020185560488945407,-0.030456675812279035,0.00026845314876136275,0.10037977987769847,0.07606111028153184,-0.06470997141064093,-0.03666847588622172,0.032613357209475356,0.0001858524616674081,,,-0.04683466956734326,0.02839375394930258,0.03625650257718021,0.0652923223363227,0.114126853998698,0.10251870207011317,0.012800266029972722,-0.011810027764790515,0.017165149371249334,-0.02489653025627094,,0.02764845528833058,0.07710075835512369,
FBLN1,0.016036303843387178,0.030169988649837293,-0.02275776547083488,0.01216671276822486,0.0007880004184861383,-0.07125659732063427,0.06493375244226113,0.042461630479798326,0.10360394633155164,0.004874356803429167,-0.06658131101143924,0.018568509231545727,0.027077857791178574,0.04790795328405891,0.09035680275425692,0.06110013298187403,-0.026579678833391962,0.053376634115814205,-0.022703434930508207,-0.0006749825988359775,-0.01884293698242779,0.00539929021887652,-0.010557987193758491,-0.08629540547946617,0.030993603869031595,0.04672837783074074
SAA1,0.020554507491861617,0.03149037779438001,0.0324187121933332,,0.07635108969296034,-0.006611333114355378,-0.0806210914526929,,0.08289613997795607,-0.030043037177936705,-0.022122988653799566,0.007094721054119477,-0.001802403059055157,,-0.08406692548155677,0.06062631191227254,-0.00784711094088137,-0.007536941855546655,-0.015573510936255195,-0.11797218144877662,-0.04610713823778763,-0.010448374754008337,,0.054437253739869816,0.050236593362954364,
MICB,-0.0407281416374829,0.058818712823277025,0.048044602406078565,-0.017895179270146094,-0.08250849834905355,0.07238933191120593,-0.009952155328842568,0.04980060863260389,0.0868246385572174,0.00884119844437479,0.008354418431849829,0.01876958975624121,0.004451684306889963,0.006527597669723582,0.021897375475797082,0.047622443745230524,0.06120285166899336,0.022828593402345037,0.011556022746883785,0.05409347054105033,0.0024934349193313373,-0.05186198772282598,,0.07839529259811773,-0.007173899785108589,0.115772824577715
MMP13,,,-0.018376754261733495,,,,,0.009635661738317843,,,,,0.0650345738013463,-0.029130411662666188,0.060635723712303954,,-0.023624532734751992,0.004483443473032889,,,,,,0.0656084490972888,,
F13A1,-0.036981235551912545,0.039786209915197344,0.015076840076148556,-0.023666147086500944,0.0389450421059484,-0.054272942720937974,-0.025334833808770784,0.022949402161535543,0.09794888885544045,-7.81853424128834e-05,-0.04401519464565904,0.047482497068291454,0.10352050139169938,-0.03961073070783621,-0.042823380074485815,0.07670446014294925,,0.07138889561667529,-0.04062163871101252,-0.12565234861896477,0.052415470025847254,0.007978067367135392,,-0.048559875897346366,0.03391242306395349,0.0009328952618513676
CXCL11,-0.006047955611125948,0.10233203852958728,0.004735696795658258,-0.016848811448925107,,0.010736509684599497,0.021935387075666387,-0.016706597753033316,0.12131281857484907,0.0493483199926122,-0.04398077122021097,-0.02556023747581865,,0.01395123191514176,,0.035167385016455964,0.006628291271072411,,,,,,,0.02231530040667583,0.03396569583442052,
COL5A2,0.023176215299680402,0.15774226933361973,0.021668786282526054,-0.018152817907865246,0.05104235658789223,-0.04450450205753017,-0.022022631816235892,0.06326271118251743,0.21812981529867936,0.009938410552313872,0.02724945850139354,-0.004289554404550428,-0.11067128308017196,0.02401968774633334,0.1633036929676747,-0.022937080867850485,0.014275652903923906,0.1668910851157359,0.015796612242579285,0.0007501190571162473,0.0514225144857091,0.034386528355504875,-0.061619775707810694,-0.07079608075430845,0.08097307615834168,0.11993809129990829
EFNA5,-0.024750268090564024,0.025022379779171364,0.03591738705903171,-0.011260464284934315,-0.05018961094817773,0.00847942263543492,0.0967199286130734,0.008519259886565142,-0.0653556191203955,0.021777627228466812,-0.029794599362757187,0.032755412224181255,0.04806426196730055,-0.0639486640136036,0.06656525013268164,-0.0031302654677048862,-0.07474879418470651,0.001851886977454758,-0.02851709419800047,-0.030055320422907553,0.07099850355244133,-0.0009712166198310886,0.0622145451360164,0.11849684152331602,0.05612756053596361,-0.02561834064680813
AREG,,-0.017764628615475023,-0.01306585217163499,-0.01707807209122478,-0.0893936054310767,0.011696833984211216,-0.08093182213809123,,-0.016547866129990034,0.004799612060029849,,0.01858031984723648,0.07586976003776326,,,,,,0.0677064342428513,0.06585836559331056,-0.004776388940788472,0.00831467624923918,-0.045559520623952535,0.0011123777425943338,0.10605055894017555,
EDIL3,-0.0033405650651476587,-0.021104413301658548,0.07290345465927676,0.003000056423220631,0.032018064734621175,-0.006556708833334317,0.06823496775696339,-0.07221194935555467,-0.1875080049978876,-0.0009555243878635952,0.021841103531260026,-0.04018916703054591,-0.12667042475585683,0.0035470120508390543,-0.13419805223878845,-0.041416680279364425,0.0694086681349436,-0.1534965766322792,0.0303489207894022,0.08209592480191072,-0.03509339368561697,-0.01686743245973787,-0.013710206458663539,-0.033949555192731774,0.02626295110205856,-0.0023902340648859653
CD86,-0.011164564144127094,-0.013151016860583576,0.043010552097576066,0.009220973475821705,0.05532138459423876,-0.029312800483471017,-0.04373440949000879,0.0473886655933492,0.12492526546152415,-0.028236048523952884,0.06274054213205411,0.07788664097292736,0.02497672118743546,0.07490541373785514,-0.047314615675817594,0.08489328457025895,0.10447400293639131,0.03485552404742707,0.045022810293838346,0.07942325182520014,0.004902109740742002,0.02988997734155442,-0.04400552392099258,0.09826280973498823,0.04934436304577605,-0.09261442828325492
AHSG,,,,,,,0.025252310283923607,,,,,,,,0.044571403208705375,-0.012172646460648733,,,,0.01613213174010529,,,,,,
WNT9B,,-0.019450834723031874,,,,-0.00665611806389587,,,,0.0779839581145005,-0.020202713948693298,,,,,,,,,,,,,,,
HRAS,0.0027119642387022553,-0.0095990355813913,-0.015288886124221602,-0.013456187411460858,0.07091413337643791,0.00012163637489403313,0.05544339365354661,0.011660424060435697,0.05603569336714606,-0.004214550320103433,-0.027078887732429162,0.0344975259873869,0.005634430951890859,0.03349191748325858,0.03209367654087743,-0.03711209613309912,-0.06953271753529572,-0.029107718184061316,-0.06793669964286364,-0.036522628115974495,0.022780416967756352,-0.04691082359126761,0.0293427922908675,0.1031060489419194,0.07155499664271693,0.0016419641645173207
C1QTNF5,0.018589123109885523,,,,,,,,,,,,,,,0.05128572847368499,0.009966695721997997,-0.007436691082376134,0.01911960803386509,0.09343200550481617,-0.010072692080383942,0.02881466798500422,-0.04242836287926802,0.05281758376083296,0.12488937742757807,
RLN1,-0.04131708249255653,,0.03285323704026507,,,,,,0.06298599181206214,,0.029260123022562836,,,,,0.062497889800675714,,,-0.04555682242914779,0.10000843668400441,0.04723934389890991,,,-0.009382179476908609,,
COL4A1,0.050472166580171805,0.06809285143168253,-0.008596899827243334,-0.009313372753324708,0.027857289205683818,-0.04996371777549951,0.040772464925272575,0.062149014704351684,0.23310906430178838,0.0058841397769765595,-0.015681677582021714,0.11639038408220169,0.20340738435911027,0.06213816123808919,0.1051336816598074,0.01201256277136623,0.053160878778497005,0.15087180648666065,0.04110314871805881,0.04773757681438431,-0.005369344036505954,-0.047598523377975176,-0.012084839834539932,-0.10246545055039605,0.056728420322057126,0.0830749955332033
CCL3,0.1240230580872454,-0.0193105732404898,0.03688413314520438,0.009126337247234597,0.07266198329075402,0.07677727169027816,-0.10623891051527604,-0.018388094488190173,0.10265712947465648,0.020134093987273064,-0.0033561638236520273,-0.0019952732671582665,0.08248234784516022,-0.008045839793643247,0.01603896851441571,0.04128585570204044,0.0651708668715605,0.008390065836374354,-0.10448911196928522,0.04957093558153919,-0.011774951405839786,0.013515397005724773,0.06202228746240347,0.06712587502663789,-0.01455677780862828,-0.08769734410085853
BGN,0.07815999435460382,0.046451027358317395,-0.03177738663207756,-0.010194483260035228,-0.040187023650103994,-0.06620504154208912,0.02204292916312653,0.11152068444331246,0.10672320287084737,0.020149957398981913,-0.05046870707416422,-0.008751474595187792,-0.12091362127887338,0.006126539071829105,0.059681840849922986,0.0059205588732129995,0.05231409358161849,0.07014822336628088,-0.04284429886492146,-0.06395614974121414,0.011911523217568198,-0.03430663193127479,0.018806058594720385,-0.08121979818575374,0.009661072312154486,0.000834663089378948
RETN,,,-0.020899758898538175,-0.0193108266921772,-0.027251262678185603,-0.022197033208600232,-0.04712681147764969,,,,-0.019380628820642818,0.020350240571967698,-0.025534874169058246,,0.0755355559149637,0.05739666968381638,6.11631259739905e-05,,0.0331007795800069,-0.03393733704473684,,-0.03804328092303642,,-0.031264097626619886,0.04466384824059683,
S100A9,-0.011748630796846453,0.040521579214510155,-0.06774498680890455,0.03835968831505351,0.05160113865629977,-0.007101796678831965,-0.01841988845935797,-0.024876989579000537,0.15534899966452292,-0.006205806926348042,0.04498597583073963,0.026777595417680215,0.05377362207980623,0.04131514550001266,-0.04634731304142549,0.11305765808371342,-0.031542114131822854,0.10098087233569246,-0.0339261768969851,-0.12727637387953544,-0.015267487011696553,-0.01768677801628322,0.0498891707509997,-0.04163371897091647,0.028009232270897796,-0.044681931023403766
HCRT,-0.03220018173160663,0.0298617645257847,,0.010239305991551265,0.04079252229880251,0.033819494658934364,0.026649702509519254,0.023094073374006596,0.09283129092778482,0.004856788895723868,-0.051845448506785706,-0.016279928401844185,,0.010440504414093213,0.049613193612418165,0.07154843855635612,0.03198458771438479,0.039266824163075684,0.03651888711517558,0.04112900695619394,0.0834974389678083,0.0272939972283506,-0.07079799366069531,0.08812361467700584,0.08651933235462193,0.16168303268403733
FADD,0.07079848565783137,0.04563830873350003,-0.017286270602206836,0.03774453500773288,0.09470732617455863,-0.021843618021151645,-0.020350539004437097,0.1118863452638522,0.1546102492982726,0.015114715754657858,0.07117238459066835,0.01797810099219988,0.05250092768316781,0.0327223639301124,0.008054677894648256,-0.0070486653401921374,-0.014121478479371341,0.12069223459267356,0.057370182211773944,0.11822985504562769,0.0036273921763482924,-0.01486373423623621,-0.011070956108261119,0.120908466861241,-0.017543210345884214,0.007541434758561649
ACTR2,0.00030302297294300975,-0.07714763058403847,0.08714864881785252,-0.0431210466962079,0.06758848126871123,-0.05026923765623575,-0.0382203470280898,0.016902249885150534,0.012847908591112522,-0.003552780927102755,-0.007997643198262338,-0.03473882385619169,0.06448439282919513,0.02443055002627083,-0.04940730767280946,-0.018072492813783234,0.05484409640648927,-0.034578160206207825,-0.06974759344341959,-0.14444897915920243,-0.016597167304187303,0.005811986506117216,0.006715651026017683,-0.11358670355445044,0.03788872085080287,0.022989652777120038
BMP2,-0.020712446204998784,-0.015886927081566093,0.02341602417627303,-0.04694404373191263,0.0643041253169042,0.053253713987186924,-0.0618762402876893,-0.01608961078685057,0.036009769625054505,0.04340299555481594,-0.01985177713915231,0.07014765217589451,0.030526596659083867,0.00855290985490508,-0.005289909867467798,0.03776339749599113,0.0318399625065516,0.16831738262582868,0.019969549133156173,0.11737706656979259,-0.08167868866868455,0.031225731388787245,0.04663537953202937,-0.02247115506437992,0.06624326336330724,0.03891862574273494
PDYN,,-0.05876179121955443,-0.002208768804693101,-0.030866799283036667,0.09039156630163014,-0.014975335979326787,0.09059250562278638,0.022190328156921377,-0.15232734947478566,0.002402976851251042,0.0434686385577365,-0.022759214367766026,,-0.01028471642895542,,,,,0.03746749207684343,0.11189915542345658,,-0.04438053918423321,0.08068984066360117,,-0.019009819277200725,0.02808385279630025
CD55,-0.007396614846067178,-0.0038326863107791104,-0.048885428784846696,0.058478192799208,-0.03497301678843871,-0.033777120436115596,0.0553354528575395,0.019777539615224188,0.02324143017339238,0.020349051077983387,0.018087165744124594,0.02174505432777307,0.10087253033989445,0.022560071195755926,0.024075962933247957,-0.014186167689223534,0.04005370860639921,0.07407728662707382,0.033983540442634526,0.06491868002825296,-0.0009261033212216457,0.0036399092937649596,0.0452807836460825,0.01245120287898647,0.0664589217950835,-0.009182367867604492
OSTN,,,,,0.025184534019486136,-0.04642905424842113,-0.04164046407468338,,-0.005420641650419981,-0.007019155772934945,0.01275291306578646,,,,,,,,,,0.10580187569928859,,,,0.04164811175109432,
PDX1,,,,,,,,0.07168738404535653,,0.0030246428388853324,,,,,,,,,0.03155754277142507,0.03974638779246462,,0.07804424064858864,,,,
CD6,0.032700476276728674,,0.016721141670092362,0.027665380716449552,,0.049165772057712415,-0.03288515236546635,0.07241507929033757,0.010891145216675578,-0.027844415680420648,0.00025332354744263757,0.020126943354366867,0.00269994436275106,0.04822819532823303,-0.007914003022867426,0.04919131609702671,-0.04431011380452482,-0.0940215338762799,-0.03520969009699542,,-0.006452563055284164,0.013106979077869549,,-0.009602300423884493,-0.061863840118562045,
IL16,0.016588585778769933,-0.04019255929713538,0.057270977121417634,-0.03142719968815378,0.06273722175838117,0.00781364602067612,-0.01433360555628726,0.003487084011844782,0.09491475860397407,0.03462409330087565,0.015967654716052354,0.03136697883638905,0.13501730321177927,0.014854171572138508,-0.0943003039519962,-0.0008633870794672189,0.084643803758706,0.0292625874149436,0.05287373047605869,0.07351232233252528,-0.024690553914366024,-0.02371039975356276,,0.029453230187295797,0.012089384937266155,0.05174736080630437
LAMA5,0.003924532920052177,0.10670705857461239,0.03978029049296249,0.02274882328547153,-0.0417209729838616,-0.02398184437570457,-0.02968452601492369,0.06339828380934748,0.12278850254426711,0.019659690170907747,-0.005754605826175386,-0.0035231252783080383,0.055698164715817275,-0.021219047370910144,0.11465887454577227,-0.026841538346882368,0.07034353290162651,0.1340206153285921,-0.001497415380526145,-0.09749440449106425,-0.026790346343392755,0.011590715910863107,-0.05367127222002662,0.03187010410703565,0.058797763700565775,-0.045776303770570355
RGMB,-0.008393069587360505,-0.05090820041005279,0.02498925338596937,0.000999806771363893,-0.01159691797301866,0.04266467227554736,-0.05618101234748396,-0.009334046246122081,0.06924249917928298,-0.0055051624177355875,0.0632459577952118,0.010970256289053173,0.06447759761860165,0.010968749543393504,0.02079416984485842,0.04299853651472614,-0.01692479755129649,0.08771849221539359,0.04097676640995156,0.04796135874891747,0.10332218354317145,0.03680552280500959,0.008162594001176552,0.06971605369801603,-0.015954109821217366,-0.024132689936922733
INSL5,0.0505214320217934,,,,,0.020938041447142584,0.03854765167207636,,0.026528154617399144,0.046077436717865634,-0.0076633533291940465,,,,0.03185798822405564,,-0.034582681087612574,0.04456270988967488,,,,,,0.03623538168702824,,
IL12A,-0.021802565986013704,0.038574167602551085,0.1070759279563409,-0.026494355399590757,,-0.04129653739873897,0.008731300477546782,-0.011453335107457129,0.13153142905195142,0.04772973779756948,0.03510408433592244,0.02920840623423719,,0.028541053824288686,-0.009738202166937519,0.04467487665561198,-0.0054343795030114645,,0.031197304942477022,0.10046490656222705,0.13236439665496208,0.06491073068379702,-0.000924755561479046,0.03937814401747895,0.04648890463744032,0.08731343908338703
S100A8,-0.008430101786263923,0.04338352147111035,0.019268685469887668,0.008836497001452812,0.05930062397952249,-0.04687147956801137,-0.08368865615777062,0.05503644135162875,0.1889890281646996,-0.00015912061215552726,0.011591822950191876,0.0335011683374184,-0.00011033226360332415,-0.038148545637442285,-0.0997392517804489,0.1682096928412344,-0.11109324166746666,0.10763563823238498,0.05397057362664287,0.015889736819475673,-0.02498775643543189,-0.02524084243517494,-0.051803404726073574,0.037684688704883104,0.04288157190234776,-0.08466785440838254
TAC3,,-0.03780960005008362,0.06284689719094241,0.04621857881431981,0.0942769768806996,-0.015397153118301718,0.09318287574103395,0.0172882212972829,-0.0810887677386204,-0.02969870551120568,-0.008734321852438911,0.011688558776596992,,-0.02097156552298856,,,,,0.059026049319047376,0.06985070852887942,,-0.02313198260656748,0.13488253465721373,0.056909719829796986,0.025684763487490894,0.01807616355364221
TAC4,,,0.06141547605494817,,-0.0006925127695073331,-0.0023218196448438304,,0.009191679627923922,0.08657741047902433,,,,,,,,-0.05919170031547269,0.1128953163097799,,,,,,,,
MFAP5,0.029598775134837944,,-0.06602548634070163,0.03591220415700842,,,,,,,0.016125477291938875,0.0674916066160385,-0.032414219350239325,,0.0033415957670748526,,-0.11268553281428355,-0.032337875965651984,0.006328893668487102,0.10874992691063656,-0.012588733455476085,0.07017254449979898,-0.04296356332306255,0.07059032766187061,0.09991919501765616,
CXCL16,0.04198946054015444,-0.07230400947865817,-0.0005792703480988789,0.025264346619284363,0.007763576614573085,-0.06155096033414741,-0.07622008066902465,0.059254468241960595,0.10358697082702499,0.05203149385120653,0.014940911995952828,0.0377316913634573,0.03888000250846643,-0.01939912684233586,-0.04271145480344592,-0.08836211907049127,0.0072103153402598204,-0.010907329221956344,0.07404420532788387,0.08795921648610651,0.08238444003086448,-0.03800611709877003,-0.01683120217392138,0.01608488844722661,0.006913985362665365,0.009651365676757954
AGRN,0.02401882552460499,0.10312349324918041,-0.00930087456572667,0.03700254961171153,0.07476508824491179,-0.014726557395248486,0.023674954891043255,0.11261327758296982,0.21503032464910982,-0.028005889332877756,0.02616260206341708,0.021543806116614266,0.04970127511337382,0.0633674289771124,0.05103238055778666,0.001765760530740428,-0.028271815133047037,0.13383745491333812,0.08713597760620091,0.16945997324004533,0.01938995000160145,-0.009919958229522447,-0.006628557332309562,0.03891566465879081,0.13513458822118496,0.13451972156032418
COL4A6,0.03871639452636202,-0.006065881752205659,0.029101516703442985,0.060204653053451095,0.030026822263951584,0.010519869854468927,-0.03733470876514153,,0.05909440665724148,0.0038985826845844207,0.043802963489364945,,,-0.009572334836163295,0.053917903397994627,-0.029398839841125582,0.048566530442462764,0.08188933800392242,0.05304834887164264,0.15341106583826775,0.06338489963420864,0.023273164009392295,-0.012360122732650908,0.04036777569485899,0.05878558494853332,
FST,,0.04829820132204909,0.06867571640592228,-0.016933540000163835,0.037729395194124465,0.015423016035688249,0.08882607490712137,0.09895176615060658,-0.04607716002308814,0.030246599026268337,-0.046396305647791763,0.0014378179337927732,-0.023752391066544132,,0.1323910880820548,-0.04993019718166122,-0.03998871299899845,0.09186112296542245,0.037838539285949796,0.07437543662861332,-0.004827677557174669,0.01646053762069522,0.0699528425792552,0.031532244891643905,0.09187543427695444,
MEGF10,-0.0196975788537919,-0.024512579629636752,0.063892506406629,0.018011789078923156,0.09605936855891502,-0.027986085575139777,0.057769772905023185,0.058636023834168244,-0.023146166854345306,-0.006475329268793774,0.03348055963839105,0.012810240690266785,-0.04087763074471446,0.05226668834283336,-0.034267271038440995,0.007326400005298028,-0.014631375468174298,0.05161048906329252,0.13618560588765663,0.16243588081245058,0.01729107686591867,-0.011347526122871538,-0.06045121937331879,0.09226263611339779,-0.043062150764271265,0.004284237713684885
C1QB,-0.016306305585869058,-0.07173253899203631,0.005775529276257078,-0.003467120587867027,0.08199742563226071,-0.03850338929154874,0.04023361637913586,0.02836845069833895,0.1738941409700599,0.012922876446282152,0.030375471797603804,-0.0017937702060684367,0.17143093401270634,0.04526879566992942,-0.16288849730846502,-0.10914747800483687,-0.08309739724494511,-0.02836366547447671,0.12531387176154182,0.0968933184891329,0.10103649745327985,-0.09444276757097862,0.03205687106232389,0.005377198134259856,0.06745610976066606,-0.04940786678127986
HLA-B,0.022307191796109658,0.20676272600251977,-0.026594845843413307,-0.04863173877322465,-0.011540086066576333,0.034594658539316106,-0.08752502510854339,-0.006260132915896915,0.17599470309657925,0.0029745812900597553,0.019583311272311846,0.034378896689334075,0.040075095117293645,-0.00956706264746232,-0.053228401527824966,-0.06442849920889779,0.005541267523559638,0.09171810408425808,0.02052032966986181,-0.09765493869204171,0.03978098286798875,-0.04098232522605742,-0.06222500717166821,-0.10786404451380929,0.12727230097439893,-0.044330221607793784
PDGFA,-0.003901510067037449,0.15383435246211621,-0.037108304182126114,0.05220667647244746,0.03469759398344791,0.013915723583350815,-0.02592986686681934,0.05215556246865056,0.030251140460135023,0.007198653358633797,0.03874348648212277,0.03978275381878319,0.019993511160248004,0.04425443577052351,0.03622251353286789,0.08006081945345665,-0.022545164357147564,0.05441660800587035,-0.0023585008138216307,-0.13786405247070413,0.012856951195264386,-0.02536119955898543,-0.04930561083357076,0.019267574694085847,0.026401657810362994,0.00826608281791635
LAMA3,,0.030328544346263503,0.012115785194310457,-0.02908075641177456,0.05025867855626335,0.02269232991357126,0.03864170583490516,0.04219026216023314,-0.0753916923794893,-0.01684297888165539,-0.030285952228663825,0.01842931157807237,-0.046167870587830034,0.04777264162131864,,,0.007149848542128692,-0.02117657067321958,,0.005813208866065096,0.004795241190978845,0.04681550476002976,,0.01894395447779818,0.032632882334116986,
DKK1,-0.028248587785224745,,0.001036624298376798,,,,-0.04996659579259148,0.018190821968166206,0.005570939118749948,-0.02773446346218631,-0.016699454393678585,0.03723579316818317,,,0.07510749025378924,0.08498147536052948,-0.029973271882414585,0.08394256160169938,0.1122939274012425,0.025617762595874588,-0.02607696272383453,0.06389259962888405,,-0.041399237268307895,0.11709908996696192,0.10435453835976874
INHBA,0.04362384261350354,-0.005980237135235464,0.03161144151234354,0.0058066601585259016,0.08800225218781897,-0.03651922671242409,0.08131754332778061,-0.013964537147553236,-0.09050954602658784,-0.013942771017980702,-0.03068718439526167,0.05041317716581694,-0.005677068374560847,0.0178092616817641,0.014305890689751799,-0.08673855298014399,-0.005103654646625935,-0.04402940196102706,-0.03285797069149354,0.01760868265771403,0.040905080404884324,0.023788517305013687,-0.018361422335011895,0.017381486176498755,0.048208213397287904,-0.09061997448833116
LEP,,,,,,,,,,,,,,,,,,,,,,,,-0.046756608287688545,,
IL7,0.07772660842910155,0.024133744963387743,-0.007930660178115872,0.01250767603931579,,-0.00831418961271256,-0.01832579338945304,,0.007134031766945095,-0.025213481105231385,0.04638689731449952,0.0020646207061128337,0.05267759748427029,-0.028132514838350116,0.03421526364791241,,0.0700938833588653,0.03568884354382007,0.08178637459960286,0.05871843809600908,-0.04231020236606019,0.029369529595593524,,0.10744652039534834,0.06931409091216154,
FABP5,-0.04609286603859084,0.16889280753063482,0.11397038590569035,-0.03848288049488044,0.09954787869512563,0.04819432568520176,0.05225999522388134,0.0317951149731314,0.08089935703432459,0.016713688909681685,-0.022305263834887852,0.0912651328110883,0.18893211189858058,-0.0003384444273013323,0.13775512351360547,-0.001932726533671411,0.037746684434396056,0.05343073602723482,0.06672806383068286,0.14292091383917988,0.04158854671550895,0.021333569313464685,0.0024266369739936186,0.09424525950244722,0.06831824996092035,-0.04484399622778655
CCL4,0.02191892529301744,-0.013803415216619616,0.0038361216091931344,0.03029752365174046,0.08890434113684303,0.05705035490008329,-0.0551869521143409,0.018640486284978747,0.1287628454849027,0.04548173007144209,0.018183020821122532,0.04550712774384459,0.12200312071615955,-0.015382445834463802,-0.026453370651258995,0.01634237485451995,0.060314356086848736,-0.016139840776542725,0.0085489882543248,0.03377923980453607,0.004873592496727953,0.07256908026973016,0.04554361326217866,-0.029703170495897532,0.03327740783669804,-0.1252906990461516
FBN1,-0.006837566847586763,0.08437244771421566,-0.07071305455128259,-0.013568156127531924,0.004649098674472507,-0.01663547002533185,-0.044985578239367434,0.08935223584801766,0.12736391411050235,0.06158579567365147,0.039366710195104564,-0.0291428928919994,-0.07987057577786945,0.0018871967726325036,0.07618797864610885,0.04813734454955031,0.021460005310168253,0.08182448976375122,0.019084576973241604,0.08533144112991904,0.04393154337925157,0.010570503291431707,-0.04011665459382797,-0.04646680051957863,0.08418913554533934,-0.06779354436338166
TCTN1,0.011865198702741157,-0.015448083873699017,0.046541002390797906,-0.031535422485708425,0.06523396130097378,0.020626277173994952,0.01977333341293854,0.025036519415476476,0.1961875624564804,0.0006459591918208948,0.07170067105367921,0.007898351923205772,0.09147362934917241,0.023342003054515597,0.09157158874999029,0.03576025470187667,0.003982596769163076,0.10720383120079624,0.06881554021945951,0.06127248020169318,0.045293847006813645,0.06209676341759598,0.0006912115911399936,0.11089603809473508,-0.01871291618329619,0.0756394732455923
NCR3LG1,0.07241985911154368,,,,,,,,,,,,,,,,,,0.021565007384566185,-0.010335782946107205,0.041092330026897605,0.03906966864240833,,,-0.012498847163739984,
BMP7,0.032518684187183865,-0.022350331302767618,0.009550791648736952,0.024523335380654335,0.049555856514769396,-0.027124267001415292,-0.027945400309812074,0.05447349247868274,0.05207473474301405,0.008456801853993291,0.0515810841790603,0.024246572895568787,-0.03147253157393557,0.022832997179950996,-0.04497580080399444,0.04653472624482265,-0.02643928384203902,0.0219014385369068,-0.0025115728423666236,-0.053574372719597106,0.06892867960751688,-0.006333172682361229,0.0897425317711483,0.1590959032872045,0.05140069198979258,0.01596666565614882
NLGN2,-0.01472765421416805,0.02550764512585336,0.08026960700805606,0.05702513070016517,-0.023065037141600964,-0.0231649887512768,0.04248007987942657,0.0463863208778373,0.05946908268473948,0.010312135619115875,0.07992188620549705,-0.007753152572831672,0.08258630382621113,0.05399951081139435,-0.06311395137674121,-0.03942011437684946,-0.08026457818664652,0.0023704711033749456,0.07657194932521841,0.1754626785206639,-0.03829797540241743,0.005614295274896511,-0.09412081100357005,0.09690540792382453,0.018097276721791917,0.10751251266472192
CCL25,-0.040101000497289076,,0.030996379008241707,,,-0.029373032340252878,,,0.038448870611168515,,,,,0.049757805599114836,0.10876060010525615,-0.03789762231680828,,,0.043552370963847495,0.0771880796054208,,0.026765104784745322,,-0.01890712785543957,-0.013488081080942745,
NPNT,0.029938099718019834,0.12108183408689434,0.014467783313879911,-0.006338524730774921,-0.026310140646606906,0.03940997671358751,-0.010203115625320818,0.00852457298521443,0.19062375566687048,-0.014770559906706006,-0.0043237470035414425,0.06351583406468299,-0.017052614646449978,0.06060990782145875,0.03222259857313192,-0.10597211889303068,0.03548384919357904,0.08941901757791322,-0.005565316763801831,0.0644571096680758,-0.013115136819349543,0.04769921872887519,0.03555526002218086,0.11091092168690474,-0.0952208239907898,0.014577060259085102
KITLG,-0.018877896921871806,0.0478287138831733,-0.0028988404750576705,0.025641179234505016,-0.06350980164757347,-0.0034903961833029303,0.002478946539076476,0.007318428057805664,0.06557189086072375,0.00584802600450404,0.027878574652936593,0.05089489814068324,0.02797916907947592,0.032229316207282935,-0.008343726338692002,0.03716050407067265,0.07682453649136933,0.0918061084513008,-0.012578392952213784,0.05356967141657952,0.01129285351783228,-0.014261899114044225,0.04805612216733571,0.12676557512032283,0.030764108571579903,-0.03525662453437241
MADCAM1,0.005769429053250726,-0.08272766095041183,0.02135618850703265,-0.001081110538799351,0.044302693308880134,-0.008665350814757696,-0.015191637254457189,0.08093303062629656,-0.03609201540557753,0.0365340881069958,0.05653374425305707,-0.02968338869587776,,0.05196433863678786,0.008745864710399044,-0.010010233653337464,0.07695740617867708,0.003748453790142907,0.03199117257179422,0.09762178020445757,-0.06107990863426736,-0.021011325933681657,,0.0946701658785635,-0.010605468142711398,
F12,0.1146469073277607,0.02450800839688968,0.005774032534743372,-0.0389166812696497,0.05391191328388731,0.057652507604024864,0.05799281564162749,0.057938183374101344,-0.028500464418421412,-0.01452918084338293,-0.023685259572381743,0.056508489861148016,-0.03804811009284724,0.03714570305842402,-0.04453076989535693,0.023074615175328904,0.06162904824458833,0.1276926342857896,0.1089224276317858,0.10137946886704698,0.07218527626696013,0.0878390016065911,-0.0025917843291076823,0.033428800682321534,0.09575596717477279,0.07932759760090473
S100B,-0.0010882679473627089,0.13537218751195476,0.09694171223346129,-0.0698587929260073,0.07224203407037849,-0.019983960930422144,0.09572296161495228,-0.009646142446457666,0.09379167714566614,0.017689137133060896,0.05294499983043508,-0.05088667947854571,0.1347135742475283,0.05856369716476082,-0.09362635682671404,-0.10284288765855534,0.08366810277002995,0.0016734096811926798,0.16591212898385735,0.23637898244687305,0.02921179127199891,-0.07408925937530023,0.030018809687325874,0.09083111186947078,-0.1223000882496156,-0.013767240535332301
IL27,,,-0.00030525643454280246,,,0.02647111690845981,0.027922891606408904,,,-0.004048459770455856,,,,,-0.056365043267184764,-0.05765564792442365,,,,0.06217463198393481,,0.018615342753350934,,0.05111753340485984,0.0015429533986129516,
CD99,0.01798979968160357,0.21859437267152562,0.06618071302077855,0.05059464931835519,0.11108437443405429,0.04732516661869215,-0.06968747810528436,0.008211355673442841,0.1982834184785821,-0.07804703935305432,0.043682220972752345,0.018169694677684128,0.09750969856743259,-0.019245526361209173,0.13383730411635228,-0.016743322453781184,-0.02895210970548421,0.19466277318094966,0.08246000582408376,0.13856668096967056,0.012559903057379997,0.00271039012661697,-0.035733781336145354,0.06740197851743789,0.07381561387606586,-0.06930511290152665
PDGFB,0.04128639181448497,0.03725140583239367,-0.027960506518913977,0.05081533443143038,0.048408150828225645,-0.06534969000204412,0.03766211310341166,0.0920434766227004,0.08235862399724068,-0.007314962643765925,0.014030101815172637,0.001993283491204328,0.1242520625037404,0.032061374432230796,0.10127224115734106,-0.009108832593636058,0.07788629644336015,0.068531770005638,0.057633168811371566,0.05081350911595513,0.024684447177471824,-0.05936828801772135,0.12418642913108355,0.025847466494967754,0.05504371705802024,-0.010049003172674646
CLEC2D,-0.0045556374415549146,0.10845241989649078,0.03621116634690631,0.016401792566858715,0.041515485299969,0.03273733228680975,0.010410154329231992,-0.02041375756218309,0.15420494908734797,-0.02356733206699245,-0.010315976576629598,-0.055699678448761544,0.08140877548518372,-0.02520647147685127,-0.02400074409628325,0.06892944425963542,-0.024265259552228267,0.007931532227402659,0.08120985392141,0.08817135172355664,0.026378707295438023,-0.006353499038962816,0.04240291067840128,0.06799433522941789,-0.0031279593916128485,0.24752985579618186
F8,0.03360047314720645,0.1360623085863321,-0.015777544013668685,-0.013065631888853806,-0.010571243186875376,0.021625065044237866,0.06698254051182538,0.018363808722226344,0.12273896010527152,9.703886626875242e-05,0.030152904264027437,0.08035847841401365,0.005236802626307909,-0.009825111985069709,0.14788455681944535,0.018985584016541546,0.08465583969604973,0.14886022557361475,0.08027473628279237,0.04856965833009621,0.10748639840719325,0.0768852273910781,-0.021179244457628654,0.12105476121146463,0.0006812879566494022,0.17876924032451616
C3,-0.02276754998715064,0.01115166892286431,-0.001479403427442722,0.0002173427249670003,-0.016710402378985873,-0.06837965696098774,0.00676291925668888,-0.008995198743389037,0.13941434632890837,0.009385201857050418,-0.055465998476269256,0.012152010727051606,-0.013407688754748744,0.09740203650042584,-0.2357762746223456,-0.0909860253968743,0.040038238377894386,0.02284197150288581,0.03173596720166103,0.07739240221978842,0.039881375300608875,-0.08809913309987934,-0.0015778431596930019,-0.025603073615483782,0.00789260163054186,-0.018614050105143123
DLK2,,-0.003319652908025058,-0.021994053538184594,-0.03447901946494134,0.08615699829833595,-0.016849949072504613,0.09997103066344672,-0.001661670340237443,-0.06506943648797897,-0.0005532506420549517,-0.032567476519153024,0.030249540389617944,-0.045316054147586333,-0.018956593185561192,0.03416058960715972,0.09994141507017716,-0.05284986338641136,0.00029287680817486586,0.049340739686994324,0.11984269721384198,0.010690318903961937,0.01232304555547755,-0.04656394320627418,0.0170867783292805,0.022479884232560286,-0.016072023641043844
TSLP,0.00756062098952748,-0.003809454322656163,-0.020955490093338257,0.013491632284021716,-0.02132024168261142,0.06818913866687307,-0.06723989699161007,-0.03760529990790901,0.08603237885303817,0.01296145901209871,-0.05093545748139219,0.004119083463528153,-0.03088272494412951,0.018061094533155884,0.09883826024772407,-0.056802690694372625,,,0.07809968557715155,0.06831495862529718,-0.014960345683686696,-0.03212005667434875,,0.08872218899285227,0.06819886601212896,0.17221890324277428
OSM,-0.012963873800203904,0.03390318724125263,0.08625105160627784,0.02345708740455882,0.06077850063239184,-0.011620511065739343,-0.04960319891506423,-0.03222053373333178,0.13090679374279618,0.00214793076783055,,0.05916454358610209,0.17667846387420894,-0.02830709448627747,0.17104722949588383,0.08765323180003003,-0.07843662830217411,0.00386324578678353,-0.003622811630837717,0.08598057847971534,-0.06950134256218693,-0.025542182262721973,0.035794217366684054,0.03747073307695185,0.14388236261412846,-0.012259965555365133
PRND,-0.041317087640121763,,-0.003931571104611121,,,,,,0.002194372430247061,,,,0.1509722885909704,,,,-0.08004296757762651,0.13214640753982534,,,,,,0.022412850534228042,,
SLPI,0.0026920291295212426,-0.07590272474449264,0.006297837758613624,-0.024492344178018637,0.03464556604115421,0.07586703055533481,0.02923780538355034,0.0801564672528709,0.2002299047989875,0.010746843039342919,0.013286744220014834,0.11231664095207088,-0.03825606438699567,0.015442394415673919,-0.04385727592826251,-0.033219614567120956,-0.00739527374151698,0.1728602565615638,-0.04351386610843204,-0.1298957941959233,0.053848351851402076,0.02233535419926076,,0.0488738899097017,0.07936052922088588,
AFDN,0.030312289871923668,0.0058887364780371605,0.06325641587066431,0.05265484520101869,0.02015393297384458,0.0318289498815433,-0.003161434543264572,-0.00043732709538755234,0.07678081319543867,-0.03977970065726383,-0.02324922737867509,-0.0003640573072209447,0.048683747301601424,0.032814848741384364,0.04297662683681064,-0.025585671760195956,-0.013215399608747555,0.04326447103470598,0.061834395054949205,0.05833637803503876,0.008455402976400806,0.0693355120905826,-0.04598564462627756,0.07611144323848917,0.06686985491119568,0.000178289011806669
KISS1,,,,-0.03294346398132299,,-0.0015157303526582844,,,,,,,,0.04146257141925476,,-0.06906412536941174,,,0.13461507096632264,0.07817002794713897,,-0.03977103633674636,,,,
ULBP2,0.002213138018662137,0.04484820301977008,-0.02108860429039101,-0.011649984859136974,0.1338833166826384,0.05486758436060843,0.025488450900457135,0.05654049369139294,0.04668391622576919,0.024307716989141602,0.045964835045360794,0.09444169686070544,-0.0038314392446177872,0.04059112531524199,0.08861537871036151,0.006185464793198235,-0.02597232095973649,0.0018053859365728079,0.0726646336194036,0.1343523262254177,0.05513690293294317,0.07103372359942284,,0.08929230731653755,-0.007349166968287437,
ICAM4,,,-0.008477644187495727,0.058130973894918864,,-0.01124973118467183,-0.04246475996421249,,,0.01797025139620066,,,,,,,-0.0695444376368039,,,0.05068745914566592,,,,0.00933694492942616,-0.02998691168446217,
TDGF1,,,,,,,,-0.019701319408358783,,0.039850510315849866,-0.029305064367449167,-0.02961365586618813,,,,,,,,,,,,,,
ANGPTL1,-0.03132916551905899,0.08987067493840015,0.03564460923708667,-0.007132621538453036,,0.032358351520520356,0.03814045534811225,0.03418792835592832,0.11823899222162518,0.031417658184097114,0.057427819728779056,0.008977885486078566,0.10376952205832107,0.06670111513453397,0.11116560032072857,,-0.05817990970836322,-0.0015949395638796327,0.008916939604356175,0.038692367192023555,-0.03236853693665106,0.0010564303410064816,,-0.004231662678525968,-0.01854670719745494,0.14777166008964612
LTBP1,0.0033661509335503113,0.013978160682654542,0.02421200858891484,-0.05584936883309606,0.025130081569704504,-0.004534299896062589,0.006205128465888043,0.06818643897857378,0.13498682657910047,0.035049318518211914,0.011153065252785766,0.04944711402943299,-0.05604340304850947,-0.04673083497384777,0.028517756002362244,-0.11931488152748422,0.06279540975241953,-0.0040539116106362355,0.019944324473700547,0.09379105855212046,-0.06195379243286512,0.013133546669615985,0.035118015408055356,0.04423434227037715,-0.0008026438823941165,0.00823715368124038
CD160,,,,-0.025605937158173456,,,,,,,,,,,,,,,,,,,,,,
NTN4,0.02762145493154112,-0.07197017123003711,0.0038734511430515606,0.0205138792569535,0.03808171285487222,0.009956266619031689,0.02523671323568938,0.02990252602740415,-0.024895932270154273,0.019159276989271216,0.044088414242826085,0.03508257884930791,0.11831596442088901,-0.024136414310459032,0.005824977237539614,-0.03746935337981007,-0.03483171201422546,0.04547845669883077,0.05790025436997456,0.10094149463997805,0.017300738017183653,-0.0469531740648026,0.05960864302694886,0.052968740498531855,0.0606475630823086,0.17791289272811486
APP,-0.039245522998793726,0.10746674210668257,0.04616651497480412,0.001707571670628534,0.05976258388527897,-0.0016064807558155356,-0.0054771142062042515,-0.03379692185993752,-0.15817025432740253,0.029687464390723634,-0.02158551222779357,0.050983140485993776,0.0765563372698924,0.021867078431154607,-0.030596636220683787,-0.1106569221714623,-0.02238727502406791,0.024262253720066244,0.05260633889930948,-0.028579906991557682,-0.0043114266732275745,0.040636707210790865,-0.16052595712404114,-0.084677486239535,0.06557081193330519,0.028730711476863745
RIMS2,-0.0413170842084114,-0.08574889317865267,0.024407724601391338,-0.005689157209210428,0.10866837253124924,0.015012196864282753,0.07244500660343076,-0.05590634689822751,-0.11098544241488616,-0.027658264157547307,0.02836907815078134,-0.04851711824354234,0.053683530428502935,-0.007589095699446718,-0.015363927208984064,0.026138133623341334,,-0.05088232540538021,0.035130400180823605,0.06557942569785763,-0.04025065427890954,-0.0003575696183160442,0.07900331605743505,-0.005043925880043945,-0.038502866967711505,0.05201519733825469
WNT7A,-0.031869224894766277,0.08899460250605247,0.05019525738603117,-0.004130257323501237,-0.04289417722729699,0.033642784421177886,0.03648902115931926,0.018427297318095028,0.05196262812009602,0.05152496903634811,0.026531541128369397,0.0021084534000536544,,0.06900965701864935,0.00814059099989182,0.08314740144142349,0.03794022962453612,0.046649049088287715,-0.01592096945910664,0.01268004366735542,0.06453134779690813,-0.07340542199065817,0.1221595473057452,0.08306471578310853,0.08534981348054808,0.09310989264319314
GAST,,,,,,,,,,,,,,,,,,,,-0.0004139244972886709,-0.03493792165051701,,,0.132723798818232,-0.0027944977419055643,
GPI,0.013957545578296053,-0.05223351765654094,-0.012544053933831999,-0.015016392577936008,-0.0931164775665781,-0.0202526386684995,-0.0679570467369091,-0.004886092014870292,-0.09908293214156988,0.003549578448056377,-0.018890970423547516,0.015963263250966097,-0.07029449846598122,-0.08336329236016803,0.02069856166622034,0.06917056751723165,-0.15500014337209467,0.03318096626332016,-0.10116740456758977,-0.15615765254675337,0.06826364194679885,-0.005181458025984518,-0.029935367676425333,-0.012329427447026154,0.031088529039810107,-0.055499346675826434
IL1B,-0.03009431470890396,0.02879964397798627,0.06499906587376608,-0.00041539178000073477,0.03552929198043362,0.03864082251908897,-0.05328673367423331,-0.021169004315953893,0.1591153564037043,0.05467548754293363,-0.03593501356050794,0.06802741869059827,0.19420455932708836,-0.031134446492899145,0.05910522593187855,0.10661805139263822,0.05091825319124676,0.02948170880091692,-0.08593501392729387,0.01849145833751342,0.013794993625394878,-0.012175113936897918,0.006066259589487076,-0.011919896413455559,-0.0297387013160107,-0.019001958979474997
SFTPA2,,,,,,,,,,,,,,-0.02961680371007293,,,,,0.015814738126202117,0.030196503246643892,,-0.032355197156891266,,,0.06524340959599954,
HAS2,0.060390840162565955,0.10094570296953013,0.04394964505156168,-0.054145707866173134,0.022334219075499404,0.03144433100564086,-0.028828584328119335,0.0904646120203473,0.09200026894004125,-0.007659797199900414,0.023357946617386702,0.03934038414535682,-0.055099055024667144,-0.009594003081719548,0.010479836965962558,0.030103614639368725,0.08489635154753954,0.0756096721445089,-0.017486505283636513,-0.05287314729189773,0.07045707931359091,0.031073442313452625,-0.058345054105038666,0.0541384269188594,0.12884873748998354,
IL11,,,0.02588949225117808,,0.03858936276062891,0.029648453790863782,0.002244505922952416,0.06121292655279868,-0.016350506627454683,0.020451001398456542,,0.05753013744425926,-0.024739754128381572,-0.011426804557488696,0.039754099898363315,0.01299183110581323,0.003410294854569065,,0.04962642717320359,0.011971237989691531,0.059225433698333996,0.023266883717989302,0.00855810227572706,-0.0002748191506193608,0.08728366847295167,
SEMA4B,0.04327525575750231,0.050183276494650986,0.01221466418889478,0.009687631779401714,0.04249820707784881,-0.007963758028627425,-0.09042924427292806,0.07358506699995931,0.18258535712025262,0.026027859620951308,-0.02892813676725098,0.011876534659260618,0.033474776320279336,0.03752154739406281,0.007164388620454626,0.10047231388541679,0.026675080448894724,0.11773611233687452,-0.00281670057280202,-0.052305027004031925,-0.0035730873278736943,-0.057637835461160754,0.0076579306364926766,0.11683209495173401,0.10329756052476792,-0.03354304318721473
FGF12,0.003251626970764916,0.010891079776395345,0.08986504926367576,-0.006086905223618652,0.08444411543188032,0.025610874253549038,0.03522289339155717,0.03594634696244384,-0.13941751186369591,0.032753320165052946,0.0002961624098890075,0.10808715680768441,0.09103800572140124,0.017819824842856102,0.09239407395310385,0.045662129466157546,0.022559602244304425,0.049255405402130956,0.10686983017248539,0.11702596565673755,0.005086719451796568,0.057524967195149324,-0.0029181662260016217,0.04506846026277974,-0.07720742504080337,0.038252880259449694
CP,0.019191359859960334,0.025094531181832105,-0.01569070331787761,0.004526434162120966,0.041567055109130904,0.05575862019314839,-0.0490636123459445,0.010557076043168625,0.10745356880951701,-0.06700712379354447,0.010871369064268372,-0.007473186753643469,0.008366276690411683,0.03957442549565019,-0.15162310944509266,-0.04070449845553159,-0.02823989006968607,0.07015968299668592,-0.035829459944001406,-0.06662438674542533,0.034290325086133056,-0.010569825456974682,0.0007589487904060742,0.0013630635701370017,0.10396289980222218,0.03499193378656056
NLGN3,-0.0068033821462229,0.08788527714940314,0.09168471577553648,-0.03736270906673655,0.05223543471334485,-0.01221836272613617,0.0509338773674336,-0.0040021780572120445,0.08838453645163076,0.024842487469590672,0.03543280824258152,0.0250314819145018,0.11017789363801973,0.08677157432048527,-0.0021308155529280682,-0.06432135710350116,0.006877721647438743,0.039725329983866804,0.06033548659515719,0.1523329189006769,-0.003927166339930763,-0.0015266585210271168,-0.021443861641999476,0.10910347311120508,0.06613132914733566,-0.013953828675780723
GZMB,0.03031473553433052,,-0.012732328714444761,-0.020114777785596054,0.009995813546368864,-0.0003096290843163471,-0.03814896978990149,0.0677085814991116,,-0.007473719237160708,-0.023318489330314534,0.0017316172858222619,0.04729713350254468,,,,,,0.0003761896398619404,0.01279041622928351,,-0.014100470639145627,,0.06300871662288655,0.07826515795509363,
PROC,-0.023676373908639026,0.03584866633379146,0.010796335912717225,0.006105179575434109,,0.007257320893129665,0.08762685176537563,-0.008780661716640995,0.0914424067373501,-0.009335672080801997,-0.031282796441892,-0.03695693682015701,,0.01304622912097698,0.12152764319928724,0.00240594650629394,0.04678680853734403,0.03986373300482297,0.04904435481766497,0.12608306587873525,-0.013335000229932992,-0.007587270884986318,-0.03908718195733888,0.03287827199446636,0.08061032194802362,
TNFSF11,,,-0.043983781220029966,,,,,,,,,,-0.004520156926179589,,0.1797772237779689,,,,-0.004811181227301503,0.050134951230923236,,,,0.0028158489300144844,0.04319281966100367,
AGT,0.0431614487051454,0.058160322317372976,0.08024394402003325,-0.02354695067590067,0.04210088965871926,-0.01617204798094796,0.05710791272639332,0.010083756181302288,0.19599767353563952,-0.0013484886457960361,-0.0441819039625659,-0.0034156017429297714,0.066128822386339,0.048482093847441815,-0.05208512129952956,-0.048088147846124626,0.08569553410801384,0.05263668539346044,-0.03113245845895722,-0.07187692143015298,0.059378677486118234,0.005864094346883902,-0.10458053016369102,0.06238474200804329,0.027359701772294413,-0.06480612982791852
PTHLH,-0.009222904265705503,-0.005891420935874063,0.019529992052319707,-0.0033864839337720727,0.09053893554134503,0.07610739757196422,0.060240657850261475,0.024463870397026116,-0.013392821695195876,-0.020178974544319682,0.047977969922046,0.0865546801495937,0.042243013410698235,-0.02506626515110042,-0.003179557982303356,0.018826419065501417,0.04972318574419701,0.07733598076390419,0.10671975919224795,0.0742497588348803,0.04751635552214463,-0.017967111505109257,-0.014446275251856017,0.06052322820391435,0.042902342955155735,0.0950798313739858
COL1A1,0.11475288208093451,0.07820349504510331,-0.04559162693864363,0.10009961905200204,-0.01494450624162202,-0.04041419438850457,0.03180782829970574,0.04167738596544267,0.21272477892090036,0.06837208779941664,0.01172279876382387,-0.012003702772385768,-0.09850346173967918,0.028895164016225033,0.05949962103756636,0.005006496279327259,0.020779293912671953,0.06688267160777889,-0.024952314449835478,-0.05602821258614796,0.0285485033909449,-0.004075792187704289,-0.018582553883376988,-0.1346665063234064,0.05473634473839513,-0.0028030711085730736
LAMB2,-0.02747715346302837,-0.0326000554982829,0.022889466348766218,-0.01544990835546946,-0.02213478218744435,-0.0003991403101279851,-0.02634752704751914,0.1262625040807773,0.14501987978111328,-0.05932365196403763,-0.07088074239356833,0.01184049776360259,-0.07461186325497209,-0.02368200270098832,0.01851824737437106,-0.046720933633668055,-0.10059058675585755,0.11433022569749722,-0.003153271733675334,0.0036488291626737292,0.09606821982085974,-0.04606739028648955,0.022748157713699837,0.017742853670365356,0.07898531082971576,-0.021768346130108168
DSC2,0.0751010343178578,-0.062388365496683355,-0.011340954369111086,-0.00823762330394902,0.0389423505483809,-0.01890798458328159,0.04004418310006433,-0.06426138864143914,0.11538973117977379,8.623554900799418e-05,-0.020819291398147005,0.047493273912416895,0.05062087249526478,0.029454116869387224,-0.03484327029043746,-0.03733507905802794,0.09498835032864501,0.08994328427042567,0.010845900522326625,0.06011441911481015,0.004732312085236351,-0.06460043137015124,0.002686086987368325,0.08478627787906742,0.06617216822415971,0.009387755241612302
WNT5B,-0.007307844807244002,-0.009560948674281632,0.052128572054234636,-0.033078855597207725,-0.07671611611433177,0.02943059363244382,0.03770938789441881,0.02929752850275962,-0.042842013632995765,-0.02906427304593481,-0.016214773595418105,0.0738103091532971,-0.020014815639774836,0.03596431476455357,0.026138196553801486,0.1535842295600863,-0.021664872725889715,-0.007134867765911905,0.041872918476870684,0.1440578959165357,-0.03153995683314799,-0.012217037641379852,,0.04031545148436963,0.06906944502531455,0.09283079604214772
LEFTY1,-0.035346642905608884,,0.0036399641762735985,-0.0008596657315855457,-0.02376142440579186,-0.008482436373176187,0.017626539039847598,-0.050365783469027,0.04599552019999423,0.022872783699376842,0.03620324433467844,0.00043090544426231,,0.0389003751358958,0.056502100299754505,-0.05034329430872427,0.005034558121695684,0.013124901760531694,0.05198930469541107,0.09139351434205124,-0.029877018474332925,0.06692938483881854,0.07234954235829313,0.04234653934565615,0.024482954537959113,
FGL1,,,-0.026733078923418203,,,-0.02265974935655468,-0.0027676024032454935,0.01402701853141208,-0.010654637480139836,,,-0.022377511635953865,,-0.014566265462405465,,,,,0.0022189195694641605,0.03995150538388053,-0.010668768551541946,0.0316704015282886,,,0.02533086041955431,-0.025773241127816284
CXCL5,0.03564637710590717,0.022560664265270647,-0.02804432069950878,-0.03595011912317852,,0.05637776252151573,0.007791570486336755,0.04747606162435321,-0.030771038742608,-0.005134012833626715,-0.04245192123185448,-0.011447146062474739,0.13256284817864478,,-0.023329913321012485,0.055865975126265316,,,-0.030471979037325413,-0.08678430353969886,-0.025169361220448227,0.055255948617013016,,0.02780038831115887,0.011764747427120898,0.02672480435989013
S100A1,-0.00229496325105616,-0.012295788877749734,0.030925321950201534,-0.0762015918607276,0.10520848716638698,-0.016400456803172685,0.014220180872590296,0.008583605080420312,-0.1578730929912522,-0.010382877324922202,0.02867551769419807,0.007550464880913927,-0.003826823615064881,0.07764061452001617,-0.10755235974652469,-0.0031159336288876173,0.012995067515634274,-0.04071263145853622,0.09634323983830531,0.09260494520772006,0.003074240911899966,-0.023112113928628254,-0.07136453683570101,0.10862267354315733,-0.029613800272957486,0.05660037228877965
C4BPA,,,,,,-0.030193920224728096,,,,-0.015525244165313163,,,,,0.06768967466882458,,,,,,,,,-0.008104760370817699,,
NPTX1,0.034380979216961045,0.060593431628253536,-0.002951796189055926,-0.021062311993222043,-0.00194907685622751,-0.01489017104639971,0.08652210406390297,-0.03171483846219251,-0.1405659621017585,-0.018255612837132347,0.015373814042451816,0.04382735211428346,-0.024332906371181538,-0.04416516446194438,0.015787403348982616,0.021979842576555594,-0.042381423212019535,-0.02906420822973735,0.05272485081903959,0.07020248640601644,0.05844424724152742,0.007329963455222425,0.0308486256075314,,-0.0667041078486833,0.17850972033741233
TGS1,0.025163476111923714,0.02118861889232272,0.012119694271101723,-0.024085942896853674,0.07041395957810033,0.05347087658585067,0.07398711875097772,0.0034070056155671323,0.07993807062648335,-0.016262239562853987,0.016815828726138522,0.07101573972446863,0.06472010260900046,0.046389635888061505,0.019137751071613175,-0.05006004039355301,-0.0035164959653508857,0.11491668407830767,0.05420305470146792,0.04608056919605938,0.027587851329884148,0.005041212495962904,0.047191179197390354,0.04988459519245924,0.00289200683799349,0.10367318869994295
SST,0.003424575330118228,-0.06416777574869587,-0.006344194483863734,0.03136926512792073,0.08990985153496449,-0.008926795160841704,0.10425646047076806,0.018603660315350753,-0.11280099123510177,0.0007639626120255455,-0.001462284876007321,0.09667183376466078,,0.014762044581525994,,,,,0.10427001512307985,0.01214619720661536,-0.03518705994606689,0.059895301941375094,0.060791107293443884,,0.01859574770636319,-0.05160528505789673
IL34,-0.026209378309498852,0.015791088088249874,0.05390091283108966,-0.0701175600861162,-0.02231301228148964,0.026472285528543093,0.041484430114688046,0.005523439337672466,-0.06778354652923561,0.024107243730740108,0.01554036476781319,0.05795293772432222,0.18603954483897472,0.02199201187240083,0.08967297978805037,-0.05824053786423164,0.07176876263904505,0.07693921200301286,0.05958110475698732,0.02769217669295316,0.0017095504412685538,-0.033585681521956984,0.04550834136371869,0.14670736373981744,0.037525568944300855,0.17189162729147275
DHH,,,,,0.07147501810605958,,,,,,,0.04517592090320325,,,0.06827846199565127,,,,-0.0021371685536399534,0.031905780904782334,0.013381649201261406,-0.02444082670085466,,0.020366268020589558,,
XCL2,0.06517722318897126,,0.004724438331237937,,,,-0.01183662752193715,,,0.018101963899036604,,,0.05122097961682194,,,,,,,,,,,-0.02879904262764245,0.04325029528431927,
RSPO1,,,,,,,,,,,,,,-0.010531486569441768,,,,,,,,,,,,
TF,-0.007491496120609863,-0.05787798497650568,-0.02569271812600274,-0.07155649293717324,0.0054016704960278125,-0.0013712179980623453,0.02139055816332523,0.013271480975127568,-0.1727013209312045,-0.009492438295666907,0.06755054470144509,-0.017919218232456083,0.06526864628189515,-0.00688399321664121,-0.18767411165367265,0.00388786917645259,-0.06373187904230106,-0.11320071723220952,0.03517630046424689,0.10560863677455784,0.008097795171968328,-0.016128247952855803,-0.05312570892538452,0.08036110158168196,-0.03004505921823561,0.03517582077538713
IL33,0.03790061588114693,0.10245133355942208,0.05893268588253591,0.033560397784275504,0.04046722420194724,-0.01818553534384563,0.04052329743510625,-0.020780331413721053,0.11095138773120783,0.0018427539168664325,0.0075366646717765695,0.017885794923116573,0.02821569432694314,0.05863181130658756,0.028792768450049477,0.013453840127181897,-0.04237540285506579,0.05485096748840343,0.029677538741973566,0.06412483502042036,-0.03701727865696124,0.05152990146824766,-0.049150335216651464,0.030681879513384996,0.08828917270476688,0.1001616953771144
RBP4,,-0.06975100534563221,0.05984098811748376,0.005770790264967655,0.06901037923832778,-0.0239449297459678,0.07610856452937215,0.01943658552015551,-0.0798398772192578,0.08077489489939173,-0.02697469714269157,0.031084006837094467,0.10485919187237294,0.0603208847452302,-0.0018072957957508205,0.06458314825984379,,0.004298429483939616,0.09685977639917032,0.12415579172400261,0.033615470339954316,0.025408095360092014,-0.07032826381071991,0.02140957291227608,-0.030041496633449433,-0.0015734469336414543
CCL19,,,,0.03813623825503269,,,,0.023924456692366904,,0.028244373919166305,0.010501782592122064,-0.03204982432613082,0.05564852267112969,,,,,-0.04486714577497304,,,,,,-0.02797867305825774,-0.004041536745288815,
CCL20,,0.024008309315335413,0.028142609572176763,-0.000860279834456998,0.02061326770127797,0.0320728931995205,-0.013603789525712322,,-0.0027699343276858476,0.054222880944145076,,-0.010173436715963963,-0.026938862279435493,-0.03103209039739179,,0.15279117401589856,-0.048952116078036345,,-0.07363112861162276,-0.10405153154077593,0.0367870285511844,0.06106115062675993,,0.008997195704569477,0.04237949695122383,
NAMPT,-0.009073713585690186,0.02913589990436401,0.02461913442678584,0.028551683131219332,-0.0071349224699931236,0.024481915450398663,-0.09274671252866862,0.0014293108215549014,0.1656848888673869,-0.03391682515360127,-0.043552629500952386,0.020046299131600463,-0.021557295240952713,0.008859746710566082,-0.08294135857338815,0.1399718346628734,0.027904800051898392,0.08127916284782212,-0.09642261830357975,-0.17456562393654246,0.004762830587478692,0.003082038905058616,-0.11762918232874266,-0.05407330744443742,0.09977991006547182,-0.04584172925319424
