,MGH258,UKF243,UKF248,UKF251,UKF259,UKF260,UKF266,UKF269,UKF275,UKF296,UKF304,UKF334,ZH1007inf,ZH1007nec,ZH1019T1,ZH1019inf,ZH8811Abulk,ZH8811Bbulk,ZH8812bulk,ZH881T1,ZH916T1,ZH916bulk
IGFL3,,,,,,,,0.0769970181838101,,,,,,,,,,,0.0014385656899405985,,0.03677487685625907,
BMP1,0.028817966992273472,0.09298276998732069,0.0059813360589793816,0.0265835379167951,0.01175518109976975,0.11445150590617316,0.038943450593002915,0.4924118868494283,-0.13577494302921886,0.03051440237312433,-0.03880310800108726,-0.018171802831573575,0.06566085001405243,-0.014475301616870643,-0.08699676925278882,0.21666985864525753,-0.03004768397477487,0.03572180087420753,0.12630314782311935,-0.05819726876944902,-0.0864319170069164,0.054135478328552804
NDP,-0.017679949982561997,0.19176909009745466,0.02755424374472081,-0.0007271698426499772,0.020038091127388667,-0.020748977489930664,0.016436916047340447,0.11365220024201232,0.09841114330952326,0.025782204965708346,0.09013284098329089,0.025409426191482183,0.026830884110842567,0.05132027186695609,0.16880628030660924,0.1320195178840121,0.1428056182543283,0.045871536798192496,0.034583349706881365,0.016756855865780084,0.3622193513949318,0.27715153290476124
TNFSF18,-0.024374871433828067,-0.038475198682739284,-0.03830536868800686,-0.031507334168371426,,,-0.01710414027379424,0.11626470185036451,-0.06808890276884132,,,,-0.03219190850179234,,-0.006992225622392547,,,,-0.047162491649515845,,0.05056510406056418,0.058935678585274806
IL36G,,,,,,,,,,,,-0.012722255920206942,,,,,,,,,,
RTN4,0.04013352570452452,-0.1357649618302547,0.0075990813972881465,-0.005068412678195542,0.0004009686546107781,0.0265710865739022,-0.018506149941978127,-0.5987085632599749,0.14408722873753974,-0.23253395386908365,0.036602431667579836,0.07756945467295127,0.022149932391957353,0.04127171067476849,-0.07094037123826848,-0.059274885258463694,0.0003172030512045268,-0.03243599732266848,-0.14825799430145947,0.009826069964501362,-0.09916775266596344,-0.07703120261787869
HEBP1,0.05882446091653277,-0.022470659754033444,0.06172572393200709,0.027080863681906917,0.09070753665140155,-0.019290758801321993,0.03418453066053806,0.2998142606179049,0.04512421062119279,0.09899901535902228,0.02918311971050555,0.015404084531876161,0.13274078408230225,-0.05542183513165067,0.0327613363806336,0.03937148838718961,0.05316384204793704,0.0007072138770099271,0.023021936764373963,-0.047441650886083354,0.20503617877589836,0.055691650027849864
WNT7B,0.006044611098283651,0.046182524816847696,-0.031779905485213165,-0.019571379297212664,-0.0631693278826728,-0.10089037607861291,-0.0089320571111722,-0.22591245601014995,-0.0504222150831736,-0.14143771942869518,,0.08173536952133868,0.16042841735125768,0.08815645074357395,,-0.03616920420793282,0.045293054246476984,-0.050034061141993484,-0.03720794063338575,-0.007687603905424836,-0.05326419238769525,0.16335445804543353
PTMA,-0.08450017730673567,-0.10533854988788141,0.1021682151658403,-0.007448583609905,-0.06570912228728555,0.06153506038581012,-0.01993099839037203,-0.21987260621849367,0.1384749851866969,0.19074790401965605,0.00536162874260497,-0.05051764339909121,0.08212330864388098,-0.2010720558359703,-0.10022284052456565,-0.2330671198678111,-0.04986220875689844,-0.046433054962272624,-0.1271184353380083,0.034578403966810466,-0.28083957201610005,-0.1764829141313997
FASLG,-0.01775845045053025,,,,,,,,,,,,,,,,,,,,-0.020384282914440312,
CEACAM1,-0.057429767497463584,,-0.010675034541245474,-0.015019856471410688,0.0436511958714898,0.049919305810697284,,0.12689871639584313,0.023127271727223377,,,,,-0.0295383078546816,-0.012502231067205301,0.06621850963546931,-0.011196376461597908,0.04597428506859461,0.0017745868574699137,-0.015698625574195678,0.06671978869495816,
PDAP1,0.04357595271996893,0.010388609331288925,0.011289489466521894,-0.00014312291808146716,0.034224474420627905,0.003185568109683212,-0.00018358339971530203,0.4387141025002623,0.08602088718665928,0.03949270145615213,0.03646949935156053,0.0038717525102618215,0.03800632195929445,0.007366355036986663,0.029405189442577237,0.042695628858232394,0.04609213481811846,0.04688853511013939,0.006975718280773745,0.047936487458444005,0.04579333708551641,-0.053373964156391736
QDPR,-0.08019872753937404,0.10507404086856487,-0.043742817324345054,-0.026100664647023774,-0.06389457776577223,-0.06225542735212613,0.012545147342131288,-0.433613629676794,0.1696149450083081,0.010624200254279263,0.08255413241919503,-0.02402921646420547,0.06157125875867681,0.002567241082411177,0.020887311417183394,-0.2967890178375908,0.06855140165591432,-0.017010827005904908,-0.07123516142819021,0.05161791641637403,0.13929884626497832,0.04828696970867397
POMC,0.061443393382390354,0.013984102539907119,0.0006020730127440141,0.035388683405246285,-0.05288044937096953,-0.045160361361190796,-0.026019329768519645,0.0028642320403919836,0.013924559982374468,-0.00853699280109665,0.029054025748579,0.00017128309954422193,0.16797792873732748,-0.03630224132449087,-0.03342415079983707,0.0886726814471739,0.059677602602733096,-0.002080719673340227,0.02794284984381025,-0.025680889179521434,-0.017483051195580954,0.0013992510696454307
CCL18,,-0.047878480167209345,-0.030424332545394027,,,,,,,,0.06491042563741233,,,0.0303746298381709,,-0.09338625328731255,0.014448110024509605,0.021504865368826724,,0.07030706757303738,,
CCL17,,,,,-0.009729340977243444,,,,-0.0020173257499360073,-0.05609289955648645,,-0.011622141967832155,,,,,-0.019516684373835917,-0.011703179412084383,0.048906976863477086,,0.03580147318370288,
VEGFD,,0.017243721043288345,-0.0304243422065446,-0.0215129309710128,0.012650649584379801,0.05431636636175959,,0.1352138924742819,0.051525529914262166,-0.007983740955246314,0.03969573103365737,-0.012455809523442767,,-0.048995822801758036,-0.07015338565793292,,,0.12744592368496796,0.00973239927059833,,,
TNFSF13,,,0.0645053159977738,,-0.030755069754508133,,-0.01658744794064133,,,,,,,,,,-0.03744958586242412,0.015935191020203684,-0.0016521629235423123,-0.017628504358135795,-0.015476743169719046,0.05139202241520737
WNT5A,0.055150045260354885,-0.01939106839236947,0.0154762740312023,-0.05782838089704515,0.003892293842471259,0.06734682049965082,-0.006384881676212956,0.3681563566866979,0.058618346956678336,0.0687310089571106,0.0038016564341605825,0.017310790791985962,0.09560445548122905,0.08473073879613424,-0.006346573241210714,0.09043832049555275,0.02102487792047083,0.006275398551648958,0.03996117009876701,0.004670132205305798,-0.0890058066879425,-0.0982628018166472
CXCL8,,-0.14208393063838987,-0.008268477275611192,-0.02014343344917209,-0.14348442578448073,-0.08036141859075255,-0.023594568847695407,0.1571548510412439,-0.13410377311508628,0.012215578037700134,-0.026751096981683518,0.004569032301582172,,-0.06614455253130878,-0.13071923047185388,-0.047158237796314846,-0.08457789118025721,-0.010634065825841402,-0.026827080598357415,-0.0009273264888664961,-0.07771546594647276,-0.10449896438157272
GRN,-0.06260908946267305,0.0665763761001661,0.04027799047288241,0.00030094614996579517,0.04502289328014376,0.10603881876385615,0.04019809067525906,0.47282130390360894,0.0351684776826711,0.040036670427933976,-0.055288903396192905,0.04013621720620106,0.03547614417441289,-0.023237157082605497,-0.01977126064759599,0.08297851860825123,-0.06853197135159199,0.056161383923044705,0.14564537762017962,-0.03815291287375951,-0.22437804465911385,-0.10454865054725468
MIA,0.001889415195537672,0.004595565976200043,-0.01872293878579986,-0.019132096345614705,-0.04389571145451949,-0.03078438109759209,-0.029993304952003537,0.23170553326914753,-0.09241962090717329,-0.014504662517949629,,-0.017058801961716285,0.05481210286961872,-0.026741208566351926,-0.10814534096394537,0.09722985565465332,0.10758376883472028,0.002843772635086127,0.03717003708013524,-0.07344539801668473,0.24970387275653882,0.008662914233838576
COL4A4,0.003852355572854349,0.02503122858147166,0.04512540232891129,-0.03217448762472943,0.020323686487716444,0.0651408649934285,-0.015782223875172217,0.08332562885569361,-0.03583508280171233,-0.06988283279136795,,-0.01654767076903749,,,0.036996973614969834,0.06309146829470566,0.05497992183678424,0.004574545559139671,0.05741350147781063,0.0685224032483601,-0.033571432774580606,0.05562230633191781
TAC1,-0.04136073048333758,-0.03725069355323447,0.0013695201336035429,0.015332291482743675,-0.029382575132641992,-0.0627282891715491,-0.002807547719769529,-0.44355041371979914,0.22989775217652705,-0.12263136905684185,0.03939729924553317,0.09327810821710109,,,,,,,,0.12426876414412266,-0.0062132878922645345,-0.015342220027137487
RARRES2,0.09202388460394617,-0.004907943082273004,0.01619834168826799,-0.030813814926371808,0.0719238649015487,0.14209537824703478,-0.06209913974298743,0.5799791035533749,0.3004624364369473,0.008038222755104806,0.0021168511456151084,-0.024206917131377615,-0.03630948762178071,0.030921425381479895,-0.022379585198354583,0.060878146976137956,-0.05597518873053101,0.02537806540482172,-0.033083662476453946,0.029280613406352584,0.15893894793869157,-0.024938483882104037
FGF7,0.01845404602108227,0.008414224791341383,,0.029557972802794465,0.046568860467407956,0.0012651066851103487,0.03298085624896104,0.14170817471439154,0.0025443072026707257,0.026782755928340524,-0.009691297904172684,0.05354293450491932,0.07485132189782723,0.06322281161700938,-0.060835305750740906,0.17702486703935152,0.006114809609968936,0.015410025558445792,0.023946259188692955,0.03920777579106039,0.1582939190997172,0.03295654664724894
EFNA2,,,,,,,,,,,,,,,,,,-0.023037711990478344,,,,
HBEGF,-0.04168486321101248,0.08360127278230994,-0.014751692955711373,0.015498539133086972,0.0037390098484215567,0.0362852447081898,0.06444657731347106,0.23696611491642694,-0.17252648377728397,0.006724882347424692,-0.04996705163429706,-0.060426077737573594,0.10869692202443572,0.025168119317673016,0.03026271895296015,0.09784439650731326,-0.026061826998958034,0.04166105533398887,-0.00034831105640194,-0.009194945167467227,-0.2570067216139801,-0.07942610810803591
CSF3,,0.0030965262779367856,,,-0.055627942853269934,-0.13021251233331171,,-0.026754886280896437,,,,,,,,,-0.0231082837474052,0.08007644255779724,,-0.022506124171919197,-0.014820468972825171,-0.03559730784628691
PI3,,-0.03562295800932471,-0.010144379824764942,,-0.08235279587136858,-0.061972244231795426,,-0.01378503296426728,,,,,,0.04745249359528976,,,-0.07745156564101484,0.02375572300945954,0.10645154511798238,-0.0217077012396556,-0.09776489675544797,-0.11425261806404272
PCSK1N,0.02804093091692357,0.08595708411625592,-0.0028579660552970057,-0.04041312558676893,0.06917040247888605,-0.017077285205812493,-0.04553052628135187,-0.15006228006872788,-0.0692420394549596,-0.19906642760956159,0.043587720026892755,0.04286736011075859,-0.012403159599078943,0.030856336000118632,0.0680478362878256,-0.04665423186387029,0.049224282238584695,-0.03371366631134427,-0.021427277070202703,0.004645292404507742,0.30143479126644734,-0.040045335919236286
NTS,,,,,,0.1273437557763627,-0.0004984593777768732,0.11317074588971382,-0.025475939153059735,0.04307325050978981,-0.05548336004405908,,,,,,0.006903169978030333,-0.02806708034529339,,0.04241266438065123,0.15048167995831918,
SFRP1,-0.04353303463505567,0.09231885336943148,0.05461494524625991,0.022141731895595172,-0.008364580161586904,-0.021464956505210346,-0.03411661705614307,0.08864500571793275,0.032706518644161256,-0.08675633306817672,0.029135389071190367,0.008989927870401836,-0.03396690763429615,-0.05219023573995908,0.05570546044869595,0.01794028567016468,0.0544177629064989,0.0447607782755142,-0.012228749777131356,0.031956945308742844,-0.09559401946189304,0.047226347754097446
CXCL13,,,,-0.03631930154964915,,0.003276776458429652,,,,,,,,,,,-0.0438384745845911,-0.008902354181785622,,-0.03671217195587632,,0.03299366112340492
MICA,0.04563057640551823,-0.02895265561764702,-0.023883249902534612,0.04561790943192547,-0.05008653363266284,-0.0003410549971807131,0.04040986934385667,0.21518369771882517,-0.02504423409347203,0.02347103467969728,0.03492989005845612,-0.049951407054235515,0.09153302762121295,-0.0029421354141973854,0.00493611573307163,0.0998594799908388,-0.026178757488332788,0.034812910140989514,0.016746646984283187,0.06360097910925676,-0.020723323699030804,0.10950609527323994
TG,0.02719620119324726,0.006397941019760166,0.009957668660162197,0.0938593091812881,-0.059763571761501294,0.0023644422163263,-0.02223863087211634,0.0908787793090257,-0.004157289258807726,0.005066437058046688,,0.02193189308715871,0.02864734468619772,-0.06871716243201026,-0.02457005026449362,-0.012264623301149365,0.008597773834214529,-0.03456767763814288,,0.05982143976910978,-0.011752072784391061,-0.019704140205536156
ADA,-0.006273483955092058,0.007738390207357293,-0.06443441452471793,-0.026276019478773237,0.008376837932227293,0.04825049183901767,-0.008030458372954925,0.3916813572224238,-0.05468158216912051,0.028379543692080445,-0.02509205016355429,-0.026136483457640636,-0.008645011929067728,-0.03175354372186938,-0.025961901879837754,0.1820440284691269,-0.052676380059609666,0.07356848498665336,0.1640167185263655,0.006687722483512956,-0.0667428679372039,0.0506379225591235
LAMC3,0.09997354278405662,-0.0003001547594715214,0.043300107742973555,-0.03631930168626325,-0.021813162736121567,0.051194695699033455,0.07182213461038649,0.3785125729695532,-0.07492048562951768,0.00023596291853260869,0.02089926122894805,-0.0004960669974017265,0.1575822242635271,-0.05719707625181476,-0.12611208501059099,0.12308781339329546,-0.057464253373127765,0.06283860071492117,0.056457796516941654,-0.03991781707342514,-0.11508407409840087,0.004165522402058033
CCL7,,,-0.019352445678492473,,-0.046309312392049155,-0.014764833355006555,,,,,,,,,,,-0.0292510112684952,,,,-0.026337981049017373,-0.10712405755294736
NGF,,0.030388270306431354,0.009923932260169967,,-0.07857754085908737,-0.005247920952593117,-0.021221618631383807,,,,-0.031141703982635893,,,,0.05572662976931536,1.669318959146309e-05,-0.008180825459989088,0.0849300590737682,,-0.038638096965362224,-0.13699328588755907,-0.034211519488971005
TNFSF15,,0.03081197314443785,,,0.0010316345687653673,-0.048460883244833004,0.03347961158819089,,,,,,0.0031954583249862454,,-0.07213176883190336,0.04681667312924719,-0.028516451381505326,,,-0.013975916728283789,-0.05588647705640237,0.04229998743660763
HMGB1,-0.02718738838094935,0.0608287652227408,0.022825771616028768,-0.033879930927813356,0.09060068322051992,0.08594639458663836,-0.0651925206636299,0.4712047806423724,0.12743732868546329,0.02084752553984176,-0.030367239672011357,0.030075138021254177,0.02176550286746123,-0.15166890137562064,0.023009132212284143,-0.022639289479775216,0.024223278917773552,0.024979818495352836,-0.02459463583147299,0.056100630593683955,0.16384148321903722,0.026415364098919515
ITGB3BP,0.026951795233774636,0.02776723503964183,-0.03369478101561536,-0.01075693982043927,-0.00883931674955231,-0.06205591054003802,0.004322083295152167,0.3908055109687529,-0.015994533221391903,0.09665664192924586,0.07870034859606573,-0.022041667176793008,0.0041646196472442405,-0.10744691370850068,-0.031512181668105134,0.1391277390828666,-0.004436288876466556,-0.003553814408442047,0.07515916047748158,-0.003795642880059973,0.14164100825127918,0.030609717648610816
AANAT,,0.053746608896150856,0.03262915557703054,,-0.03622482652495875,-0.007038161171734173,,0.05141258691674653,0.03854882580582191,0.03563661465877662,0.016669219006645676,0.0059724829077569845,,0.025588302875669683,,-0.022153227162711057,-0.02566139049193637,0.07729160497253876,0.1018331003245082,,0.05246989325662094,-0.008412430580401472
RELN,0.059374288131886534,0.03256137659527859,0.00356563232537764,0.01715799836520854,-0.014719709596050184,0.03386101509728948,0.000665616920761966,-0.19702268165382,0.07344466386779588,-0.059125688998932974,0.15081384449376478,0.062126952554950425,,,0.030836631851168216,,,,-0.011408647070506544,-0.01688139280513553,,0.05518844519044306
IL15,-0.02609531056925452,-0.0495556392502889,-0.016364133398906976,-0.026019836185918726,-0.02222770364786337,-0.0009186973989608624,-0.018335248642339708,0.13485974034825957,0.030574756382413873,0.06300258576011485,-0.020080796301990722,-0.014458996818214404,0.09691232609888399,0.002668256070206813,-0.10197129532097571,0.09447856673467342,-0.008129011678912262,0.05592880444113284,0.0043385880923475905,-0.01250633211388874,0.054741635516690326,0.025570561400846605
UTS2,,,,,,,,0.2502971955957556,,,,,0.023071384724476847,0.028207949403091778,,,0.12191776522204217,,,,,
BSG,0.06023877946211293,0.08465559145351542,0.07274381126596285,0.03164460857606554,-0.1507557068905708,-0.05723181540972085,-0.013493320526383579,-0.06993420712518665,-0.34575108697361945,-0.01729288116858158,0.038649394573165304,-0.06737704885476863,-0.001336689075079403,0.1123440394453291,-0.04560352024578211,0.1852044916865059,-0.04473443313643201,0.0659236275386114,0.17161584106190492,-0.02728608706604182,-0.006136891215597269,0.0014478731280750609
ADAMTS3,0.048640641188557175,-0.012298129593727503,-0.017484408974090093,-0.01715443889270312,0.01470410600334775,0.031644852694287726,-0.003836726719053997,0.525849329001153,-0.02856616231506808,-0.024923408613249282,0.00510480020106014,0.046711550806868465,0.09705896503858136,-0.005922484461422065,,0.019982179680280106,0.02652511942144624,-0.010466138236019221,0.008994573256675248,-0.00400842004103199,0.174884311016915,0.051600503793965406
CD34,-0.07739360823877245,0.06167210242394843,0.04083292504698181,0.004504840780484775,-0.006760174712391345,0.05507961676300595,0.04414350326564006,0.28648802616880237,0.0732029979173126,-0.040873916043527185,0.01432648371632587,0.009735196295380874,0.07849607393817143,-0.05521252020655471,-0.028411320978351116,0.23731142262785185,-0.013178087725248306,0.08950753941934338,0.010920933141425074,-0.028879068580105364,-0.13534838127258586,0.017720565525350746
CCL23,,,,,,,,0.11364835057018528,,,,,0.04953307959629948,,,,,,,,,
PLAT,0.12150664358363177,0.0748599910116753,0.023588431610520103,-0.03954840137637144,0.10132359707015251,0.056687105258557156,0.08137282062015128,0.4781274875733547,-0.28697822285610763,-0.010238975496885072,0.014838218507488506,-0.04416135285452223,0.07699906473849155,-0.02009028627760077,-0.025291992940001427,0.1002285888782813,0.09638707521566844,-0.05290254011775997,0.17923570917535825,0.001677648204150476,-0.04655494059361159,0.014068762536888123
NTF3,,,,,,,,,,-0.011292401038201753,,,,,,,0.11369272381438404,0.013422334782193481,,0.03332016260437999,,
LTA,,,,-0.015019858012716996,-0.05020457604992359,,,,-0.007337653931245853,,,-0.01445899860303972,,,,,,,,,0.028780529506679073,
CKLF,-0.0620544733240171,0.10900103952285424,0.0034553187513005333,-0.030563818657964266,0.05305222201838236,0.06490841619940661,0.06226409738452153,0.5409891201309588,0.1110394697949916,0.07605657969526257,-0.04626638378812315,-0.04715584208633389,-0.023647664871790843,0.014252380719460835,-0.1833877131368192,0.25998367482622997,0.07755734202964189,0.06311643199474705,-0.001183050987726861,-0.004398261848506737,0.21694566195242654,0.11469629300212725
CD24,-0.05192295602489242,-0.00305677727415873,0.044410377007416985,0.06248188095911542,0.02569518050350641,-0.018826717761799082,-0.01744483526281401,0.11257115724717133,0.32461631865843193,0.32424397980590314,-0.07929665997253015,0.0068081193161698035,-0.03573421206451435,-0.07248460214220105,0.22930313210947914,0.2012578942464577,0.002148170478237846,-0.037581657257385104,-0.027239514587047306,0.04774006335280581,0.07100607137465625,0.03548720130205795
HSP90AA1,-0.06513751162971529,-0.025372399956353157,-0.022916501514042925,-0.0020377482973454827,0.12105907478393975,-0.150262186040894,-0.010640887837911556,-0.5440179095955958,0.13045341811424216,0.09264606974623027,0.011902812294659535,0.03372417297087131,0.017427316027886653,-0.058438199168414924,0.17618493779129665,-0.23306816598919025,-0.10311531987077632,-0.0027534326257636515,0.12039992476276022,-0.03164787024804937,-0.04643249515923679,-0.11376601988228707
BMP4,-0.029066392909679134,-0.03643753065782247,0.02706223306650378,-0.01592192995764223,-0.014337234811063703,0.011655775995330842,-0.02683613437041459,-0.012480782709414164,0.024905547050572643,0.03999237681798649,0.07059755911043049,-0.012320560199153431,0.10285927665250436,-0.04476240817037727,0.052651364234583144,0.11569155712427939,-0.057547921819118705,0.016954794265752093,0.08121630207593768,-0.04023451765658045,0.0008405904751939919,0.016475556643749927
SCGB3A1,,,-0.01935244374327376,,,-0.060602632193529495,0.04242927720202547,,,0.018226290836257573,0.08047592106373809,0.02331445882575808,0.23228001505455,-0.04899577517339635,-0.0062616508608537656,,0.014825126822066909,-0.04410010094546611,,-0.029023569027613792,-0.06644624484402493,0.08232570863119562
IGFBP4,0.05112809792830561,-0.011015226863326304,-0.021235163270735276,-0.01873071591854446,-0.04391455858944593,-0.02681677016951543,-0.009321851407855542,0.39998175099149547,-0.08081795990898456,-0.04832270592484859,-0.012151245340169712,0.020165933533325065,0.05353068331448022,-0.09476392216752051,-0.08458500298589552,0.09803625579849869,-0.00935063678540562,0.09853241397302145,0.08847941190324808,-0.09279535332040273,-0.21743270191518244,-0.08813364957778294
RSPO4,,0.04677023334781526,,0.028744275255289123,-0.0423200449785306,0.03969993812546826,,,0.014714037473921053,0.017937394695506863,,-0.020056907369011844,,,-0.006913730428128805,,,,,-0.019546138564895555,0.05138872355512346,0.09428005739347306
LEFTY2,-0.005636729707584908,0.013018522862643054,0.01544112004320385,-0.015204324721426875,0.05003088528080785,0.07601048971688591,0.05631124460237952,0.4430912910034347,-0.052829708848708634,0.01661590932030131,0.007294907566075212,0.05763486199450358,0.05919247633095267,-0.008736325474796828,,0.1080026753378392,-0.024830796151507142,0.06570811210758219,0.20077181100260189,0.01673359117844156,0.07155531779811863,-0.01612514491828687
PF4,,,-0.020075053862027036,-0.013662602274782682,-0.039448897539638525,,,,,,,,,,,,,-0.021115658014377182,,,0.0201319715387592,0.017664837793134342
ANGPTL2,-0.07554006554696169,0.004115251852830918,0.034033379128976235,-0.006847923255088088,0.04281274901913237,0.0860908212823499,-0.005336941012215853,0.4411687992662099,0.12088154136773682,0.07439842688580105,0.0807873010925829,-0.052025006912914035,0.04001861016767138,0.05459729053010999,-0.2712878736568708,0.02156001790460009,0.0699112802583414,0.043336912499757935,0.014276046311280453,-0.002740110345143951,-0.12188698276022279,-0.08112077793131818
LRIG2,-0.02545778220823171,0.040759704197467585,-0.0007765498642423783,0.007461224664996888,-0.019390253970301988,-0.017003358791058396,-0.009262498423921664,0.22808584728137446,-0.01816774839184865,0.07942860856366922,0.03089338287377782,0.012264898913773886,-0.0009021847041301071,-0.010778366148772507,-0.04376422622392084,0.2847837132514825,-0.023402976764214982,-0.02000615091201548,0.1156412929240827,-0.011935747375132451,0.06356819624975518,0.07940929899041411
ICOSLG,-0.018086079023734568,-0.009560086492525665,0.016750114017873616,-0.02874089070851576,-0.026574355197141686,0.04288111536243252,-0.031005183421998973,0.25643148901022206,-0.020048814208021726,0.020900908564574418,0.030098943410994936,-0.024734970651818664,0.07584054468641144,0.03443111363820445,-0.05141244493090315,-0.01577360763194424,0.08825502429716241,0.005776321548230446,-0.047043323713919186,-0.029097679917896607,0.02910042999779611,-0.06424300276104923
WIF1,,0.010832650570162219,-0.026141625934650536,,,-0.035164118142055334,0.009131025670317249,-0.3740605645333681,0.0748462520735102,-0.08983704879445865,0.05041128029324415,0.11960877785822885,,,,,,,,-0.01817002907230825,,0.001460680449505852
NPPC,0.0035082760470782973,0.0240959050408196,-0.0038756058222051584,,0.00696516529661845,-0.024431619857703753,0.004742243256487896,-0.01837577178636616,0.05448492752939458,-0.003566449331192964,0.01245459575927667,-0.035387355218534304,-0.03170359854476862,-0.041062064642323814,0.06749974517728151,0.03450342669291172,0.05594893827526095,0.0006600147767858975,0.10295264822347625,0.0024530386653608184,,0.044401458007880125
LYZ,-0.028332978568281236,-0.01994823268807034,-0.05560243853476409,0.014604926795699002,0.01463214274858997,0.05599852021726359,0.01794056607162547,0.3754799587465886,-0.022337634770472785,0.07254596659740568,-0.033814093056761196,0.04604141939267251,0.06683930481997895,0.0005693800236367224,-0.053305655725242894,0.075150451204552,0.010900113169397744,-0.0023449722195479673,-0.04806061083648974,-0.0287245422947897,-0.05838991978690727,-0.1396706252512422
EREG,,,,,,-0.005664994014026021,,,,,-0.027499540722904666,,,,,,-0.04161602412963064,-0.008411600479917602,,-0.009228274335487221,-0.04926317918658948,-0.0751377934689605
SPTAN1,0.08738560491064927,0.1605944436645033,-0.006889504756431457,-0.03704584272162949,0.09356165373039865,0.03002676688900896,0.00040280641340842996,-0.21380830398744197,0.18655692873259053,0.052050394081127514,0.02498298989437053,0.015554589336841087,-0.044975123194372975,0.12475328577566078,0.08204768722360012,0.16358644140306416,-0.02431522492514345,-0.02573953238511823,-0.00042048623465550187,0.011409150704492459,0.2886082307373352,0.14346396982192586
PTH2,,,,,,,,,,,,,,,,,,,,0.00530962025997313,,
LIPC,0.01226948177948633,0.03118228995220219,-0.02457714255047481,-0.020562946615498436,-0.035400111875185894,0.006893135055637384,-0.028433269241226036,0.14691546756140975,0.0340884611201893,,0.01166121041644637,-0.022713734677492187,0.11809038235921032,-0.016481059885198872,-0.027063026260295428,0.1265538510669639,,,-0.01062123137836712,,-0.051996995597408203,0.12062137299489754
COL8A1,-0.005589170131099768,-0.03437857675112139,0.007992477477544018,-0.01982323179277289,-0.028791348994915915,0.06285796266751689,-0.01672941715885488,0.2238185600534162,-0.16466395509808743,0.0743698682666127,0.036965624813224594,-0.0803547717075923,0.024556141671825363,0.03168724179344706,0.01889333606434502,0.15848847952724016,0.09716968401488581,-0.02309877376639088,0.12758279795971206,-0.040654905334935765,-0.18716879355355545,0.11161851542512455
GSTM2,0.07392665940135669,0.10482218168052958,0.022665981822206555,-0.018832817962913747,0.0047465982472107105,0.0008391009767068896,-0.015504921616206967,0.14432354876551687,-0.09220518186170291,-0.0379862334709602,-0.05728906040947247,0.005040561323738899,0.003193587244690635,0.06963187472050048,0.040624811071830504,0.049013233484243864,0.06491826592110052,-0.026187667654986414,-0.00931818174584961,-0.005309205751792644,0.1553958568502352,-0.008882756581269266
IL4,,,,,,,,,,,,,,-0.04218395034589805,,,,,,,,
SPX,-0.038271538851884675,0.09421934897566744,-0.022329287133927553,-0.03732106547181288,0.05379158880941038,-0.04081433466668097,-0.028813044335717224,-0.16588150558131662,0.15471055068885375,0.009469999132032964,0.06030401595019145,0.11216664611581696,-0.04202920148790468,,,0.0552743781882702,0.07675013001417169,0.0521212756849943,-0.04445306956100328,0.03950421496345921,0.5229995796309523,0.3233761820261992
MFGE8,0.04797466129568765,-0.15447224988297065,0.001545023137065942,0.024357482098627856,-0.07844882135778657,-0.05521779142588958,0.032620364477333935,0.11551775447986044,-0.12620238518554344,0.0037888933516835826,-0.03924513067560424,-0.0331658044666979,-0.009930428538012268,0.06945006952056093,-0.10907314114969383,0.028899659649409208,-0.019209226154906375,0.0002526804293010595,0.15101359711224163,-0.08672694003354534,-0.10353392099026187,-0.08495802339353688
TGFA,-0.01671185567618826,-0.017616951649685134,0.022150337600520112,0.05193054453192897,0.05330858892685401,0.017866802504492407,0.014394981635610071,0.20459639437485308,-0.28086588085057496,0.02861168442901588,0.012495468553830814,0.004822620762921143,0.03592522398824248,-0.09908673231542849,0.006319824174653804,-0.0015515464793477134,-0.019675218137133743,-0.041707585733538895,0.03131975032576709,-0.059442090477083494,0.09424108296055897,-0.0064254154157756425
SLIT2,-0.03858843716003568,-0.0008681727616606551,-0.01119430946214014,0.024969855150742043,0.008691640417793162,-0.07534292971197376,0.07812657755611176,-0.1552467602577238,0.049998149052980626,0.0622575457162171,-0.009552133162013221,0.020864617264123347,0.06985994099483964,0.04224962013978687,-0.06718402811459191,0.07036977281191839,0.03574532930257623,-0.001803702627648561,0.003804443706583401,0.024506055753368106,-0.19327831266141285,-0.12296614057706216
PLTP,0.16034510138844413,0.10068864514844093,0.02591809097114305,0.02115698772925895,0.012038663269809105,0.17671083676379698,0.030141956817510848,0.5467152708463693,0.2538323721421674,0.22820408849268525,-0.0059849178612191405,-0.029915972396968762,0.016824775236165625,0.06207979844901961,0.21937120755321624,0.21738921381531484,-0.09230625742479777,0.07790903892061461,0.156614504182007,-0.0709978350083476,0.10277901436119646,0.06535631436180037
APOD,-0.10886837299021485,-0.07969772126677403,0.04468926112658073,-0.06284564584075063,0.05797734569387199,-0.03762778261682474,0.05294802556239788,0.3073286446139517,0.19556907041787033,-0.04742761957494177,0.06494785243417102,0.04623001284321606,-0.020893592619787,0.09525440153046455,0.02085929436437786,-0.28499509588447003,0.09283805939850363,-0.03645772251232549,-0.12296484200261029,-0.010097226084899782,-0.03987786893283559,0.008374417626044883
B2M,0.011681800973343627,0.010923535671220069,0.09913279897104878,-0.07272191392076319,0.08631267784296777,0.12692261528310692,0.036447896811196395,0.6310598750453914,0.30649570543490984,0.1885858679664132,-0.015136758452553268,-0.04615972819131579,0.18227990440147274,-0.028622186628392027,-0.32087214028789246,0.08581534312981197,0.0420542681525646,0.1034198360951368,0.18123995882061542,-0.03741666235160324,-0.3789940837766705,-0.16810828416820914
OMG,-0.0230646165978985,0.067451857562789,0.017817349831746147,0.04252960594413992,0.09510514829150137,0.036782157913177904,-0.03569729079714237,-0.07264164137401909,0.2713974538897951,-0.1398369064219598,0.037057851454583006,0.048718410188024246,-0.009689122300091451,-0.08861722583125585,0.08700771509316531,-0.17847157323207063,0.08318176595564274,0.0160179324311181,-0.0682355653780234,0.02365680812153462,0.4104782150007826,0.08848623490381842
CXCL3,0.0174425611969121,-0.033853044179957936,-0.035723559201269094,0.057787411738490314,-0.1087053911628386,-0.05355732041770388,,-0.0021846990041464193,-0.2589789172367458,0.034216958177758584,0.027124432959800732,-0.010413097322037785,0.10711384727899106,-0.029264220588812794,,,-0.0011224535628881049,0.053116407031285236,-0.04731963048124994,-0.020356113669563174,-0.03662771510584166,-0.1276854777525962
CXCL10,0.05689466078897181,0.05839144387424109,0.07292291809768407,0.012773203736227983,0.06229730380797386,0.0755827489383792,0.005221038576187151,0.4969226930457635,0.1615326489765066,-0.02871501020152039,0.004212179240012056,-0.016547671814442822,0.040626451368079464,0.04433630588594721,-0.042345663121940116,0.01859599699468073,-0.030205421676549053,0.0004712369008528472,0.023215367914318188,-0.026707999662884865,0.024435130974703567,0.06889734647544347
RSPO3,,,-0.026287835902686033,,0.003486480752791843,-0.04831051071580455,-0.02626019728333893,-0.15353780121631155,0.04387420156631821,-0.06970012487848738,0.0408628796329464,-0.010881486008737817,,,,,0.09926231584110705,-0.034879405719911244,,-0.05645066773384172,0.12233251809652203,0.05486511078396644
CORT,0.04627120493831565,0.01542303409916106,0.035109391781269574,-0.024400542484037394,0.05297165696750431,-0.04324849994316851,0.07356754093795012,-0.18740125657840895,0.05081968725226379,-0.0015548625173327888,0.1529502859023506,-0.0056527808749257035,,,,,0.02147569951883897,-0.02209646288541656,,0.08664219677366952,,
NCAN,-0.05502632344967911,0.15525366344610161,0.09686318134893092,-0.02188660738245837,0.0699199723965154,-0.0881675026574662,-0.019300083006112533,0.24221670122790284,-0.25708557133001153,0.022083803319458563,0.007294521953040448,-0.08572118680976339,-0.10544923925395094,0.09781889849752622,-0.197355295855562,0.10982636452751758,0.01876188840663536,-0.03201944705264339,0.22147214606399054,0.07543259333256677,0.404308731703596,0.28464120482237215
PRG4,,0.033939516470116636,-0.01755381582161398,,0.033763323774370954,0.021559996565279824,,0.12039668798207154,-0.06596692897417271,,,-0.012722255920206942,,,,,-0.03203795191660964,0.062247025708874554,,0.00587790072419007,-0.028343015552633116,-0.01114487702086944
ZG16B,,,-0.02683599853152921,-0.016440721273677628,-0.023907427748035205,,,-0.022532030901249143,-0.013012745749152654,,,,,,,0.05439600105212285,,,,,-0.005567406872152344,0.029700930951660688
TGM2,0.09146048121761943,0.0333140750445562,-0.029542564125587107,0.001200902489539372,-0.042593509358992886,-0.04156673920463899,0.06751796923477824,0.21745873393920792,-0.03624517951203007,-0.0058403117621109646,0.005127411815479479,0.15481434804654753,0.08999780966004234,0.1116110170074981,-0.033796814933380284,0.09280852315568415,-0.06681884965651612,0.0323064641721648,0.03444480494578329,-0.04159425294581185,-0.16733355906667824,0.012717583224831627
VEGFC,-0.047900794051854656,0.04043482031097855,-0.00919352534709768,-0.02111051923976351,0.0206799204759399,-0.005034723594545351,-0.026950971932044238,0.02886036358378757,0.06497813688105476,0.09501003913661217,0.08841195531602067,-0.012983569273953386,0.16474451958609476,-0.0478184628090091,-0.10951061733561832,-0.018268119870772825,-0.0134309845082948,0.003509554048730338,0.026503264337709154,-0.009674806071749665,-0.04427486487152738,-0.03555431175571309
WNT6,,0.010419969909910736,0.036557119709168424,0.133458224501282,0.021581740990847545,-0.026822328274928642,0.00044219300516082144,0.04712005767223225,-0.043175511436855205,,,-0.011331403631964512,,0.06030208008606069,,0.023220109033009754,-0.03308436174776147,-0.04106726390122697,,0.017829426984363544,-0.0037213229703716216,0.029449467267085767
NRG4,,-0.02386067038964491,0.001547176949522599,,0.009883503320737211,-0.011428012075270019,-0.023022406878953402,0.004183701072262782,-0.018545788826276634,0.005646667823758388,0.02891008682605038,0.006834705626009903,,,0.03773644290608637,,,,-0.029917903838789783,-0.025811183112971415,0.03249073197297709,0.008196160763687343
PMCH,,,-0.020543444104515127,,-0.019694383422687887,,,,0.022542955867994357,,,,,,,,-0.029731639446449607,0.03588023766726594,,-0.014861013553665915,-0.011687980231426096,0.0413846829601862
COL9A1,0.0274420073097389,0.10046588431411707,-0.028083524352692128,-0.019730667286281596,0.032600004876669,0.021510031405189617,0.0033192060523322517,0.1731844295843215,-0.01627197389743557,0.07085780864106571,-0.04620017051516267,-0.017259473147897133,0.04630174395588757,-0.008194102055459717,0.05354964113745854,0.08329381314060333,0.0450591970064006,0.01095925822612774,-0.01740292076978014,0.03324129065435373,0.26921521384270264,0.11488303586393817
GDF11,0.03377408559663662,0.067926177209017,-0.02389431021014081,-0.00015244916339630279,0.02520082000670654,0.04281250380513187,0.06009290932493871,0.32363103649270714,-0.03408784550405694,0.0075316576454497915,0.0021069291205294276,0.0014871600809923241,0.04484719530726278,0.03504706115112809,0.05307124230206798,0.12600236121561553,-0.05019030756823416,0.029002027592119315,0.03849970723394987,-0.0579342730302365,0.12688826272564407,0.019666059330398323
RAET1E,,,,,,,,,,,,,,,,,,,,,0.02450973990348003,
IL24,,,,,,,,,,,,,,,,,-0.022167193930029208,-0.0207789795829332,,,,-0.03260014909040454
SORBS1,-0.02237788294777358,0.0032209967284672217,0.0011273794021338887,0.006509104094186459,0.09509455421908354,0.12488984001201768,0.03205711543927153,0.010491867837240423,0.109666600108991,0.03167973062282643,-0.0017866467965651125,0.03692439987982263,0.023073798726335738,0.036573191661372816,0.004976788741862829,0.11978938314134405,0.10486389478775264,0.011843729387989348,0.06675190067661683,0.011092701589446563,0.16929676733497098,0.04478329887262601
DLL1,0.05150059543401255,0.06861877704121598,0.01654598775550056,-0.01695002736940672,0.11385215549356163,0.04904815031834637,-0.03128298773751293,0.27692883706845245,0.1644118552308294,0.0133411282743664,0.008469459782146931,-0.0225479695401689,0.09711623112586248,-0.006232123893487935,-0.12882486503628238,0.007857827251525118,0.035990408602741567,0.024839140892552406,0.014938509441199885,-0.018625589108186066,0.07579313891952982,-0.053806394384445816
TLN1,-0.0012314020077511094,0.05459551616306395,0.002029116112044855,-0.033296523891043824,0.0007401521244955459,0.0725124101905924,0.07246522127353404,0.47669668863918013,-0.0374345141702298,0.018488587883354876,-0.06037328056141221,-0.06827554926420615,0.02734988826974739,0.03745969621152721,0.001140615580345595,0.1361519383943456,-0.06216916756649953,0.03825893768862009,0.07021938964179844,-0.06362615655769303,-0.24509895951850258,-0.14243892821665902
COL2A1,0.06455233226977551,-0.06021316408314492,0.011585884418171702,,,-0.03406270395226088,-0.02037430247240464,0.0249223928416583,,,,-0.010571431622158168,,,,,-0.0015082401833297337,0.048682104614271055,,-0.03130711920954521,0.013677791774636879,0.008025386035173067
SHH,,,,,0.000863655998075908,-0.06338504568775459,-0.02223863324950758,-0.021104819827280127,-0.09179629619163057,0.08124167440082988,,-0.010089297131074149,0.20022291381808657,-0.06572243271103484,,,0.0026802034142402583,-0.006883146085294553,-0.005155254239681601,-0.06052026237612762,0.10061838674722144,0.012062159785268346
PON2,0.01580094242133775,0.17134319719575997,0.09483438852562905,-0.017332076045873716,0.20155882679220874,0.07154485219155475,0.004688776628922513,0.47944695428418105,-0.08879363951639282,0.09102001234944054,-0.019257281298992308,-0.04544348689905534,0.07445389776238677,0.08599679215022867,0.05815349649239526,0.01303829671168632,0.07603729088362264,0.05435147925494826,0.1398014514467408,0.015420147452629372,0.39004207144961156,0.4037452702770415
ICAM5,,0.07665521866365846,-0.01635646612749989,-0.019571381074541684,-0.04867673703566238,-0.08012725177030318,0.0035610924965274217,-0.19111068190315472,-0.00021267720468736315,-0.10223108753096542,-0.0002085952495838003,0.0846821525049138,,,,,0.002340022933605198,-0.02186606719273658,,-0.02732509379837231,-0.0076301276402139665,-0.03484493996803949
HPX,-0.0026872341960106744,0.057043553460334046,0.048134570669297126,,0.005124190974130345,0.04085397148573313,-0.01880631688467591,0.1605481101900098,-0.013238814445661613,0.014586553250996328,,0.016849739444374318,-0.032673720527945684,0.08072112979833877,-0.12079800778876387,-0.014483895249064474,0.04260427943144541,-0.01172418885204831,-0.021406894949326287,0.034825436176801436,0.06121545552687133,0.05999436741338403
SFRP2,,-0.00014430655067331066,0.06886923912291688,,0.03941207809583458,,-0.007449524613668657,0.0438063273266855,-0.0668969350644208,-0.03757327823942758,-0.06363770396676356,-0.019792618983636146,0.08414659642022561,-0.04218397517470809,,0.021802836422295715,0.038423967388064716,0.04528084687134555,-0.03067465751362996,-0.04880710144098761,0.04945434175013459,-0.028140568406116062
CFC1,,,,,,,0.01397173594749599,,0.06350461601362895,,0.012932815302786763,,,,,,,,,,,0.030399362261782928
CD70,,,0.06334325315707937,,-0.05330756063159812,,,,-0.11202355425615483,,,,,,-0.049299239013037774,,-0.011825086458821842,0.032573156760384005,,-0.03758760491842663,-0.008988235876604555,0.012414189179376556
HP,0.05283036791789435,0.10481328820878022,-0.020669965081116633,,-0.052493213095204175,0.09075005060992263,,0.14223998395659207,0.02089679259681842,0.01395580273442697,-0.06569851663279992,-0.02495468698368122,-0.07382466948743288,-0.040406824787112036,-0.09346877530403343,0.14719994638298553,0.010557047179244357,0.10043301190086391,0.06358073319392167,-0.04407218379195633,-0.06961655350617656,-0.060336487864641575
CXCL2,-0.005910957062762693,-0.007735361469918116,0.06316527977028003,-0.030047522777650663,-0.0386674035958211,-0.03456577574015518,0.04910570431655869,0.10864215055914885,-0.08638749251364192,-0.018880491010138153,-0.08586579325147492,-0.019969143929381546,0.012269954925413834,-0.019379370900723378,-0.043141849392215395,,0.057852449042778996,0.10621057090178877,-0.02229451561353211,-0.05621023471981691,-0.056125386145219364,-0.10657951489987552
NPPB,,,-0.02496652544757074,,-0.12077305510152804,,,,-0.03204920566293888,,,-0.012983570218285613,,,,,-0.005208071675410039,0.0973603627407672,,-0.02221132071090747,-0.060110904066511,
CCK,0.06194316882766138,-0.03735895179479975,0.013033204992770902,0.03519498241333777,0.04035513409161805,-0.148929844551768,-0.0012926956942122892,-0.5117668361407032,0.2772722168324173,-0.2917194198569632,-0.0032211828409029804,0.12210337329949573,0.05755114868682755,,,0.04045463392802889,0.08880978147463789,-0.035569406683731424,-0.048926496650056515,0.06406554928396878,0.023065732746094136,0.037980785661540305
SEMA6A,0.021734598354761787,0.15048306768140535,0.07103101071193223,0.02191484599647558,0.05616365267855258,-0.0035872761036236994,-0.0060333807517324225,0.3779998384862269,-0.03453454058695526,-0.005023951756762259,0.04072406690543324,-0.07588423823059683,-0.008844821692473272,0.06714078934947322,-0.059867791919213244,0.032326637668542164,0.06673759500771982,-0.0010428800390893556,0.026498380611075602,0.03659321647465762,0.2571060787985856,0.12388301379739605
IRAK4,0.02881467716479041,-0.004146210032983594,-0.014608479882534046,0.012743919749588039,0.04643134487390925,0.0769152398173837,0.0059790020418164875,0.31827740861694737,-0.012219816867171515,0.04807575794369736,0.011613075284526417,0.004664477080726296,-0.029117027332749207,0.002498508859125801,0.0017101764427360582,0.1313664208031637,0.013141674855001026,0.014931220293053462,0.029409829138085642,0.0088335536730089,0.18507798094178224,0.08773953323728456
GSTP1,0.022158644733904546,0.18584703439562072,0.05936123911930398,-0.026363725968721573,0.02258088065385752,0.013624061157954446,-0.009131117849118893,0.5454764927162328,0.11119003179189647,0.14436861452351155,0.024340255772519286,-0.05858949657147055,-0.11098378143083122,0.013935792271766565,-0.06077299742140672,-0.10535292471022581,0.09473927725565864,0.029148392654577873,-0.06677070501107381,0.03643140157430581,0.26950905175753925,0.10460276759794056
VCAM1,-0.006330840231063717,-0.0025315961543226377,0.005737416706950115,-0.04215008258964391,0.00013285653765031987,0.09454760808497673,-0.013289315118155441,0.4711728789241372,0.17954606557607647,0.09807537436940611,-0.021699536037497223,-0.016051110746489534,-0.017988908928980613,-0.003324133345044192,0.039476009970448825,0.14342349070674948,0.028625656683046993,0.056852937585414855,0.1125897414175391,0.03717379371006294,0.2397327355926406,-0.010890629401327784
NXPH3,-0.052828293187755095,-0.007781026075673239,0.030839280216728063,-0.026022073361764146,-0.02188447268508722,0.08746402429823351,-0.028264846310532752,0.2071860206296343,0.08918287187682442,0.052191200808479846,0.07918503129717401,0.007167348891908003,0.04530472840340612,-0.0690678786963834,0.08003720014842224,0.20196073767319733,0.07110444171783943,-0.014762582388073937,0.03657056615023273,-0.01199759956334833,0.39873959488266575,0.06920838867303836
MTMR4,-0.011156225923089817,-0.0021216906488709456,-0.053075024733232494,-0.018887236597047278,-0.02768058237085432,-0.08732262982568477,0.036798101305515064,0.10206935849698756,0.01929185881060246,0.01743802288080802,-0.018350828196443035,0.0030715908276923646,0.009206578396930802,0.0433921478575727,-0.017787422899690576,0.08911225597728865,-0.0319710007730483,-0.018254925303667527,0.04822543748421958,-0.0350485371759441,0.11213681348795863,-0.024892681654562855
LAMC2,,-0.058161108080906965,-0.019596111897437707,,-0.06514819039816588,,-0.02576769496630162,,-0.023954349091133042,,,,,,-0.08604533480118123,,-0.027252542789593222,0.034012278744159435,-0.010184396874524628,0.038145267786747025,0.027542424342455463,0.003288655029488737
IL10,0.0816395254515569,0.06724370571313869,0.09629684074919091,-0.007090542018296971,0.00565679445976873,0.06665319495705302,,0.06896811393346272,0.09052869723258142,,-0.08478387460854274,-0.011622141228046484,0.07660174309312977,-0.07541188447702336,-0.08395952924467044,0.08305071177568289,-0.0012425632559347822,0.11003027890728628,-0.016637922342821673,-0.02450524250754752,0.0011050996015098602,0.045442589276383026
SEMA4D,0.02289615956927299,0.05445451764578739,0.03336541743565042,0.001524000720649654,-0.00038964538305430295,-0.0015194746710827203,0.007344296193086811,-0.13408973220141568,0.16558036072049898,-0.030661524869075897,0.12027959388784819,0.025901160163045677,0.01654139620148133,0.02077336746312311,0.0007755142232951088,-0.11105971523562289,0.0634353561026394,-0.07404773755223466,-0.05825046170465355,0.021489281116012945,0.12316515107298182,0.1629590627257352
TRH,-0.01915436490124804,-0.014942325404918902,-0.032850200004385155,,-0.04612756473664568,-0.04781581441420326,-0.001990499585872705,0.09502957370613942,-0.055999600934559364,,-0.0124747045229707,-0.03330555453485952,0.08429936851511417,-0.03493338576510339,,,0.026795980279446085,0.0012193880158007022,0.0031835969870829396,-0.027436030838753157,0.004940134915166749,-0.09122879865354167
SEMA6D,0.04302078821598998,0.09134720906561239,-0.06463991699174856,0.030825076407428417,0.041255413216500045,0.010705529197950647,0.03582382026866467,0.29258973848023545,-0.09522336716856421,-0.012387084062504826,0.04253282842227114,-0.0778260502472858,-0.007231701571064142,0.09164507827529006,0.08718401391475172,0.0690798799094476,-0.08388302889773809,-0.05206076176146738,-0.020294714421944617,0.05863139372236229,0.2748590901911146,0.05850915230702486
CEL,,,,,,-0.044089559274314134,,,,,,,,0.0747875280660043,0.107904880727774,0.06075367887131929,0.018095606163386124,-0.033924439529492895,0.07559941037696435,-0.036515571510639944,0.007064070674011421,0.12598040475380254
PDCD1LG2,0.056129499144469366,0.049966516808482825,-0.008363947999512846,0.0580215275810164,0.04048349041267306,0.07008181882468056,0.023184626489717884,0.19832586727429066,0.08184233959172978,0.10235994750258014,-0.04862493805045833,-0.019881053044564254,0.024266093821222242,-0.07867035925878987,0.01330300525031573,0.10821749747106044,0.00822058821665364,0.08193502265734313,0.07381020762703182,0.016355580894239538,0.05976284109189258,0.005413252243417743
SPINT1,-0.04438486249523898,0.016667689930192613,0.024354923547098895,0.01601492306210899,0.05326997844739242,-0.062407792902116344,0.09278992009020276,0.20037301849296082,0.01149940375327142,-0.019795533175394748,-0.027805378265248253,0.10464797782696068,0.044638522096408444,0.020926285970846364,0.05866832222433499,0.16226545415978008,0.09108404818643985,0.03993036934582522,0.03289846678301596,-0.018292182407188304,0.02676216788833905,0.023841745653860866
CTHRC1,-0.0001692490082015428,-0.010732296182009738,0.02088313073650111,-0.022808203449342535,-0.005763729706095144,0.11220816401493372,-0.017471131280601647,0.3036218300633999,-0.031449429871065644,-0.012655347056147428,0.03462798994475991,-0.036696799659038055,0.07048146508446904,-0.03491688878656109,-0.0826379679674081,0.18762813435792275,-0.05216054692952325,0.04083723794491047,0.09833387646662664,-0.03304205773089139,-0.12455902141198891,-0.022119012583086343
PODXL,0.06606342768496684,0.11865022226036245,0.09063271265159199,0.02481519010488227,0.010597788130228237,0.0776687921892659,0.004340493082804289,0.4763388099184469,-0.09079179360487266,-0.01684046275277744,0.05888707508165688,-0.0031708423157909703,0.0892484878115773,-0.0644180364579563,-0.10932642756785427,0.11640114236697417,-0.010938572493454814,0.08444393175146439,0.06825492652164157,0.0011709907764227423,-0.043390319853299705,-0.06331318942532607
JAM3,0.042913633866178434,-0.030242813493719545,-0.031386056779129326,0.0018223424321585511,0.03481374588128753,0.014625917260025377,0.03165363326936971,0.4502588456615917,-0.19369271842718339,0.12496674127995405,0.053694955395799125,-0.05445456911580451,-0.010505829224180556,0.12468936833108535,-0.050059061768852435,-0.22281229087394838,-0.007296201028586487,0.07562620557467566,0.06388340343681836,0.012989939573657629,-0.1169932906376243,-0.05732649564878695
TGFB2,0.01630697044554893,0.10955614523259954,0.03653995225432449,0.026193431235849003,0.016011425056414532,0.11403121296902706,-0.01230620045785844,0.5082720975398315,-0.00504271053549797,0.0871551870553924,0.004101604228328476,-0.007755077953243091,0.06796501368822053,0.11555101882566853,0.03039408926049583,0.32795256908160747,0.05416194989726113,-0.008593424855338162,0.03195459586942653,0.06405604339891639,0.10607211376039759,0.09073468805053007
COL18A1,-0.027554716108449517,0.07835413972434246,0.030725226765116753,0.015860276333882657,-0.022780971851257097,0.059671973492306817,0.037066009105625304,0.4121053608240544,-0.253181550115435,0.012139943306373841,-0.07452951069426227,0.009170240291905092,0.10410636837119844,5.049539626741319e-06,-0.0669597714814449,0.06875178191053324,-0.07348493940192151,0.0843632248588314,0.03354294018957938,-0.10729212356385433,-0.3108956915736719,-0.06750325329175905
NODAL,-0.04279304333684476,,-0.031763900491388275,-0.014644314253517601,0.009346253820153172,-0.000494797739163055,0.07112686439904536,0.28050609785568076,,,,0.04095149606709519,0.10975226960017513,-0.02859171510814492,-0.08691023825122082,0.17591345996322572,-0.0200987302087976,-0.025666934535963973,-0.043039884289607526,0.13952525114138206,0.036524183349386376,-0.08024615082603848
INHBB,-0.05581273028429203,-0.014047312049304598,0.04360523431897218,-0.0073337008989884005,-0.04316092420044885,0.08930642530723498,0.0023797103899533116,0.25613899512205784,0.0724935510344315,0.038086199887948737,0.007498845940276215,0.02919664656787575,0.08045319683988528,-0.04313305158359007,0.03144205943234855,0.22796060268401494,-0.05753933793445599,0.05557420599977302,0.1448012224605686,-0.05748956666779625,0.3621291265525265,0.10437345087565858
LCN1,,,-0.019596116306642673,,,,,0.02563833037141418,,,,,-0.008720311334824135,,,,0.07677154809773085,-0.024239173225185495,,,-0.009535090765698806,0.00804071103656453
ARF4,0.02186926313661429,0.028312868619660918,-0.01633263089896985,-0.03461312911507681,0.009557458303306062,0.011550365183038057,-0.03507926969542843,0.2907015591172468,0.0007157343650113786,0.01756888150954727,-0.04429885176030101,-0.048781135574070995,0.037639270612063694,-0.0008484532633021424,-0.20774199456940204,0.14071528112681927,0.06327364201654866,-0.00763416002404204,0.058857681186857226,-0.05735344150547012,-0.20686301392223339,-0.14319847935367516
CXCL14,-0.015459773857854143,-0.03247009524387529,-0.008803598148492537,0.04520054425860961,-0.05005597380480215,-0.04819396887159966,0.004539017910346909,-0.14182708348069673,-0.18419275242963473,-0.038116758619323836,-0.058980635571856954,0.06578019171552138,0.1471488181232473,-0.027345186469857098,-0.016478330976335786,0.1529665788344309,0.015916174369757705,0.06619094151035328,0.19654741967812492,-0.07977936085661665,0.07471541995597869,0.23233348626273545
LIF,0.02127540789151503,-0.014143353098043182,-0.004741865199399526,0.052670654845092306,-0.08770776548062727,-0.09588344522168324,-0.022828779286831306,0.1586226845575411,-0.21464306142197465,0.025160569335160053,-0.02825185695369758,-0.02150234942569171,0.06913967546422345,0.03030438779806759,-0.04745411644109056,0.12653185457887023,0.004032584962154223,0.016893243070223506,0.020452807062460353,-0.038087323418462625,-0.13535498233481014,-0.0937008002070593
IL17B,,-0.006691904128297229,,,,,,0.14860747268741623,,,,,-0.05152425698585877,-0.034549936010207685,-0.07305788905587693,,-0.016098263975558722,0.017032356016187515,,-0.02052254592203071,-0.016626272266094984,-0.015795774693999044
MMP1,,,-0.02701648226947573,,,0.049088396183310505,,,,,,,0.11020090249538934,-0.010983547307505163,,,-0.020559933114880087,-0.039952237966875595,,-0.014861012376764576,-0.17998359324936342,-0.11132039417978418
MATN1,,-0.008732714297682478,0.161685083708574,,,,0.01242978788793274,0.029890702423474746,0.036452425291311236,,,-0.010571430306594087,,,-0.023202160625401414,,-0.04435134314612947,0.07821986844153375,-0.014335938104267336,0.013722878800620973,-0.041670568613324306,0.008744164166827367
ADAM28,-0.0602691229292121,-0.022883365753483098,-0.020302490243582955,0.04788396679757683,-0.00897482192102591,0.02369769839871576,-0.02711502355174683,0.24485871176422505,0.08498610245679238,0.02596902993326467,0.04594779481333755,-0.026762410805301444,0.013996918043344936,0.03536385623634434,-0.02565280579100787,0.09437326704975947,0.03568297761135822,0.007188289123784671,-0.01623257140092901,0.040909134991091535,-0.04931276657707919,0.05828203023624253
TCN2,0.002141501723405968,0.008823349724446584,-0.011175502519441226,0.007319581061992566,0.020124197768231756,0.05859785805630243,0.04876547023870449,0.39436058047731515,0.01955174327112216,-0.04114570634948345,0.023998555635918812,0.06918529706747263,-0.029316943688134384,0.04351913017555045,0.003600544611966057,0.12400416752867717,-0.020689034347257513,0.025464653250332498,0.08601330304493729,-0.042212755733973505,-0.03778615881583645,0.169045722128971
THPO,,,-0.02336922946277272,,0.04101217128731504,,0.05407106763185405,0.10017960162957674,-0.009741501667518894,-0.0504746539733867,0.04230011281330654,-0.010571431520960916,,0.08463080524379568,-0.055626272759541844,0.005996273148993406,,,,0.022192369043818237,0.10368375225902754,0.05130405399706412
CUBN,0.05595607659268625,-0.0016847304001650733,0.06793339023034468,-0.006632534304637868,0.04249061941740629,-0.0088051520208638,0.04180406976916719,0.22921819601808704,0.00368167191912295,0.021959934478778857,0.049874164764250634,-0.030921543257691548,0.04613510756717358,-0.08370910184636865,-0.08950225316617204,0.19263875521138227,-0.015458510964177436,-0.00623436269696531,0.0523262594646806,0.03849868110365718,0.1404797155372156,0.05837483001560441
TIMP3,-0.05455390546910566,0.023030517153571937,0.015548575078850643,0.0453363601547564,-0.0739010210179651,-0.013347373412484083,0.044687395469832705,0.2946825176821081,-0.015187973882901641,-0.004979439025569615,-0.057594871813786495,-0.0037936051448944487,0.09260073739023457,0.072909488215959,-0.02838339947469153,-0.06418164888606538,-0.09017971228034935,-0.0036319206950215436,0.14074876645026393,-0.09155149101735956,-0.16819242619640995,-0.019764125016290997
PIGF,0.018109036648190982,0.06822060351949212,-0.016632838705966064,-0.04828045301418226,0.055218622208489804,0.04631331271471962,0.01311149750323873,0.30513207128920883,0.014117205942973846,-0.007191233286454686,0.06783210977173602,-0.03838330026296857,-0.09020794020807582,0.005275529131686691,-0.12966825420219064,0.10174914922300088,0.06377331629387255,0.025131687126252168,0.020112077945999517,0.018810909881930262,0.21956550641830322,0.07751956892782035
CRH,,,-0.022959183337591754,0.01702785330479509,-0.026239784647335593,-0.03257828984902781,-0.01857218924596418,-0.15625443504698822,0.09723166488083314,-0.051468453563509015,0.13248789066141123,-0.014458995485880446,,,,,0.01514173241883639,-0.007170863849295815,0.0015770109294880642,0.006849071756295728,0.09240888892681831,0.013433164393117834
BDNF,,-0.022663351454007767,0.028379241162037123,-0.016440718139935702,0.012235240533307795,0.018802883869296825,-0.0334058147651261,-0.4136866920883249,-0.17156257206769482,-0.03062187110858757,0.040300399610367514,0.016410328996726675,-0.00022772433515446414,-0.008112486269025049,,,0.024190467468892963,-0.018744252451923668,0.0679025209702479,0.0011584519429813003,-0.02492569501846313,-0.0369458405759574
CCL5,-0.02376784682140493,-0.01572117079446394,0.07506611827884248,0.03936054901246436,0.02193664889692429,-0.025489777590826736,0.04227574538342988,0.16428391809566825,0.08483790108018677,-0.03354239100220355,0.07624299834871927,-0.01434141813190545,0.09536942562846966,-0.06920038676200485,-0.007122308786211673,0.03518604136306526,-0.034859804516263686,0.06781555224285182,0.043245051582271474,-0.015748034157743538,0.0028364342738354544,-0.02067924427736984
GAD1,-0.0272582095324914,-0.007211097923073026,0.057809378340269356,-0.019202062285755116,0.015642956426346576,-0.13988099149036445,-0.008252198983656703,-0.3700070466727731,0.21550750117103717,-0.21878807078213117,0.04237201630889841,0.10556690934195764,0.037850096505673086,0.0019698718040412518,-0.05207746008040817,0.13746194024099248,-0.017722695480822306,-0.013208824763847249,0.010638356540147253,-0.015885630807508582,0.17269693694033347,0.009747682879317226
COL14A1,-0.007601898058182889,0.11342550937894426,-0.005985166724395519,0.07894328317298563,-0.015204354849537768,0.20144315534441784,0.050202166449466304,0.17986372980025636,0.00946386628155417,0.025772414849611826,0.03699926315346472,-0.025852847578545852,0.05547204675779441,-0.028110726227958505,0.031126320382445886,0.11618500632191137,-0.029849099038972312,0.03293812011948723,-0.049789242237574145,-0.05647033879445081,-0.08264912582280552,0.0914398219557395
HLA-A,0.11831888950206752,0.1721037295473909,0.027964231531912707,-0.008427551390372056,-0.09246234246233002,0.024239006106830677,0.058271053012428214,0.6091141754098593,0.04056851949091682,0.07296588008347119,-0.026177187095112447,-0.09092001612655755,-0.052779673203215624,0.010811533312946629,0.004048944395489616,-0.005620975583720625,-0.10165626816956427,0.04147928904158637,0.21667422283574056,-0.05338859867148058,-0.2786541948486862,-0.2698307457399273
CD5L,-0.01739726127631357,,-0.02295918068138912,-0.03937029046030807,,,,,,,-0.038772609052202436,,,,,-0.018557382639856797,,,,,,
FGF18,,,-0.020773908781962707,,-0.03791406455872183,0.006443217311927674,-0.011721455802146605,,-0.010139046900746561,,,,,,,,-0.03626241745759962,0.08321603398152758,,-0.011336416938901936,-0.010004420114383331,0.015544768567875318
ADM,-0.05762504394241648,-0.07051740771288736,-0.14529104177002042,0.00930554761596511,-0.15454895021190246,-0.09466943915824025,-0.019823345178762598,0.21549939029269188,-0.36830747656653523,0.049552974454802744,0.010996802654008342,-0.07441058936627401,0.08541715595020097,0.01608521943153147,-0.015298717372272435,0.12315285478926238,-0.03592705657429057,-0.01704320635880053,0.030214878500921007,-0.06492943223123936,-0.04306419679151581,-0.06013255314659218
CCL15,,,-0.020550429979726188,,,,,,,0.08696858793606563,,,0.15026651932423565,,,,,,,,-0.027635467391921298,
GNAI2,-0.043772477390077696,0.08230845472630048,0.010709125404923334,-0.07652667206375781,0.05146116779298159,0.15855293324587766,0.007846608219182902,0.5164502316416186,-0.02327830080096882,0.1243579496145186,-0.05889955926492337,-0.025753356037605663,0.013669947958795916,0.015094782106894878,0.09841952290262426,0.12555358835851993,-0.03875043933525236,0.05497116245723059,-0.025568377990342575,-0.053256646808885026,-0.05242647232671333,-0.011899433009152794
HDC,,,,,,,,0.27804577083961207,,0.01948282497789894,,,,,0.012731372618455422,,,,,,0.2939181737731454,0.006542242884839763
COL11A1,0.00897280939776636,,0.0782749792136001,-0.025446031622458662,0.01528191649223662,0.054521545560582675,-0.036974646126091026,-0.0780751804809166,-0.006248303872517324,0.04655178051829824,-0.016372761306460037,-0.031852473155956934,0.06936581635418322,0.05136925909414293,,0.06299804727589052,0.003370738127051317,-0.038602298547034015,0.07200047575945188,0.02463824158530431,0.03428440308513501,0.016743611889029168
NUCB2,0.05616628045290813,-0.06145939243597702,-0.012847990546691772,-0.049371568608736795,0.015216541579352878,-0.00104071279312201,0.032517720642034266,0.21702978415953228,-0.0288275422068008,0.011080574989724859,0.0522679297139032,-0.09409898068966696,0.0277501165255868,-0.04887003038684886,-0.03106499753061564,0.06019168864696555,-0.005035434591461741,0.012195620615927992,-0.010908037922883161,-0.03291683287480297,-0.0017766099903421314,-0.16200674580373403
FGF16,,,,,,,,,,,,,,,,,,,,,,-0.006642261128787096
CXCL1,,-0.02403779691994838,-0.06558299515221029,-0.019715816599075005,0.018870632956170166,0.015690858999647908,,0.08268445118237573,-0.009217362117598986,-0.01720444226123308,-0.01921461321117219,0.08056592996479858,0.008357775687257365,-0.04015665254368406,-0.14588584794371093,,-0.062149983317834695,0.04231090731552975,-0.04132085508947089,-0.02197352238362265,-0.03944296646263064,0.012324026663759596
VCAN,0.08567670813595121,-0.039442224584175914,0.01301030497311843,0.07260364618503544,0.0513459614774918,-0.07537614004654294,0.0006852500449293697,0.40706811279296795,0.10232675307964137,0.00884083427688225,-0.06258411484599721,-0.07062196569057311,-0.07634464551329918,-0.06649901830767609,0.25656187654764817,-0.05281489245923702,0.02589702057185641,-0.02788400669269139,0.0014268976099930319,-0.02604744180489284,-0.24365137156624372,-0.11650417194857696
MMP7,,-0.14467120876874867,0.02958954555122512,,-0.03275136856836472,,-0.022828772878906105,-0.031154110113656396,-0.011801973732079156,0.012484153717008853,0.09258173164754631,-0.016339224415769567,0.09536458861413925,0.096127233992118,,,-0.018099402823970746,0.08662040965238278,,0.007257494412549005,-0.31186891904357417,-0.19601369830666243
PTPN6,-0.03847970195580599,0.04718260978610576,-0.008204613146470686,-0.06661515057926248,0.047596381233213476,0.027879563911492496,-0.01768548734642558,0.36392611444882017,0.024172516565392738,0.017630850990211982,0.00963201280217514,-0.05520441866224161,0.08250913027614379,-0.06288964987573743,-0.02805693740571066,0.11262134728840875,-0.0023417022035312025,0.04704209718136716,-0.016666616816933127,-0.005361522328974962,0.06612314469980746,0.06320917551496608
PTGS2,-0.013729872016405284,-0.04371193498997006,-0.021158944211946865,0.0008364000191459464,-0.06483206730659859,-0.09683896642034195,0.027678937266065903,-0.38591308707250016,-0.03954898609895447,0.006581486260751278,-0.060720610363316635,0.0054415824494247434,0.020760461839165294,0.008526176462990488,-0.022263919499238283,-0.07673472739108951,-0.01886492232869533,0.03427794118552818,0.031153969391516004,-0.014977352577602243,-0.05360422950480725,-0.0809820590692155
XCL1,0.059814526655674535,,-0.011265402704859536,,-0.017542968283335746,-0.006161059614223699,,,0.044880577413313236,,0.029036580044552725,,,,,,,,,,,0.06201698922694948
CD58,-0.017586983243263486,0.030932779685008474,0.081990859522067,0.004817207756280393,0.029466690832987565,0.041264116800799965,-0.02474277610160512,0.44613849385066534,-0.07112842061604839,0.047446094150534426,-0.014794180919192743,-0.04002927649511112,0.11919060279179304,0.06612975935702911,-0.09340902524941203,0.2088087900135171,0.033230125574316594,0.034416656459940916,0.020883155736441096,0.0016289240895312836,0.030548541806877,0.034400011661556824
TNFSF14,0.03423568813045613,-0.05163542577496188,0.0010114001020753434,-0.020562946725120716,-0.0211297236312797,0.0100753403719892,,0.11207078756756352,0.008694275107052918,0.019492971936355272,-0.03773550422295025,,0.10189349512392969,-0.05184297088083401,,0.07000259836993084,-0.029008026666388582,0.025532344442683486,0.014037547717324086,-0.004553349795650288,0.07632097316632934,0.10143015656667202
CNTN4,,0.05132977625739975,0.0638882422689142,0.0039000836701842865,-0.007783012266503877,-0.06852068948672274,-0.04275332643632142,-0.26014942254210494,0.12611340174923377,-0.044005852016293714,0.019216579799701212,0.04355842400157005,-0.03885580135482077,,,0.06180079186573848,0.07245395553761466,0.03620933880764851,-0.024251022327705894,0.04220774449024861,0.008361358507745891,0.05261038028521935
NTF4,,,,,0.0602335063445558,,,,,,,,,,,,,,,,,
INSL3,,,-0.02253796001867786,,-0.02896753914299347,,,,0.048305714559755915,,,,,,,,0.02066192478940647,0.009743656970478796,,-0.021458519875897874,-0.05139203771383589,
BTLA,,,,,-0.0029684874975736556,0.06437823701521397,,,,0.006461810701206927,,,,,,0.057511712749466426,,,,,0.012081223977044439,
MFNG,0.08164182890800095,0.07590009362301142,0.017164773464061134,0.007254579874901388,0.02531565719288138,0.09185326328621417,0.022639879974632127,0.357385192031163,0.08631599421644856,0.03287096493729576,0.09532595013630216,0.03902026652290161,-0.01489464707214066,-0.08742717384257048,-0.06991874878902989,0.008086717612107344,0.013702135501023914,-6.26305105629911e-05,0.018710129922933236,-0.030310727825660053,0.09868966700770143,-0.03584703986938515
ICAM1,-0.017329218663266685,-0.05095090159407264,-0.025046671461407034,-0.023562852634586476,-0.014638138752821913,-0.030979822992724757,-0.01032368243972995,0.3684442559935344,0.0114840028971249,0.025693416113074907,-0.00819945599016362,-0.015969982455866713,0.050632539155992064,0.034446627903465574,-0.10803656000564141,0.1090429154860315,-0.07908269892625958,0.03510148033535864,0.03686842467832753,-0.02408776682339091,0.05023594067649328,-0.06502441692754803
PROS1,-0.04383140699725125,-0.023568470561486175,0.036927040848545735,-0.011879131488739012,0.008297923620676289,0.09554273704735158,-0.01681047942107199,0.4912327518693303,-0.15928708202703762,0.01872026143353364,0.02294753973711017,0.01903728357417019,0.05428335399755593,-0.03007499348871988,-0.172853812461158,0.20804058035043332,-0.02512780116461217,0.028489561650390495,0.13205958200411247,-0.0772109176986812,-0.10305222835549378,-0.12090094570389961
CLCF1,-0.07478143356754685,-0.08162183707224638,0.007583994022507116,-0.043961724023945346,0.0031862316365992844,0.024866726813203646,0.04693207034034646,0.05422057418574814,-0.13363421007798865,0.0009461935560154904,-0.05069555490189916,-0.00925061237778323,0.03988771919411858,0.0771726643217892,-0.06851545293438364,0.15424946163643494,0.06837842331606026,0.09143574882719013,0.031380837344877816,-0.033809003009543634,-0.11482914484934381,-0.09468281927461523
PSAP,-0.0755441856548435,0.061854255490280854,-0.029793022021120306,-0.00798000649189951,-0.05904474180972308,0.10581286194777362,0.07408369868592404,-0.2997400686683992,0.27133562165629493,-0.03831379611234301,-0.018204329966905842,0.07798268523084712,0.11021600463475503,0.07273073026269385,0.05476855735188451,0.017597593920756133,-0.023846122776043272,0.05522292243357318,0.0996514190782866,-0.03472250073057294,-0.13786061600533098,-0.22037107608334283
EFEMP1,0.020100302642209935,-0.04086218069165973,0.014654687385030299,0.008375123002380499,0.04854522814646328,0.246601822945494,-0.010811806439018554,0.41402883128128887,0.2921901120744917,0.11913572743084706,-0.020515442845752085,0.012697855568603998,0.07176469853235899,0.035077035609713605,0.06614228801769906,0.27490207438683406,0.09568636996730844,0.044919112449753794,0.028473706497120783,-0.01947004253608777,-0.305814131578743,-0.14385755384880508
C1QTNF1,0.01425969363704454,-0.0064972428448684455,0.01069478644621155,-0.0073651786241047245,0.06134664876492639,0.01768661187626794,-0.03129648824632861,0.32807014152261516,-0.1456218285417538,0.001851398940167424,-0.03761949163922218,-0.012086855175866827,0.15444295166029998,0.030634467984583098,0.07653439373436545,0.07231218394505431,-0.015012658776435506,0.042670671603332114,0.15785160823247624,-0.04885568343251389,-0.07343487180442904,-0.12833232143320325
ALB,0.0019510877527208017,0.07069802559663207,0.005960080098299096,-0.01536689427034746,-0.02039300069495566,0.027869367187118157,-0.021837076127298235,0.0025621786192889214,-0.0115247916081428,0.004916291339231148,0.025558502895181252,-0.007971382170081026,-0.044282132936997155,0.15419553448828996,-0.07406206948748573,0.1047845158041839,-0.008984863601159668,-0.024898978529563458,0.009694854242239044,-0.03592102991247995,-0.03211711584378311,0.046892717039519256
CCL13,,,,,,,,,,,,,,,,,-0.02153355725138445,,,-0.02407018903748049,,
EFNA3,0.04608863666456815,-0.038620230824423445,-0.0428906933954134,0.011709866686984833,-0.06294539563426647,0.014006135158385549,-0.02108542605358334,-0.4249763452099545,0.05138128239796554,-0.018529819207821742,0.016612583153718354,-0.02070031293404007,0.053046474606950084,-0.061688491664135404,0.07589734965677794,0.09824859893316568,0.10571201319415874,-0.03501988611654332,0.029690835786983175,0.037295408802637854,0.2094275009450105,0.04653282893772643
DRAXIN,0.10688960892341885,0.18923947575536165,0.01688275903573232,-0.0020754732506654753,0.015133684378767135,-0.035704327712934365,-0.0019186273148234902,0.40330757996292527,-0.21268530272140382,-0.0034708292917779745,0.08534458847385361,-0.0625668754868758,0.0073890772935152355,-0.019739594159029934,0.013416125108033647,0.1854643365296542,-0.02586216639572667,0.007630574490404855,0.06422386586162826,0.011245893884297406,0.049181405977925585,0.0034001526078736776
RAET1L,,,-0.017557289740670553,,,,,,,0.017165208556781622,,,,,,,,0.009663046688693666,,-0.02607010085526344,,
NPTX2,0.02755687273405198,0.05975120238717595,0.008829831126338398,-0.005608257885977301,-0.0716989203020849,-0.0723685117225999,-0.014408647633557562,-0.5125647137342364,0.2250264369324299,-0.07039219480225369,0.07558584563242927,-0.005102804331012303,-0.061856052617675926,0.002562597693782895,,0.12180685006658729,-0.05580893185357058,0.06785512760507556,-0.009547480619064488,-0.025460504506559026,-0.06475022700895251,-0.11917509568455581
FGF11,0.03489115137895067,0.09817284155869829,0.01899207149815026,0.007342110649238761,-0.05597729631842482,0.040928315890168356,-0.05405821615764317,0.43348518124026475,-0.04458424368847221,0.10772821136908395,-0.021302362549392963,-0.0194174457358678,-0.09224524717162014,-0.12620142600607223,0.10125195665902567,0.14359703777177055,-0.010236781844796069,-0.04198819661576854,0.10356929306663243,0.042156152486774935,0.1888986657885743,0.018422714223211074
CD59,-0.06471920572148532,0.11792770356335915,-0.01136344196994259,-0.01764302084306833,0.03800899182211527,0.003017788280641987,0.029286802569227537,-0.26401754105179864,0.16565229678494375,-0.03522848462380053,0.030086679809887586,0.08633726499163269,0.06435721588300462,0.08207661414198393,-0.15897973261293763,0.0029425592072162103,-0.026059851310457297,0.09042992541110159,0.1360589548627957,-0.08226292646836936,-0.1959478448441621,-0.11128722861815642
COL9A2,-0.005872756708876065,0.061213167575040896,0.0467526538149303,0.05006864509987267,0.04893169209451472,0.007158001223776539,-0.0030625668634404863,0.19646068505440695,0.14666005207666266,0.027423566229698205,0.10759219386906978,-0.008941476827210483,-0.02977981692719029,-0.03324044308456649,-0.08357438978053754,0.054422803122887387,0.0771908100792754,-0.018324303730964893,0.09248208546036063,0.04504762648005512,0.366632377755315,0.15572008718032615
DLL3,-0.03245540184164274,0.07728087892589286,0.05426764700472102,-0.04292044100509643,0.0801890877687314,-0.04792068524037663,0.01436830495705429,0.2496256325707018,0.2635772733486065,-0.08166533454478932,0.04919229183721088,-0.015566646686203426,-0.06499031278511398,0.08346009476094045,-0.1460502924031453,-0.04792810944372885,0.06361467461830529,-0.028870332336541245,0.011688483464800774,0.05265048282081815,0.4467131220468154,-0.020152076502336976
FGF5,,,,,,,,-0.08212336276062512,,,0.017185254263235784,,,,,,,,,,-0.106732702083168,-0.007623751270423832
LIN7C,0.0542864191542215,0.040867106121015614,0.0064524559080791875,-0.010932947226200708,0.030262792963622148,-0.03963384808149716,0.0022635995453310644,0.1947568364215323,-0.028672218492138284,0.008143518522762714,0.015128013733985902,0.0037589136635465875,0.02974416113139829,0.005594180123416232,0.06869015625832996,0.042570957827047326,0.027946960489000666,-0.0596903980742067,0.12696257513852313,-0.03152751791051971,0.09507242876869558,0.04857687987198176
GDF7,-0.04448924106414553,0.01943204474026961,-0.024372651209569253,0.09577755525688654,-0.03374292440131112,,0.016810635709963766,0.11394394885204208,0.10231867526746091,0.015068159514931005,0.0756412875969577,,,,,0.07195724558072675,,-0.020778986166134664,-0.0006901929559690135,-0.017444524136412433,0.06250483776427053,0.10064268547565854
PSPN,0.01369470104540648,0.010947061016068302,-0.002147770612378978,-0.031121027413394252,0.008283039805906322,0.0483934041369263,0.05250083696487045,0.07328144326964896,0.045566730485198825,0.03388302279851692,-0.06676498530336004,-0.02912930937285075,0.06992047572155219,0.09802588320718754,-0.01451541361460943,0.05444173933094864,0.027322622529912535,0.011009741213118528,0.09183951885988796,-0.013058885372018353,0.1826745839693797,0.01673349682801879
ANGPT1,-0.007500969582733542,0.041461258032151185,-0.017794256154424863,0.025510318117246314,0.07792725014557972,0.14235309826724948,-0.03758748427378284,0.3563873149410951,0.24240422507369797,0.0643237771156261,0.03729790997969568,0.0030270483292213993,0.03236919416377841,0.08576710793738411,0.020186926318987868,0.08266890715051305,0.013431810285462554,-0.010676166716136347,0.09029519693591423,-0.007695785739078618,0.06908530471051849,0.08056860087800974
PNOC,-0.01397334394303805,0.07503813547079799,-0.035810965842162916,0.011641328461955095,0.03937647206749755,-0.11423966771505839,0.018573130386175054,-0.40180979965649516,0.182868307287717,-0.1102184795673325,0.07111160726231393,0.044272882339564446,,,,,,0.0704814015957796,,-0.02068119585409501,-0.03788040733204905,-0.0061172401357555695
L1CAM,-0.003373645922749156,0.05879074518455369,-0.011021756550673598,0.06236807740422895,0.018686964039814145,-0.046064286119091365,-0.03239104657199411,-0.2969860503430127,0.16420683922766524,-0.16558573930685883,-0.007513978854613788,0.07191111248990141,0.02494679604407217,0.10520906587334994,0.03715141559590359,0.13213372464523376,-0.02620535983726075,-0.055343601796219034,0.005389083929581225,0.010687654190679245,0.016223739726235118,-0.10336391502104064
APOA1,0.0037646535720897924,0.04224645772777071,-0.0073316227118736125,-0.010422426522207859,0.056239514751849906,0.02716866625121692,-0.016519732851739605,0.08064173506005035,0.010188895255625087,-0.007764173178101983,-0.022870417901453183,0.0016394012934878236,0.006515809495448439,0.09217507057049776,-0.05471758527221088,-0.018394912910460248,0.021273488253167043,0.06936660028434027,0.10833949991368828,-0.04038240754408041,0.05584317114128419,0.061857266924833156
PSEN1,-0.04813806636646031,0.03538217198694142,0.05293544802295399,0.027776704463475344,-0.010304276978176154,0.007772337210936791,-0.03789657870762341,0.09025254008108673,-0.002514906389141616,0.04489159827120322,0.012068364238364588,-0.028728491626353332,-0.005111444709992747,0.0776823206263805,-0.04579181741454714,-0.09041354608765223,-0.05306684055009266,-0.0005284051599246479,0.019541947766701574,-0.0065283604529678034,-0.008318195239773576,0.06081360163841959
CALM2,-0.034336358566957985,0.08912692213868974,0.07631258351827959,-0.03012239619393776,0.1424511246932602,-0.05162118461773523,0.009239623273793665,-0.6172403056836044,0.2551341059378216,-0.16280246578907973,0.030273346832765478,0.07815353265197664,0.05729098280406045,-0.08278402100494715,0.21420964323254693,-0.03134671135647823,0.10616170898200232,0.01250507119065583,-0.07017696060008134,0.06505529288233046,0.338140119317877,0.1819718480997298
CLEC2B,0.011406229097372642,-0.10391615211777713,-0.01639840746641348,-0.05646117508247984,0.024497493402368942,0.024390597674061917,0.008610210626121129,0.48309887540978086,-0.050117845387150986,0.008117363484310606,0.0024631631609210135,0.02090661809944819,0.0590347483798438,-0.022935545722090164,-0.11920763973934377,0.09767264912788091,-0.01793103447952079,0.0634328685452516,-0.04079949253376938,-0.055601326356258765,0.02394025200289307,-0.13606921471098568
NTNG1,0.07759819893595207,-0.06375657027705604,0.039197727072109924,-0.004549764191801578,0.030532918588843612,-0.015095522733867271,0.02145022539369958,0.13186578207780686,0.031670257363375476,-0.005831268195057781,0.09060844488375208,0.023803487988913748,0.058511782764746154,0.07612419302641095,-0.015203734806205975,0.04843736986574969,0.06726996840687367,-0.0014944743844790504,0.0035811327644281266,0.02143316314622604,0.20975167004214013,-0.03644984599146179
LRIG1,0.007598048507800238,0.0816194552168026,-0.004803855164690924,-0.060947525180656215,0.09513665627613603,0.03764420299117893,0.007883491027285569,0.32942390900667545,-0.1803448801768283,0.021303539623242898,0.036034803258140506,-0.05026123099499987,-0.026046265297237796,0.029350636496198894,-0.20350308936180686,0.1609484196841109,0.08018003273088996,-0.0011790052050862792,0.1715443689033438,0.02352656570894111,0.33282914659015805,0.2598194382369987
CPAMD8,-0.011574962498192889,,-0.014791875098439414,,0.0014405241960915895,0.009615628762944028,-0.02678424183723498,0.0011774625961782376,0.03765755700633767,-0.006888282817122717,0.039858563012815915,-0.019525291811821704,-0.03499264515048254,,0.021819691924836165,0.05293970851819812,,0.04743597284615901,-0.018062091889282324,,-0.028980843842403972,0.011920073868690694
GHRL,-0.06245576797149181,,0.0346616466082545,0.036896968111139745,0.042984709460019595,0.027933669375983097,-0.02321455205760137,0.019267755079086638,0.03754939008294672,0.0021400154656011183,-0.027097080849140674,0.011889937488341556,0.016485546368819378,-0.021815869717178835,0.17243128263331425,-0.017589749449650437,,,-0.03185061032450364,-0.018869639730389444,0.014325898292706992,0.06567162057658416
NPY,-0.05742975732707106,-0.018775513584812806,-0.016171021153895977,0.011636778369096656,-0.03888137627460321,-0.08394219420523662,0.02630183511555021,-0.3116638575605513,0.06591495043416234,0.010656207116790519,0.016559779034969264,0.05730034577507731,-0.04086383183516116,-0.040314750738880176,,-0.061622457628036684,0.026545243063178767,0.04098487340966402,-0.027155675655747346,0.10825974041295364,-0.05863488789439444,0.0609796177521475
MMP2,-0.04235369431323814,0.1268874483131138,0.05570321269876071,-0.023777223351103962,-0.0030224313650352753,0.059131827411764655,0.0008956771082535989,0.4932335614048668,0.06636950180986695,-0.007821914211973348,0.02820543608267684,-0.07931391669000208,0.017704221620495383,-0.01390909269980592,-0.12491065918498657,0.06837522293632459,-0.017177583407183148,0.004725626040915556,0.08698492414705124,0.06302616688719903,-0.004933141645250717,-0.011988094562653281
LHB,,,,,-0.041344491778030505,,,,,,,,,,,,,,,,,
PPY,,,0.017834725051961004,,0.022260593478203708,,,,-0.05447796506138379,,,,,,,,0.03213473542155529,-0.01388980733171638,,0.029456135873437546,-0.03241231699839189,0.012142842433712922
ALKAL2,0.0010091000539375601,0.028666911174528128,0.020337466795005883,-0.013864257582755946,0.008669783255294997,,0.013167261103672206,0.04948410294321383,-0.01710693357164298,0.04300681518698291,0.0571506313207176,-0.03472014025101028,0.055208013434066505,0.1305734255592482,,-0.007687209694107509,0.0022414158479865626,0.06469727335024111,0.05745990885463887,-0.003914996619735416,-0.044249192786121515,0.042226671898590015
CSF1,0.07549514127062906,-0.040921700164686374,0.029350313401302612,-0.0012876306001200191,-0.0035534600584539895,0.037527024257842656,-0.009173646932948667,0.341786155178604,0.005336300709095212,0.04569528054046044,-0.057469337524045754,-0.03383937176464189,0.07579485461623309,0.0579066338086749,-0.030940051271541816,0.07899886692996164,0.03286420862540531,0.026565239344247666,0.1249908910337336,0.06071941005478189,0.08486824616327328,0.03118146099818379
SEMA4C,0.043062188349854126,-0.009907116061328939,-0.010071319103251208,-0.02040539265988563,0.025492133655449688,0.04820476177408398,-0.0025219859760157877,0.11376809264880777,0.011962609778183989,-0.02085216821521371,0.05235321153606128,0.0024146407122263183,0.016687350740676374,-0.10141930817423309,-0.016180876587116283,0.09059593853403024,0.007254918217875878,-0.007145811176237171,-0.006121601522974648,-0.04202506144702851,-0.01241345659453153,0.13032731400652933
BMP8A,,,,,,,,,,,,,,,,,,,,,-0.009648085168565074,
ICAM2,-0.01973269737641127,0.013402271570229796,0.043527126210369194,-0.027558655511243823,0.003986931523699309,0.022282719108058895,0.004392957785172897,0.2650591307144506,0.06591086142384156,0.032673884999788315,-0.020029877435297175,0.061943919568792326,0.14573372552444225,-0.05223965354249144,-0.03672385536767342,0.0627759942837494,-0.051565511549646975,-0.001540206531135816,-0.0190111338168173,0.01799853140695722,0.0001323978782091224,0.04728225689684095
SYTL3,0.07471868739468515,-0.09023521889905596,-0.02522710178213899,0.01371847533323397,-0.025518783266893635,0.013616498885411932,-0.029993303526581656,0.23734955425116983,-0.009971280939776467,0.011519404507284208,0.037445076297508886,0.017882356372964925,0.03453406863460826,-0.07505412559842688,-0.0653479263261174,0.10768332251537778,-0.037785141809594094,0.030109475141743745,0.015181904837067545,0.019007348739362412,0.030198787888988773,0.02527135237917231
IL1A,-0.02478123724548301,0.008852332535655963,-0.021524803876057454,0.00859130157726738,-0.0029198398133680917,0.0184260126351465,-0.03119279560187921,0.14601633441542708,-0.05404566145992544,0.04132493176868363,-0.04665213318492293,-0.020318266015607944,0.07042105529780858,0.003707854613332267,-0.1611992474531184,0.055202067521686715,0.01714986294213123,0.05939819289941417,0.00840872192063291,-0.014331344069520817,0.1460813147603709,0.04934717946200183
HLA-G,,0.041976287253124404,-0.0007551467534420191,,-0.03535679282257597,,-0.01684768015074917,,,,,,,-0.0478184628090091,0.04430202227174866,,-0.027707818912475982,-0.02946783378701245,,-0.031638154328803764,,
PGF,-0.014731702635909371,-0.004077611549568747,-0.001608942129570685,0.03616677465130848,-0.05511375738345992,-0.0015960706786263678,0.029257578835204127,0.396240644944977,-0.05519081530264307,-0.029614601057397036,-0.011080344640217163,0.007471590281054212,0.15239732682886498,-0.033400639386682106,-0.05881026189283932,0.23677856478763395,-0.03192660242013076,0.07887169874133,0.03313957984457384,-0.024483771517788272,-0.06553801036310371,-0.02111738795980104
LGALS8,-0.007911477935622272,0.03376653115358691,0.025711740686436876,0.029596884375939377,0.03564185950162689,-0.033346940857499154,-0.011298764781892292,0.16278942184410322,0.02597893927513496,-0.05448881434400602,0.08775878989762582,0.045856429490917595,0.058478263748341336,-0.09587922275005649,-0.018377172216726363,0.11789721442756941,-0.06883378771924752,0.04003901737196908,0.07219929436099586,0.029499271443348987,0.04649649408225195,-0.0723407423052672
DKK3,-0.026799572122434178,0.09863055430843796,0.02290786348332894,0.0033303930974125646,0.06431800350552813,-0.03255851065357281,0.0007631616105075674,-0.5123283360726113,0.11496910446883842,-0.2123553260022284,0.018655703647462663,0.10262245531478473,0.051625649539047636,0.01629513185296664,-0.01672120082404451,0.07227556342934373,0.062713864935563,0.012218651849654719,0.08215982015843476,-0.00826231592049602,0.17021123808595687,0.02519345294437057
COL16A1,-0.05251209947060469,0.08818528005375191,0.022988432799559904,-0.009771752005819171,-0.010915184950751092,0.08639390212219655,0.029816393959784686,0.1241817760043863,0.005998940010273695,-0.015260776335076248,0.12889160859640808,-0.09533339315484168,0.05173591554688098,0.04561691418164039,0.039080962330316986,0.11259897873219175,0.0035545663166309514,0.017914038402324656,0.024447409371448344,-0.06538839345560006,0.20560118224280205,0.18813478645087806
TPH1,0.12465960972716515,-0.04512296062909693,-0.0020718270740106154,,0.02861552670143155,0.03540191661514839,0.022701823612366917,0.062265891564353935,-0.06360505196073206,,,-0.012722255042669264,,0.11529446190200592,0.02537212176382125,,0.0012582131299046237,-0.010847401585286636,0.01096742587502032,-0.041144990936049286,-1.8867999932338544e-05,0.08399538143256521
TNC,0.006749692567872666,-0.005919147904050749,-0.03299103604417877,-0.008638171908775845,-0.08078629531291895,0.032322696198533576,0.032812858048193415,0.5688591338187927,-0.2863606026949004,0.05163283821925854,-0.024289225650657123,-0.09264614060368984,0.06674936136332378,0.057230491780045245,0.16129704174333293,0.29938382817974524,0.009344393685832281,0.02455389742658589,0.11179841174077096,0.0037317579544911914,-0.23085910652722402,-0.08535985349590433
TNFSF9,-0.02647790946136377,-0.010963430429776603,0.08850340284713941,0.03305982292056949,-0.0044114305913459636,-0.06983269389503664,0.0010231745735371231,-0.18299101765426926,-0.020435353800759937,-0.05247994659694739,0.08253448538751262,0.08923283775792662,,,-0.007604607191460449,0.0739634351467336,0.016453089453344956,-0.007098096733325981,-0.030177544425385356,0.0014290648054679942,0.04209583132118615,-0.012700802847979725
C4A,,,,-0.013662604403550903,-0.006926243234480361,,,,0.018767366134767406,,0.0022186892481380204,-0.011183345474366647,,0.04732317804988569,,,0.04862853854976077,,0.1357353384019682,-0.017628505360406846,-0.02524456729703444,
CNTN2,-0.12575943895394096,0.023526541439671814,-0.01162292561404813,0.003278877958611507,-0.008019476569042443,-0.013159068538204883,0.03749722969787166,0.010464475214117698,0.061972781187352936,-0.006455217742990895,0.02265850459323764,0.006694330949346173,-0.06541990166453746,0.05327182344748347,-0.10047405176457426,-0.2637076457293702,0.11177702131039331,-0.020944710094300215,-0.16787008445883617,-0.004626443984090201,0.059420579910274995,0.10281920486196523
F7,,,0.015427729224590453,,,,0.031534540792130326,-0.07193672762152069,,,,,,,,,-0.03020541537871388,,,-0.01744452582325529,,0.07941914374306377
LUM,0.003596711372356386,0.041352767355476175,0.04412445084980366,0.011917875433892403,0.012921918515834,0.1291725451496059,0.00858707260459286,0.4552261501664842,-0.0836934863002262,0.02645762973886167,-0.026160215905025038,-0.025581543210587927,0.14494172831668323,-0.08780059270300467,-0.12240786649271305,0.1506648312744304,-0.04867564570838679,0.09642827013598959,0.05770935646713677,-0.012147895007149028,-0.24799983139534096,-0.0948972359658992
IZUMO1,-0.037405907633015545,,,,,,,,,,,,,,,,,,,,,
BTC,,,0.10182882636201086,-0.021379549285457093,0.07783811509082707,0.07578416047048037,,,,0.06317665874651661,0.10199139436563955,,,,-0.02367756292614448,,0.09739171477487597,-0.024045661102578768,0.0196273518835707,-0.016881404334353277,0.06506727450813342,-0.0023658859398385176
APOC1,-0.08981584480645663,-0.05865982017295502,-0.0021717099351502055,0.01504191481185883,0.10167364816358086,-0.0380085520006256,0.0010979724790905134,0.6633333471531382,0.1228035468575032,0.10149008688982594,0.010760603705311548,-0.049884103562289166,0.15694489314708654,-0.08663299139241969,-0.21391847310452572,0.23077459534559758,0.04359438313735781,-0.05871731063486784,0.04267419096009528,0.06508505440619557,0.2948927029144039,-0.03140529813888843
PKM,-0.018219639247176136,-0.00030724930673552045,-0.030200822594084877,-0.037016210148188455,-0.15930925365149834,-0.00410417051931736,0.00824606703446238,0.14603603932397,-0.2619353084720146,-0.11565934769955011,-0.030612504487701597,-0.0043024596589333955,-0.0333697977524786,0.050379434558729175,0.15270043688035356,0.11991967796785864,-0.02465900263187027,-0.00029506661902543456,0.09129313421352357,-0.010432269011696822,-0.2597047077535541,-0.18612869442124236
TNF,,-0.0020261624283225556,-0.02231050694544924,0.012952167727198902,-0.011345001738795601,-0.04122124911810296,-0.03809123741994104,0.03480362190125269,-0.05665818267138553,0.005263763466856965,0.03228021828874638,-0.026565498271201627,0.0522484413762015,-0.08537519509957964,-0.20237524974008012,0.08391302331159417,0.12470330859420395,0.16265528726059908,,,0.20000652826172519,0.1153350457783069
GNAS,0.02645119561990802,0.06772850867339218,0.034289138275642436,0.06260887827723846,0.09660516669170466,-0.13309459329937456,-0.054693146831859905,-0.4378947121380452,-0.02139085417239428,-0.17957673742196853,0.010282244706247726,-0.06953109972521472,0.03437349790329668,0.03312207345509642,0.05808037265998726,-0.013083730536254315,-0.04547208683613332,-0.07261293401255493,0.18049619083862112,-0.06020412560778922,0.14526367048417593,-0.010819240869975471
BMP8B,0.001104294157257839,0.02341305864964786,0.08060362187901668,0.008567385208588517,-0.07643277231494448,0.10813117980941069,0.041850078936286846,0.07969391550781099,-0.004164036636318797,-0.01819794310795207,-0.007968050136904832,-0.014803887542131428,0.013990953322344037,-0.06977303806232028,0.03859894194573389,0.032858724682746455,0.0004240738014482459,0.05436411093531097,0.015454122474614649,0.01535701617482138,-0.12420553748029757,-0.10847189429659812
LIPH,,0.03839464958473378,-0.0198369501824854,,0.027114456117404855,,,,0.009011715790524401,,,,,-0.04781849038941555,,,-0.0013944818260532774,-0.027024582479362198,,0.024657739373629382,0.14244104559614734,0.10104020049885708
CCL28,,-0.028197963749082164,-0.027903138006768663,,,,0.014651485832349558,,0.05495762725969655,-0.020734247484448694,0.04703939369508077,-0.010089300905468477,,-0.04348970172633503,,,,,-0.04234266233191789,,-0.025107973087066086,0.050467371951278206
PTPN11,-0.058786456183988624,-0.04973815506142467,-0.051271800618627086,-0.0786805508290471,0.038075537170843825,0.027338816210422966,0.043683706409864326,0.18025930953107683,0.02972796522645427,0.004963546738765056,0.045134321343818264,-0.029883655201649966,-0.0427016685181162,-0.008805716752324009,0.020318069100248682,-0.22257605679157952,-0.01103339509111559,-0.03989334127836355,0.032251931738700036,0.0019290688854978883,0.09069752139444907,-0.06112377473743692
ADAM12,-0.0014290350107388971,0.0908193127461464,0.013479414438993798,0.02360082914821329,-0.036959346430378695,0.006354384745787267,0.03587016662253885,0.32864886852629005,-0.24644146247723314,0.0034499454962898203,0.015411009077901779,-0.0472406912878027,-0.04773201383363057,0.006089032570642721,-0.001275994826531257,0.06869314247711121,-0.032971113979518143,0.046214490779963924,0.05499430688332154,0.005721984479456075,-0.24184748964455777,-0.08741728629330989
EPO,,-0.039944865384136524,0.027466193374132825,,-0.05254265752630267,-0.03912916697529212,,,-0.001806841246251628,,,-0.012722256910975505,,,0.16973002178115307,0.08149032951553062,-0.023386001715478465,0.03162789015963099,,-0.016689737336255592,0.018258621111761617,
EDN3,0.010756510336524212,-0.022204715106292128,0.018457248810689934,-0.022664827658824535,-0.004607883391267387,0.025788803772123108,-0.02223862880482023,0.010006129187636287,0.031371556903604034,-0.046925531327485434,0.03647862835918724,0.03890228928394872,,,,-0.05199201003701279,-0.04636050713177968,0.024685341987270414,-0.02821134125878415,-0.05187986947045191,0.04727883228221001,0.01711085473411086
CCL22,,,,0.001421807128399765,,,,,-0.006823642542627078,,,,,,,,-0.026467917008432228,-0.02566692321807715,-0.011220405214021338,-0.014644517963448844,0.08244621520646521,
CCL2,-0.0243921245525284,-0.02516199629764631,0.033687346034293575,-0.04221821743482234,0.021974941696769577,0.1496464099175078,-0.019105566074437745,0.1166731939254073,0.049556185883524125,0.08482293302212449,-0.0008591508684831461,-0.06976567418448004,0.09359708102615594,-0.022972054462699197,-0.15495271465362115,0.15784833146064123,-0.0052647986084283765,0.09303413784275111,0.03227445276428735,-0.043179100885857205,-0.18329745572534037,-0.15978994057227075
DSCAM,-0.04110537287776255,-0.013580532410861252,0.06042668376584147,-0.0004703378838885662,0.024540458451625884,-0.01289128269405294,0.02744880941749354,0.1586273478297781,0.03553138021208668,-0.06005188453172452,0.03898624271010038,0.013861721246692774,-0.0565355481442702,-0.04041620861387023,-0.033478512364546936,0.06550001881189131,0.006294757260956406,-0.04931876818527493,0.010742140895817587,0.08939140073927601,0.09258412126675448,-0.01228955453514114
GPHA2,,,-0.02210928894595012,,,,,,,,,,,,,,,,,,,
ANG,0.006528702156573222,-0.05159835270553717,-0.04089056236699871,0.06558916370385456,-0.10310503067135432,0.07489225771410983,0.01436782511383866,0.23592003017343183,-0.10771493933956049,0.015201277089672869,0.016539730765055907,-0.05429337297231846,0.0808547527969101,0.030804735304714732,0.0910976272849128,0.06370140336195253,0.01647465872635066,0.023767157317716083,-0.022318757447895632,-0.02097660596703269,0.0664302008970177,0.01537985533611386
FBLN2,0.09518423870796373,-0.012236841832213121,0.01164373470058224,-0.03141110911159,-0.044645388839060815,0.07193454274817943,-0.029546668792072968,0.10700981000766523,0.04952597152039383,-0.05186808317153512,-0.041709276200809595,-0.0035766527038242086,0.03031796452884831,-0.07874920584882401,,-0.12084822173679725,-0.045281967448405326,0.0616816889342837,-0.026406847463326777,-0.07980110235755997,0.023370528412242506,-0.057974615649874536
VTN,,0.003554098185253238,-0.02729168678553441,,0.04823646719558661,0.017109603786690155,0.06674383332668384,0.09535242664808266,0.04112017316413188,-0.008854176155204443,,-0.010571429530748836,-0.02967738220480451,-0.013171041207765603,-0.0689171802727824,,-0.010783180115046191,-0.019736211231019568,,0.01371336773825678,0.08055814244010193,0.05296088434867448
VEGFA,0.06201206790897407,-0.02060538529644155,-0.07778404770045172,0.07124924049188479,-0.13294237385512783,-0.03904991651465854,-0.036558804714833276,0.23520327355891588,-0.3515883944711122,0.04394416045795911,-0.051598463673517454,-0.07996474492679695,0.0007257241478418622,0.05123420855271961,0.170649095184687,0.17376784913585985,-0.05128904368986277,-0.016787729054481663,-0.019577490646176064,-0.055015872970259186,-0.1786954908160095,-0.13724943987326038
F10,,,,-0.019715816200430104,,0.08560788457546815,-0.006365342268385732,0.14724101410491522,0.04736406354394358,0.02391912886137872,0.00032396912855061,,-0.009558254568505953,,-0.026918348096081766,,,0.016714760046740235,-0.029616837625829503,-0.0025464425464446936,0.13550838082947853,0.006452458765367795
SERPINA1,-0.03955467942496841,-0.05707546779639175,0.018989188221838253,-0.012023666778301974,0.03186817388406044,0.13435780396492325,-0.0257059867044737,0.4431074060547262,0.041458773888139046,0.03788696885640781,-0.026437030684995644,-0.04308812270529698,0.05994765371434187,-0.04205281655847769,0.06759714563365356,0.11414298132428535,-0.003180409739971932,0.006051329360203405,0.03321981889391159,-0.005736978008933314,-0.09722546819300015,-0.17877387257145164
VWF,0.08098279776461552,0.10845094646028246,0.028564286209934505,0.03226601377445648,0.001646249900455844,0.013866011390281877,0.041782755412234404,0.40458998112111294,0.02309967944799788,0.10069635039285758,0.018593481247817907,0.05085180408133076,0.06133203906559527,-0.0448692792891216,-0.061991010816843245,0.03823495849639034,-0.03474606325950474,0.09500757026031469,0.05036655763779661,-0.013034268526622626,-0.08456825068374758,0.05787800935442213
GDNF,,,-0.03106610090929025,,-0.018473060358004285,,-0.027788047281489897,,,,,-0.012722255920206942,,,0.010514085519178694,0.060399629018295355,-0.015271644958639849,0.0320331125287691,,-0.023370697549670704,,
VASP,-0.012244117358164637,-0.00022776760352365618,0.02160692540306329,0.07452757004770191,-0.005075573960535842,0.02090412157389373,0.03180938181470126,0.3010718150454062,0.006783087004278017,-0.0014180668377771013,-0.006458916783560748,-0.037188050443102645,0.09578973443982394,-0.005803378344051684,-0.09517993692234478,0.14552390009251104,-0.00750011618026151,0.042942072730690374,0.12035136537893112,-0.04020674674755721,-0.21253057489348387,-0.061341266657669064
ADAM15,-0.008613436136065382,0.030502369235579252,0.036636348668818645,0.0718677476733497,-0.03443899863326509,-0.017549914043506462,-0.038266286390179434,0.1738728193905081,-0.073478112824327,-0.006218046577439711,0.05113998991131874,0.0075873357146950164,-0.027627400664696433,-0.023047733089844705,0.06548525164980956,0.05286896957748545,-0.0054537881805319845,0.009525899974589991,-0.07727815029590254,-0.0166709604632076,0.023268437900264338,0.11623054899665063
WNT2,,0.07457238381701653,0.005683893960313656,,,-0.029336098253693474,-0.0043615684426653945,-0.2133525605112278,,-0.12270555050800182,-0.027997751149553454,0.12849918271361307,,0.012994563059834057,,,-0.02900801352028592,-0.028826306405874084,,0.09216524961877531,-0.06590865739326776,0.014413416397367337
CALCB,,0.01931353963347269,,-0.02498926187421064,,-0.06583614429954196,-0.018095378738995478,-0.08517745800788735,,,0.01023323050529411,,,,,,0.026487747459009878,0.11073096052546513,,-0.026070095711837972,,-0.010114493382593544
OLFM2,-0.011008561339362831,0.11847806010867472,0.029213330359878487,-0.0046110244540528075,0.04124379087285049,0.019632876894139086,-0.05180420016650497,-0.1856293742851985,-0.015975878821989958,0.10961833207985214,0.08263098319829693,-0.018652812816877157,-0.0485143701567486,0.02723405358297423,0.021684005945010326,0.11166857578644933,0.02719578078449005,-0.07188937011394977,0.06595259463195148,-0.006580994698574637,0.40578169376843826,0.20749563809762547
MFAP2,-0.03335251172350295,0.043328927599781644,0.011163583862980626,-0.03751182671370629,-0.013206648241882953,0.049643836504562056,0.01616171728114865,0.34910905672942694,0.03760104251532847,0.013185028765958312,0.026600225364293115,0.01753985998471465,0.0988985438202117,-0.034415583666186335,-0.064758581507808,0.11853569914674694,-0.05194537591040037,-0.004299364226631011,0.04978263100704732,-0.02771237936640467,-0.09896117225766632,-0.04063681511100593
HLA-C,0.08131861412347345,0.12992923708999074,0.057836905959000505,-0.01731363370675909,0.00866089230534078,0.023835251649294762,0.011714867764419462,0.6013816551138819,0.2872663779257436,0.10125746752709953,-0.01994799568258874,-0.0688357567704317,0.060164893920551576,-0.04225580146782531,-0.06894728064240135,0.07599095244162143,-0.06473221842323534,0.06994072503089181,0.08452753506360874,-0.015423493076261506,-0.003205339716532587,-0.14792183661263114
THBS1,0.023892069093101685,-0.01814137658122807,-0.023424667725395417,-0.004727669145017186,-0.07925978992457595,0.04903944480759204,0.06758904044105199,0.1340865766120034,-0.0382782245465337,0.0034675741684082116,-0.04378925735883564,-0.028538129086901648,0.12729512444742702,-0.04624207296839881,0.012825705368590425,0.17916313822818686,0.03659541205000565,0.011804847167353829,0.02161711350921541,-0.024752418908252624,-0.46956502363106806,-0.27173885432498207
HSPA4,0.019143639747204514,0.04245204990622731,-0.05604634472912496,0.004132750017558266,0.00548510184773223,0.018822243158168925,-0.0032674806260212003,0.12259733995293719,-0.04663368070924868,0.04838573965528839,-0.02741449305661724,0.0019525511373145795,-0.024886977038798497,-0.08612357998280483,0.058843115604209476,0.031684546864411516,0.022642429441562233,-0.027508596843421208,-0.007758599653665068,-0.041415934411196356,0.0323001285901006,-0.05068360804428092
LMAN1,-0.0005766939745470536,-0.12127541874154817,0.05130455327178495,-0.011823827115257316,-0.08339708995979137,0.0016945734904470404,-0.00436884836946677,0.43972880267750136,-0.14073564247668718,0.04643577518074652,0.04595275995169471,-0.04854758159089054,0.06819511714557659,-0.04179148670557372,0.025392030474168614,0.050879551682379016,-0.03667084246380845,0.035434240652736725,0.0710808982040399,-0.04889656465645651,-0.19744647814917377,-0.2496628621188697
LYPD3,,,0.06375869261023942,-0.015921933013718755,0.017628584044249967,0.02722794365013606,-0.022436931967863324,0.14534743432894526,-0.012517888786192746,-0.052125348253404105,-0.010364217758876108,,0.05068365343348855,-0.028786032187911873,0.005577743916400194,-0.04801806931871355,0.07017111136595554,-0.03061164087899873,,0.07204609196634396,-0.04852443262336125,0.0007593142618200304
APOE,-0.003851486961564025,0.06479033960161121,0.018585654757854446,-0.035363930647330954,0.017064713473307604,0.014400518385449979,-0.005686106998903728,0.34102186205107,0.08759648666416996,0.015450251205978753,-0.0071494726275956365,0.04949280067189853,0.013255127647560193,-0.06234952272865017,0.07558257889709796,0.03250623487083792,-0.026526962049979237,-0.08605673774233985,0.11944794182381914,-0.005780463755913942,0.24962679195559928,-0.0694390041593863
SOSTDC1,0.09253133384998827,0.02213890671702712,-0.020370492182720596,,,-0.032975781004232,-0.012698372303634941,0.02312678360202143,0.00398817396018971,-0.07931790334296805,0.029877082445907893,0.10317223162780535,,,,,0.11325601934166615,0.03746146444358858,,0.02213159681576868,0.10357591837298699,-0.0007650134751961611
ANXA1,-0.02994890355007817,-0.0040398902893649755,0.015891385199448705,0.046308818383293905,0.07881840737421056,0.19761896176752605,0.004323920857352763,0.5600381638431433,0.18642629198051464,0.2956813726527013,-0.00470701183519705,-0.013318504948227056,0.10268627026208928,0.043669149772140044,-0.11900961619424412,0.3275301654134738,0.06710237612283483,0.07623855078793779,0.05076297340221026,-0.025987086019679927,-0.12618499098884942,0.08770082738237586
WNT2B,-0.03802010235805303,-0.012058503475251788,-0.02920313946113343,-0.007628057313887292,-0.05617262297942235,0.0051060633290304245,-0.03889117429198047,0.15811419418532752,-0.05958783072756317,-0.0634002279264134,0.03919013571742626,-0.02083263432957915,0.15867581782542586,-0.04096440243549955,-0.02234698248281137,0.06648246484188028,0.028369859181418072,0.01399572113715805,0.006378150821565293,0.022038502805910038,0.02983913332807114,0.014251534209202808
AMH,,-0.005679693428503129,0.019656357552096326,-0.021379551534495587,-0.010686081903269041,-0.07860100130219363,-0.021375912511965096,0.06441373590549938,-0.0036839460276334814,0.02931159108692835,,0.058042609306696503,,,-0.11153559837903992,0.03574859515954771,0.027629150849094952,0.011952799080229401,-0.009760535868435031,-0.04490170406870001,0.07201030401961939,0.008247999239149324
GDF10,,0.03519564535421763,-0.022959181734710742,0.0006250583333454148,,0.03828798515192424,-0.016481109782055827,-0.053150547886447866,0.05474651601798368,-0.022960460428992552,0.05627006945028829,0.13753203349241977,-0.026633948679968808,0.039901316118657326,0.031157812915008028,,0.05945099569313962,0.04497630386690846,-0.012240813191096524,0.018577913174468278,-0.01683999794355957,0.11869041703545445
EFNB3,-0.008095935498680786,0.039056624252713744,0.06467676909297586,0.02136807601059834,0.03849397393328924,0.019471100818754587,-0.04202430765647937,-0.1862240576080404,0.05684552697161954,-0.07094031456862647,-0.011410378734441447,0.0296676991436995,0.033922115053829575,0.06786802723858919,0.008822087162605382,0.07602694654794219,0.035843873863825385,-0.034477486398609765,0.08585426119842952,0.03307708235493821,0.2795096326580778,0.06902263500221237
LTB,0.04559703978855248,-0.02246561651059555,-0.011147382819199443,-0.02613218533435377,0.0434673004415746,-0.0003706916243512426,-0.01857218307207536,-0.014204409158624955,0.03751040244940719,-0.002478749335998932,-0.0637972070160416,0.0050132771765470045,0.0188409676547003,-0.07442507603173938,0.10999441263285004,0.002862570972734369,0.015457119069746453,-0.03291956077908964,0.0008823779926623133,0.0067483872345835616,0.0329326751060246,0.07443543044128707
ANGPT2,0.05645433769857967,0.027727602510253135,0.018972945304361485,-0.004693235686514458,0.012217913616688288,-0.016714508772000918,0.01829963069045196,0.52446998272994,-0.2579511988813798,0.12175432317617986,-0.035167695110861937,0.019114232399340333,0.1595059456678121,0.028297758191333077,-0.07440316655069174,0.24058517185610148,-0.043018563316237386,0.08722117198532929,0.11361061141840806,-0.03989063211875469,-0.08731599051307692,-0.02590912071572864
NRTN,,,,,,,,,,,,,,,,-0.019158032504550393,,,0.017068426166882623,-0.014861013553665915,,
ADAM17,0.026779567545415228,0.037777730992103874,0.02566064231732486,0.029002477973211916,-0.05159070480105127,-0.0039187181600211785,0.03256076559972447,0.28417648874827395,-0.04676469216173564,0.08253308139319579,0.02677803149908995,0.01691401358611215,0.07274391160065893,-0.01945473281551474,-0.0023407736084448513,0.0875770590321414,-0.025596552995819245,0.03499270291026719,0.03675186752591875,-0.06942804764746763,0.06429374053131018,-0.048638189402170705
LRPAP1,-0.030813521795380168,0.10594518143997884,0.07503494360529206,0.03466216567317103,0.049341848781136635,-0.03739303464974713,0.003566189785941477,0.26699989149168224,0.017205516157847798,-0.01825237327421706,0.03449794714398112,0.005467529717111365,0.030501235409420478,0.03660640078316925,-0.049239262218645254,0.10489981088440825,0.006095995026599027,-0.028710430491841517,0.03324055608825543,-0.021253582511711323,0.15088567437534928,0.11016297691124022
NID1,-0.0025317676647880786,0.1498565676922097,0.017415782274588083,-0.03619848100142286,-0.010149879003707552,0.0593805375218927,0.04809159842309031,0.5499393012295731,-0.13739032812397298,-0.01719798404076624,0.021501610442471775,-0.03604381911571439,0.14942642353086202,-0.028288353415879482,-0.044276271695551754,0.13067619702115738,-0.11594958889177864,0.0783176312376313,0.0756857740607762,-0.06070210644917485,-0.270164040653471,-0.06439526230792864
MST1,0.019103684151654327,0.10533331330919403,0.007927983707452351,0.0732919997564302,0.07706381490448733,0.05801347270034129,-0.0008666165617763576,0.4367728501929028,-0.10863437382593455,0.024706662696451862,5.8250764225046804e-05,-0.04774205142205534,-0.005217558490352352,0.1867529886148983,0.010687208009143455,0.05914571671516422,-0.00647334123574969,-0.0008307057226942699,0.09633948979303403,0.06223703576398935,0.10713780474846797,0.09526868526564139
IL13,,,,,,,,0.07014046436647889,,,,-0.0149207909484281,,-0.04284113469031,,,,,,,,
DCN,0.05004087837960055,0.0220204948074385,0.049115221012708765,0.03947869784549568,0.04723592626315587,0.03651079046271293,0.016144875794638164,0.3903799259620422,-0.0009731866202329516,-0.049159487235124026,0.009392398722140706,0.04058125337769459,0.10866491344874812,-0.02085850748587994,-0.1512180188956193,0.11480254012956832,-0.09557304479261641,0.07468333269664577,0.10364013689116909,-0.04798515202766475,-0.1609812473021037,-0.10476080650117654
IGFL2,,,,,,,,,0.014534627519670967,,,,,,,,,-0.027809812313170146,,,-0.06577104870702417,
COL7A1,-0.006067190418060478,0.019937183774356854,-0.003965828990060747,0.05678002171643382,-0.1001702576995034,0.12808271963186274,0.01926510749636425,0.3318830160954426,-0.09077283616911677,0.002646851257214144,-0.030316308453360464,-0.01936883132072773,0.019017785031225122,0.04306459168670961,-0.1417356068469871,0.147749202856619,-0.047882116074067754,0.028121706180339923,0.07970474724120719,-0.021479436884676965,-0.007672200382183125,0.0033559211205111713
CALR,0.06282461113271773,-0.07807070953857141,-0.03056739265082046,0.02208276111541086,-0.01707559504790153,0.017256878800233688,0.017480751805288658,0.5091355049105726,-0.2672605766896775,0.11709588019652101,-0.025157313650781738,-0.05293596497336281,-0.013701772744600512,-0.0688216194174156,-0.03431313272097249,0.09939083641127829,-0.1418194352512059,0.013061631290385546,0.04014294800343628,-0.07970293016834015,-0.2473154906894808,-0.2274006788477912
PIGA,-0.017123976633456522,0.02880298807012662,-0.005343210903371924,-0.01519265356324451,0.015302213084871652,-0.02722750132207214,0.005983968737213116,0.1900300692007291,-0.0694515490633264,-0.04558747311978877,0.07293887964702743,-0.0032183333088270927,0.033243918631969425,0.020897909153000056,0.06354428416273146,0.055662894658732226,0.001327733103219992,0.03036733693640881,-0.015627324501471238,7.433158093060478e-06,0.09695916293751607,0.016282334082552925
CD200,0.09978417308858432,0.091542909659304,0.08505993892369511,-0.04496350756418491,0.005309777987375441,-0.06464976778657112,-0.04337102199129888,-0.2362006420454376,0.21598238023823318,-0.02095549858485822,0.033384387661309224,0.13527021606680892,0.06184375245424957,0.024592537997674458,-0.019849309513983213,0.10523600512750793,0.05598249553878074,-0.0045061709076553574,0.008491199161329356,-0.002134917658913203,0.09017951111884173,-0.01576299737241042
GRP,,,0.029845121938367244,-0.015204326752852403,,,-0.024154388904541246,,0.04614267054342985,-0.14333522021516415,0.049143628876577534,0.06557091724520968,-0.05119800244605832,,,,,0.020496908969880455,0.04800421000916978,0.02982597047726825,0.054262488611886546,-0.06710469630916323
CDH1,0.03388880143419977,,0.00885563932900899,0.04080681029530781,0.02024840669821346,,-0.027950579695662607,0.2981422425069097,-0.060220753798142665,,-0.017009002346138904,-0.020917328094434452,0.0886993542757793,-0.017849814469829032,0.05606458234390357,0.04918445365440647,0.047860509297122725,0.029716710267143044,0.03227148099522412,0.030100233691163027,0.07105295240525823,-0.007689283419511053
LPL,0.10699998953351031,0.03906594535264755,0.030855333911474114,-0.025970736848865108,-0.05025081538345695,-0.10484488371009795,-0.014426658899479682,0.531422296457652,-0.39325116996179627,0.025370720211221956,-0.015695883627774455,-0.03610717399482001,0.0848936853327233,-0.027789203656844366,-0.06608946342008071,0.03918742358765136,0.09387201532858297,0.016687252649774737,0.12683917075012938,-0.05905194459295231,0.29336163097949003,-0.025545470894324712
SEMA5A,0.024960346509823247,0.0033338670933434097,0.00042648204488110057,-0.0030583393230932893,0.04083762879217697,-0.006309918181997201,0.009774313064305413,0.48923235506121165,-0.11275302399948686,0.054533610616196,0.06762938641032806,-0.04328680038466686,0.02231341510168673,-0.0023812982126245204,-0.09041902357394357,0.10162676077667711,0.02247160242509356,0.004780394477041542,0.1464046511043709,-0.02666234213506002,0.2888225988042949,0.04926451328211473
SEMA7A,0.014920445133039497,-0.005358811765922473,-0.041125276106488196,-0.010487084109805896,0.03252188917187363,0.05164314704386515,-0.0002984998572145389,0.0543797619323798,-0.15292496013955229,-0.026600069791918406,0.011339441861497105,0.09863006968770718,0.02368904281352847,-0.07952938439140717,-0.0384382231581338,0.026256520652493273,-0.04317044485651587,0.009101455396858792,-0.0027726673619019814,-0.006856677765520162,-0.09027523951237922,-0.014836638829718704
SEMA4G,-0.008734693107895698,0.06106311124877053,-0.002363804168590856,-0.02475523516185118,0.03470775917402291,0.015170245464981429,0.05501241921523308,0.20707810447484198,0.007332975709853551,-0.029508900871629034,0.013701448032467835,0.02349338445462758,-0.003275068681563362,0.021275178137035434,0.12532259675032917,0.04905995696471435,0.020227707921950548,-0.024013053331424797,-0.0074574451613702115,0.014100867745762254,0.03172675613449057,0.04861945838509869
SEMA3B,-0.0688311784560099,0.08790418337565599,-0.019062918607827217,0.03827920009357802,0.014170808301973349,0.03350325046214861,0.020843722541748915,0.14334652518937985,0.03841361207873191,0.0018158025094478722,0.030180521239282627,-0.05375830826675713,-0.024354478787189906,0.020070532245080697,-0.0186940534423687,-0.08529965360528452,-0.047089392819535426,0.010117101159779273,-0.11172791457145502,-0.0169253408635427,0.028144858776194086,0.05636444703365042
RPH3A,0.05970633810265302,0.11631197458358226,0.0542190044523156,-0.0054779534398053204,0.009533548728551113,-0.09282192758192166,-0.015706320448802793,-0.2168220469561575,0.12073164400927645,-0.05958883883043893,0.04111069681005783,-0.05078255323893165,-0.09156938443315704,0.062082504173595204,,0.12274790598763563,0.06292261645799399,-0.022432635144589236,0.025423814369103587,0.09040965346372996,0.06506819891111315,0.004493213409953102
JAG2,-0.04328254784352844,0.03360981199340169,-0.01752764015474387,0.0061335706943546784,-0.02479656175264899,-0.011878619660513337,0.003959274348923033,-0.03776394472995279,0.10733973299224502,-0.05765958993602563,0.002497871488545045,0.013272980074349327,0.08733607469338296,-0.021605024463137067,-0.1437778628025785,0.04334026755011236,-0.054556399842136276,-0.011707473433786721,0.0366714284439754,0.07398084535137693,-0.019296271956253535,0.1073740802953861
CGN,0.018220179413099332,0.028026383171875884,-0.004789586502493243,-0.02070106661653274,-0.009741161301843658,0.004659553581889681,-0.0029965602730180653,0.10278824505383408,0.015449675740523463,0.06221000324097804,0.046594845938227464,0.01103009725088937,0.04072951431420869,-0.05176452486548124,-0.02085259219679442,0.016416983855572772,0.01832700634495416,-0.019564385299898856,-0.019776862510079846,-0.014845027436024604,0.14090688981990515,0.05389071835930321
GDF15,0.07334404296296332,-0.08208459923012286,0.02052541723360904,-0.02379919148039158,-0.09057763487720173,-0.08372289900531196,0.033886461315879135,0.32279276660992784,-0.30019459570777324,,0.0025632961088527407,0.009933318652615767,0.02773022724504289,-0.028020733379189734,-0.14034346535010955,0.14408424963367722,0.023693396807393255,0.014921156471002874,0.07101860055938448,-0.034870683693756975,-0.022296231473105395,-0.03539122332872887
SEMA4F,0.021938823843916475,-0.01266132865439941,0.026269672504288282,0.050790768765279916,0.005510418239364096,-0.025057977218033264,0.029131315087871833,-0.21381739330199814,0.05051504266519446,-0.05598977686159355,0.0706109511088066,0.015265415574770552,-0.008962139567126146,0.06058635808113987,0.030935514151664994,0.029399834545248717,0.04866111117843656,0.03187595564199934,0.08536586842516115,0.057625679891297424,0.07572949213241813,0.01389293075967623
NXPH1,0.023027033422530246,0.02870487142805881,0.040439043624499245,0.0749108983317552,0.05261040964282856,-0.02879191100353671,-0.08216131333999878,0.25591039988979425,0.08103972399818846,-0.14534023816408354,0.033365322953948805,-0.016519341865412422,0.1279725812414175,-0.013076173192538764,-0.007955518641543454,0.12293864180308525,-0.003692579982011965,0.008009708609397185,0.11773863342905219,0.02495456838569904,0.302163933130879,-0.009358053792524898
ARF1,-0.05492094325376327,-0.06703009208835464,0.0013502725449049007,-0.004111189356070488,-0.13617177488708634,-0.11264883773909583,-0.014894879937901463,-0.298348720004861,-0.1811665539634681,-0.11479187612106036,-0.02458729307696574,0.09838701099009131,0.11885926076173897,-0.09742689863408488,-0.06345439993400277,0.10230798778260977,0.005785491692921434,0.042472547910254704,0.02429377169542127,-0.0089020483922759,-0.25144160315700553,-0.11511064868473438
DSC3,,,-0.0167318725256768,,,,,,,,,,,,,,,,,,-0.03412401646677123,
EBI3,0.01962909470634921,0.029168251817463645,0.06256323395148211,-0.023474719554928112,0.06407947351526903,0.12558648443629328,-0.002105671836934447,0.19490306442161734,0.057051369145846346,-0.00946546316883832,0.013174108549765537,-0.02432675613151616,-0.01404687086886633,-0.0017808666970079454,-0.020230266513146793,0.09997969512410475,0.03549289400401855,-0.02752583625855611,-0.07800238178141752,-0.03138626298528339,0.10710062014409567,0.02999430456631906
TIMP1,0.04344076146925519,-0.04251454949665047,-0.04358729587935267,0.05231473467620801,-0.10448132879190754,-6.64515484866311e-05,0.04776100606626025,0.49692155585804154,-0.3865983449609451,0.07936446457143366,-0.03264469866798604,-0.014420734935105945,0.14674468778126,-0.0032608231870636844,-0.045870568182355076,0.199290519533196,-0.09034806748732326,0.04556235589447631,0.14623542063711856,-0.07660794113036676,-0.36378467598492725,-0.2688111060892421
SEMA3C,-0.02584899702345964,0.0035317731664112617,0.01828695960914268,0.013504096141619888,-0.009034256447266301,0.00571522403874116,0.0352969710947047,-0.12200094588642056,0.05641904007514298,-0.08813128731652202,-0.04651924605219935,0.07399238486740967,0.0008150383978819584,-0.046158850041392134,-0.08505153851035346,0.0821317426876114,-0.03938123189587687,0.009083898015334864,-0.04000854450765846,0.010465111224343912,-0.05043420625767929,-0.04165195829835839
GNRH2,,,,,,,,,,,,,,,,,,,,,0.07839080157576464,
GAS6,-0.012124487108978713,0.00847865205262701,-0.008484587688172686,0.07093007614714317,-0.049606033387631074,0.03459289196884704,0.06307853701347829,0.28447656299010593,0.02481232037575057,0.07305643190274813,0.00200908996620599,-0.07131814930169457,0.10769157834351227,0.06711174525492648,0.03644099278447545,-0.003709529171531881,0.020571427356601488,-0.019403489885626866,0.038747853197834956,0.018419146475977765,0.16166416564691982,0.07785812624299686
MEPE,,-0.013069798136412139,0.012842641388018378,,0.02690573498516484,-0.06881607767472513,0.014098571574265556,-0.10783713624767276,0.09181161885707126,-0.09258719633785137,-0.021007593657396892,0.018669666832686754,0.15643756766088468,,,,-0.04047212579213603,0.011741743136944783,,0.0692584123632466,-0.030340925006276366,-0.04245112496993201
SERPINE1,0.0037885940574787515,-0.08513859370823519,-0.02318167446576459,-0.0053082411356914945,-0.11644787365745302,-0.012270886400436212,0.04315467161903124,-0.38006093164808247,-0.40017730600383794,-0.0056797914713114465,-0.013872793336533623,-0.008638239895926448,0.1802545494553511,-0.027580187196375484,-0.11522787748044976,0.18382324884899884,-0.02140780038073404,0.040334272470276634,0.0814049011392561,-0.08944559363252266,-0.41196930223573897,-0.10726413596056494
RSPO2,0.029655882313640382,0.0098007306925893,0.030387285238926576,0.033021720455637435,0.013197449678610139,-0.10773404440345768,0.046173369100917704,-0.189526905926451,0.043979343076731785,-0.08679352392022587,0.027058097332078396,0.020790433638626104,,,,,0.020839352658337574,0.08633590837509543,0.10377354068777048,-0.03388369571840716,0.15259768944826252,0.14855409627011795
SHBG,-0.0008283251977144405,0.04066819902309003,0.009307350116468759,-0.02293414514666213,0.004439214968875326,0.041441642420431836,0.03630045341075296,0.07867721924253203,0.05171910882789859,-0.004248568096415524,0.0368024580568858,0.021926545115252504,-0.032673737622143,-0.040842131979782134,-0.14435747099707344,0.021264873498915725,-0.010460752981745104,0.08538489771681863,0.10073390469597322,-0.023652677508163047,0.02259465400462922,-0.0037099986977760318
LGALS3BP,0.006466215954634626,0.0243783420209665,0.07071291859834622,0.030778308461118214,-0.013563573098967963,0.020397998522975563,0.050958346669487974,0.5027317401357446,0.02553527420240459,0.10293860018989757,0.014812117543695633,-0.047665999120300256,0.02138902675873487,0.03597310939696061,0.005031495958552779,-0.04324697069002141,-0.016746972638230474,0.026498256817189633,0.08874411839812392,-0.031246955502782912,-0.06845212937721504,-0.1154373518193177
LAMB1,-0.002657583826813195,-0.07948406299095173,-0.015893461195393775,0.04895532477632942,-0.024772650897791498,0.05698540182661933,-0.003295948463735154,0.4346463529793076,-0.15264858688017793,0.005285519083737371,-0.013982200730156722,0.0004032027474195856,0.1319448443986638,-0.047967316228932404,-0.13815646450575564,0.1783439197750816,-0.030383637486636524,0.0028833840469112727,0.11566302942601293,-0.02787084071254465,-0.245490413158694,-0.1851803204686168
SPTBN2,-0.044649662576608615,0.08431631631827644,-0.004115517407185461,0.03715577540225739,0.042453285848820306,-0.11806146435996241,0.04041975578449024,-0.32526995781855544,0.15221162347854036,-0.1109271514090596,0.057062536325171866,0.0709952865710524,-0.01700145921436354,0.09232828662824008,-0.006369334926687504,0.0609341769661816,0.1110995849560347,-0.010756990370205265,0.07763348355443765,0.013430825519855862,0.21138813807028206,0.0669956629205861
COL1A2,0.03705712987264142,0.05030248267881239,0.005463915621126384,0.05216832383609017,-0.0020901029498497084,0.10018685920541143,0.0490611231004579,0.48144678982902384,-0.1671946689043894,0.07531753505518035,0.0069028987880810746,-0.027132787598383407,0.13344247089680186,-0.06507340825356019,-0.06360394406108483,0.09564584169715673,-0.0927039279355066,0.10232897015719433,0.07679349863724218,-0.036745459162293145,-0.41010644566116994,-0.187757710204644
DEFB1,,,,-0.013458057258867945,,0.04216956773230496,,,0.04240181210912724,,,,,,,,,,,,-0.05186795144434695,0.031338779830428716
CEACAM16,,,,,,,,,,,,-0.018610469578153377,,-0.0507197514781005,,,,,,,,
SCT,,,,,,,,,0.005450759698175418,,,,,,,,,,,,,
WNT11,,,-0.023982207200847743,,0.004425653376444709,,,0.09779221040201296,,0.03882380519400501,,,,,,,-0.0339381488536313,-0.037501243894731195,,-0.035015273229138305,-0.03360414644098791,-0.03151889988985698
LGALS1,-0.07577987802086128,-0.05406098369646026,-0.07219243425606431,0.0574601218400901,-0.1437858402682087,-0.078863321464456,0.03632757315832831,0.2186462789717099,-0.2655072256095673,0.08258233651779044,-0.004628292737304478,0.032217422954186524,0.029088957390738485,-0.015193654532494978,0.007736769150687684,0.28255484116560275,-0.04008439645176089,0.0491904740245309,-0.017588587561800855,-0.03481781491618848,-0.34607846938454384,-0.11948304772597193
BCAN,0.06718577492997972,0.17757095599064693,0.0535224638936645,-0.03486756860047352,0.14611790392057078,0.008716564850120654,0.0011757677137224129,0.5987187001021569,0.31723160935554423,-0.139078318393906,0.04213962297673972,-0.07871629962392516,-0.15415246705856486,0.06948509445324329,0.01120342171942968,0.09428068828430926,0.08506394348795912,0.002221678361979251,0.15100263577310188,0.060017208808576236,0.4872676739893499,0.2264067384233893
ANOS1,0.014639075821213307,0.16979226201959485,0.05837077859226559,0.04591807364190134,0.12293273449338393,0.021007673450590337,-0.015397228708433356,0.4272289122419912,0.13506865875119617,0.0576077007340938,0.03782633964581625,-0.018639787395208107,0.01039477779621137,-0.024011506408018742,-0.014102246523178144,0.19581484507779817,0.04890542974752269,0.02592762579981458,0.07596363743487307,0.05302177521911665,0.3639539859431599,0.14159272968391381
EDA,-0.03990319087357265,0.06898307217426652,0.00215410929901433,0.04381790592153949,-0.08181409723399952,-0.027352598961222822,-0.012929364998952919,-0.011203195441245253,0.011805868855081968,0.04075954068489948,-0.018974008761541608,0.00826078344022384,0.0059590179924578395,0.13598235708256798,-0.08274666164741712,0.10581126366378642,-0.010109761027913701,0.043582556712561914,0.022873507267177597,0.023448362567052353,0.03766235216761354,0.029133762859426166
FGF22,,0.006886274867537169,-0.024966532782108912,-0.018531536331511923,,0.015432010554231402,-0.029222294011979868,-0.04316762822440295,,-0.036444160562688725,0.0008831303895575121,0.006707746275440571,,,,0.07768854459068716,-0.03565633503702721,-0.026489233558640298,-0.007515081514042836,-0.025020683325283104,0.10927664107351533,0.08166346237944337
SHANK1,0.010443969887390998,,-0.009879369321346575,-0.015019858966859232,0.04459162728051092,,-0.015782223875172217,-0.09040310710530795,0.03843017659601565,-0.027110429057270593,0.006340172437047219,0.03272295007318418,,,,0.06616439995366737,-0.000721938746472324,0.0189258811126859,,0.006079193480873439,0.1638753057482652,0.062411996547907835
NPVF,,,,,,,,,,,,,,,,,-0.01026424475499083,0.044034613867003775,,,,
RAET1G,,,,,,,,,,,,,,,,,,,,,-0.023172122073594634,-0.02245265158244962
TGFB1,0.0016187885173912864,0.005993064253625638,0.08382412403162674,-0.015435033601525096,0.004657457700363073,0.017339309723741595,,0.03392016132072541,-0.046432583414134844,-0.04937132604802233,0.020949028346429484,-0.021957590933036477,0.07254612245148322,0.030854726889646338,-0.08824313937506682,0.13325811639615073,-0.06214397088594415,0.04146846261198526,0.02392671702593248,-0.028673532613865,-0.13275021117905383,0.004492507983270024
MSTN,0.06324231277915288,0.025892929917609702,0.007673227804131742,-0.001891103319722668,0.0351850476759604,0.08410629877919933,-0.030225943015491308,0.3568813657056915,-0.028367849015057157,0.030335532149391855,,-0.040713833422891366,-0.0317036161113338,-0.06826517289709615,0.37534174580857516,0.2034179656262165,-0.02996937212586695,0.021398032397645764,0.09318558580391849,-0.00953057093644985,0.1514371713349343,0.09828429601333247
WNT4,,-0.006355146476286417,-0.016159157651902418,0.057116386260869276,,0.08562994802163758,0.0052248670516931335,-0.06515301842946732,-0.0062409264260055485,0.02466642533065027,0.021884253467650033,-0.014222947548797361,0.07599680458432224,,,-0.010987396762320583,0.020801103329339488,0.02758807722545363,0.053055593074864314,-0.05369298171522548,0.00575059891888541,0.041918693069984476
TNFSF4,-0.01597623105049043,-0.0544265408424115,-0.03695303553133159,-0.022039193206155903,-0.008957101681604946,0.01017180599623203,-0.01926650914694079,0.07782077996409612,-0.01805786600887264,-0.015524764807283913,0.08692938307183082,-0.02125327145259983,-0.010842359476450555,-0.09470370714594523,-0.0499119846916646,0.059398665390970475,0.024204677061028586,0.019815780088004813,-0.059276541568682575,0.07672068497464228,0.0027587642375532778,0.05543970658276778
NTN1,0.04074114698759485,0.058218881305094866,0.0524867235168929,0.009658118346052987,0.04091704231893407,0.098646898733887,-0.015682810153690146,0.4881265580485268,-0.13298580853949224,0.056740684930387676,0.013691270112102537,-0.014533106510802155,0.07135098580884591,0.0018808648741227294,-0.01320427121087405,0.17693677544223693,0.00873492910777041,0.04034184780328777,0.1333641013233481,0.02707027705687245,0.16136978988597547,0.10459572558641721
CXCL12,-0.030583691849646294,0.06025715084433024,0.069096332729653,0.007085619875327717,0.047678402025473195,-0.03940896873909626,0.006468431239116148,0.016069268905818737,0.04998289589245452,0.038295960483165734,0.003588688135245258,0.007802674202966652,0.032599612101070846,-0.08878076311008377,0.09858983494661404,-0.051867966866683095,-0.05232283823739689,0.009133381386349976,0.027691323849220156,-0.026790421291560736,-0.196936452763061,0.019218682868622744
GNRH1,-0.0241398280851175,-0.0017853514923817948,0.011166127235790767,-0.02428131795924362,-0.005854353600185397,0.04976432778387482,-0.016054922535102028,0.22096297309564622,-0.034344342788660116,-0.007624912887265491,-0.03581346796145843,-0.03541412253506407,0.07428770731103772,-0.046379301843459106,0.0011953958066741397,0.06503771920772199,0.11932633864868761,-0.006138687863295705,0.06804948255912835,-0.02351206045914355,-0.035448760802062426,0.09282174252281657
FGF8,,,,,,,-0.02243692776431073,,,,,,,,,,-0.018604880663735963,-0.033049769750022634,,-0.030068536984320292,,
RIMS1,-0.0008026745178330568,0.019822294930201424,-0.02531729300693861,-0.0178647879957178,0.013890195858394783,-0.054901507386106066,-0.052657365681200934,-0.21653791358561672,0.10716833129603794,-0.05517314861263543,0.006994305997822617,0.11509641885020981,-0.04428208790660545,,0.008035753234022915,0.11519377447983024,0.01324949087428975,0.030643248334677634,0.012108882377083099,-0.009096869112243054,0.027846521975245897,0.044935036711460714
FGF14,0.0904396609078522,0.015739683515810215,0.029980226233808145,-0.024946604406101528,0.06925972578011007,0.10325646487687877,-0.000148330734624145,0.27778972101322824,0.09462591104857869,-0.12077583850086485,0.07926263518776107,0.08160847372155046,0.007020618458873511,-0.03350826298683208,-0.051754719107821985,0.01952790908927034,0.08406825082469029,0.006437918001858941,0.08402717067033266,-0.014764912181531128,0.02651429634238287,-0.06966973809622658
IGF1,0.054256651519479886,-0.0493441036221105,0.0703844153949695,0.0021166749862683637,0.06416105863755796,0.046728550327299466,-0.031064542620320955,-0.043545347065875296,0.09649136824750068,0.05003576148086322,0.04087821308121616,0.02199686477343719,0.05824326685847704,-0.004515747689680022,-0.006236936997993693,0.08758997792848834,0.0682593790140246,0.07102391594623694,-0.017624183916175644,0.052091664774667375,-0.0009279097040740425,-0.017235861740215352
TNFSF10,-0.03754815173831836,-0.018125898251969544,0.02470852719145694,0.04419074279783303,-0.01829022010021854,-0.0266462821931681,0.053158987425224194,0.39740484955429034,0.09597596026356364,0.06383628593038296,0.03196658753191409,0.021736376941642255,-0.0012958441108747534,0.004569178507456199,0.06268461011688588,0.13074303796867523,0.02762030830601918,-0.02894856486517439,-0.016392753346780455,-0.0028346471509982677,-0.00447958189498851,-0.04539084783240046
GDF5,0.004961630777103137,0.07720634331265956,-0.02477253805924821,,,-0.09473839648210354,0.05973371228175949,0.11120316656722236,,-0.02829088252092841,0.042052013588115354,-0.010413095816233994,,,,-0.04522360101589245,0.07048962655508023,-0.0033883156882549732,0.10415858188943154,-0.017703147147554252,0.15943356348467466,0.03664539893348436
CHAD,,,,,,0.023940270132008435,0.04792572598397282,,,-0.06681049880595216,,,,,,,0.0990663843755621,0.03685528792243858,0.03983495467225625,-0.02322857791676698,,
RGMA,0.03844143802560683,0.1555435750066172,-0.000140321987400603,0.028504440460127085,0.10187951001159391,0.19122418798309712,0.037347990290902966,0.49836041579993173,0.034056297616573576,0.05484058419890893,-0.07769357848900205,-0.03971485407585312,-0.06044989104155993,-0.009917542251353235,0.2594010374354599,0.19207794454392532,0.023012927345491596,0.0339038059126337,0.08713935447777317,0.00945806033433433,0.4039526297070379,0.23938623659656866
CLEC3A,,,,,,,,,,0.06109878047250372,,,,,,,,,,,,
WNT16,-0.018854027084592835,-0.015030774660534605,-0.010985549049203784,-0.01366260106981998,0.028367024240986374,-0.021312908435093775,-0.021633724597852226,0.15223595527736594,0.02940457058771425,0.057634817466779543,-0.028210114572014805,,,,,,,,0.14108751004940362,-0.014861011592163832,-0.022736545521563924,0.08911106320278257
CX3CL1,-0.03260217865975445,-0.03664036911470185,0.006868612314703879,0.01800079114658382,-0.05048456072877461,-0.042855480954092286,0.004209274898441457,-0.054824488676419036,0.021071878414912527,-0.09440010963377461,0.05865349002293484,0.049783287117142264,0.06989089755854373,0.012286144960146123,-0.11726852507234568,0.1444614305245622,0.07810244712618207,0.020511467650120973,0.1589840616626449,-0.022654859650434223,0.134650038086634,-0.10606165931750104
FGF1,-0.017904624203818206,0.06469700263504803,0.0698098117332336,-0.05861640822723514,0.09758277917507521,0.02415522876672139,0.03336562376960747,0.04189261915410083,0.10807193582075167,0.08623332794884128,0.014090939014032758,0.014808512468903424,0.07308726681138669,-0.0011086221258393817,-0.10421142801614314,-0.20122275509504167,0.03222649413373348,-0.04730590769666774,0.008731310670027602,0.053788599125864124,0.2323866836954918,0.1680147249146238
ALOX5AP,-0.009033489834151443,-0.07993282257371179,0.03362237615046772,-0.011196152455166256,0.030120759095266614,0.03564876359613509,-0.02702687964742108,0.5239573854548282,0.26254151605026554,0.04683363684983412,-0.02191063785550497,-0.022360847648099612,0.1334790138134406,-0.08573930130136735,-0.0666522771120354,0.04439792362462418,-0.002893985076104518,0.07053174372705576,-0.05151883419565846,0.022926007162437582,-0.056093795690765696,-0.15265848221631478
IL1RN,-0.02258905263578501,-0.08438859774277715,-0.047593361916903,-0.029434183041241707,-0.09887147221514772,-0.09290667461940108,0.012273358807691584,0.04208078542204392,-0.13084661950552626,,0.0644724151119053,-0.011183343012624775,,0.09444874177640086,-0.0020681922191089137,0.10164900577968485,0.003519248112191455,-0.021127391125306285,,-0.021970542327021662,-0.018163321564832063,-0.03880048693107818
PCSK9,,,,,,,,,,,,,,,,,0.10684523545581358,0.03823287733446669,,-0.014424933256544372,,
NPW,,0.07262641912910289,,,-0.041576555713088735,-0.03701405702342373,-0.022828776158552184,,0.008658160706505342,,,-0.012455809234691405,-0.04046907129912564,0.09919485919083905,-0.042769499152177114,0.06319801303301188,-0.008542709050386227,0.00847044173265267,0.013877409473028854,-0.02436516632833313,0.09510824877235798,0.006031036041877005
CXCL9,-0.006114495648617788,0.0037041593831790816,0.008614715793908349,-0.02164557044950776,0.049678684551965085,0.059649274293494085,,0.08790514911847572,0.018587984019188885,0.015857883274963454,0.03265934415004942,,0.06922571375965386,,-0.08130459004573228,0.033873123489024604,,,0.026851664443674424,,-0.08527142087899076,0.028807240589928645
ANGPTL4,-0.0685462639203145,-0.11855882215004085,-0.08052932091261937,-0.04635632192712759,-0.1573594317291359,-0.11844872879565274,-0.0656952129134557,-0.06963327489063388,-0.03222750931535154,-0.01534509115565218,0.11706347088057767,-0.04463960725948323,0.042324300042850996,0.12470515076239828,0.17244695930841222,0.13024724772583432,-0.012991850184544431,-0.004254520346688062,-0.07302184974982151,-0.03543596686719705,-0.3747333083305135,-0.2173755349593183
UCN2,,,,,0.043097714721968626,,,0.07540619846363704,-0.0322990664822347,,,,,0.052487722505214794,,,-0.039919807109735514,0.013317764261718015,,0.07364598217745004,,
OBP2A,,,,,,,,,,,,,0.06263659882965238,0.0037102452429347197,,,,,,,-0.06895703028938432,
COL4A3,,0.008784238318366762,0.03228379172778039,0.04643307797795762,0.027894955624694646,0.028852123607754843,,,0.03015782794157757,-0.019337646246525387,,-0.014103558087550639,,,,,,0.02154188950141887,-0.023443984350073933,-0.0064011792057217095,0.03681279744223391,0.01329511540341346
NRG3,0.02546029671742146,0.0010768161794172545,-0.013862472320540619,-0.03826419468917782,0.01230901077182236,0.07506916488852615,0.01298370134414629,-0.24334676667782218,0.11479222618416116,-0.017573787894826408,0.030366030020839548,0.019527805451771237,0.01579540319648198,,0.08873167971947102,-0.05678499259010687,0.06628670841217436,0.013428459403581608,0.03421151135083922,-0.020853597675772773,0.29803691111992436,0.16569028004349493
IL23A,,0.03027822269807822,-0.013420987507831699,-0.018224424593540813,-0.037553602924946375,-0.03289128318079874,,0.06267439134202439,,,,-0.017159396648271107,-0.034992650662522155,-0.00703122726961965,-0.09391599205883182,,-0.023086952093703688,-0.007527974328239788,,,0.028485177235573915,0.02486518885297268
COLQ,0.10380736013863029,0.05847991696811309,0.003936988110005711,-0.033568902363700553,0.05727253386043083,0.14938970801763848,-0.006445506546152795,0.18210313247047114,0.03376109370512071,0.07045222873751907,0.03834903287926646,0.014283338501396816,0.026145592470562695,0.2288543730094045,0.00958903873825802,0.12469770985876868,0.05124077477210676,0.03965455216248927,0.05504210715967382,-0.01676281370954272,0.16505730632156676,0.0025603688079360565
SCGB1A1,,,,-0.013864257028268472,,,,,,,,,,,,,,0.09944527952443186,,-0.016689737235797537,,
TNFSF12,0.056171543915645286,0.010802527808518191,0.018855515190916584,-0.017423406642596936,0.016357817992112667,0.02347546975505865,-0.06994372407030279,0.2979925609527258,0.010691180911396557,0.06773551092979072,0.005947833752273106,0.02541715904045926,0.0553242415963048,-0.03763244503438746,0.12536772932419332,0.16116975672606154,0.033025856751227496,0.0953379210664283,0.06069995993068826,-0.027204251092305173,0.08670175703536905,0.08809189852970316
DKK2,,0.0014744602651884985,0.010382956542418767,-0.016269516902331596,0.017630536962355895,0.05398698400110522,-0.03148658267664468,-0.16232657736133066,-0.01355245789925462,-0.060099105338794895,0.009798332107758692,,,,,-0.018414314669508894,0.004275056345605343,,,-0.019210620996876284,0.040215384485372686,0.00010069528868914016
FYN,0.011230269949029988,0.1449005616970808,0.13338284319261412,-0.0034041920487002755,0.06507288443797232,0.041924007694230374,-0.04683064087928357,0.414377354117576,-0.09386479000705353,-0.02397445342914911,0.060610899896269804,-0.045955089099800346,0.049470325920737065,0.047759240960442,0.07815008081956143,0.07714041910284539,0.09232792660288643,-0.017497480490579774,0.15037149838755903,0.016257463446333064,0.2561689074331457,0.20162620990670124
ACE,0.048438093208400236,0.021518806649397575,0.05266517373306259,0.028043701629954367,0.04076568898445103,-0.04713969830169499,0.06363368688659267,0.34994995404378026,-0.04512048246540769,-0.03566281696620139,0.04870543724209867,-0.028898417044554186,0.07857483126871463,-0.09286372924931721,-0.09506990703315513,0.2282523727019764,-0.012288424299661448,0.06376877482460559,0.0965973429983981,-0.012311367843606895,-0.09310565692612452,-0.017491669718695063
IL18,-0.012397115752405388,-0.01447451221464261,1.057716879260033e-05,0.03620289191988346,0.07522687164019214,0.09072327728078668,0.0552405422819022,0.471300256925233,0.08691916716601153,0.06048436859614695,-0.02222087242715144,-0.0032675956724159474,0.0676611347010552,-0.0022271541728636495,-0.026005717532522437,0.12224614241626239,0.03329930062913225,-0.01887623577559287,-0.0033227828861592465,-0.0489787270144332,0.12562205960187808,0.06895636857413164
PPBP,,,,,,-0.07359584952751515,,,,,,,,,,,0.0666964714486557,-0.030052858583309652,-0.018286973014942077,,,-0.05691326884467112
CCL27,0.03465816140598563,0.028936745101445022,0.1231168347654656,,-0.08194271912076596,-0.014006006732730175,,0.14104389660818276,-0.051308752719084104,-0.028603115223533593,-0.00784647178407884,0.01673798126362532,-0.013527236709572408,0.019383517904122228,-0.07900035391313612,-0.02979925562871446,-0.003184662014641453,0.02834621197502356,-0.053640938373619544,0.08528965820978865,0.1140527790978521,0.045886904982878736
SERPING1,0.06563613264100764,-0.04952592419745862,0.054922394511400206,-0.024449754311039,0.0050109365114715965,0.19730768895606457,0.05616970951435665,0.5352399122570941,0.335529272470948,0.09095646564444444,-0.03676463198680578,0.04887789668354023,0.08697988209454327,-0.024785424451774316,0.003586281864528128,0.06344522782755055,-0.026966933703638143,-0.01886122914177582,0.14617646766686734,-0.02537372760849096,-0.2766405723356171,-0.14552605996702858
AZGP1,0.030494523390537903,0.023853965361445663,0.029815713016175166,-0.01477536751816879,-0.10869074124794943,0.02637224319593204,0.022887236670444393,0.05552196088748246,0.14498909782925337,-0.008947134645396771,0.06656037184732225,-0.034259105136509316,0.02824270680728715,0.0568444696631118,,0.026413214363465054,0.02952677602884306,-0.029526160567994744,0.08857310987089892,-0.03212280774540059,0.00278601044100793,-0.06425575727653728
INHA,0.02044182173457293,0.06711159253188174,0.03004032300168282,-0.0212454180196082,-0.033390080074720545,0.026093373144744296,-0.01615989055373282,0.1481489919667064,-0.10457110943823976,0.021947685350528087,0.07240365218363454,0.007955565020897426,,0.015503582657285324,-0.01569440959153659,0.05043404053207048,0.05522517128407021,-0.0039789060422349195,0.00216839747514226,0.049334998896884,0.12110148581609294,0.08253428320511229
SEMA3G,-0.046365054288338294,0.06440361309680008,0.09070668603912439,0.05386936310355657,0.004694211341034409,-0.039410278162414714,-0.03846567703150314,0.030066251606159645,0.008333313492978176,-0.04907724791545197,0.03417281226932525,-0.01591498751662383,0.10186511391922404,-0.07050582974434748,-0.04779635500678325,0.10974463767274446,,,0.025900133769710777,-0.023931724389934482,-0.02266628949639618,0.046985465919992836
OXT,,,,,,,,,,,,,,,,,,,,-0.01397591666886427,,
COL6A1,0.05705217215218054,-0.05348327683411597,-0.016270054785386727,0.06784188172006689,-0.07708112008133632,0.014286379239601778,0.06484695560743764,0.5536019616395036,-0.3881334315161938,0.11499586682490995,0.03171085735137305,-0.07329296187502465,0.10784681035035565,0.04006755903863871,0.08833969604267942,0.17923549012643714,-0.07428626602841401,0.08292648183644638,0.10172514932689927,-0.05836959529009829,-0.43759194780681077,-0.15028019043370092
FGF17,,0.11392859200927645,-0.023708661695001024,-0.015204326752852403,0.051992760803494,0.023332540544379013,-0.030747661065817986,-0.07601456970183842,0.06311867193070464,-0.06512700912132292,0.01351232407167565,-0.014806575620175753,,,,,-0.01006865512439272,-0.03715396243504462,,0.07969392461279866,-0.05579283968765208,-0.02340268947966706
TNFSF8,0.013386683201286484,0.003578889659986613,,0.08395375214573611,0.005241294502791215,-0.05679317337779856,,0.055530208395828215,0.04137075291495731,,,,0.04947087906355507,0.00880270606908425,,,-0.00235767827953108,-0.012400675029874488,0.023521687903682288,-0.014861013553665915,0.00799446974489429,-0.05687574366487921
FGF20,0.07480209761198814,,0.08793172977374393,0.03965263852746169,-0.02180237956615294,0.07341395881325456,0.019225276416290862,0.05005056398990486,0.09475200135751714,0.04343764493261927,0.028623654988283048,-0.013616355148553942,0.06632782912958862,,0.03392270084830748,0.02744184449015794,0.006316742038565445,0.005602274503958647,0.04402029687618754,0.009338924040138454,0.0192660190406218,0.039043669884064866
ICAM3,0.08558241970853141,0.06821680886766875,0.004983734885012771,-0.043658625371777844,-0.04939731825190821,0.016874786659149422,0.08684129896102537,0.23358633679667676,0.039733042285086353,-0.031183437066198878,0.04233534028418552,-0.027243937277937554,0.09766600417529885,-0.050871699245688615,-0.15365346844417274,0.2060837480692566,0.04889955448395294,0.05502690159802133,0.039545130375444465,-0.03285668651823165,-0.03430140991291694,0.13739190330061885
LAMA4,0.08219031919819764,-0.013906751115661597,0.016584901966349548,0.04363591597724214,-0.02958218103251397,0.10346691378026099,0.012969796178860066,0.5229082099926495,-0.14178288641204911,-0.030572382693694083,0.06423111655005272,0.05304797812288608,0.1487530160608729,0.036240996348895896,0.0011481600433590866,0.1828759106846303,-0.05555222475204014,0.11705201889142945,0.1272687729440239,-0.024173027713117752,-0.14684061294805684,-0.05527187876477015
INHBE,,-0.016018820587549738,,,,,,,,,,,,,,,,,,,,
DLL4,0.04581371683730648,0.0025033139257725143,-0.0026971348434003967,-0.03301663383324445,-0.0035766822593417,0.02757027370297396,0.006611115163788069,0.3526428669808575,0.003545923992447537,0.01587099164785004,0.07587105488890612,0.09581996430514196,0.0882612927013354,0.037267809457038545,-0.05527521488351234,0.2215092719703658,-0.05325368813625499,0.06871386867201375,0.021218718137338895,0.007303937520876397,-0.001521896180877515,0.044271019563298965
SEMA3A,0.07125267462713829,0.08619213917332195,0.009560532628785178,0.0014832911082235092,-0.02835758062925191,0.033855023239107565,-0.002364465387113195,0.0030726298291622305,-0.10932135041494245,0.11365831454343354,-0.0109639580690043,0.05497564746323773,0.17058365175321208,0.04413383690438596,,,-0.029746619522377997,0.042449042054561285,0.048094277399966495,-0.047416745831985636,0.0804357608438339,-0.040776751559279074
RLN2,,,,-0.014453062283429728,0.012431109570210578,-0.028232323129742387,0.09624354453674763,0.06227884470212446,-0.046508296430254795,0.017060421744213797,0.022298165499947686,-0.010727531880563966,,-0.057192866602757346,,,0.01923052828648207,,0.03048807222012158,0.23403463621649984,0.11095039251392705,0.13947173274555652
C5,-0.03267213414384096,0.09532958010958031,-0.007635478753667003,-0.04006089265853396,-0.008530374081280972,0.008478314789934925,-0.006705714564048845,0.3524572941268851,-0.030176204254845913,-0.02904049318652258,0.07258031991063348,-0.0033031621601951862,-0.06437160513137992,-0.0022941324391443276,-0.0031724780617455395,0.09287907564294677,-0.0059112628658618445,0.06531472919395938,0.05411166230430094,-0.02105557798228928,0.1672550487769458,0.09157359193274126
COMP,,,,,,,,,,,,,,,,,,,-0.00908960904682081,,0.010158804766995218,
EDN2,,0.0751381867677888,0.051131180807280456,,,-0.027623884826079498,,0.09764299670104733,-0.11778838595992362,,,-0.0036925665538717206,,,,,,,,,,
C1QA,-0.04208067792956597,-0.033527621114012585,0.08397044148862066,0.0025334714508139207,0.1366550139503056,0.18477632034687286,0.01393013543764985,0.5264987058900749,0.1821402058833435,0.035829818617646336,-0.04310088552381661,-0.008435972301835295,0.11817654569493645,-0.06109740974439125,-0.028657684656630177,0.002072685484252394,-0.04060497260400418,0.02177624231431978,0.08449894052482791,-0.08049763733996407,-0.2087838767699685,-0.003947384951513177
UTS2B,-0.013398075134703789,0.0017334098791272783,-0.02122777611147163,-0.016440720566058328,0.01927708804990788,-0.018677828292018313,-0.016847677401940413,,0.01640412031430814,0.02120105273711864,,,,,0.035595013357457614,,,,,,0.06056649124614738,
COL9A3,-0.0033747823853466255,0.1458653658371184,0.05854441935069246,-0.003972133460840667,0.07505515264074263,-0.055683587308709835,0.05203547563182253,0.4608480951041414,-0.3424624374197052,0.0734722502542409,0.05098687619253495,-0.07838475223248378,-0.07082149008325274,-0.006267656999999176,-0.26825546068875783,-0.030359667635564993,0.04683700127513888,0.035548157205620455,-0.051536939745089175,0.05013459029320598,0.2829271233824848,0.02004328645339366
DLK1,,,,,-0.04095409753034108,-0.00249141027727199,0.039820400719995507,,0.07745850021096316,,,,0.14426493509992575,0.039665647048771166,,,,,,,,0.0589130479868668
HGF,-0.005779151987566047,0.02689813350740537,0.01712627976919915,-0.02441133803934226,-0.0007744079734091962,0.12715135593106325,0.002682372316462934,-0.13050386177721987,0.07141569214365054,0.005454150709756205,0.01632135456065918,-0.016339223290936178,0.0009427558129426919,-0.0024081072986556476,-0.03504440572586722,0.06538153272249893,0.061914155438942665,-0.01430012623912323,0.036065811234699326,0.015388345734797162,0.04838828861856247,0.0698505102689588
P4HB,0.04706203094176228,-0.017102645645323586,-0.08562213119263443,-0.006795766491632447,-0.05975820739822754,-0.030174200341953318,0.015198570104699473,0.4583954518365012,-0.37568460733376613,0.02630464767387202,0.032483115176899634,-0.0402501958382513,-0.01808535898001183,0.028563975204138566,-0.13394252507034557,0.011299201701456827,-0.08803998735703004,0.029880334631047254,0.06336041435079948,-0.046250917065620185,-0.3542862135458707,-0.25888966311849126
ADCYAP1,-0.02976791474996011,,0.030187436115520865,-0.020423978287602385,0.025204320747346503,-0.004461544673568428,0.039450271629041876,-0.13797567745897252,0.09127844993776918,-0.04218394124545888,0.10207105606479266,0.02638688901942359,0.07894519353255892,,0.09380779561278818,0.019172227044397177,0.051209645321896875,0.008756382246659058,0.012377813099147457,0.012429263653317004,0.061592331830089914,-0.03478339598772872
GREM1,-0.06977189320160464,0.04075570289440659,0.03342941632071258,-0.02210298101478973,-0.026778510231772672,0.008631087448976544,0.015314831757974112,-0.020334716675998503,0.02954787541531085,-0.0013659762144987541,0.12476509652058868,0.0195172812673959,0.05789432877606138,-0.06781085346270377,0.08959152840580492,-0.1309491833837001,-0.0770013654313697,0.10734961053641011,0.013534230378283548,0.0015472503186021878,-0.08244372737496444,-3.857048920816857e-05
EGF,-0.022408414709596983,0.06585179443292426,-0.012264490188443371,-0.005969504303620072,-0.044118915993401724,0.0357132548102329,0.0014487540430682016,0.1787616908370998,0.00482603609812786,-0.017342527007067662,0.016762777230766274,-0.019525295275298116,-0.03170359703906439,0.059283307151184676,0.012435128238014459,-0.0422690265453869,-0.025932791132720158,0.04591918677928748,0.026256979571769454,0.05227716374242658,0.21527301555793463,0.08597376781273877
VEGFB,0.055596749508872965,-0.012350358255862925,-0.01326168652028885,0.08638302835860351,-0.060054183509485624,-0.03327990640381254,-0.019840617123017188,0.34797353759910327,-0.19272696919506144,0.03313052671962479,0.03540303977341921,-0.050991168204926385,-0.06495500091733115,0.0514865490580405,0.04899669848302511,-0.08336580622098377,0.02675711911151146,-0.0362413430061308,0.02149863033722504,-0.015562009650910693,0.1574844426289378,-0.02729891774964452
FARP2,0.020040449684151303,0.0927112358820494,-0.027733836167731025,0.01118088208376628,-0.035729953224277064,0.036362748118834304,0.02447699088266857,0.2551303197561757,0.021893190480766517,-0.02216102256787819,0.012749924417966066,-0.03452086521645208,0.1028401755515192,0.08462029754943008,0.03971136061543717,0.14900306082042733,0.03107229045469072,-0.08495991501792173,0.04014440003717871,-0.020707778448288115,0.1214484221807128,-0.010791728625003163
BMP3,,,,,,,-0.02628567397811261,,,0.021978353015445824,0.03672534473016635,,,,,,,,,,,
IHH,,,,,,,,,,0.03503236321526845,,,,,,,-0.027764378906567366,-0.0024216054103223636,,-0.01610195980271806,,
LAMA2,-0.013823539171006578,-0.014143453596629213,0.00014824794971582864,0.053008385820311685,0.047134276232989464,0.09705793889344198,0.06894676805325389,0.3359996742151321,-0.15759030177375924,0.027392607458665723,0.05373562814660241,-0.051712131402273424,0.0690479185644238,0.045436789386196504,0.12376111939363409,0.12968352396604194,0.024433450624157676,0.044162996360820016,0.09565051855869354,-0.023186646204459677,-0.14446730222843568,0.037115431913874605
SERPINC1,,,,,,,,,-0.014907098295054133,,,,,,,,,-0.024239171296905667,,-0.01590149576451,,
NRG1,,-0.007005489135261419,-0.03681557194127901,-0.03047376549922731,0.0054768843040860285,-0.05013535190770529,0.009984859093998155,-0.03794666829059242,0.08894530605012534,0.03728376424613881,-0.027031448479590412,-0.021667078202390083,0.06787473759734798,0.1313915698281643,-0.08913742204856562,0.05175265842925195,-0.014183474259423378,0.026343692705271256,,-0.038893975383843954,0.16050316459477834,0.012362074605487008
SPINK1,,-0.08262402746602586,-0.03664561857303822,,-0.1028665691670103,-0.09358583005809341,,,,,,-0.010727531880563966,,,,-0.04859395331031437,0.008177177009330877,0.07571708302804925,,-0.000450616631437329,-0.08178218070445327,-0.13710994583570033
EFEMP2,0.0579151506451168,0.024320944699382972,-0.03368253909286859,-0.0030526459530996553,-0.02229184094820715,0.05707859443477034,-0.003741439161845233,0.48106151074286685,-0.17020373855699023,0.040226372809002674,-0.05547957293320978,-0.05831604359687471,0.03836808499257507,0.04556439850460403,-0.06225027282621414,0.07796866818458521,-0.05418472957324597,-0.027924739921911253,0.11498219604230497,-0.08151538057283465,-0.057710609675294865,-0.006793352152808608
SELPLG,0.024770029998250048,-0.0026469042562616467,0.1323293071920726,-0.0814000695300498,0.10991506379262601,-0.03474711431379116,0.08209245767757457,0.19807774538015344,0.15505715324672556,0.054968127700650286,0.002737553178372898,-0.027848981810909584,0.03076352117525379,-0.11188425698354873,-0.07184668974951082,0.1347027633470724,0.06380202317769533,0.03429711805128193,0.06798125450051432,-0.029108604610600892,0.15722421913622636,0.15523383767546753
GDF6,,-0.02025620199641675,-0.01293859581476574,,-0.013285176997626482,,0.013622215342942823,0.03131782850924405,,,,,,,,,-0.03819018715918852,0.03213983614669299,,0.027366377186396503,,
HLA-E,0.006295585822708479,-0.02791251677626365,0.06665730287720593,-0.009992078595395576,-0.002870456563017954,0.14961335919568125,0.032120503220754645,0.5532645901391927,0.18567629572804217,0.12890599573359554,-0.04637471734510431,-0.04392405438033125,0.03388452065576012,-0.06878472216187313,-0.019637163266830897,0.14373946874214974,-0.08801789866503976,-0.018299211397319458,0.012510515567086922,-0.026199564713038033,-0.15391167078378903,-0.16194928472545542
PTN,0.09232210909762133,0.15147639619402783,0.0716975867397648,-0.022694848182619572,0.16091753505874495,0.048382232310176854,0.020147679473648823,0.6436713638887666,-0.4043398568246109,0.10790794514776601,0.008233641568807352,-0.10482535537886044,0.06799499833398322,0.06251952353846642,-0.20656590235440914,0.19644450014187348,0.03728826936608686,0.01954312129599525,0.22031506571011678,0.07247709332009872,0.35769209510860445,0.14700424634368583
CD274,0.11494636767747664,-0.040992556901764315,-0.014323091365347929,0.02079339505559428,-0.009471593732483142,0.013331869051642874,0.013810665234333797,0.2180428888316161,-0.011916645097223335,0.014849583276776237,-0.027204507218520427,-0.017654741460490758,0.11900203323083744,0.06227569608001147,-0.07013198642942733,-0.041595914548378125,-0.03007569006870992,-0.010863699480469243,0.026063927354650948,-0.02120465560594451,-0.14236339580270269,-0.05289873717995375
FGF10,,,,,,,,,,0.005439545506955505,,,,-0.007397725957428505,,,,,,,,
CD14,-0.030624553782546807,-0.00269987539986242,0.028212881217172758,0.010979987885199993,0.023399110894176,0.22433167455806374,0.04607689564404116,0.4508071731574826,-0.008466311170447893,0.03875115454903289,-0.055232937130738825,-0.03432815047403148,0.12869507546978998,-0.08870946362677096,-0.07505238895290833,0.15573612780988816,-0.02516834044457073,0.06617648544931427,0.07675940745007807,-0.048459113548101354,-0.04691525500179946,-0.1687217672307158
SFTPD,,-0.03230185725241755,0.0002680373524791582,-0.022934146737338925,,-0.007506735337856418,-0.0279442244790747,,0.10009380525456579,0.03185828176554883,,0.059414200635977424,-0.04007100277156284,-0.05184310613934649,0.004492796198719945,0.019815870355146682,-0.008266630939627904,-0.05056237919086932,0.06266988194344968,0.011416086673223995,0.11472406284236054,0.066358017692103
SLIT1,0.09490211794372799,0.005709167307312177,0.029379978637041847,0.017050533247972788,0.038125701215687806,-0.03513378244340442,0.006057438195364554,0.254133237545598,0.023197957365858696,-0.11206003400851182,0.011185700443245373,0.006418588160302135,-0.020908652897783923,0.02122239758203656,-0.12344764544532882,0.12303246293849997,0.07741019317497586,0.01995825403646533,0.05190558136576364,0.003937873635965595,0.21251682565817054,0.022587546531483028
LPA,,,,,,,0.11400226577705472,,,,,,,,,,,,,,,
CNTF,0.014062736908420484,,,,-0.0023480684081876096,0.016584871435741687,,0.05848281703665326,-0.03786817199031794,-0.041454613857948366,-0.05653673157659337,-0.012455809292441675,,,,,,,0.06751371862814749,-0.016300102830282482,,
BST1,0.10566562330738906,0.03737564426469399,-0.012953419031965686,-0.006155468094998123,-0.004002790956026306,0.07269388504488387,0.1132989612931975,0.4702390892686993,0.018440116275114507,-0.031245564928800804,0.00865823841965871,0.01613199559745315,-0.046258935694482015,0.03577334265905476,-0.020018028560424297,0.18220118478688116,0.06405209523625631,0.014811342101462512,0.06526913973466274,0.01127674676260285,0.062426587857324065,0.06771787398517344
AGTRAP,0.046514924272645544,0.014107952397502175,0.057730969454966426,-0.0025731506825259353,-0.06607696743041439,0.03155952261339728,0.009116055525419066,0.44514163290061143,0.08365125458401108,0.175497169548791,-0.002850670607944002,-0.023489178356366547,0.01746987013348468,0.08673382754955761,-0.025118257761047726,0.15220557084691433,0.025219707069809267,0.057087106573743884,-0.041620655386825835,-0.005994136978493843,0.08168531931683984,0.04863198312111393
LAMC1,0.03914901977462097,0.09172504002750366,0.030652678348518727,-0.005049640205481528,-0.059430591135209015,0.05139822659025128,0.03792982479973622,0.5181996410199474,-0.25857987809010496,-0.012020455083650329,-0.04940875411095127,-0.021013924778087764,0.07664793206217983,0.032807585276459696,-0.04435729664882743,0.13956541422423377,-0.0959622624322507,0.0812754357312385,0.08670631618423688,0.00914348804491309,-0.2267514989680956,-0.12681176022869575
COL6A3,-0.026105001747444248,0.03688100585877471,-0.056434178662795355,-0.02111051565358897,-0.11279560150988124,0.10256595575760137,-0.025331798508304377,0.04525116523952168,-0.09284885133797455,-0.017593300653347854,-0.05229904739871921,-0.0009408491539440644,0.1367866080820283,-0.02261425984423084,-0.022081266225111522,0.10627205834988089,-0.08075086325949181,0.09459965022053321,-0.001685109245917093,-0.07962097243073096,-0.27292277952757504,-0.15908746014309424
FN1,0.033980432171770755,-0.11166298167395237,-0.015954554255935192,0.05791052834532422,-0.10323768192048619,-0.027792780870789433,0.05334855372689628,0.5262422735627938,-0.23099907324196364,0.0340258894089463,-0.05257116408021937,-0.016835215345612893,0.11610714894840153,-0.05694883396932178,-0.024133986182823527,0.20732178526992398,-0.10959409708832842,0.06908507553645636,0.10380522442031238,-0.025740593729080007,-0.4377373669053563,-0.28440116713428965
MIF,-0.0329268887185198,0.05396120767644536,-0.0784497503216686,-0.012838320737740808,-0.13739609680233167,-0.09046284659856633,-0.06782825485073271,-0.05525006821465518,-0.11771888083213332,-0.0992461856633862,0.009505382298255292,0.10084334132907755,-0.09425697026130378,0.04299745813238794,0.19891736257342804,0.17167040803384886,0.06296681779695884,0.026764148822775807,-0.009677986190601666,0.020382904630953623,0.21155314847703563,-0.018984259679120003
JAG1,0.01959409747845184,0.14562019397626402,0.0015945249851614196,0.0010376811245447844,-0.04179196817779633,0.05276837844745448,-0.0016228775408786596,0.5672567098723824,-0.27605046866167815,0.014811492784701797,-0.01976846222544962,-0.04600601414313197,0.010101771144775899,-0.09720080489247596,-0.28309700049878705,0.12576148144267366,0.006812990219974212,-0.06013065794009354,0.009700951386047232,-0.0144901888024518,-0.3495380818977145,-0.20683346928329005
NID2,0.05820553653310182,0.004574246189917038,0.07848380828194905,-0.02522140677906618,-0.004714979592862923,0.07613167319329767,-0.010206395428222213,0.37802771033182,-0.06564636388762689,0.05059132396983391,-0.06002855476506392,-0.015493513221293324,0.19061731777968066,-0.03501682450251016,0.02287416281446248,0.18381605965071338,-0.06279940009181223,0.06803060966145283,0.0014631235731060368,-0.016861297091835783,-0.1479675907308177,-0.05331751697904029
EFNB1,0.006921042253873734,0.04517326768640699,0.01666274657954722,0.03526992301299524,-0.035614090295660594,0.04133683091536217,0.018531349183314363,0.250543345292114,-0.0193954741902204,0.008334567101450793,0.029403703967266152,-0.01809555394049672,0.06842363983000298,0.03277647529386096,-0.10913311033297764,0.14824939484858257,0.023264838859991508,-0.03639790980851668,0.027862913336899272,0.022551782160163167,0.13028222669530104,0.04973703416619373
COL4A2,0.058804188336332254,0.08035800974208923,0.018034662589644233,-0.014469597642235588,-0.022621419423644006,0.09077977697965171,0.028604505560345227,0.5742732130929759,-0.3268010056944943,0.020772614433861882,-0.05381292231700605,0.002752313697513536,0.1112021284478832,-0.04270127583374159,-0.04591014348733875,0.17498695873997822,-0.07280345566240078,0.08976630888697512,0.12632710778139108,-0.04432407126162308,-0.3192939988076117,-0.030024872417779517
SPP1,-0.12152217004216495,-0.19000308507439548,-0.034670615781140376,-0.05668705555590028,-0.1425528982268003,0.12029534595756448,0.008036103067732791,0.6232557335782208,-0.17157718333267466,0.2024633647534443,-0.0007715833901833858,-0.06686329221896223,0.15057500568275275,-0.042501564124801834,0.08140383736056321,-0.18304517424018368,0.02190402172444122,0.02447089093195976,0.08153008961499479,-0.018597064956725008,-0.3337939546711617,-0.27805294120073176
PODXL2,-0.01804431646119331,0.1381544344957385,-0.009977994806927966,-0.04304162772828589,0.04649309281244148,-0.03568125878878725,0.02802590810645446,0.025096806458330068,0.06567256795739743,-0.00950730762793291,0.03570583267379698,0.004301262729339953,-0.01167711881960865,0.0643988541233652,0.06899043371944413,0.13429141875082223,0.062116325588763475,-0.04981087148628311,-0.003449704791284401,0.06900242681464892,0.3673182364642179,0.07165416096371677
IFNE,,,,,,,,,,-0.01720514182746355,,,,,,,,,,,,
FGF9,-0.04548785963691543,0.03532220310505298,0.006598259793232739,0.0031064873334540844,0.07608920970245889,-0.09719401985276795,0.05786979474246075,-0.2568047776938043,0.1181852413400326,-0.042183311841968336,0.03587628577502004,0.12792015466290238,,,,,0.053286750981130525,-0.016167683706838906,,0.013317135068069355,0.046517775105127654,-0.006675257672948589
ITIH2,0.026235989504366047,-0.03352425964077817,-0.013244676521008606,,-0.0313511099433189,0.05505337659448777,0.028922757466822786,0.0876673799629267,,-0.02778343743267362,0.024265052537903446,-0.017458094502997224,,,-0.11930095226795741,-0.11062187942555655,-0.00537778289570967,0.019494466660649627,-0.04500293479748979,-0.016436373571644396,-0.02131240174762359,0.0004209822243365487
ADAM10,-0.02965136903597,0.052744158069405966,0.0004655920670488248,0.02596758435913944,0.06471644578014592,0.02598137093337079,0.04787780058918551,0.23938319196139773,-0.08643265546862364,0.03738716550083121,0.003231013040438759,-0.011795349197899202,0.08426656902092143,-0.05003130635528814,-0.016956392196836673,0.03161497297687213,-0.0005077951370276182,0.05058372634905875,0.026725554800854597,-0.053253841220346494,-0.19039825139847047,-0.07268820725943706
CFH,0.04850050258065798,0.09985225388011217,-0.016578572312856588,-0.027044725556840378,0.013051508218635556,0.05242951882174737,0.12480406634038636,0.39907847384373224,-0.09091571450435673,0.01832004490084425,0.020778428937474547,0.039710388269924686,0.0947209415858104,-0.05587556944259307,0.005917310681778693,0.22726663360328728,0.02497776536686881,0.06321969972585018,0.14516801525953762,-0.028442909524557487,-0.12186581720196188,-0.00026685745837487415
COL4A5,-0.028901042658137054,0.07306792847364067,0.010968014154329034,0.029730596093416578,-0.015043093849158721,0.0815765512987209,-0.010274076452528947,0.24726218662651772,-0.1759406009903524,0.002084422518370325,0.07988958615107208,-0.020548136462465068,-0.003477591129889807,-0.04469774942691422,0.13942117518574296,0.06774950675996733,0.09024737033362978,0.059543850904236466,0.02714350581880189,0.03286728718423554,0.1758281592646516,0.2389999663839685
LTBP3,0.037715833421340376,0.00997627669143291,-0.013669532908990083,-0.024248242546984176,-0.031571032173717026,0.09620376585765204,-0.030188278727254266,0.24331881391003418,-0.14739320373893144,0.11223457441458735,0.03555901824654189,-0.015188188776884376,-0.0312695377643974,0.022978982188102362,0.1913259078751459,0.09429464060478428,-0.059720832859912074,0.03303757746195119,0.10823355829555223,-0.016845982062793356,-0.12076733974343977,-0.016932732625389576
GNB3,-0.00414390185284982,0.0077227848713886564,0.08268278440850153,0.009216810167719755,-0.02207167307239532,0.05338602692015307,0.030014509238646382,0.29618820920650857,0.0027070355718157584,-0.07624557961596037,0.03217861536149298,0.07509589407112738,0.04582956652342934,0.07538934124655068,0.029079732763632852,0.1764068691103053,-0.014582865046909898,-0.0362738191606972,0.06500807543834528,-0.009531505969354386,0.10418524603675909,0.022338804879438994
COL6A2,0.04372782141776627,-0.02817256584739731,-0.010724747478498341,0.05566144245358464,-0.06893367598933928,0.041899512346083884,0.019748399860364856,0.4071523499925781,-0.23870543974476183,0.10090382835635284,0.010047851903650776,-0.043759750558610436,0.11570121928536632,0.017002464378370784,0.03859981102410214,0.18088672391234992,-0.09565548643792365,0.08864142841179282,0.05490931658904764,-0.06186339520394796,-0.36959602212396797,-0.17714609369519224
PLG,,,,,,,,,,,,-0.023436876984934053,,,,,,,,,,
GDF9,-0.048835525729237106,-0.04575367737985746,-0.05003584046132704,0.09669644461188792,0.006074233826059597,0.039863593760838555,-0.03417118909706654,0.22781312227298237,-0.04586359741171205,-0.008954237589513966,,-0.03772760125612635,0.035345904534259585,0.08775826014716953,-0.0345649752048492,0.10573693059665787,0.007534914093936588,-0.015221344616528014,0.0636531468827074,-0.015612790789680288,0.11871115306877145,-0.047334367822563145
NCAM1,0.03312687329208001,0.12016562486666926,0.05772894402173676,-0.0221578459464243,0.10566319686133163,-0.010020005828250904,0.015051504898777684,-0.15576738767740037,0.19456127070484544,-0.06416325569186943,0.0037947778959784716,-0.004260404562534099,-0.03008649492573387,-0.058119948275253026,0.26404182354416594,-0.23227109655493247,0.02710388560450941,-0.10360975112659228,-0.0947688282543697,-0.013842386626636763,0.2654978692020809,-0.031634136819905526
APOC2,-0.047447859469344475,-0.019397624804912264,0.0134263900087273,-0.011165994863079533,0.09596752488120502,0.016516135287910103,0.11944279053782093,0.2533321328928251,0.08442309832234654,0.06525488992908343,0.03251828472638344,-0.028673549541004612,-0.0168625509159274,-0.06193997398555077,-0.1017889274875094,0.17427664238897494,0.07834613911949177,0.026629385092142376,0.044409887016263104,0.013946655286604789,0.2714698052675088,0.08117661840455363
BST2,0.098715763241592,0.12469335279371653,0.0661579469403074,0.014065607876936018,-0.0039669263222296015,0.12472484365713815,0.029904716707293763,0.5852650793863684,0.2452204507074591,0.020456493830935087,-0.005875443242207547,-0.09645867185514471,-0.09461736323634569,0.06763931097081734,0.057965397111589684,0.20454264974677724,0.012350409996912805,0.051894340940409886,0.09117096123779078,-0.04656963390553529,0.03368339387729288,-0.017012514763406775
COL5A1,0.00542861846138044,-0.045033236429011796,-0.026735073703287662,-0.03283094540532927,-0.048780910235119004,0.0022635944572651986,0.032784843477068316,0.2611891454885731,-0.23929617389950783,0.06486990982498204,-0.05443768298399058,-0.029634312100670232,0.08535520902560916,-0.04972099953625704,-0.033205811964603565,0.17346798059103205,-0.08386327631400399,0.09561737053531537,0.05305182000147318,-0.07149032780545254,-0.37397396711671665,-0.16630159693313595
CALM3,-0.04400589728547126,0.07959645427260761,0.0684318639859539,-0.030172961823962417,0.04019137271642286,-0.0967525318907839,0.029754524637477322,-0.5276655804831794,0.29474871415476395,-0.26885853460609727,0.025384018309305357,0.10194630007271466,-0.06829701757187485,0.08379018221129306,0.08402482638972239,0.07535431824114112,0.10751510360029685,-0.06542624214481127,0.049226454915250656,0.09237031110871469,-0.04187795790296269,0.017367376045127756
THBS2,0.024014404090287923,0.051582268637772585,-0.0015579065444441473,-0.046272429897380944,-0.05811261710870732,0.00661017254052228,-0.01029995347250699,0.31113233323568984,-0.16827698496581456,0.011967123700321824,0.09035079874560606,-0.09046448222507099,-0.05418547930155244,0.010949271345952168,-0.04056015371767581,-0.0732838368647489,-0.039406042371909616,0.01810084812319969,-0.01840629539695769,-0.04639427057394538,-0.06791780220847159,0.13260811315080304
SERPINE2,0.09936887411745818,0.11764758298822552,-0.0005460282117754784,-0.017788739775645167,-0.11599171217363621,-0.093411286916154,-0.025898330121668856,-0.01153971523419523,0.013016767369230336,-0.00396385700099198,-0.03810771455694474,-0.011075807502879485,0.04148287484031503,-0.01547538762531312,0.25930196145360995,0.15079331877894525,-0.022205784812499404,-0.03239083272972946,0.10135548603550566,-0.019863978721331065,0.19251503129242817,-0.04998096332332744
EFNB2,0.029287442238917542,0.0030164089699249706,0.0030018724936556737,-0.023186498896468694,-0.014479071288654515,0.00415959204193216,-0.0070031004846253,0.11207030054608051,-0.11163314334593441,0.08976902900576579,0.07669452527175442,0.020740977318956022,0.020518853578104464,0.0643630838267627,-0.07735763726208347,0.13653144773503856,0.011957321689144266,-0.03491020888272198,0.0463879915629075,0.012691090326964327,-0.06936041594596035,0.0005577363380682327
PROK1,,,-0.011794189218807573,-0.017595332098298125,-0.028082617908524458,0.08527650011455515,0.20538383496699086,,0.08688836876261676,,,,,,,,0.06071394285090484,-0.02675813694315761,0.0513400032764088,-0.015285250518345747,,0.1127784758415306
LACRT,,,,,,,,,,-0.007140300465344674,,,,,,,,,,,,
MMP9,0.027804621173470757,-0.008573283229593493,0.008022071925661484,-0.013662603680572906,0.04847399376899528,-0.06707175717951215,0.04504521256902674,0.39996289551992936,-0.05383146630649256,,0.018803937561648748,0.032124355745298316,0.0732607917013141,-0.08291946829147077,0.11675836099070755,0.277059695620539,-0.022787278710656413,0.02464690657709203,0.09945007494040228,-0.023230003031643038,-0.2882604123871609,-0.09100431071086004
DMP1,,,-0.023780853878575602,,,,,,,,,,0.005135385681917966,,,,,,,,,0.009825553273557198
NPPA,-0.036289488172266106,-0.03875450530594061,0.0028526888067282657,-0.04221329700427547,-0.0016751960505980677,-0.047724261047564796,0.028540061833807324,0.1040583401350326,0.18913473953375215,-0.08777984236644745,0.017145452736234273,-0.030526081475969823,-0.04150926279751105,0.006489166541691312,-0.20306880051272277,0.00955934414290384,0.04055220121583478,0.014487556220647842,-0.05560500204957616,0.045711301495471986,0.11088881272827242,-0.04237764225348124
APOB,,,,-0.01386425841448728,,-0.03317428988422492,,0.06502618214851581,0.05167739826349215,0.021714279303653914,,,,,,-0.004017565532330362,,,-0.03881580706394831,,0.07552903536858147,0.09817919461272034
C4B,,0.02908003950188423,,-0.015921934645942163,-0.025270591235249194,,,,0.025281897088519016,,,-0.018610468635614507,-0.03408200163067971,-0.04412996791476999,,,,,-0.007005396509977067,0.021379266235232734,0.009182805744696815,
NTNG2,0.0004444030507241575,0.06481973950290186,0.006757853356219323,-0.014649737141652899,0.029430740309195604,-0.026998355097505082,-0.022306231482088344,0.11725224464842103,-0.07454839123644472,0.03678168359880753,-0.030910581466768665,-0.026858583264104573,-0.015872820386567038,-0.033696393591084804,-0.10379152066896848,0.08196241746457775,-0.049463052469510896,0.005535834350494856,0.057613563756545555,0.028943172753324878,-0.018801100540801925,0.038948774304706786
LAMA1,0.038513107231156675,0.01595875538237222,0.017894309981000105,0.016357514951014788,0.05112091650628591,-0.06199098184925218,0.01722307608922488,0.5284839190335807,0.008650116418345432,0.13668595175752063,0.017194855052471196,-0.02074765248966127,0.048439129256486115,,-0.056136985384629516,0.17608204111577044,0.0025741380463635906,0.05723613085189423,-0.027972202810751655,-0.040167601558707536,0.18031090602647443,0.1715953615067255
UCN,0.018601515437647757,-0.029216277769442713,-0.028934961966920483,-0.0030582791857635687,-0.05469904612762682,0.013964198225189153,0.004343208810400772,0.0870215225916285,-0.03546702002130987,-0.0034580648567312175,0.02134300565449771,-0.003416750355859141,-0.051197957003597486,-0.04899591419711136,0.009324672208030379,0.13745034923975502,0.06403955009976683,0.03526220199185874,-0.013099130960845121,-0.025844368712161128,0.09591851558090783,0.08281101809152763
ARTN,,-0.05045271879193537,0.011523920344991532,,-0.006216008990980262,-0.044418752289936685,-0.0013252962973871155,0.12574345110555513,0.0009858028263812141,,-0.03847101012164964,0.0410080422028231,,,-0.052153074378845726,0.028427106750563085,0.017526999347912523,0.04277992988222378,0.09758854864331418,0.035491099287663204,0.12329617503883399,0.03517653569668284
PDGFD,-0.008790997455076853,0.1013310770053321,-0.00040888227649198854,-0.016128312893718445,0.07429457698793396,0.07126319959375814,0.07961416785942997,0.11456025059858214,0.016111152900100453,-0.05609343445318287,0.005654921822839586,-0.008434271408411327,0.029555933027651003,0.09725070037221546,-0.1401737931513693,0.1630841857638697,0.022150734178821897,-0.028452388734816852,0.14605695927659942,-0.06537127154184397,0.03360791817650978,0.023220246524341872
EDN1,0.0056748327482772035,-0.018878004475087782,0.027320184368736206,0.08495826863675145,0.01655927713655135,-0.0467715404269322,-0.006035515887948883,0.2607843261595408,-0.11261673803640933,0.054737143442130036,0.12228130679825212,-0.028603698939824434,0.07367720630155408,-0.1038689057539078,0.01183378893748358,0.1400667911958785,-0.020323271509945402,0.01727863117228379,0.06589235255531532,-0.03709588050901154,0.03609679205144719,0.12639624945226818
ARPC5,0.038542695080919814,-0.09671502994181531,-0.014360785509654814,-0.013858355916701133,-0.08298471988524218,0.08623556609552618,0.03856150263374277,0.17315477094216586,-0.023760717120402067,-0.025539716209058316,0.010407840175785235,-0.0718214703861072,0.09900654865113834,-0.12052675391679431,-0.05778271740913285,0.15716933329018892,0.04635328114000798,0.0035452431240828477,0.06522957796939632,-0.030922376634490382,-0.294048594094997,-0.19088708649694186
GSTO1,-0.03884122142318481,-0.08113445017197005,-0.04148114824600314,-0.013910107025452157,-0.11588330564557361,-0.11251340446598777,-0.017148955331887896,-0.46624501372113136,-0.018097309308306057,-0.1186023911687536,0.03640437518728676,0.05978142260297226,0.07639755178143194,-0.11265389557938729,-0.019282815958082,-0.0444735570779178,-0.012235432614726366,0.013611818636681797,-0.046504572683723856,-0.0008266240510900331,-0.1454467988919523,-0.12667188590276432
PROK2,,,,,,,,,,-0.003078091134555591,,,,,,,-0.018429884166958052,-0.027288624820366866,,,0.16625098042334083,
SYK,0.01139482819531813,-0.04792085045943434,0.027540406284992342,-0.03135496634824857,0.013939842920554389,0.05581659344371363,0.03201195863427014,0.2277580114290797,0.1471930201630853,0.017598771775174753,0.043577671751462294,-0.02697931183308025,0.062339220627349666,-0.026359990639251832,0.036953131592541454,0.1422198046108519,-0.008043817692669087,0.0459852637665263,0.056402926069966226,0.011013853568438368,0.04428576189076673,0.008786358251962565
CD40LG,,,,,,,,,,,,,,,,,,,,,-0.05358549388020415,
ST6GAL1,0.021596803819515235,0.04191812815421255,0.08210730135180239,-0.035358969832558755,0.09039601669925769,0.060425322509021245,0.014981527755046208,0.3055599674140582,0.21177534097344952,0.0014224404456687984,0.027221052832110234,-0.021898516311047903,-0.013485941112104827,-0.02400365070288956,-0.014247208946928097,-0.0006408115247557662,0.027800482810603537,-0.05007363446356046,-0.008543761836174418,-0.008235487914681844,0.22700039007244685,0.13668996985252108
WNT3,-0.03866404961580752,0.046081242041395395,0.007071928030474395,0.03885460934803001,-0.019261851742429004,0.06153104387716256,-0.025827627890646694,-0.1718792587397856,0.06065941639641059,-0.010792544659274185,0.01145290500318552,0.08759544650804472,0.051875776856400206,-0.02122846616195203,-0.014037434229512069,0.07019857167544062,0.0030974472756201098,0.0337946523884093,0.015011429195036159,-0.02514507376185033,0.10900694244394417,0.14897834704382448
HSP90B1,0.01359333757646315,-0.19809890756044815,-0.05723520556570959,-0.014000721112318463,-0.07811693429605532,0.019385778212351094,0.03800225925208339,0.2204547019340568,-0.3246008923548485,0.08947927625801907,-0.002217116221804906,-0.062352782473270106,0.021129957125448337,-0.08115478196122158,0.05942699322711812,-0.06238989004152263,-0.11606293763715426,0.04034799084028595,-0.002655585027286339,-0.03661315193275561,-0.2923380984538056,-0.2746108741436106
ZP3,0.02950265357941795,-0.002864688199917991,-0.024852640773063546,-0.019057763300400495,0.0380924127874281,-0.01903533832815898,-0.034714365062282565,0.2947764615892923,0.05242235955537325,0.004357576170780326,-0.004353533382259699,-0.03620011911962183,0.18441094028752741,-0.03955894409753818,0.00741809862449994,0.23875074418547804,-0.021465339678802455,-0.03861770378616281,0.03799200013052657,-0.02670800338447776,0.06110935274642188,0.047250560137031994
ANGPT4,,,0.05516498858610362,-0.019425965521037696,,,,,,,,,,,,,,,0.07590946013025836,,,
NRG2,0.040141322255206224,0.10413189766246109,0.09875128581301656,-0.01708748470893164,-0.014862303993193677,0.049291675291080604,0.05545628442546815,0.05989364627083138,0.03744670853263188,0.028344166971419078,-0.03764926792403415,-0.023779534243185168,-0.05732297307322118,0.03633096279133749,0.07237348012759624,0.15992555990516835,0.049297879090068775,-0.003830757228043159,0.0769931559557366,-0.008880365253652527,0.2962808971908955,0.14748366459453013
MELTF,-0.0341015270841993,0.08000363156315524,0.024255477187758313,-0.0017456669963973076,-0.038377038504647625,-0.029339307714406848,-0.02132411311690509,0.21239453769042982,0.062212004083633296,-0.03244475292891511,-0.04025311296252728,0.021154121622578008,0.05810740032189167,0.020518827037521815,0.024195160027016906,0.15557340520547056,-0.01267724121403513,-0.015585062251648034,0.08713515818082657,-0.019597939476627326,0.13182554109239814,0.04835805678369886
NLGN1,0.08463115268359826,0.037368749390123704,-0.016317732404925886,-0.01386943927958463,0.042011415760291416,0.08414864150855948,0.018070579340648797,0.2757648488867517,0.0675931547272037,0.006876079469982777,-0.020604985506614725,-0.07246395532138215,0.02657492467445312,-0.09928923841667772,0.1479871157305815,0.19599943469020165,0.07273229899003915,-0.05913515977493342,0.1121013879922664,0.05736134573862395,0.24842869764410255,0.08759334464621034
SLIT3,-0.003182100428799705,0.028194608477028676,-0.03145974226769271,-0.004258737193856659,-0.0462224070449832,-0.04492115526212874,0.012228019511836653,-0.30259371092451093,0.024137612191782235,-0.07240236351826934,0.002320003443255596,0.02885620431845627,0.029435172812118826,-0.049137272021918164,-0.056785731810803756,0.03404094897863461,-0.05228871998753723,0.050847919194476364,0.008301042398061155,-0.05195860575643839,-0.1263019214331876,0.09852951049548304
CCL8,,0.0036867125213168607,0.0690827685913848,-0.012608121452923593,-0.045775272395738115,0.263936451878413,-0.002763180279066913,0.09379602392794252,0.03225880745499518,0.02200891575088933,0.015651292470338585,-0.011622142615144734,0.005491633596026758,0.07435730112702744,-0.015461970165852084,0.02799538699951917,-0.015159470571261435,-0.006985145147938404,,0.013604478905341924,0.029689798233582337,-0.04649855472120628
S100A4,-0.010498837114806417,-0.12838011074049624,0.0036824459475294146,-0.005891893877651203,0.02011422359839957,0.026904725666224052,-0.03280044320123949,0.6141706832524135,0.08636064932821441,0.051478670706941856,-0.013017598431590453,-0.04600128655370279,0.0638938906251804,-0.10963635848966162,-0.021610401720926705,0.20041810507089355,0.03173115521142077,0.07394697102860816,-0.05771425579383474,-0.010948769070032335,-0.21736458750912768,-0.14268586120052842
TNFSF13B,0.025819851840753364,0.044928566842298505,-0.011037382761975908,0.0014438233735055532,0.04588217258140658,0.12656219114127382,-0.009009580403032472,0.4235554780414082,0.16099788088686662,0.021232710614125176,0.02392590535943326,-0.00751011630827907,0.041851808889511545,0.01342427311116205,0.13132175215097963,0.1452389543388226,0.012376003771759604,0.006526818393230438,0.14415797446483283,-0.011964044362656875,0.005432661569788579,0.11384998097804741
HSPG2,0.0547238844131356,0.011368795577997927,0.04452731387561151,-0.011185684135840483,-0.03191352076309558,0.08566965269431495,0.029920566763393636,0.5158957606650447,-0.1825782736471829,-0.01480662089114316,-0.03863997677695895,-0.013807551554603335,0.10348045032864686,-0.05089216272452308,-0.005937248938557021,0.13722255304500003,-0.09199176651020799,0.08141059366989942,0.10583263989177515,-0.052632210731445604,-0.24993856896104155,-0.06849709809403924
FAM3C,0.039917909754957,-0.00960036449141206,0.021520342238143433,-0.04138013158170037,-0.04097323236745752,-0.015467392049678428,-0.017806382607407346,0.2107498790387503,-0.06626316039700687,-0.03993993682236008,0.09400775326205489,-0.002624394397640845,0.04376967249377779,-0.002608809900825914,-0.2012663668005201,0.13534730762183717,0.07648515063708397,0.06555440863589869,0.03906196869163622,0.03354231540950455,-0.06761421250090219,0.01382023092952787
FLT3LG,-0.014121860192746968,0.028731266857937678,0.019517493997355098,0.05209784071241866,0.036999446642301204,-0.01688082867611535,-0.034579221391741036,0.22065807221956973,0.045813515217681254,-0.011500585520301676,-0.04643521204642236,-0.000848670997046594,0.10445657713744905,-0.0011199202204251904,-0.08349977335060178,0.15653626073349403,-0.04687117775549394,-0.00327408988348723,-0.005546743525508713,0.006082505872498379,0.1582456100565039,0.0851690145466363
A2M,-0.06571241022994252,-0.0968288609198298,0.049681232311973515,-0.011783406522859727,0.05305289900674253,0.10962468660786297,0.0607441643864765,0.4881116078645159,-0.17842497499959187,0.08237010603091309,-0.049992893470820074,-0.026399268470214947,0.17355452461390977,-0.06458882808932448,-0.09049977986727067,-0.019199605687659493,-0.010909233904075286,0.09985809243663392,0.12863815181072757,-0.04574380140931733,-0.2611315005728733,-0.08930314764773914
VCL,0.01792843732947845,-0.06595692323206649,0.0015011745955833176,-0.010751878355804573,-0.023483813422929538,0.09450553833987198,0.01459087230270876,0.07195352018216562,-0.03407194119746403,0.04059336643420525,0.015420412936480799,-0.06755902665618925,0.09873478571372761,0.05451501968984254,-0.023470535230222758,0.18293761329919883,-0.01649355036637768,0.04905857961108085,0.046419253351487916,-0.033358605630212874,-0.25465673002921724,-0.12518470697118278
FGF2,0.04662558911862964,0.04221493695682454,-0.030341239483485095,-0.05302043883933279,-0.018500567986085504,0.012691192294023426,-0.002383222142312259,0.3646105114222225,-0.0015142941276364964,0.007375718005019072,0.03800421354067371,-0.0038003519447202478,-0.015460679145444514,-0.06578845877567843,-0.021822833423775573,0.054313243775939234,-0.0023059545383632535,0.01510078330881156,0.05176532016236164,-0.027739135454462917,0.014207400236158725,-0.031115678607644522
AGRP,-0.03799451259193841,,,,-0.006645383120995183,0.0739793270397311,-0.017606375823102687,,-0.0043990698086039315,,0.023846991177132914,,0.06577392892721731,-0.06169785595852969,0.05125836763434976,0.059020541653590476,0.057255374247921306,0.061374709541721854,,0.1485720823266988,,0.013365285840261743
CNTN3,,0.059504692327988405,0.0023101974246609526,0.07473143303410285,-0.01628494402787393,-0.051386249790112144,-0.021777804473916994,-0.2000963426347573,0.10828740326809788,-0.010841123168443385,0.04214011266669808,0.10292042084350875,,,-0.026147696895339988,,0.03612063710251523,0.01653654026551724,0.05971345047075535,0.028935981866110613,,-0.009725249502645307
RNASE2,-0.05680565144416397,0.012434532023133524,0.08129612125460503,-0.033174418980099485,0.017221082316589788,0.08786163932542113,-0.015482939336854564,0.4326377108995423,0.07883138733903375,0.04446126971733271,0.027748563172864216,-0.03010704970068247,0.06698812657322874,-0.029895918084841766,-0.14606115714461318,0.1720827149587195,0.049605364382916003,0.0034675953080245017,0.005748084278075217,0.005859613365424441,0.04552258273678483,-0.038372723188724776
ADM2,,-0.03832341510535859,0.024496787179193426,-0.009159414828079956,-0.06457857641884959,,,,,,,,,,-0.03317445220334908,,,,,-0.020039763863329178,-0.049093462613225364,0.01008074303801826
GAL,,0.012215511760443831,-0.03891794713329772,0.0006653032469211839,-0.0018458425850022425,-0.12505017396361645,-0.008381092802357177,-0.09540248150092438,0.004294190970755685,-0.03675659502818277,0.004397729898115895,-0.016443739264905922,-0.005439196638033177,-0.056990123559902725,-0.11244419361123417,0.11810911118593549,-0.050957992675388517,0.06662189398871622,,-0.020201853442058486,-0.04861571929526418,-0.04715307565859929
IL36B,,,,,,,,,,,,,,,,,,,,,,-0.07973912406015866
CXCL6,,-0.020666924406355803,0.015573026605629014,,,0.06305609692948465,,,,0.054627400864337046,0.00516513003582983,,,,,,-0.04811137536744118,0.04005219666521312,,-0.035015262513212665,-0.0723443651771247,-0.03100232767898624
PDGFC,0.01986221494926042,0.10309097106637014,-0.010906861869147858,0.042502609062650604,0.01333473430640253,-0.0176822154929503,0.016381489733367515,0.4138635435554263,-0.10999624285352452,0.017644466464864075,0.06877889486124625,-0.06867019430531986,0.0765057564310821,-0.00033238343600878735,-0.031017728502151547,0.24019260248051624,-0.012249045102694445,0.03997833810776765,0.12306276701173792,-0.0022080666824019516,0.10542022636841493,-0.027792688917079898
COL8A2,0.024743200897637964,0.054821124589683023,0.03079878764912896,0.033477781846558856,0.035519017704125674,0.05988654852465934,-0.03437591667857901,0.37221337419884243,0.1571938846144497,0.05393244058044708,0.05263822154201252,-0.013285179977532926,0.03141526145824166,-0.02123178063247562,-0.06619739123821079,0.1445218919700672,0.01343632336445154,0.007812627036979316,0.017650946822878478,0.01049612889541489,0.1648100138241018,0.2055982191536711
SPON2,-0.05201410907185056,0.11058116890875533,0.05636492416232416,-0.015310645477805538,0.022339813871947087,0.08920013528652404,0.05178845400247307,0.3150315271401384,0.057699222682023425,-0.06408600867686162,-0.02386981982958476,0.10395236730077656,0.12654981591269898,-0.10146774928491976,-0.03935427051429997,0.05131497905363619,-0.05271508064040642,0.10414652204511542,0.04408730705426676,-0.05177837516273931,-0.19667796592519485,-0.08538582817109876
LCN2,,-0.0662067080070439,,,-0.037881837258596916,,,,,,,,,,,,-0.02501031744114157,0.08600706588273645,,,,
SEMA3D,-0.04251705316785503,,-0.0188561576929811,0.032122947435045346,-0.05700437261204725,0.09491650252965234,0.02635007921205308,0.14891888711232423,0.021780692418062523,0.1080790514557324,-0.052919455593440454,0.014629245075972307,-0.03267366045426511,,0.06093098254533477,0.047792879032169874,,,0.03604388358867343,,,-0.027297612813421964
BMP6,,,-0.022749473818864586,-0.013662604524047247,0.008311640787551911,-0.0004372147536226213,-0.023022403874869906,0.03737645979071489,-0.0026418823587153906,0.07806521328727133,,,,,,,-0.038605965538723135,0.016543257463109213,0.07359909199624139,0.03786511391876605,0.027643111165550904,-0.017323945906616876
TIMP2,0.013007666700126258,0.13995748790387827,0.028659502301442517,0.0033802462952104216,-0.03175659610228525,0.059114668812309,0.032720741104169886,0.4107574211561851,0.14135746343704989,0.010956995104071483,0.027801827497767984,-0.016206127598712355,-0.03579364069374335,0.12483116534353646,-0.0862380541547654,0.011536071229268766,-0.0656663502534032,0.015467401769203469,0.05730260581317006,-0.0304284406510634,-0.10837372643465924,-0.04646849413514885
EFNA1,0.0561575615409452,-0.040829699536727944,-0.0500231611966735,-0.030085965718460613,-0.06055570778017922,0.0536029302827573,0.05095752039805341,0.2430798506132126,-0.05580018574097101,0.05244356915171805,-0.04423800555422562,0.016689573720610997,0.08711247418083955,-0.10796185582165418,-0.06099553117622782,0.04663811336054085,0.02264118957933646,0.015435832034748463,-0.023022336404627024,-0.03924881489200563,-0.1174351270869968,-0.022912488479417754
S100A12,,,-0.027195884911958523,,0.03284901485721997,,,,,,,,,,,,-0.02338600056374603,,-0.03935964037239327,,0.040091969179015564,0.04287400514540732
TFPI,0.08044012859813904,0.05753581060318132,-0.06114710004106297,0.028542424340819453,0.03350061733388291,0.033396222768136384,0.007947595685650965,0.3932197393964118,-0.05731632195018291,-0.01991051176332189,0.012150839691844221,0.0016485870858297235,-0.0026304457293495295,-0.03929031763363193,0.05024954449701332,0.13446469472501527,-0.05851974119475673,0.019729906001349218,0.0918599306533228,-0.07315087336481324,-0.12325466958958017,-0.046768113390845176
GPC3,0.03555407553709224,-0.03655763087793286,-0.03752852127392613,-0.006576838641396596,-0.0069848933478780986,0.022232878432986766,0.035099761773569396,0.09084601199902746,0.07774029590055818,0.019853300565120646,-0.06796620675624163,,-0.024152034094547654,,0.05905125527769099,0.029452497491751297,0.09410254101340557,0.01902583370895666,0.043826062594008126,0.008039707527597528,-0.0027586796513640586,0.003429104101447421
NMU,-0.030269675413955255,0.013034464049432084,0.056455584132979734,,,-0.01958147124892974,0.02775265369504015,0.1841806640691113,,0.015647661886438423,0.020824069559490753,0.004585972181569413,0.021022785922287703,0.16394815017410214,-0.13506590570488378,0.06568367421561824,0.040636435298671,0.05152007577068984,,0.02278167883441059,0.13458305735890472,0.030032978867095054
SCGB3A2,,,-0.020113783517018147,,,,,,,,,0.0816182891317694,0.08058473977111816,,,,-0.026467923077799833,0.14267211742954386,,0.03178175127905206,-0.046590230844246454,-0.023277342348315397
LAMB3,-0.02260256287151752,0.019794362542548648,-0.006991868347843836,-0.03063268721472996,-0.015107856956257599,0.009868384856046753,0.020752999422575892,-0.46850803688615383,0.13126372710381634,-0.024747121829956895,0.11600664327112456,0.008304736866349544,0.024151588852974193,0.018359131565049782,-0.1244173447264288,0.05810398076931727,-0.012760200987053171,0.04462553865558313,0.02270748874273662,-0.0047201351097250505,-0.006119199483650324,0.0317932482277004
LGALS9,-0.01080558966142711,-0.055577434435262536,0.030281909209360174,0.07121822385926385,0.06433424536674913,0.03786208059053134,0.03252901331436591,0.5013791006500583,0.1567339618092033,0.04928458282755943,0.006266583662417988,-0.023214602062293577,0.036760968144732856,0.03697485715983769,-0.10363621863502286,0.015376534954844642,0.02773083041717093,-0.022312962240472946,-0.020868230526494027,0.025941197396028785,0.012442196503833802,0.002467901109985736
VIM,0.1087649057801043,-0.1365733276004755,-0.09288060504914414,0.028730891726773407,-0.17127178458258746,0.05090569492192791,0.031050663900780665,0.5822327410248986,-0.38252831327886877,0.29985286747215406,-0.03909198483736734,-0.06406679418366083,0.03145355663779661,0.0883816035712615,0.12119498811979813,0.36595623262058713,-0.012789922180718585,0.056243645719797584,0.09250686470961801,-0.04702429360054367,-0.11348331763771054,-0.12437445260906255
PLAU,-0.02345732320791326,-0.015619898000997896,0.02946634001217552,-0.04886228856062597,0.023406311836483958,0.07033536500807366,-0.003970073053631654,0.4751850355983326,-0.15425116862956348,0.04148611937292063,-0.04992207946461346,-0.07837489618560237,0.05573172884676291,-0.04441677355436028,-0.01548118319907403,0.08781975257044743,-0.005542845312890216,0.06974358782423772,0.10175259294238753,0.0024239579765984935,-0.1009402959841403,-0.06742490947221283
TGFB3,0.041111538436973155,0.06777728930121388,0.03519786017582732,-0.017394416064654576,0.06695264505338107,-0.0027002182201898736,0.02191900648805181,0.2677780527500854,0.01803583029822316,-0.025220769158275976,-0.0006979724629896453,-0.018978312908983594,0.09412334148037431,-0.016158834951006378,-0.019255932492236203,0.16871326298899678,0.011377041122537315,0.042888816397932086,-0.01937424764694178,-0.03690962465386823,-0.2190173892696616,0.0027567419213284368
APLN,0.050239734827456375,-0.04945357989104906,-0.09089630046116334,0.0076317820001511275,-0.0913143815173015,-0.022635631075571434,-0.0012833161512616625,0.49509971758073806,-0.0898416423841831,0.034992629915393786,-0.03768235042603069,-0.05611062544000019,0.13995546333637326,-0.013414829153383927,0.11804794622907801,0.07757146747141491,-0.0429157134391203,0.030545635538636283,0.06538025421243879,-0.0344403809173684,-0.1559606207284626,-0.09895330319793384
SHANK2,0.047276716458395616,-0.03156080317580129,0.01826210856102261,-0.0315999741855081,0.011167871540363566,-0.023039823191070122,0.010289167196535805,-0.30880432593439605,0.11868725768300438,0.07063040459205831,0.08959951772972223,0.04359703876099457,,-0.03660571555245334,,,0.07957469906882683,-0.0167470949542589,-0.05015179367236308,0.0013532756786584946,0.043712332640715154,-0.03448641624865055
LTF,,0.04015260965910028,0.012265098432184223,,0.06355804083912922,0.23431461730063308,0.12907110952330444,0.4562464322373399,0.08469908078371273,0.043627567838019986,-0.03724583806187832,0.003471602548654321,-0.012091010709561494,0.05326286619842335,-0.032623217278177095,0.17602921951255898,-0.0157737404218417,0.05479489007018475,0.11275061797750027,-0.06752815784181036,-0.060649242119525576,-0.07324071701338591
PYY,,,,,,,,,-0.08992227149989955,,,-0.010413097390483425,,,,,0.011347366446450164,0.13643439914142796,,,0.07252122965167883,-0.00031233326051178725
PENK,0.013705693484943507,-0.018368740496552672,-0.016819452527295508,-0.012341218098261383,-0.011712826826464188,-0.06507979167990482,0.013863553266442338,-0.3116858552016487,0.13016969110606005,-0.0480712031545492,-0.07867347692072534,0.054783633623804284,0.0020531576636485076,,,,,,0.05896374150757916,0.015435570852446713,0.0052095591709894525,0.1274741365116953
CTF1,0.006470736290459255,0.029267021268048834,-0.017316214798226426,-0.026792308883826846,-0.04754646520422093,0.0648030118477811,0.06286538374156958,0.14431440912126148,0.05974602839372938,-0.0009589943379098313,0.028856588057129703,0.0909853012075671,0.018601656676588973,0.05917329854881957,-0.04769062808552376,0.1977446606048869,-0.005320496537050022,-0.011889876084622308,0.008447516120137397,-0.04711049961037624,0.1148353125104222,0.04399726944675489
COL3A1,0.05560068631066723,0.00762651307477833,0.0016359988300957268,0.049733058441826294,-0.014107344437806148,0.08868694037417031,0.056393119692791455,0.5237506894787182,-0.18534762460079007,0.007023821541095036,-0.06769627515172343,-0.03367769701438757,0.1172756658346772,-0.03484176318781213,-0.0026091387752939653,0.16186259539126693,-0.10619930096136299,0.09031693004081805,0.11127702001643433,-0.04401542279362072,-0.36236328135723495,-0.16203537032090862
S100A10,-0.07429597105683364,-0.13587738545591058,-0.03950115205783388,0.007224910601805143,0.028455901469507213,0.09739419665062896,0.06614058536544139,0.5688417660982128,-0.22994795177728342,0.2878673740618517,0.004185077826826828,-0.036703567148509655,0.02999122651690001,0.03624028054394849,0.09237062914318554,0.36195488082822064,0.022908497069134177,0.021325837103301704,-0.08073567694639636,-0.0004944268217283068,-0.010012296489934493,-0.1418710484536259
FGF13,-0.007271522902085887,0.03461051475190444,-0.018598793705679878,-0.05501894583253831,0.026752612951894572,-0.004591747787783212,-0.011382848765585136,-0.4087688634487338,0.17129235017330274,-0.12223735464937954,0.02413322456636382,0.08697385296475686,-0.008783056653186688,,,,0.1180462108183717,-0.015877562331200103,0.004794488359469429,-0.009773110085357088,0.023883656056130208,0.03926281930143957
SEMA4A,-0.01782741455037573,-0.03823374783183228,0.04691040672358928,-0.0006774000556729618,0.008700042185184689,-0.016561581366660378,-0.039478535867591376,-0.24978002592603335,0.11910891251591965,-0.07439771443567668,0.02487460966612055,0.059223568279923706,0.017157017048636647,0.01781724198375859,-0.07979056461157676,0.1223032614184733,0.07579529738011018,0.020127506609524993,0.030635609265833495,0.034060063350152554,0.07415186660663632,0.0758698565036666
EFNA4,0.1463398989162471,0.05355456280946518,0.0728219880383442,-0.009600277746205805,-0.04953241386947143,0.03017264247954544,-0.0327810695591951,0.2964085603852259,-0.01646912757192498,-0.021104039014913496,-0.0015877155798258065,-0.04872977202722599,-0.018254389844510263,0.09689980398621484,0.03757544347404738,0.1392656043197925,0.07566629482442187,0.01281867919478552,0.03485744732127203,-0.006065050062838481,0.07248493963923133,0.11231294436488472
HSPA8,-0.006332917130139546,0.07325925452924982,0.039539691552176424,-0.02721131896462926,0.050821022104834745,-0.03750820626080641,-0.022938267904948236,-0.07037108789257386,0.32462888077630375,-0.12813514123232,-0.0018767212512083278,0.09210913834348448,0.020182340824288,-0.03768578859786821,-0.08023500953978269,0.09990639003171635,-0.0024760305538301676,0.018120153027220986,-0.1027447897534827,0.003933030099236209,0.0994443980877301,-0.012531529801042537
NPB,0.06419802749237946,-0.025677215216077406,-0.017286351402049337,-0.01609660992515761,-0.0068846632461778004,,0.0971438559864702,,-0.017389138715194874,0.06166852619943067,0.07847510324400725,-0.023492882189075685,0.011067333210951288,-0.0582135651396458,-0.06026656844112855,-0.017444973471064332,0.04292893763175748,-0.020649587971971556,0.025161446268791753,0.00977371624685175,0.06303190179489343,0.014908973527076205
ULBP1,,-0.023284087247900653,0.022372441861970835,-0.027449803219977264,-0.013979095507713807,0.01909064367492109,-0.024883030564160052,-0.0489351636534355,0.014048301356681675,,,-0.011622142337725044,,0.052569587024446474,0.014474966220337306,,0.01714325132753907,0.038430899238055594,,-0.027702679600588448,-0.014603929364927897,-0.08302595745094778
SEMA3E,-0.03414651704408485,0.10472411605067973,0.041587048704862316,-0.03649564753868636,0.0316134316155762,0.027271133343678113,-0.01952615102857801,0.07772306419669464,-0.0960784225405219,0.06925236660693054,-0.015094136721881396,-0.022475740047527875,0.04934901295427941,0.03053463172534938,-0.07850408606755162,0.06610622492037256,0.09174777538703574,-0.05599273201150771,0.09893002486368795,-0.012491743973072083,0.13233703088050755,0.12516053773800778
FGF3,,,,,,,,,,,,,,,,,0.09694811790603167,0.002826955457644723,,0.0052661031453017,,
ADAM9,-0.04466754179000955,-0.039511023126317435,-0.044639134960406134,-0.02815325572287315,0.09596981380070738,0.007477224553826461,-0.039870851148966935,0.46964931278373295,-0.28562311219683306,0.07467531056583229,0.025350558118519544,-0.04197398515487509,0.11094906889431157,0.023149537433218997,-0.060864318938437204,0.14818922901427903,0.0027796131298771314,0.04854959795986368,0.13622775147329516,-0.025188522769534448,-0.039686645239513534,0.014658455267368482
ASIP,-0.03506931201990366,0.013062435375853448,,,-0.027846683824067527,0.023050683277177117,,,0.00377568661004169,-0.038929371398340566,0.015446535753914508,-0.014920789849315219,0.06304217126183254,0.11170451873718447,0.04185779612132303,0.08305115227684735,-0.0373039275637695,0.01605111576076808,0.02356411741665276,0.08448914872179411,0.031057125083728977,0.10833185172041881
IBSP,,-0.03669807062658782,0.005317741111374772,,-0.0029995118432402995,0.1956315754570613,0.04707850780184846,0.12025463737359482,,,-0.05397550268075412,0.05265250084442361,0.03519685878486069,-0.06615703238062424,0.01741599189707693,0.1697754324369284,0.00850091687395398,0.019902905989213536,0.05591518742667501,-0.014648380145237037,-0.23625747181567697,-0.08777162078358312
MMP12,,,-0.017557281188974358,,,,,,,,,,,,,,,,,-0.014861013553665915,,
FAT4,0.0510154461847641,0.05452213541526424,-0.030942512393137594,0.04227171485138622,-0.06331353066314825,0.004584666387461766,-0.011382062477189904,0.10052538352792915,0.02867808470744823,-0.002097162704458252,-0.025801902783210963,-0.022155185202080787,0.1521404382782079,0.01629250250992845,0.001786778123776669,0.14752160368498296,-0.05153386448152448,-0.022317230584354645,0.03596432628058929,-0.0014016730037333563,-0.0007218203737259161,0.05301570386078152
MDK,0.030943225082970455,0.13235495882588807,0.014893862592878894,0.05009986753546424,0.061751116558032546,-0.039585461867246305,0.026184529272140485,0.6168942201954652,-0.16595204779872583,0.022385186123858362,-0.0408027937707782,-0.07086743397864,-0.09723958589468218,0.018947024286568793,0.011286779276143757,0.028788575144969793,-0.0034574569042249434,0.11398501832865256,0.09394312472999376,0.004859522066997794,-0.1260429361512009,0.007872360670455585
BMP5,,,,,-0.0002590206943615844,,,,,,,,-0.016931039574026224,,,,0.04739796975093523,0.015415768632217396,,-0.03890420967735647,-0.03526836430988877,0.00044772668088160047
CAMP,,,,-0.013662604524047247,-0.05046452902131206,0.08885925019694928,,,,,,,,,,,0.021241429878582067,-0.030385949625993735,,0.01411872197224305,-0.0006559762116134346,0.0324207450107783
HSPA1A,0.019460875644648008,-0.08899730015409135,-0.015283610760095523,-0.01748783909903227,0.06534271584652933,0.014304419537536374,0.05814270938705196,0.36341795887307593,-0.03724009973130306,0.050221590387272516,-0.0030547742284834974,0.01608870017297185,0.008759664385829917,0.029225091912181693,0.06815498150877336,-0.01511178202724831,-0.021210236802264613,0.06377843991138503,0.015975688239699797,-0.04400435822930233,0.0632902653813852,0.0009040495461937509
SOST,,-0.0019487739796124847,-0.027195884990426133,,,,,,,,,-0.014341417549366962,,,-0.03840205110363211,,,,,,,
SEMA3F,-0.04692576818146182,-0.015800250290115322,0.02671233154164477,0.04740894965841131,0.003444793014482388,0.03048879888558122,0.023722916338404242,0.2667684016406871,-0.03931031028355389,-0.07043242355484604,0.004431666747225194,0.00454577909798712,0.0956085604089475,-0.0446617086966799,-0.039242525536682546,0.18386401370263697,-0.0020426518301918956,0.08346775388923815,0.036553568225280504,-0.044435703127124734,-0.08308490822175801,-0.05747336901287814
ARF6,0.01630510657758442,0.06259744361009689,-0.02336773350759073,-0.026540098343288535,-0.051322355690910926,0.04093002903965088,-0.0148969520905743,0.16722295296325246,-0.03378710298788667,0.021738195271654933,0.012311280511924724,0.0220553475446329,0.10785017689916823,-0.0014068369900915028,-0.015675030747970744,0.0703461609109069,0.01939036652834627,0.01003942314615403,0.0023301941486012084,0.042303848208396756,-0.15140789561722806,-0.09261612556290202
IL6,-0.0050096001745391985,-0.0005012635176232292,0.0016421489067965998,-0.00046813600115795087,-0.038367894967501634,0.020746258040243677,0.08862992665724168,0.16857771959275894,0.023230689411465416,,-0.003616986849718686,-0.014806580637940598,0.032819515930285675,-0.05184312335414222,-0.04997603515498183,,0.05995184430718553,0.01607457804242111,,-0.03854343916226084,-0.017374519773352533,-0.07428698319212958
CALM1,-0.016178257391597808,0.08544268994913688,-0.04708188212758393,0.03029645934187172,0.1107308640120261,-0.057805738069968624,-0.020116052589362478,-0.558327984312887,0.015883887712665804,-0.037410386173211865,0.01748841908281948,0.062432512705226435,-0.018396527139898984,-0.09618620855439032,0.05284997800844024,0.13495551386140328,0.03484108814935981,-0.028999569556823118,0.006606296181041219,0.035430708429355175,0.30049993358273336,0.084224659812847
VIP,,0.00395331801460481,-0.019255890397473826,0.021653991742610713,0.04883021596672922,-0.08789100093221903,0.013441445106727287,-0.22241071292664066,0.08518048092351459,-0.14219570086435754,0.029847366282628275,0.026485905805562746,0.05927016004656739,,,,,,,,0.02555156849609076,-0.026281910562263675
NMB,0.01997135227060408,0.14009204119455618,-0.025301479221472245,0.033585873873399556,0.02698419722088376,-0.01893001088429592,0.05258074196420854,0.5147689953289422,-0.04684075943656115,0.13838776174744627,-0.018192190025654104,-0.07364667626677292,-0.014853761747238034,0.08269135174606412,0.2375910601882849,0.16868715846716417,0.023335297812259615,-0.04688615292233304,0.011575261192715606,0.015028624019956013,0.2099710395444399,0.11643222577914086
CCL26,-0.018910153614064226,0.06767971730341149,-0.045293190495771976,-0.014259374969865153,-0.061603138609724016,0.007845159026100793,-0.017852465777122982,0.12747796288424462,-0.056880955386341976,,,-0.016443743201751976,0.009830729173996867,-0.058366757516282675,-0.11015239014694359,0.15463602123692247,-0.019473645613530873,0.11019630804870899,0.01802939087130251,-0.02645440939438392,-0.06511648466936926,0.018702666790943522
FBLN1,-0.0029597387103263047,0.040957750576185246,-0.00568278759560793,-0.036637208374189954,0.0316563005183831,0.07317469446276931,0.05126405448856795,0.1618032308399575,0.052761972321503654,-0.11954346789569353,0.05157488592815464,0.04092756530926894,-0.0199674766569535,-0.10164067679876558,-0.015836748301891253,0.06718443881612472,-0.07717573887408086,0.08977712628876186,0.024145132047649093,-0.03194343457397226,0.0885137141386944,0.17689176255346717
SAA1,0.027505051401886076,0.017585314432561405,-0.025254504992020713,,-0.023875190167032823,0.0793154197124383,,0.21998922850001315,0.056190191046212486,0.05105496807552335,-0.09354190579477688,,0.02048464961100896,-0.05181555914514014,0.05206182906273096,0.04869892885521557,-0.04483835255844596,0.10214100432549825,-0.008119089908782878,-0.023140397525710555,-0.09624374512771983,-0.1517077302909953
MICB,-0.01478372611753817,0.0562957811928369,-0.020309546365270072,0.014044020704745884,-0.028675868567615188,0.020259917628748025,-0.029840474847057794,0.2691063883795298,-0.005414601935805592,0.012729626323360907,0.10085693892394834,-0.0002693409877242946,0.0966702249137498,-0.01783813387059645,-0.08763545957757957,0.025664418425583473,0.007750940365846108,0.05485263732335971,0.01657622302082735,-0.03130711516195676,0.010160644791878025,0.04593776032261665
MMP13,,,-0.02077390390498681,,,,0.004607712089533354,,,,,0.124434636968138,0.006968003627183741,,-0.022795192418786032,0.10932972415890271,,,,,-0.02103179665874101,
F13A1,0.010050596461824896,-0.0728025898146918,0.034179828263129,0.0959596601593743,-0.00023597338572305107,0.20038079210504267,0.037234082884579675,0.12557167155940388,-0.053808895886326286,-0.002351090321311498,-0.028423830193666497,-0.005606302118087601,0.1739315851431369,0.03340280734426447,,0.03201110206068131,-0.049448224378002885,0.03385033289877082,0.020798344263474534,-0.056539313158975306,-0.3251809367009979,-0.18281659549680845
CXCL11,0.0288716702128949,0.11534049839733795,0.04543113599576813,0.03194259211936649,0.026202243966138038,-0.007180775494086328,0.03330125754790038,0.30541046128246485,0.09022782351562512,-0.02556802229600001,-0.03592021939530068,-0.012183899332674795,,-0.014711448965853429,-0.05746960301794469,,,,,,0.051947466979061115,0.11689013350612114
COL5A2,0.028610248951727618,0.12104873876876264,0.009150421390131827,-0.03972374488267145,0.02464215718679369,0.1208250282631262,-0.02409878705957212,0.5053605263357464,-0.26646661436530533,-0.008685660075773705,-0.03676131807339713,-0.061769961983913005,0.06586862344518325,0.04048943153696533,-0.07671637877685455,0.2762789274947353,-0.0323928272805402,0.05551465850472576,0.08941005471155504,-0.02134640190498822,-0.340158187587072,-0.0888513570985433
EFNA5,-0.07120696867366343,0.1068615122091185,-0.024642272342268973,-0.026797851052536188,0.004261193936700458,-0.06238582681998204,0.01813046410538237,-0.2501325863779426,0.0005187434808673944,0.0164766194402548,0.018829888215652683,-0.027819840248940363,0.021124830137169395,0.039794277331142894,-0.013095244772277394,-0.01777172526350037,-0.010456675110470468,0.06247105537804555,0.07229699560077195,0.007972528484326396,0.2176871192664941,0.1070995619619482
AREG,,-0.02752691683373814,-0.012809443720847965,-0.03875997563949458,-0.020878031616109426,-0.034096490917563664,,-0.10554876027652912,-0.053280397606385844,,-0.004048969965107597,,,,,,0.041475195836581887,0.05818195939960774,-0.05135493872593809,-0.03240014181842641,-0.13959233842701874,-0.0988770817452088
EDIL3,-0.06021979171075095,0.04163336127224275,-0.0026184442719624436,-0.04188311558001198,-0.041797780406137845,0.011223325466091684,0.009060408746669852,-0.4524332441614945,0.16485685274815579,-0.0651408796080279,-0.0058910941463733765,0.018544210511524266,0.007719341337273509,0.012854404228874957,-0.0533619733969023,-0.2884420455151595,0.06508485732910615,-5.887480890872333e-05,-0.18329220118360431,-0.04640989028533122,-0.11853735095831569,-0.05807583023547873
CD86,0.003041852979908657,-0.02251608314880938,-0.047132866938081656,-0.06932248245566452,-0.028051555231817647,0.054496535240429196,-0.013985502026268932,0.32692429853590116,0.05729879359120158,0.04982583843686555,-0.0118024795382865,0.009423881694909602,0.12045718454494742,0.08626259147845226,-0.0056445517166957655,0.15602701180156317,0.020568125727460723,0.04474202117926763,0.09407989421786961,-0.00922595232196797,0.044677111636948444,-0.12918642195407642
AHSG,,,,,,-0.01877199410610909,,,,,,,-0.034082015267935604,-0.04084228519333386,,,,-0.009036609939615503,,,,
WNT9B,,-0.007683033420507283,,,-0.021582081535194836,,,,-0.012134712789061709,-0.03347071505238543,,,,,,,,,,,,
HRAS,0.10942414544903381,0.1004940696928394,0.0062493718795370995,0.022693006938883643,-0.061203986415463,-0.018486252199285656,0.06709361816037426,-0.14729789558132322,-0.009192551892538103,-0.014221090638436289,-0.05835648329355191,0.10403149428591828,0.005124560567538743,0.037990797337338726,0.0777465790763097,-0.022657763769901296,0.0007668137227258734,-0.03366537554726445,-0.029428277448384034,-0.024470734519088846,0.13018907252647696,-0.04846121864376057
C1QTNF5,-0.00031664731864858823,,,,,,,,,,,,,-0.014139638067118383,-0.04642077117939462,0.11983990651175296,-0.03530299506152345,0.024230901117160548,0.006749313282459862,-0.01744452379904392,0.0914861810476691,0.0880084066290617
RLN1,-0.02723173743548871,,0.057815669435147175,,,,,0.06906386134511354,,-0.017394507292247834,,,,-0.04218393574073616,,,0.012942973526877928,0.031249023601169938,-0.008119751782342071,,0.0423735973074911,
COL4A1,0.09767510782454482,0.046862314041189804,0.04749590709598936,-0.009937335341923986,-0.0034638443866147396,0.06377365933952328,-0.01420504702154471,0.5651413527906406,-0.3521799409023276,-0.04298696400667907,-0.01437702093376331,-0.007227514450216055,0.1303290306617776,-0.049676037059619677,-0.06218617748407355,0.2522544380641342,-0.07417084139527778,0.10254876614259083,0.11540497526846298,-0.01688811458980403,-0.31068732454954623,-0.07083297712372023
CCL3,-0.042470274203787864,-0.007900872348654149,-0.005516611328761948,-3.7136915663652585e-05,0.04999422243533989,0.15571178884680972,-0.03728398623668473,0.21927375937761004,-0.03590495836645879,0.05361815702473762,-0.01703178747255498,-0.03194529233989966,0.13147901895196168,-0.035418981326814904,-0.15446003082699353,0.01070715996507795,-0.037208994933053706,0.036298109896872086,0.0016458945200845932,-0.03275298407973829,0.3208915908476452,-0.009672513524760843
BGN,0.08067736949342667,0.1014487035720261,-0.005678585338183125,0.014910278668094284,0.015801842166197955,0.11371233298327886,0.024317538238270337,0.3184708418661858,0.12257893247115431,0.013412179141882944,-0.02839461046977541,0.001237733798830732,0.10785043365252844,-0.09337164938639507,-0.086916269604964,0.030240794656374876,-0.11998343390187213,0.10063448303123856,0.052204643053329135,-0.0461719282809293,-0.28604735992903946,-0.1228965410305671
RETN,,,-0.02438031452488417,-0.013458060885632653,-0.009677729997087646,-0.014086435954304838,,,,0.0105005377968908,0.005635819932613928,,0.011831943651104775,-0.06914580608669053,-0.10315923373453892,,0.06645109063506723,-4.5253961785421374e-05,,-0.018697002880772945,0.00306041684817591,0.06775507940285581
S100A9,-0.04107809653584303,-0.06690003360684592,-0.004261620218126398,-0.0061125610279204505,-0.075902893191222,0.1457705914709266,-0.01515509169430414,0.5175986498022492,-0.13468407655807343,-0.0024071219997854917,-0.04558317724313275,0.010092094559126255,0.1161899438717846,-0.03282636843603126,-0.034481561821590595,0.1267771437186988,-0.06737328824265829,0.02976598988711416,-0.015651559521533975,-0.03245534609300176,-0.11069587989272651,-0.1786180094591951
HCRT,0.0007299463663741342,0.04598300557244688,,0.005934347157029407,0.027966026622982944,0.032197575129837924,-0.011614131201341527,0.11454951009618661,-0.011481948028048411,-0.042577088832971025,-0.06170275099021179,-0.018888932810310885,0.03102004323570742,0.10288763712809819,0.03095762182016753,0.09963307201148894,-0.03861007114961614,0.050419888587166395,0.0036167442513345333,0.06751730717525824,0.22900837649345843,0.07350016654623828
FADD,-0.016980960493519458,0.07538778948534765,-0.006495460733079372,-0.010889084029314317,0.0666339693703756,0.07339268702855732,0.008347105818120011,0.3903154929313177,0.0077894324844635324,0.05392306894437432,0.04760637307781139,-0.0346865604726224,0.01766920428900625,-0.06700106475117736,0.03796016378670938,0.20503386667539733,0.02985017491502673,0.03674957392802965,0.12604693466035274,-0.0067724669215048754,0.06067369575604571,0.09677861315008279
ACTR2,0.0025565635053175634,-0.010502466167435602,0.06338653263221462,-0.06813390804356041,0.0025327205375761373,0.0502065981513052,-0.03515098400794445,0.08499184626781996,1.9279321921633823e-05,-0.052019306294388536,0.006127046325757447,0.0027966978002857607,0.05921215780203522,-0.09743957041443456,-0.028126550197628403,-0.050072262116809256,-0.10094628629110641,0.030188232923738713,0.09865943270608599,-0.12602525092019654,-0.2682061120521944,-0.2039241582414544
BMP2,-0.008798593357032551,0.012473338068613601,-0.012475981674754577,-0.02070106604449332,-0.04632942426633653,-0.017404393017263414,-0.0016168601553399272,0.09229209644824062,0.05049109218671288,0.06017938812434019,0.0016194161186985233,0.02758448148725878,0.16518175355156417,-0.06441023821286442,0.011485093237632664,0.09284133076140101,0.019834936117148677,0.041836427372639415,0.07094139612402453,0.02086725443117904,-0.13135429950648217,-0.09360414414752653
PDYN,,0.04215647314871218,0.0060493022793414175,-0.014485904451130044,0.019787764707308187,-0.11226149281420299,0.008084575126485466,-0.4711347383747927,0.11511691964694828,-0.11822291191863268,0.06894231063293171,0.009240293057355018,,,,,0.04118407300883727,0.02640492438657094,,-0.005891403765693622,,0.0493495252027407
CD55,0.09216869981652127,-0.03307625786879512,-0.002626528352274098,-0.0077557412736895,-0.07351940636439436,0.002418309461606777,-0.0021073140536632022,0.022985606451345963,0.0515776727896082,0.07950576734483492,-0.04902347160671576,0.06168375611973472,0.0036584244037354834,0.0468359707429151,-0.10595858528583085,0.09053025188288397,-0.0627097500592146,0.09140335293693644,-0.01644989597539433,-0.005691679617056468,-0.09194766776035095,-0.026580738090152378
OSTN,,,,,0.014980146093949138,-0.01645358576219077,,-0.11166874333465712,0.05106490639342236,-0.006367157623748606,,,,,,,,,0.030439356806156184,,,-0.07228558775199238
PDX1,,,,,,,0.0052947121897192785,,-0.033703769686123215,,,,,,,,0.026731268977744096,-0.013180495179155524,,0.031076332306869923,,
CD6,-0.04768537279918306,,-0.016900566315074583,-0.02510557139881153,-0.019357575605530898,0.06518510362782248,-0.019716617144495845,0.011014233038141245,0.036246924545749515,-0.012733096606454771,-0.05452369846426651,-0.013112400627510385,0.010340109986717185,-0.04348971026258878,0.03233200534648799,0.11941976813918904,-0.027764361475136716,,0.026660619072212725,-0.02083875020008083,-0.06789993032334314,0.0175024754299215
IL16,-0.03819822388732917,0.046273652320195584,0.056518683644888795,-0.043516674314055606,-0.044331056552838685,0.08175149470661515,-0.04556439320051649,0.2884314013155272,0.11862556879565153,0.02937343309536762,0.029663093566090554,-0.011227094393877469,0.07988441353556446,-0.01541461096004175,0.023904433271889194,0.1928001426631877,-0.06709747172371508,0.008683921179381755,-0.022212669740614883,-0.014774631351971502,0.06290128094343764,-0.02683673220949284
LAMA5,-0.007390339568247022,-0.010222446855072204,-0.035368064580722315,0.002673867774570861,-0.00661829059072571,0.07510307970930791,0.04207564786303337,0.34066950305332283,-0.20320874039720474,-0.0485839566603075,0.006323489168224902,-0.03359361614935732,0.015886557452467268,-0.02964137960710167,-0.04387933827222541,0.1749615844660769,0.004229674205515928,0.0198893048450135,0.1141887902953844,-0.04425630402727207,-0.06275213575202909,0.021597199215373
RGMB,0.030663336279990513,0.09251021670263793,0.019479585264067734,-0.03735773735985767,0.037313491852518844,-0.030181172902002736,-0.02422960592866638,0.20179320515437488,0.08346838637083363,-0.029714387329459892,0.036270856147078055,-0.007885827183570669,0.0658377530699406,0.043942228494216515,-0.09138165940759246,0.04495537286053305,0.05548520332666179,-0.008660065125255682,0.03728427698201126,0.025486102672030365,0.06774965974449809,-0.051535494048564515
INSL5,0.01267575457336948,,,,-0.015356306446228344,0.09487384825203547,,0.14042466258765168,0.027791363828473276,0.027039535398369424,,,0.006606258727108907,,-0.06991382047528052,0.08196633350529073,,,,,0.13681328890604738,
IL12A,-0.020194892562265986,0.010129186783075023,0.03380986000235581,0.054694103201426536,0.014091521305639943,-0.006513922021648624,0.0005318221572698019,0.30986081014803213,0.013326393343328122,0.05923895055249608,0.03484669011133769,0.05711144087577276,-0.032507178596998906,-0.002155002229826882,0.061863921404096224,,0.009770003938485775,-0.015379362080800521,0.009657586992044144,-0.017071030886273895,0.20268234917401035,0.020161615413898312
S100A8,-0.05987547741506868,-0.049899907850994206,-0.0216033902776283,-0.02498241908453993,-0.05723501457125319,0.18228070562505785,-0.03975411762075352,0.5252920669250178,-0.29250601339820215,0.002075449320163226,-0.008320390206275398,-0.04709942823991742,0.1379694393765168,-0.04263075111768078,0.030600872962696674,0.163357173029822,0.05678624283407829,0.022525700701300836,-0.02211374008322388,0.007083636756802014,0.011294927991015375,-0.05592560956712748
TAC3,,0.07463308924104083,0.01000167744552811,0.04454748749475118,0.04646778332321813,-0.04095206693476483,0.03954333806759116,-0.31938022615369255,0.14688724414379623,-0.06385881290283679,0.06963095264943345,-0.003247250785168622,,,,,-0.015241318694831812,-0.015141754459850422,,-0.028429470690319866,0.2325167484594873,0.004756109010708776
TAC4,,,0.048997065704532716,,-0.003478416446223552,,-0.02163372767255249,0.14110282273286312,,,,,,,0.06479799759388237,-0.025703448366278598,,,,,,
MFAP5,0.1372243781151846,,-0.019105827588838387,-0.015019858783370324,,,,,,-0.0744139294383699,-0.03995666455851249,,0.14819803085517905,,0.04253391818486092,0.058499330438200235,-0.03420212183310007,0.06919499517533673,0.007873791448406437,-0.026378085478304593,0.0027410370652057045,-0.005443148692524559
CXCL16,-0.03148693331986438,0.03349043805916824,0.061915966150053285,-0.006303119561566882,0.051366019236009176,-0.02311838292325482,0.05838243987112502,0.4063239415834403,-0.08372077834884405,0.10058049298110813,-0.06444817512120272,0.04485326398803262,0.08595513079971509,0.1132884587593615,-0.05357418351382674,0.08236693416746227,0.019037965752413476,-0.013916439772640482,-0.024677547573740296,-0.032047799877629415,0.0637591547106497,-0.007663346116248807
AGRN,0.05705365350378036,0.10921272926397683,0.05341969094986412,-0.027450627762712416,0.0768668708439483,0.036349008463374376,-0.022595565891811123,0.532563376819114,-0.24414847207388526,-0.011771788066579136,-0.03185232545089201,-0.017191972804224163,0.09162380009799141,-0.03191956806884509,-0.06080236605468755,0.17984238857242565,0.01105523672248301,-0.006942505647735171,0.1408659596346759,-0.004992847255297829,-0.11428963777569373,-0.05504887600831085
COL4A6,0.03889611089597491,-0.06620164870408793,0.0327210526550564,-0.01924849168375567,-0.052417733405118294,0.085222605999123,,0.22261710088282408,-0.020604951220377764,0.03277439494330193,,-0.010727531880563966,0.044956031158916804,0.04810353033079371,0.055933243431054505,0.049095639447596436,0.08516914857903825,0.04094728454486329,0.11817523383641645,0.01074792989014369,0.05382709223319695,0.11501885690584639
FST,,-0.017420940469768283,0.04404326047328571,-0.027449805774476015,0.0025042950344718665,0.03771347643223743,0.04563871567880615,0.00859860619448554,-0.03183660116036835,-0.008941985102944345,0.08289517076329064,,0.14340715908193083,-0.10374474990384283,0.08338155229323231,-0.012485248650208494,0.04271694239084354,0.017792356073143067,0.15456481335070366,-0.05648290220570964,-0.03228619750108395,-0.037449411147316446
MEGF10,-0.09614028754493782,0.05075278437334144,-0.0010647720540685687,-0.03553800637633001,0.0732042888768748,0.10373335898224122,-0.02871411494173461,0.007704944356425202,0.05631022639170392,0.08448662415916877,0.035559835208905516,-0.0010341971377840356,-0.004798130128669859,-0.015205534341743014,0.07584880403908367,0.04690509786118147,0.017011633280765978,0.0406581394933216,0.10482391662687708,-0.027145139426768036,0.4353357399568829,0.2972518333318258
C1QB,-0.03722033353399229,0.037947304385006236,0.11562206019678925,-0.03362243718655585,0.13548209074898118,0.19162712119023464,0.020762468984421478,0.6015050474994809,0.07171905264433247,0.1051436564551142,-0.05750103807234615,-0.07823039589097926,0.07567145903054892,-0.04775676214768387,-0.2152574070952429,0.0035150581262289797,0.04935735431516394,0.01080767979938915,0.06427638537778507,-0.03215241399046698,-0.08748909596955032,0.015040645499964173
HLA-B,0.14213514090348012,0.08844620427078764,0.05942950531496492,-0.004805964385908324,0.03393689695679504,0.09655343695183646,0.034750460935576113,0.6174889054981342,0.2932195234409378,0.14688985222816672,-0.0389749018761451,-0.07079160506195663,0.13688518023008558,0.011723720325947689,-0.16765763084644014,0.1400433175506262,-0.06287680007850698,0.05764835629680836,0.15767476710312073,-0.057037294245561504,-0.31544121649016466,-0.274368573838564
PDGFA,0.07027596111549592,0.07385106451904593,-0.02481692619939156,-0.04444593932768947,-0.003844842734994479,0.04375009421675318,0.03959640447900921,0.14049167163757986,-0.13013420916460938,0.008234659225477399,-0.006087161514342258,-0.01234998338758047,0.029506633718315425,-0.04694934728353997,-0.03949964076291485,0.05954719865616988,-0.05901947528078217,-0.005221248046695622,-0.055604942787171444,0.045589603294355234,-0.10193144751981938,0.022139518433781254
LAMA3,,0.024492228336478163,-0.03231626673008102,-0.0026034258056236935,-0.01838287925987205,-0.0019372684426435108,0.07855743330772258,-0.1506931762445814,-0.10547504276531407,-0.0021520224845750684,0.005382941923540276,-0.011731451596664189,,,-0.15909024532348298,0.0800786260389033,,-0.0040859648022210406,0.013075768287976262,-0.01725871914740211,0.10613207318358982,0.025176294336302918
DKK1,-0.039146718921543706,,-0.013521729554209414,,,0.012062214324441625,-0.017852465777122982,-0.12079249823299705,-0.048811246105135965,-0.001761513757838474,-0.04397179368662142,,0.18728586948930195,-0.022075512683508876,-0.057923911990622266,0.0039680317699975366,0.034743929248213394,0.0730705409981116,0.03169985920551333,-0.027657913556260887,-0.15358450480590963,-0.09054886274444464
INHBA,0.014399364702920603,0.031740192293147715,-0.013111817240658892,-0.013458058929624357,0.006678334117928745,-0.04360042427731121,0.0018611280159600127,-0.3606816243217378,0.007756408994462435,0.00932286072722082,-0.033002723854989084,0.04572990373703832,-0.005756891629098195,-0.05791163309951013,-0.06730143317774022,0.12173523218025428,-0.058767611021146776,0.045018317224628235,0.05026766300599898,-0.03819956715770174,-0.1405441359049437,-0.0702724606712238
LEP,,,,,,,,,,,,,,,,,,,,,0.006925134730686867,
IL7,0.0257503508473419,0.004771086602817981,-0.012045859230769378,-0.02613218806378145,0.0069290051666018974,-0.03585044540833296,,0.12038532313161515,0.0471370150032596,0.057839225481201045,-0.014750970821983584,-0.012722256910975505,-0.011910303147402549,,-0.06850456186512645,0.07792077125632986,0.018416377747280124,-0.022726962929703384,-0.05600712695075872,0.010595788645305923,0.04809361223668498,-0.03590017674927092
FABP5,0.008485514170969622,0.12453082939365862,0.0670524887786291,-0.04390476227491904,0.035330931525408914,0.17183903591410224,-0.006925763689721236,0.3096034131355566,0.12932429225000888,-0.02097512584101299,-0.005979042583087046,-0.09186632008824124,-0.022217422691528623,-0.009226264886956376,-0.11250032690541102,0.15727443172049477,0.10358738556376156,0.013777646568572744,0.10734534793734282,0.057941974338302116,0.07952464895668304,-0.018178615792428934
CCL4,-0.020975668842220834,0.019027622629288903,0.01155039600589684,-0.07138491351852085,0.1413680334217641,0.1829592150459563,-0.04280364242210669,0.2617230995198656,-0.04668191161794575,0.010391700824088662,-0.02701982373534223,-0.026279234599346505,0.08563184685557108,-0.06720592287625708,-0.22014316455847735,-0.046962399059317886,-0.03440534313570184,0.014633299840973025,-0.0704475757503593,-0.0316579817713481,0.27186912546359693,-0.0079857230056885
FBN1,-0.023569232926318073,-0.022610999633322654,0.049056535362329685,-0.03013686923900243,-0.02364175647291811,0.06895604220845776,0.04666039284006282,0.3349937902704942,-0.058075086311052605,0.028420569954078795,-0.014503380189389943,-0.01717356205935248,-0.006486251356423387,0.04971485673415687,0.001326509221708213,0.07910195866444686,-0.04681153464098564,0.08996465035470083,0.008519570493732876,-0.08334680982740275,-0.14573322121683177,-0.06347702167419665
TCTN1,0.06349378512602045,0.02329511595447762,0.02852370077286506,0.05980821583356357,0.02956401755008789,-0.01886999996420368,-0.020402822551715754,0.5028341683349518,0.05558367547145474,0.13376671444354052,-0.07564308275426547,-0.04543420962264211,0.01052165176228956,0.04211551927053354,0.06332754196328977,0.16726027920660272,0.020672278930943082,0.010483458740473463,0.05905476735067509,-0.029190556870877175,0.24305505737610425,0.07059566430738494
NCR3LG1,-0.024847453093060475,,,,,,,,,,,,,,,,0.030721764694806742,-0.03327032405665079,-0.04600475240158415,-0.03470944325476114,,-0.04758311024216797
BMP7,-0.028389902049607122,0.11936827622953027,-0.0267570400683715,-0.029123952049129778,0.0025759794718391202,-0.020223734497482774,-0.015699081580476736,0.34199286325163675,-0.15522756487491482,0.040935562912497565,-0.0005229734566992454,-0.05683637232966188,0.01203585151552696,-0.015034207801959255,0.05764658868133557,0.06195440415196117,-0.04767846327580828,0.04528718803262581,0.06155076209318142,-0.032347923657755774,0.4360933841964172,0.20538952027383872
NLGN2,0.016511744014298183,0.07324063337641633,0.014189485867022433,-0.025316482911167774,-0.059286939459357244,0.009759347822567106,-0.007017845703880204,0.11079381297631787,-0.1046947704517098,-0.049222045458952784,0.006352371165336481,0.01287800661703799,0.0441278900005256,-0.04786486871817833,0.09817892407389993,0.09680477222639453,0.05330634031984774,-0.014367325947337842,-0.027171526804542153,-0.018356414021325648,0.16929932827829824,0.001548319890669766
CCL25,-0.02410042581407577,,0.01120316201970161,,-0.009988875502507367,,,0.10763748673931857,,,,0.008117960039304742,-0.03544013280514624,0.151949101673384,,,0.040360945921192465,0.05696831074937194,,-0.016514571051682452,0.012264037301389443,0.05075366810388835
NPNT,-0.03365323344338995,0.1625996623749033,0.0015549105215635567,0.0036275649936016578,-0.036094354596278425,0.0037932210380015735,0.0118103941881013,0.5777610119447298,-0.2774871652329821,0.08449053142629112,-0.03606009016887653,-0.058107413627257735,-0.048290235719340734,0.06538106728673962,-0.017138295358328722,0.03080325866252277,0.06313223226650531,0.067705328702215,0.15687562624619894,0.02647315067924414,0.2739233823899567,0.2896269544488894
KITLG,-0.04933826602418192,0.07095079194842517,0.016851506617568134,-0.010184772500055516,0.040557106783870964,0.04349935344484444,0.014307798025922004,0.15752370863319518,-0.007113191089959266,0.03341623986925753,-0.08559772466737854,0.0767047965960685,0.08623889333261842,0.08796584681000322,-0.006198441039361388,0.19252265478627328,0.052909676399143096,-0.03606738034639095,0.00931389582437138,0.022951141171366235,0.026773166987846368,-0.008168821454645777
MADCAM1,-0.039146718921543706,-0.04897600588978986,-0.042765248448847645,0.055186093227585754,0.019676159535410232,-0.013801798053571991,0.02803725169224272,-0.08873633049416053,-0.018786657856805365,-0.0381025856703207,0.05430498143103113,-0.01823344249073615,0.03393509729078306,-0.006048598452355271,0.03487701504350602,0.014092058348272034,0.07828381923201232,-0.025943710473369713,-0.0510137374282418,-0.015901498445380587,0.1793001259153462,-0.014413158682860593
F12,-0.017329968556145825,0.1442768162097831,-0.01117675660934272,-0.020618160072531103,-0.013627723248605266,0.00435754854074368,0.010564877101386897,-0.2542764815471653,0.027101662543334407,-0.072834234469307,-0.03239300864115058,0.030863901130414158,-0.01969363700862657,-0.043473375852232155,-0.07320215714512426,0.08476941539071865,0.08353072541259346,0.002267543935585465,0.06495110489503457,-0.019675563855677244,0.008677776332210391,0.0033144772679924183
S100B,-0.0019332955670122876,0.22914872562255362,0.09466125488461237,-0.04187739803719116,0.21238432694985876,-0.025247360485978834,0.04235593988796042,0.4160542970454733,0.06667406420028492,0.19718052459517885,0.08617090703978883,0.038741254848166,-0.11243868013818145,0.03599306165576094,-0.001197601428490381,-0.0506575943250974,0.12466619207181687,0.015583959889830613,-0.1422362699752965,-0.0054992045704496005,0.5199073394141984,0.39303452543934364
IL27,,,0.13948459247719833,,0.025292863141833613,-0.02609525218435933,,,-0.008846976474733877,,,,0.10386508988397822,0.15138421702864643,,,,0.03445600314971378,,0.009552644444673828,-0.001667456934757901,-0.05934322254593866
CD99,0.05758061661307611,0.11962277499170282,-0.011730989026893653,-0.05533452125531512,0.1417689151012864,0.21020395887167717,0.010828397416475982,0.6232776843438137,-0.09278894467073004,0.2723709881674004,-0.015465952454325037,-0.09912722271284133,0.11056148298073816,0.07718356380039805,-0.0893545979540946,0.3713903895639752,0.06405484039325489,0.07871345599864726,0.1256736291166509,0.001903567124378638,0.08387914503490637,0.1867757988201812
PDGFB,-0.047334613574639556,0.03581549972112367,0.07652987846175097,0.01372532225921638,0.057284436079673734,-0.0017932693355164188,-0.031602255983781004,0.058791539633767195,-0.031065950264042186,-0.040921171217146814,-0.008440663085681085,0.03547559023511922,0.11652258307411476,-0.008322432728854199,-0.055547137636462504,0.20316621990065586,-0.05347992934942229,-0.001612593488278591,0.008057842933272535,-0.02831400558906707,0.011395847789907713,0.011573457947904302
CLEC2D,-0.08617266310217667,-0.05174789038855361,-0.0489812192949233,0.03996109345734975,0.04117861177082988,-0.009094299427301517,0.05650156139743718,0.34719848375073376,-0.007600979373694331,0.03847998297759226,0.01040029513077817,-0.013636968264666838,0.045667408864627466,-0.1398176357752127,-0.06058257628069349,0.14653243725082143,-0.01689019574264566,0.039968945345073954,0.04165036242331802,-0.0020720741788163607,-0.006388611135537156,0.06942747926640744
F8,-0.009045021276022417,0.06674839734569023,-0.030117494404256425,-0.009895184293088605,0.05506927741562219,0.0797085315302584,-0.03800179770457131,0.21855012360739767,0.027422221935693387,0.007197316575571614,0.06258162467119462,0.007390500598188864,0.08819676213360085,0.11610384870852776,0.044182465649060275,0.13742660916618965,-0.0007526245832477167,0.04320517711283393,0.09462019275693623,-0.017182486105107902,0.24365384231128664,0.17099371183547288
C3,-0.03906086008015341,-0.00018824589174010084,0.11299708614986599,-0.053282222647924,0.05628452095642611,0.14929423814177764,0.042000894399783016,0.5159325444091681,0.3276676568235732,0.14555896848061256,-0.03161147718359564,-0.03985722944694369,0.02426896016102051,-0.03874664357904876,-0.15673198635370195,0.0891801865954936,0.019596311965605722,0.009267319594803345,0.11598435106114464,-0.04149065834969704,-0.1334897206394456,-0.03867714705021443
DLK2,,0.03372882803657436,0.012157574431084756,-0.015204324177295175,-0.020365943120420702,-0.029253539163507064,0.03349788280205766,-0.028235976283414527,0.04494043177772146,0.0884565802461107,0.019574759144781278,0.06338183394425306,0.021408123329930438,0.07945361030179668,-0.039027947761662546,0.01002574103394708,0.017501668246183197,-0.03411546513091189,0.04081279864162884,1.00011447626323e-05,-0.005234772216539869,-0.018659408951419997
TSLP,-0.0013551565028036743,-0.03689696343418799,-0.02376092158651909,-0.01386425841448728,-0.11926587231963934,-0.05369304328984899,-0.02223863335287243,0.3973144880887021,0.018547378207225112,0.040115669566601196,-0.020786299875309878,-0.01480658034277782,-0.04354195382156172,0.027100502035578726,,,0.009081079580102703,-0.05250021251027858,0.0444340223254866,0.01227743553329432,-0.02639773110130305,-0.0215325574498502
OSM,-0.036808435692950954,0.009787995659734209,0.04846886363961597,-0.03150733719354238,-0.016151527154225888,0.14462679659340236,0.045599838108190106,0.2670804569158232,-0.017441211369686304,,-0.049904573741116905,-0.03154420316367154,-0.040039534107070895,0.08292157173278679,-0.07510496552653534,0.07542347715711634,-0.02718617722255023,0.026511222968162596,0.06647565786067974,-0.026082764786806177,-0.020747226610828506,-0.07664198625145262
PRND,0.06098210908449547,,-0.019836953963416632,,,,,0.009480080284909279,,,,,,,0.04539532633301539,-0.03854873422882112,,,,,-0.017929584258309546,
SLPI,-0.053314045133204556,-0.05674594767616475,-0.00612647229233607,-0.022681645142442117,-0.11441695021558684,0.08382612473676145,0.006978811969269219,0.533105784227312,0.19742702738604587,0.01431464467517677,-0.09856338448711023,-0.0019886082811970624,0.05469615036323623,0.08122357737574074,-0.05711980731217358,0.29430274462012945,-0.006793393211644211,0.07350068414572321,0.034099936106782185,-0.07286291247462587,-0.14616068452282416,-0.1965403861264539
AFDN,0.012442233238632201,0.03131686623204275,-0.013803773791901067,-0.011169191595754142,0.040939702460079344,-0.04837873711050117,-0.02887860134186809,0.2404884623007745,-0.12636248067931485,0.0503933348989199,-0.015120783302298319,-0.04605693603326551,-0.006185177149290641,-0.10360899410066562,-0.04715393572616134,0.08680892636576625,-0.011957296584002141,-0.028577763052384467,0.14382537987277527,0.0484314126686482,0.07385210106775579,0.019557717878422264
KISS1,,,,-0.015057568762092202,0.024939265749256145,,,,,,,-0.012589693597378257,,-0.020681661133415102,,,0.12865284540612937,-0.024819443904934294,,-0.019546137002847176,,
ULBP2,0.05768662203998343,0.010630425297193205,0.02349416375831486,0.008779725033295448,-0.09340939416435479,-0.04268090681285301,0.024235839211608667,0.13251008902475553,-0.043163119742004014,-0.10971538049986158,-0.01197715769036717,0.011793683803535649,0.09252697696585468,-0.012018853044408546,-0.06484173698264578,0.052155989103438154,0.08835381313755003,0.03935376191323205,-0.004464656897356812,0.04261985012175416,-0.08710727794320389,-0.0471369359540641
ICAM4,,,-0.01782428543264063,-0.020143434119328237,0.020879430918129115,-0.05531370823371765,,,0.0219806463688353,,,,,,0.018656214635166746,,,-0.021774179343911845,,,0.05211104984794796,-0.005663182442616031
TDGF1,,,,,,,-0.01903771743464227,,0.01332255077335208,-0.009427158772463945,0.04583572444205125,,,,,,,,,,,
ANGPTL1,0.10292441244288511,0.03271720485422096,-0.011849474794005358,0.009529120366124822,0.03966858846866067,0.08265869877858253,0.0003296330088115442,0.46507939334785187,-0.09774044092094845,0.05678404389984673,-0.043406699444513884,-0.01633922421329954,-0.012421918275672152,,0.09527856998636312,0.11959047169593179,0.05575329244261774,0.02740581683240396,-0.03335153154782691,-0.005269852464772783,0.0225658342293177,0.12775755868560387
LTBP1,0.002715798277888895,0.0344371479683243,-0.005235332317230147,0.0011628876648318424,0.06211023064409566,0.05168935441302028,0.011101699612550833,0.20927626036273048,0.10033473196245488,0.1093231919429348,0.026800213393119048,-0.05886410224100161,0.03192644556340389,0.04992395856662349,0.10545208982655241,0.09034648944687086,-0.004921168353241381,0.06463638327774295,-0.021220154833424862,0.0022603529275364315,0.09531565619855012,0.04043802801575732
CD160,,,,-0.015745427548237226,,,,,,,,,,,,,,,,,,
NTN4,-0.0362443757185172,-0.012439274479603723,0.06507509320927457,-0.008490125265303183,-0.01349642767778648,0.0009525213484651954,0.030395498784590507,-0.05375085621578111,0.0742224309442113,0.04034764577622987,0.01481498639468401,0.02924704271941131,0.046271939586393085,0.07473679263279635,-0.009106062069477831,0.08092875764290568,0.08099602018409555,-0.01922749628387488,0.057870282550916925,0.07588774224431286,0.030018859211906664,0.02851000401515981
APP,0.05409626217034873,0.12447378198865076,-0.05787567225277844,0.07763180430371389,-0.018804175181817918,-0.029605340748422786,-0.00372069375837501,-0.5166708968663325,0.1594180895995222,-0.002954278051896954,0.027286397481786955,0.009390341341627648,0.06886979335298367,-0.018045825199978147,0.06270561245500192,0.14971673174698677,-0.03400656405732627,0.03622483117919021,0.12472934902905483,-0.024917821854746624,-0.18030573297315652,-0.06133048215189383
RIMS2,0.013169537790477439,0.004082118075755471,-0.060850609453870295,-0.016433174702978372,0.045409743182347834,-0.10113922933095854,0.01805001773581988,-0.4005863951138686,0.12158505572076805,-0.09643219055530179,0.004278547511476119,0.07234204516977705,-0.014822007198772061,-0.05349221802433105,,0.13092193524983584,0.050679436575942274,-0.023048362534051937,0.0175293935097455,0.10946711012885857,0.010307165385426129,-0.03154419001155261
WNT7A,0.06133054103409755,0.1360817904726887,0.0678578920799715,0.03331867357025949,0.01915702038392123,0.05183048508098822,-0.009212014471694332,0.07274501301251927,-0.1913272258267296,-0.03150672058144209,0.07046694240461782,-0.007386125326263642,0.16112626949637063,0.1115171172490731,0.05843852733339519,0.037028618375983334,0.006444153710873655,0.0034931319876484856,0.15908812098549655,-0.007485298796723437,0.17887328755922038,0.06312394352779362
GAST,,,,,,,,,,,,,,,,,,-0.007224864144991023,0.058598060049272,,0.14470175607046526,0.08403183357509339
GPI,0.019146040692091606,0.028781802966458193,-0.0712005058437005,0.06134400392302694,-0.11792899201209725,-0.04500144565924558,0.04279790128695767,-0.2963017290545033,-0.044810714936611956,-0.1439979484702631,0.06878937084682789,0.0158497984087479,-0.07640407813223872,0.03515971952794132,-0.013427757213940947,0.11430110619171052,-0.058388473265118854,-0.011614314730232793,0.040695826290408646,-0.02980970807803382,-0.2315123714713757,-0.2042262512876509
IL1B,-0.027709014600304893,0.06377493344991998,0.010950670378776634,-0.0061909283404572805,0.03877675180301926,0.10816024768383697,0.010157613145466258,0.3504109269396399,-0.037175858437671704,-0.011393832906389564,0.02206516682705028,-0.039857250684038156,0.07653579020281903,0.019754723512144082,-0.15227899689819238,0.0408164263739127,-0.010553520661409048,0.09475458821707108,-0.05566615075055224,0.06656040966199388,0.1800293846733075,0.0027275420275367046
SFTPA2,,,,,,,,,,,,-0.010089296284481611,,,,,-0.00419285233718902,0.13086273353981184,,0.10237319209552337,,-0.01940440459574813
HAS2,-0.012836176541289422,0.004910955873688112,-0.014696808154060664,-0.023739855626406483,0.052144660465491155,0.11727250269656493,-0.0019415601606781708,0.32874422112225743,-0.03973250860083221,0.017393669191973174,-0.03200015828060918,-0.023874782566856857,0.040707673019258886,0.017585290092927964,0.03762948027187394,0.13900111712826216,0.013522710401258312,0.01872733034498726,0.03356200017058086,-0.019373286031971377,-0.07263331633920615,-0.06422878826148688
IL11,,,-0.027016486216275337,,-0.018384914024374074,-0.06771247186244173,0.10554939062587476,-0.0039049193496814116,-0.09076439144973202,,-0.03200634420588011,0.018771810753998436,0.0075792134259321095,-0.06120952721969118,-0.022001805929708417,,0.013553384214234862,-0.02347288795744298,0.007609272784520595,-0.034309877393265874,-0.007361684084346574,-0.009982210338607937
SEMA4B,0.03336487933836096,0.03375333958013444,-0.030994982044258046,-0.008120593861866268,0.04523006228978661,0.03193446213104389,0.04381067739181087,0.4907324581125745,-0.0671688771089772,0.010903392266495554,-0.018946624429809027,-0.011849953369009193,0.0005281851850454957,-0.00253999861500196,0.03772275177050982,0.12816902324978247,0.004787110044736851,0.0321645931442424,0.11883188421920521,0.05332366925107705,0.16592151274419661,-0.018947510917105805
FGF12,0.03036403188695239,0.04719163145568791,0.05221761509012022,-0.04516253026490881,0.11884201226396687,-0.027191450421701787,0.02004265327117659,-0.4561803256343529,0.16100682206785968,-0.11156199025576743,0.05892805165422636,0.06150748605808256,-0.07123627510765931,0.05349327012312587,0.1781414663519914,0.2386967607957182,0.018816935495728975,-0.027854177902318644,0.14993704409986555,-0.018107896706514755,0.05470003385611335,0.08835897656813735
CP,-0.04109971422700752,-0.11974995308143724,0.037259868234379254,-0.001359544527357325,0.04629608218522995,0.13841406536607223,0.020882925394557206,0.33618868827605086,0.27802950572896923,0.06947821481341195,0.008052473789809667,-0.04307917341923087,0.006742732903105862,0.018829416356013467,0.1006478504582961,0.07683342106050335,0.005659136818815054,-0.016303707530880986,-0.009137423653415145,-0.08683610297871935,-0.05989479306249261,-0.17307633798161823
NLGN3,0.03728403864945765,0.08247384950769551,0.04945604371660462,-0.023985646660844392,0.05779742630942508,0.04134171581944144,0.016904564320927094,0.4475179176991941,-0.06940701809625073,0.012665717825046706,0.10998372120256465,-0.034085983923469586,-0.07365028740897661,0.042958792609916176,-0.05493228887205484,0.0932357615168237,0.03807376221608318,-0.027113887420409242,0.08188712855915682,0.0012367544385651404,0.4302126860094659,0.16101220801196975
GZMB,0.04628643246574146,,0.026236695489851282,-0.01386425841448728,-0.004290310438209243,0.06123501649683042,0.03328894409043282,,-0.0023814237559964665,-0.026748568816685324,0.06601791123554752,,,,,,-0.03313774386642308,-0.030767565544717178,,-0.033674857862903314,-0.007022800823168095,-0.039981878774503446
PROC,0.03829078961938962,0.01762719864589482,0.04968970561329677,0.008932087756056197,0.062141948257395545,-0.04645538948719271,0.02486299989460724,0.299032715430342,-0.0005766202328743061,-0.03532711983823009,-0.015663025439727092,-0.022949718516886153,0.023968386431965298,-0.10133926027589736,-0.05763367562186792,0.25270788171817904,-0.006586474680141923,0.037990228246885874,-0.0043608067037344735,0.11300788870338417,0.0976951788638463,-0.07089163711624931
TNFSF11,,,-0.018347124386033087,,,,,,,,,,0.11042215314974986,,,,-0.021852551094957894,-0.026217773288407648,,,-0.10481490534537195,-0.010759723561728636
AGT,0.07758885259474382,0.2508381637716778,0.07240429472384238,0.005564302160113813,0.13344030752595926,0.1401444589388353,0.015314994884036853,0.5706291623886883,0.33249445886697904,0.067909758531952,0.0646078852445606,-0.06199338761703297,0.036006297290512204,0.08179471047404305,0.10003310335306491,0.16080566924891682,-0.056648671794175515,0.061260722603610096,0.04418863734186724,-0.030255439266015063,0.32579116932548075,0.22776483639554548
PTHLH,-0.004853414560375927,0.033930502947043834,0.025992863840713552,0.07094315928452655,-0.06650048552407056,-0.051691445881247876,-0.007533804096958644,-0.02033379627572662,0.03883134620849431,-0.005534127588627505,-0.0496134903458459,0.05502200025832175,0.10054882805736505,-0.10129816235431062,-0.1430778451930785,0.16121441365044092,0.07769488567313716,-0.016362032837350805,0.05566866783182187,0.023650372558828514,0.04788416852072669,0.036902123320761704
COL1A1,0.061773647370783606,0.008799515681534196,0.014007867286873057,-0.013739985835347376,-0.013335719998883895,0.1539380189425675,0.0423207931224852,0.437082987746122,-0.2041578109045612,0.042544826404369844,-0.05210957544277732,-0.005571677651756824,0.17508113040129647,-0.0628802115336815,0.011553520202816766,0.18790957351793838,-0.10878719672177509,0.08955044914707405,0.06611689396962056,-0.056962541636997245,-0.39466237799496234,-0.1713836911582439
LAMB2,0.048611888251351744,0.1289660581213293,0.02715453824881777,0.05758857797418754,-0.019163003931782663,0.07388140317308538,-0.018372374329876002,0.4862808022330807,-0.2078789755220678,-0.0033028283186614426,0.008088726827303754,-0.0008650876244611539,0.025333511778370222,0.04764580638524322,0.014919599625371779,0.2073485201933136,-0.09428227269696952,0.03356400541669533,0.115652467207384,-0.022595579934741858,-0.11964331231810572,0.009131106766804755
DSC2,-0.06290359857980285,-0.030612981692034264,-0.05026209405871711,-0.006794031148717533,-0.019781203153368596,0.012675416397322484,-0.031231220330868736,0.2089123740618164,-0.028081752006341023,0.035712455111545686,0.03450785894766988,-0.015745215032255563,0.09495334253388538,-0.05006002689484594,0.048522098553362675,0.19329768187880744,0.0023930727909506535,0.02827930611105903,0.03231811774844273,0.00866274969995097,0.07139278570949623,0.019798833024249653
WNT5B,0.014025314090065286,-0.005229893067297461,0.03513781754379025,-0.005508632206900057,-0.09392327726432889,-0.02119905376630135,0.006039773879073264,-0.0007382883942216744,-0.0120028674461128,-0.058952858688756486,-0.03650876784193489,-0.022395953082005267,-0.010900487011391976,-0.06826512477955834,-0.01730020859390923,0.049193724193958926,0.06729515390239708,0.05990649082538001,0.0015921037247249583,0.003454167731628255,-0.055912897585366425,-0.057176821410791584
LEFTY1,-0.04346955966579956,,0.03093504266534505,-0.016440719858439114,-0.02698822180139808,0.002361018669184597,-0.009001325686637094,0.14173660541726193,-0.009548921661787162,-0.01764569794304514,0.07961590742905325,0.020056204609484304,0.055892949307544196,0.010272357510525718,0.05152891472125713,0.04708392842988538,0.023073417541635978,0.012772837359738554,0.037407167312161406,0.0026017718817934925,0.1759611707074389,-0.03745888786968804
FGL1,,,0.0919975021722154,,0.018162439705864977,-0.007823229195724054,0.02484146800477328,0.05384873967192171,,,0.024556091816572152,0.16225955251385774,,,,,0.03454774396463105,0.04896195691439712,-0.028230531941939384,0.1124184191595423,,0.01771935876409723
CXCL5,0.0021679459688262134,0.019748609092232892,0.018096857760149503,0.01191003033681822,-0.008595167323111809,-0.058019269763668384,0.030025905259192336,0.01595752558603012,0.0054676471258195535,0.0260540332292034,-0.025410109680402877,,0.034198176069455,0.05620330567075335,,,-0.04486066765414272,0.08749933218474464,0.011667040042897984,-0.036515560220376234,0.009221298098517171,0.02031049267662506
S100A1,-0.07009608022061979,0.1878408915828552,-0.06770407486556229,-0.06346871519258936,0.051684827661996106,0.014618923847366965,-0.02167708165294481,-0.48731356607727466,0.2808555151361708,-0.044091960173102664,0.08471731452511252,0.04125012568343118,-0.06067183811301665,0.027054431755828327,0.082158740037392,-0.04793148586170589,0.07407963614609926,-0.019487548683547663,-0.09747585065806251,0.022477226886304266,0.2715051408901899,0.19270304179902625
C4BPA,,,,,0.03331957607499773,,,,0.026955203086560877,,,,-0.0317036161113338,,,,,,,,0.04398480370122976,
NPTX1,-0.04155324019399843,0.027764898306079894,0.014271310294018553,0.012247417506900036,-0.0006829541829660287,-0.12236740333899741,-0.025827070877699143,-0.4649896234441125,0.15193860985924842,-0.17717866401192814,0.023765208433602775,0.07666328577716726,-0.0463957177736079,-0.07278683174403969,0.004713893816258075,0.04679578324168132,0.0025865425929260076,-0.031895097135676904,0.02855339394256915,0.028573161677092167,,0.017201120318447286
TGS1,0.04572237032278826,-0.09436954191704432,0.05564846222988865,-0.02394902792148898,0.0277249740568148,0.06660042007654524,-0.01928731582178569,0.2695969967117627,0.058395485541201025,-0.0013043167133465795,0.003452167661894648,-0.007918723901373569,0.035786590430384894,-0.015558340568787056,0.09531723020237907,0.06620503899563797,-0.02103259743626206,0.05413237530855852,0.15969837428096878,-0.036588381947195533,0.05423499233438453,0.007131276100580686
SST,0.020849472299523067,-0.07097440224026023,-0.03806092989319263,0.028587689942726483,-0.004920277331080402,-0.04266377513318957,-0.027266040017592495,-0.4661015021885813,0.13872668778305228,-0.08532249466363244,0.04708889369709819,0.08855263993551572,,,,,0.012848362593828027,-0.038814879713474686,0.01234023030600722,0.048871602184860904,,0.010766304922329035
IL34,-0.04385363450457738,0.07148415417998322,0.0326817607711523,0.036649956913224126,0.03688862719804325,-0.04241805179042309,-0.017678516542107732,-0.22898479504814373,0.13940025492637403,-0.09917019800502838,-0.024206499073969257,0.07637546219544802,-0.004885777119493105,-0.06629991789504328,-0.04700500906492279,0.09929791890637024,-0.031488782147833204,-0.047436957379501724,0.003100405415956083,-0.048910682682407884,0.09600266197071536,0.02719786872962375
DHH,,,,,,,,,,,0.047195615106675706,,0.07948056763666722,,,,-0.05223029315206618,0.006413910825726984,0.02812795395313476,-0.04566060746276526,-0.03424400740734212,
XCL2,0.038683667986987726,,-0.02054344176733317,,,0.014683148131409736,,,0.034443885460456326,,,,,,,,,,,,0.000304203627775544,0.036361434329223424
RSPO1,,,,,,,,,,,,-0.010727531880563966,,,,,,,,,,
TF,-0.08299044225697574,0.08150898448816479,0.04738391326177443,0.05137997203704039,0.02492224008297983,-0.03888854398380089,0.03047488102707588,-0.2797478615501868,0.12250598596455407,0.12056407617431478,0.059855684241752485,-0.04388398082649197,-0.013664636851851332,0.02129005750428871,0.23121777353271422,-0.23801104373426765,0.05137621193628252,-0.051581894643431825,-0.14909476804046207,0.012178214305224208,-0.01646078267913797,0.1039004923609558
IL33,0.06657716578595489,0.11450703900637593,0.008162941347879012,-0.03155994197932772,0.067605618378557,0.08740029935811042,-0.0053905925205690805,0.35791061611522856,0.18910425248462595,0.03951384398920738,0.028060718712557702,-0.03907570016780624,0.002450063004182572,0.05172247938323246,0.034326353957163866,0.14601506701386535,0.027419751934837477,-0.0010381284878282066,-0.002861171205305946,0.025885643398702494,-0.09441248822791205,-0.1278267035598113
RBP4,,0.016230128573461112,-0.04573967394237091,-0.03842995023777027,-0.007540866927067711,-0.05125388744772914,-0.00882871962346323,-0.3707020099992014,0.20552886974122592,-0.16407020545450474,0.03815500002731006,0.06729492760955469,-0.017041897220336936,0.002453079266980574,,0.07069487916625028,0.08346524747106017,0.007352178421304443,-0.01246565438819998,0.004506944255191572,0.08906605101746942,0.013082352978496092
CCL19,,,,0.011583269929803911,,,-0.02015730521679284,,-0.00382271170057241,0.045107416677071174,-0.009082636252908883,,,,,-0.09534430593506044,,,,,-0.10462336237894738,0.10748212790427958
CCL20,,-0.05163712857500737,-0.016166294659595928,-0.015921932701165393,0.028114701683550774,-0.06602411595901941,,0.09059777309826172,-0.04988375850453893,,-0.07821509859085428,-0.010571429564481233,,-0.04534021946057024,-0.11278159120754726,,-0.04836589362673905,0.03163819764488424,-0.03234821567909292,-0.028429471315499142,0.005633962863131738,-0.13024779247107218
NAMPT,-0.06361491904782311,-0.1375006728814841,-0.007023930778057922,0.039123736203486185,-0.11105206129043264,0.04303301134044916,0.03759803466491375,0.3872743070869864,-0.13981509765267208,0.01075183612991321,-0.07810427373560085,-0.0543450197557367,0.07328616412108124,-0.02242709545329239,-0.09894394833565136,0.21871409738316683,-0.03957398817321763,-0.003448310963979799,0.04766766636652187,-0.06092161817590398,-0.3526645108554035,-0.2280119819498561
