,MGH258,UKF243,UKF248,UKF251,UKF255,UKF259,UKF260,UKF266,UKF269,UKF275,UKF296,UKF304,UKF313,UKF334,ZH1007inf,ZH1007nec,ZH1019T1,ZH1019inf,ZH8811Abulk,ZH8811Bbulk,ZH8812bulk,ZH881T1,ZH881inf,ZH916T1,ZH916bulk,ZH916inf
IGFL3,,,,,,,,,0.021665317503248828,,,,,,,,,,,,-0.05356264844534576,,,-0.009344624895493427,,
BMP1,-0.007146581087826905,0.01901330678783557,0.01156103020852765,0.015134365446146924,-0.011206426851207785,0.05649224286849385,0.0821318229094057,0.09317547030175899,0.2554145640505742,-0.040777923437147194,-0.019010494572274255,-0.029296678199902573,0.04211213566570479,0.08909720981378838,0.12179162255457575,-0.11395585517662016,-0.08688662838855842,-0.016645848696836878,-0.06667608305602418,-0.006542630550379691,0.0791672770932214,-0.02451221874059632,-0.06105939859215716,-0.05468226932807631,0.06901375947477548,-0.08907316055704105
NDP,-0.02523060801051386,0.062527623952926,0.015320868215726185,0.02376595008851692,-0.018033322174780188,0.032899813981498605,-0.010044582447045048,-0.009667511215826215,0.062041109438584895,0.07769695899644728,0.04897899882639394,0.016941420330535664,0.0496849151781215,0.004264848448198303,0.08102454927820092,-0.14119906748695144,-0.00846958190362056,0.02467722691044116,-0.008824769709847585,0.09731030224093429,0.10061508222780369,-0.011992499209097686,0.0810835498550069,0.14198757448524074,-0.021341130032344842,-0.023680761013213005
TNFSF18,0.04466732266063043,0.04159550956847945,0.003750467527198225,-0.027175710375932076,,,,0.0232890754284304,0.0889298991945575,-0.023092884062760003,,,,,-0.015477941747109827,,-0.05906087806900388,,,,-0.007577839593140908,,0.08012046830849522,-0.023959340668529006,-0.044882557200174145,
IL36G,,,,,,,,,,,,,,-0.0206389648549914,,,,,,,,,,,,
RTN4,0.023155660364642273,-0.07144474218090116,0.008237556711669475,0.02752323988360623,-0.004415131948857701,0.0042850852138108025,-0.002400742376208016,-0.157825046261409,-0.2692157564481728,0.07625948288001123,-0.06725039568195819,0.11056999103877257,0.0036000516617738245,-0.0697492678575334,0.11491732466937865,-0.0021188167173164553,0.20912012301705837,-0.022179124212919076,0.08534889700922008,0.05327733570559544,-0.15107978835851668,-0.018868469079361783,-0.0012862789480668339,-0.0012386297830580323,0.06399992229567127,0.024150838054673416
HEBP1,-0.007493520556481804,-0.0586575006664514,-0.02339240063987214,0.0013439477474320987,0.06354361937634694,-0.035104052584199595,0.054317598269608865,0.07758069583468694,0.12478314332249085,0.014476308602556102,0.02292143996696373,0.05190938204235845,-0.010853675408080321,0.04620798814839498,0.058739822632602204,-0.10914456970408311,0.06333824812589263,-0.016128529643906018,-0.06255107844802987,-0.03162207139307341,0.008818032370483448,0.02131181199447326,0.09085176761781151,0.10245105267822396,0.020453973047108543,0.08013217850862414
WNT7B,-0.019319231516968377,0.04973553192546951,0.0027559962917596908,0.030294910616224784,0.06709636548515262,-0.029995041107454302,0.05388379827390892,-0.006700207400229924,-0.09398328112833924,-0.017105225603628402,-0.05382652919297489,,-0.029557499247239244,0.022116945486201578,0.08027742066331277,0.03830403037242957,,0.0260690070603289,-0.00591187848419435,0.03429471640086424,-0.03604428236847779,-0.06299793088830723,-0.02217981489362398,0.02000284764541278,0.07567334159022418,0.09545587205725127
PTMA,-0.03500055018831991,0.029929881166270572,0.0009619769613489898,0.03609789689998392,-0.009474875140291161,-0.022228270079021072,-0.05231879298778174,0.20619136797367804,-0.18526928336294546,-0.021021905114008987,0.11714126320638175,-0.05054985141876395,0.16833362255683462,0.0804903696289265,0.1079240905630736,-0.0028218102941862536,-0.043988637448210265,-0.022520621274373164,0.13492616835697105,0.02078792452146687,-0.11580123812898076,-0.004680062956102036,-0.05176831748895249,-0.08798946795212119,-0.01149817304878815,0.03113441194040367
FASLG,-0.014906172621051792,,,,,,,,,,,,,,,,,,,,,,,-0.0481979449764979,,
CEACAM1,0.0268348026961454,,-0.011647333370536674,0.06107329662830837,,0.039949808423743,-0.03236327653148786,,0.10145360474285,-0.006010015222829735,,,,,,-0.005750701169502345,-0.04971145095428256,-0.009883351726744082,0.023848548389007608,-0.014097430824628773,0.0520929343273732,-0.03733338200516885,,0.0340244133615074,,
PDAP1,-0.06913206702454273,-0.01711327699018384,-0.06942054241943031,-0.026457936734425962,0.0193545164152229,-0.034133770615760735,-0.002923399344679114,0.05199170877964006,0.217569394327475,-0.0014176213693352078,-0.02694756928944299,0.10730756096797193,0.03891394487212137,0.07149183398717716,-0.01781670897452314,-0.016738649889090764,0.08967674990110404,0.05939184247083431,0.019478567837318064,0.09478098495184174,0.004857978161503666,-0.015090400151819765,0.10149681014105816,0.01694336372352665,0.021465332839696913,0.05362311179530813
QDPR,0.010475163377093744,0.038793925074230934,-0.01548088777519865,0.027112483615902905,0.06280137103301772,-0.005625784951803417,0.05837237062940045,-0.061065958011621166,-0.2696453925899436,0.03340521645238442,-0.006400967549509954,0.030131798856544476,0.0723915655669832,0.02089766175558248,-0.07103156591409159,-0.02255594657524929,0.00823410672067575,-0.12265373395421873,0.042843992636354584,-0.0002643378778573611,-0.12568285304753593,-0.008910155537664251,-0.014073907755150331,0.08154927779813942,0.009146071067132205,-0.036994417759633
POMC,-0.002644837840227083,0.01483390171082143,0.004968785978509906,-0.01032426120515766,,-0.002083624230887679,-0.01704236738328933,0.029610546908840518,0.0017351485696649113,-0.004108030541530343,0.017975248465178954,-0.0032576960376657724,-0.03162849962456068,-0.06253807639420272,-0.008573239345705228,0.001977489649787355,-0.08654490535217722,0.03186450075291604,-0.05570645509758313,7.083950592781027e-06,-0.0628399309936646,-0.008966029657444786,,0.01889765184104798,0.03250082943058269,-0.023727022240326565
CCL18,,-0.06960866665774652,-0.03158150413156852,,,,,,,,,0.049957272130444146,0.1370804796331598,,,0.0019354567973457627,,-0.09913093468726265,0.009045874230063243,0.002900934171300407,,-0.024814540494740883,,,,
CCL17,,,,,,-0.02332427907788134,,,,0.005994474342767437,-0.004694340075326793,,,-0.06033080991826957,,,,,-0.046211552124743864,0.04954012801366655,0.02671269415667035,,,-0.003401371258529296,,
VEGFD,,0.02384939482333142,0.057413959688649555,-0.040891109354025956,,0.0156585077153535,0.012818726719676455,,0.12114739563946822,0.015502571022810096,0.015009420844434232,-0.0446135557841386,0.01918374225259173,-4.892970738496156e-05,,-0.020073687502339888,-0.03357540401118654,,,0.03489087752927524,-0.027447311193146244,,,,,
TNFSF13,,,0.05863266315312134,,,0.036221157330710976,,-0.005920528180757514,,,,,,,,,,,0.07324863966075644,0.02138946073496087,0.022568782732808816,0.014391568819098156,,-0.0018073533097823355,-0.006224425401959983,
WNT5A,0.027477971779497273,-0.058011369420442695,-0.021773102606360634,0.03367824731390512,0.010482871516612395,0.007311378193820238,-0.016696919785392908,0.15892662318167988,0.17687095621286933,0.05294687094048752,0.06241519877018969,-0.05270464217030381,0.02822402684583177,0.05807926017093183,-0.017361003759092487,-0.08250164184964057,-0.032420258522715614,0.04505535149273647,-0.020836653382422892,0.06378721971817326,0.00706093560656311,0.00296765543324597,0.01456803879636381,0.005286597038090679,0.010464459822335171,0.0707506559401053
CXCL8,,0.025786800174149426,0.0028304762371170393,0.0013365217496262786,0.033100174141848335,-0.016497811742566475,-0.05334818528966573,0.07448014364758616,0.10048162860562508,-0.06459562301993028,0.04730945581667217,0.012356015257854125,0.013510943001735184,-0.021593857552061533,,0.15027394858955093,-0.030957504572822744,0.10402093198811888,-0.07687361276954892,-0.025931008329522817,-0.03482221283575131,0.03921460064202555,-0.03249576848890508,0.06017499053168506,-0.007655602053685675,0.021769872129133373
GRN,-0.015532332360525892,-0.005544318216843014,0.025982314017650464,0.006403945350830262,0.005398207229495372,0.014329614132987605,0.013810009196444933,0.08529653501882224,0.17710836461397939,0.04370374631515305,0.04768749579716388,-0.08142439075793115,-0.03305195267672387,0.005800332336981644,-0.06555580621632442,-0.16310033157647888,0.022883084697060237,-0.04552488899718791,-0.04024214244195423,0.021936502667924632,0.08998639711266385,0.014460268854957064,0.10398105496431612,-0.11725422269686328,-0.05613120202912899,0.01878569604191452
MIA,0.10552372432074819,0.02622214454654432,0.04023497610425168,-0.05510894182822527,0.03816502011639924,0.07077746589251098,-0.031138977294785118,0.11647600174740952,0.05858551285147741,0.01495474206225957,-0.050877748226022715,,-0.005991210633059695,-0.0313422018067446,0.12147874528387788,0.0013189376408233625,0.020359459869271675,0.06041995945617852,-0.09231109313938843,-0.11090324763637521,-0.0008118692454450685,0.02744645494511974,,0.1317183692936643,-0.03193579262350155,
COL4A4,-0.041203676917055655,-0.0441830328638766,-0.013214998291383135,0.01056721394124424,-0.03885063706023627,-0.012234305488239967,0.01056058241810882,0.05789617786593151,-0.0116895390329421,0.0036492807315381443,-0.00498521705307551,,,0.013646735651002951,,,0.05963005468104242,0.05118585413159337,0.013666257679747107,-0.023578230933700962,-0.05149788284238138,0.03603438084995338,,-0.004951310242162835,0.012732846195205367,
TAC1,-0.040087846176965924,0.025525199642964385,0.010945739691332794,-0.0062716336918469005,0.057318769532992,-0.009960325851688394,0.010272551227905396,-0.042501253479484656,-0.1439949962498686,0.12429416132047552,-0.049755140346291006,0.04545928545840951,,-0.0508024648315784,,,,,,,,-0.045863523581338786,-0.062245690553652214,0.02608258743304008,0.005455397859013557,-0.02044930837988379
RARRES2,-0.04254540797340815,-0.004160803176098284,0.025726648550749343,0.05291948912720617,-0.016949209960779595,-0.024279853415941646,-0.017303266430002087,0.04992082030561691,0.27421044773823067,0.06884531892091,0.02031824338999108,-0.01152562034293959,-0.05568010052444529,0.11179609962538962,-0.142274854030274,-0.02392981673929242,0.019026526806734067,0.004944865075851579,-0.09225896442035617,0.05767085870018395,-0.050133506936973354,-0.010554464797370402,0.02080374305545712,0.12631148470767495,0.09238031684233416,-0.07300771286100363
FGF7,0.0006682596167239823,0.018585330460203317,,-0.0015456279693072715,0.05078707332014359,0.022050591133649374,-0.0011307684666317088,0.029374660469810326,0.08263119230167804,0.025924640378561386,0.021935401510363123,0.04415728022645384,-0.003035093141013775,0.04116751466740511,0.00036586706017945525,0.06973538241860491,-0.016993804615638493,0.061986974818010826,0.04030804891041156,-0.018677746918132312,0.037175705911300067,-0.012612971213353651,0.06143481028804314,0.10733237814401053,0.03796017048580544,-0.006169322994185494
EFNA2,,,,,,,,,,,,,,,,,,,,-0.00465205369398617,,,,,,
HBEGF,-0.06811778835356042,-0.032697645572398376,0.012075664732785207,0.03623201843674398,0.06650480070395247,0.03327694595514527,0.029488512434354026,0.10134590363110543,0.11241707094539498,-0.08059544137342571,0.04099593142948121,-0.04368966822849297,0.07571304022552175,0.017796935716928797,0.11690636022920615,0.04507768384595799,-0.10239373884803503,0.0021955030839545184,0.029290661145048226,0.023474328743758495,0.02094998161717902,0.013149925990014511,-0.0951811752654299,-0.04921123601927351,0.036127111069695364,-0.012194237986436061
CSF3,,-0.02652375177366597,,,0.00520059911190113,0.018397012228652254,-0.03141084868965776,,0.03221290520910055,,,,-0.047852325829253466,,,,,,-0.02771522041132582,0.04214591920283882,,0.02111373383824612,0.025345956950139154,-0.021910425635775152,0.07769349174867994,
PI3,,-0.05089756331938087,-0.04878417014179521,,-0.013645119268895823,0.007170241936355887,-0.07811194434004287,,0.04603287241573011,,,,,,,-0.0976893417518125,,,-0.035216771750627596,0.009444104619951167,0.05703064861905171,0.03929772649371617,,-0.04689588350072622,0.04165574361822512,
PCSK1N,-0.005076822265071247,0.013169139471552306,0.02548165563731717,0.05905981185401548,0.013334039251812277,-0.028872182495297327,0.027387867718158793,-0.15873528998030337,-0.018174213128228298,-0.06176851430704183,-0.07318874591076834,0.11135048280177826,0.044970940791754316,-0.014981868095600334,0.00013892445799714657,0.0007709617973857255,-0.026325067920741314,-0.04552586476309157,0.049716611726953505,0.005747879973340622,0.07275654008588213,0.018911081552524585,0.09306078602845955,0.1308870678672826,0.02746295346394291,0.08845357556781996
NTS,,,,,,,0.049984619597993545,-0.041184119583164584,0.0035616905934027243,0.0061043475318387375,0.0383421089667794,0.0862752296698356,,,,,,,0.031676771423271764,-0.012400366909673747,,-0.010619042394386127,,0.026626296102249536,,
SFRP1,0.06148550109202481,-0.0557827612779674,-0.0034479092837190915,-0.022325204724399344,,-0.025214281823972066,0.025821349160664624,0.025464623907792767,0.06490730052511544,-0.051653162956157295,-0.03470105555155822,0.025984873522977504,0.033584202482879605,0.011028549236039733,0.1052898608469341,0.11647360729096619,0.028177978944057613,0.0032873300719955287,0.0107290548487726,0.050514471341436905,-0.028947588324218284,0.026622015674107533,-0.020052426603178845,0.04800207752264829,0.033538585226830585,-0.010010463022970668
CXCL13,,,,-0.04770873808085412,0.026999311223345115,,0.0034725922297981207,,,,,,0.11847818505654654,,,,,,-0.033094198014853415,0.08303295750009303,,-0.019338324983053885,,,-0.03356053900155305,
MICA,-0.029596141599370275,-0.033757517892522466,0.023607523745912254,-0.014478881742791579,0.014005893433711999,0.06480814450558836,-0.07109545475345988,0.012858201619917046,0.17181908622690523,-0.01260806636021214,0.0113616264549318,0.014175988203019602,0.0009602073345179959,0.006488863643460934,-0.001605242615426046,-0.04753835880628065,-0.14223195003769837,0.05118780121635083,-0.08021904873673272,-0.013464531186061848,0.04527855189798355,0.024966301798248932,0.016993402379749126,0.0017157644315841116,0.05908717257299386,-0.0282381570717624
TG,0.025921239793686757,0.022063562467402875,0.02521364605774705,0.05241533256058242,,0.009352643651920902,-0.026644728646577007,0.016235085374084378,0.0626571713772788,-0.012262379121724443,0.011372823294593498,,0.06007829568160748,-0.007038579656277486,0.021890151546256002,0.00900106555274189,-0.01151750435674043,-0.049516530888323695,-0.0483946958741745,0.020623268384202507,,-0.01746752049894114,,-0.011021876477712717,0.006937161576426479,
ADA,-0.020697776320473208,0.04835301980205618,0.051802094616438296,0.06306209972999112,-0.023599048110464264,0.0013491710060780406,0.0096299111134373,0.04046328126298478,0.21380376941937912,0.010076915061981691,-0.00542832028434492,-0.008630642892686795,0.1921069901507679,0.021121948512446337,0.057402595916758684,-0.11639696220001174,-0.025452603602168243,-0.06461539839301078,-0.03293954089277123,-0.006741142013574478,0.04381624881582462,0.02827194229032563,-0.024898572552918528,-0.00514477339868743,0.04649405359608943,-0.01598114129134299
LAMC3,0.0017793940003086146,0.021312662472619644,-0.008552346284069841,0.04616381056755832,-0.04452058207670783,-0.03694602873936052,0.043451068390915795,0.14283003460651514,0.24874332560990403,-0.023801388864280865,-0.04152660768398406,0.02327497516166135,0.08198209546694885,-0.038085386316096745,0.06144846997202628,0.008118182799044969,-0.08508949208713672,0.040065844901084266,0.004174893887617194,0.023026878244698203,0.006476132998418715,-0.030187108472372756,0.09354690433189351,-0.06075462356581236,-0.02373654966394568,-0.008482497745644546
CCL7,,,-0.020102913749127416,,,0.016087554943080874,-0.03401992981516318,,,,,,,,,,,,0.008932656537328571,,,,,0.0142680377360464,0.04686373589895022,
NGF,,0.08901083995557056,0.03311574997571343,,,-0.013552485008254476,0.008815837735060554,-0.05657823082241642,,,,-0.020167400165876884,0.1094077066578309,,,,0.014785204506857944,0.08662859889098216,-0.04149580214656987,-0.01979480265443717,,-0.07385574406826408,,-0.0281582800624253,0.07658899811915813,
TNFSF15,,-0.0028908943231923004,,,,0.01647862351823998,-0.010269316845587339,0.059140518594423395,,,,,0.011074564469674645,,-0.02300503852688012,,-0.04312334207582561,0.04163944544342964,-0.01760849292699275,,,0.007439773082292256,,0.029152646261983068,0.0389188410875992,
HMGB1,0.03460759371481894,0.09157478082384622,0.04070046956096682,0.03902280184406606,0.02138181271147537,-0.005858313854721565,0.022499227205065763,0.08437232532422748,0.2161904430213519,0.05982600995118026,0.037475370331061235,0.014794777050766724,0.1103803513995119,0.03951215838393895,-0.062103823677171904,0.0035304513970029847,0.14841954195661808,0.0674782532767981,0.10083291098039243,0.04022202715814058,-0.03376193285839186,0.05329504269101559,-0.010474578405827158,0.18900176797175217,0.07494272749390056,-0.0492007114871457
ITGB3BP,-0.0265567399669123,0.04355964479585106,0.02359941371437307,0.013333650438593407,-0.002721671803451685,0.0041481628427382485,-0.0257075514250348,0.1345535137419384,0.20277982627244115,0.005989285071719515,0.10181035893260428,0.0605678859891386,0.09432364662436074,0.09361357051932916,0.02685281196359453,-0.11007890266667376,-0.017096428962590296,0.022820138468065743,0.01786368320803053,-0.031030817747851835,0.011471887915703964,0.03461721868632073,0.016284480498365003,0.13725791237958393,0.019316977170104693,0.04711216735304668
AANAT,,-0.07872887649957049,-0.0008634246407052938,,,0.04445100635767883,0.07165223490308022,,0.01022590195538836,-0.009920765880553201,-0.03278286815929899,-0.055119006442027274,,0.03766482061478256,,0.014455931909374347,,0.016921026495279205,-0.017481531712990935,0.006547050340282376,0.047217481537740656,,,0.014288446804338946,-0.07798393202497976,
RELN,0.064161150581614,-0.05531300653138979,-0.004170366206840687,0.0037419730055190063,-0.0804919734004777,0.010500890806530756,0.08673061214007755,-0.11182381508434733,-0.05717522842744005,0.009297051979835772,0.015204018451456542,-0.008567573284169957,,-0.00047870952262435174,,,-0.05864523023071718,,,,-0.01930222266664787,-0.016098658664800612,-0.01337840870218928,,0.0952897005898211,0.09733927329275939
IL15,0.031538532359702345,-0.07454768232404665,-0.0009305199159377776,0.05412819213745501,,-0.05972362785058536,0.04328068953958422,-0.0365818853972502,0.07212077859204977,0.04462283030796329,-0.07302811012561376,-0.022985569648985883,0.046131931593977465,0.04377353076793451,0.019219287606960584,-0.023613394788617775,0.0074314558101772525,-0.03447360941144943,-0.01940080145105069,-0.004630403431983863,-0.055776914388718506,-0.037807939288142356,0.0908681760831846,0.015134877592458415,0.06307597175337237,
UTS2,,,,,,,,,0.09768215780455318,,,,,,-0.007136115584049628,-0.07416500556111301,,,-0.012330892309693321,,,,,,,
BSG,-0.02485378248607749,0.022678084174230218,-0.03393038877124065,-0.05438111912970332,-0.018532027624521143,-0.03796643331584973,-0.045425775988948085,0.10532639793409981,0.03500686767519944,-0.030696288213536534,0.014482469376672127,0.003312947211300773,-0.04601819246555505,0.09692474028928004,-0.05282986059357176,0.004869960346858255,0.01815483467223878,0.10417750742044855,-0.15492914928183676,0.015613097540514516,0.1584995355432585,-0.020935027308911863,0.016185730740223087,0.04952834767080435,0.01550219196416117,-0.03514929497410196
ADAMTS3,-0.021650617526798623,0.0030923966281213304,0.03826530599714483,0.04754094087862158,,-0.005032045402785468,0.06957253531908375,-0.03533867514648904,0.29484861814272867,0.04513056684929659,0.07223273859804785,0.028419678579775072,0.05586758278461114,0.03607726258451641,0.06082091653539417,-0.08074535989770018,,0.07208095887886293,0.03161239756534402,-0.00032349970260266224,0.05344035774948984,-0.04858258681591945,-0.0496700945491671,0.059963989517252535,0.03344027523817135,
CD34,-0.011727925085667355,0.048117167790478615,-0.00567036110662286,0.014741560340795186,-0.08317866289535099,-0.012980955924265514,0.01925437394731373,0.07083910934701432,0.14939163040694753,0.027656831843610164,-0.059644943259501204,0.0253918846231625,0.07092708117578418,-0.05884878376451846,0.03294478854236032,-0.08965007944332434,-0.011872631174031744,0.09426441867676434,0.018348596871868624,-0.06552054230291111,0.0063922177280958375,0.025630655771330394,0.12820234062101174,-0.03826244350608963,-0.0032027576254748565,-0.03295556703185005
CCL23,,,,,,,,,-0.008829297154070275,,,,,,0.0760791987369722,,,,,,,,,,,
PLAT,-0.015120480940079528,0.04159870225514331,0.06856784602363553,-0.032326560798230486,-0.02169726657368061,0.033183955579237506,0.06707649519577842,0.18891672748213725,0.20425298699328545,-0.03715877993579237,0.01877828214094901,-0.05048507331730091,0.03833919032941032,0.0649247752093082,0.01909425614818405,-0.040942047102367374,0.008765131240234635,-0.07605844924806103,-0.009798223719433315,0.015482382328043229,0.12900260215788592,-0.012969480129883405,0.01729783977643219,-0.04963444514387847,-0.06671692724836024,-0.08754313157910086
NTF3,,,,,,,,,,,-0.04814941131519325,,-0.03624085988164174,,,,,,0.009370162178413853,-0.004839597668211746,,0.025262739599780388,,,,
LTA,,,,-0.009631388117951015,,0.014978154274421793,,,,-0.035004588352906964,,,,0.023840779793458722,,,,,,,,,,-0.049466725654959944,,
CKLF,-0.033733924224667526,0.050097307631617315,0.05460302978093279,-0.018173067522472462,-0.02894207096942595,-0.024659929443542603,0.015453985104177028,0.10617866203607274,0.22580108811738306,-0.018163455814835375,-0.012777712047313993,-0.05793342361947689,0.08647625152495597,0.03747202411514022,0.01763337016417233,-0.08518453021085982,-0.0530168676919293,0.06568334847540482,-0.002358778516211868,-0.005873180172938257,-0.011686782644654083,0.009186653436571953,0.04546176469080998,0.03036623003741935,-0.0644878056148763,0.06418226003620903
APELA,,,,,,,,,,,,,0.033539855512645864,,,,,,,,,,,,,
CD24,0.01779819888449959,-0.04732678657240649,0.02102492589110742,0.011174802577688136,0.022676548907228394,-0.006189667649211698,-0.0006766961971097169,0.1097424422458022,0.034726331850043625,0.03624026270908015,0.1271798147600651,-0.006784235032467107,0.10092140783551687,0.004396134357236315,0.0802785762569524,0.026276978471561786,0.12735951464998432,0.17284554830537477,0.02361270756227437,-0.04414146631523203,-0.03156175319509536,0.027202181631052945,-0.036090178847215514,0.057706620000703784,0.10229721626695748,-0.052301615730209985
HSP90AA1,0.04230270630301371,0.03433672679949576,-0.047713372868406864,0.005323439624215541,-0.03447221214058203,-0.050408520000415874,0.004566286729041812,-0.1265378032531508,-0.25455982415075423,-0.02196949854667427,0.0043338325087560825,0.09462369740710114,0.0002565630901352539,-0.1250656086912659,0.07938913445068892,0.118734834061597,0.2110504225011463,0.0273953529484794,-0.03815335469530419,-0.020882401848623378,0.023646022053511673,0.12178144166409219,-0.023721094332754704,0.11701276971574391,0.10450640108983184,0.06964523435277391
BMP4,0.00734440677849579,0.005867283616762667,0.018935534286668797,0.051509346882840645,0.023314115610147977,0.032343032565521186,-0.06427709132268773,0.14913109654066353,-7.502011978450664e-05,0.034421535224540306,0.04784459393503712,0.06864092453968532,-0.015409715684335886,0.017219092259948374,0.006578364268582152,-0.03782008873439536,0.10305729296725288,0.0009932933769104988,0.04924783643788337,-0.07966007105310689,0.06725202223451844,0.026623016626869996,,0.004772958096403995,0.04848518360970086,
SCGB3A1,,,-0.0406179051200295,,0.0274049389159787,,-0.009942958756733851,0.03230105378902448,,,-0.03434576695843486,-0.035858352188175825,0.010873875352917724,-0.04383170019680716,-0.025019689677572253,0.020180680194503316,-0.008918569040027698,,0.010373219539678883,-0.01894464828156773,,-0.027390578064779608,,-0.035576413005306715,-0.009902795032927413,
IGFBP4,0.02552272332143131,-0.02439852575063972,-0.007745770237885361,0.029646031886502486,-0.07063252876595107,-0.027938532145455407,-0.003216778864053728,0.12961166566685625,0.19435175795528728,-0.04655190312012811,0.008095862908097662,-0.052155606301806066,0.05448585759376727,0.05247727703647259,0.08674640988944582,-0.08745563283789279,-0.14182502149934761,0.013155665488912578,-0.04738109032721925,0.056932072874607303,0.10229136986079443,-0.035766049438390554,0.025136473389362764,-0.10986324775062502,-0.03754573269662487,0.08325052867971007
RSPO4,,-0.013724044996433576,,-0.011421244502988601,,-0.02877638227388144,0.020154713043388006,,,0.007232665578036893,-0.025607807748496872,,,0.030056555193168064,,,-0.07105916011872801,,,,,-0.002420762458306524,,0.057251334988871305,-0.013167166484702555,
LEFTY2,0.029090037749025716,0.07272728572329958,0.006302135315163633,-0.015384583863159133,0.03554194423233315,0.026054231126308208,0.022238540577993442,0.13807988168167065,0.25972821720283007,0.03103841467168682,-0.03134712483512362,-0.025584632611317784,-0.016284495391449615,-0.012661249615990681,0.12832513878085175,-0.09262560460430155,,0.05578885068824128,0.012304823043858265,0.048547520225814204,0.11255570710094244,-0.031632835408523484,0.03780364069995862,0.052936865955165585,0.05319300398087272,
PF4,,,0.033657745413342266,-0.023694263223911292,,-0.04242177343836136,,,,,,,,,,,,,,0.05531455868005183,,,,-0.009080107255933405,0.026998066521852927,
ANGPTL2,0.01417165878408336,-0.0012238301357638398,0.03922127163979054,-0.015182616121520338,-0.04047017097130309,0.022805241723997866,-0.06264551551046646,0.1770950349870763,0.21956250970814228,0.024684698841650993,0.031617766142124255,0.057951675175989786,-0.10403107762665642,0.13668045938708986,0.03574618678224368,-0.012898602895635087,-0.10363552371686025,0.015548581055301377,-0.04345918439911201,0.00047158460048899164,0.016249525791861518,-0.0391304678899102,0.05392409788967667,-0.03830416000827068,-0.07170702032783188,0.09486260089116307
LRIG2,0.03982332606821228,-0.08324595896434546,0.004438640328061102,0.09923989302373022,0.04057348742218282,0.007459877080750273,0.003716542015038573,0.10624705317409082,0.08630924592602232,0.01883148753205665,0.03536207944846291,-0.016697528359146892,0.14299279877989093,0.07482538917378156,0.08958618617758929,0.15010017051988442,-0.037017739833727366,0.06331759037152453,0.012540822166319082,0.10657432859885835,0.10566891658088806,-0.018150600034900335,0.0801327155505889,0.09114458754095195,0.07368409880966234,-0.036816750401016625
ICOSLG,-0.024698624929769788,-0.009237026013046736,0.03861532023062371,0.026522875921937847,0.014784374276073613,0.04822996463896891,-0.025606717571540837,0.07326242810265743,0.14372359145269453,-0.02263738951134549,0.0483522630413801,0.046182543846436344,0.043442347871813156,0.02057814364736423,0.09260726290192631,0.08547728242817872,0.039146414952862564,-0.01154060309567741,0.03914983764015034,-0.016855918797913504,0.06583270842504146,0.01195126222769346,-0.03215197249926366,0.09086210201473977,-0.0028943990285936238,0.16881318868247028
WIF1,,-0.016854697836977926,0.0328725316153503,,0.033592841746732986,,-0.02216129066116506,-0.14842875217199814,-0.11366850982833923,-0.010345431344398212,-0.08144297453790099,0.0647351828565414,,0.006139001774000989,,,,,,,,-0.0720978618397803,-0.06428765341200797,,0.07501015788247777,-0.046425786199505145
NPPC,-0.03846321550526455,-0.02223863081864302,0.04048671741386319,,-0.012955823688166243,-0.0599926865902001,0.013897268198883858,-0.016084086947703892,0.03131525945430493,0.08429999245885952,0.03437970094288557,-0.0061328752440445115,,0.0727803745934339,-0.0812223162954361,0.007233692766869958,0.08662346618212241,0.099015651271744,0.04022338298215993,0.044383015650509644,0.03700840967055212,0.06396298941379973,-0.06926584943661283,,0.08773948443120981,-0.10545793830033041
LYZ,0.05093889689091258,0.020588809547005617,-0.0290999594673894,-0.008398147668062435,-0.008318158857108638,-0.008634941963661534,-0.01401008366416121,0.015712608842674874,0.18966130420967953,0.032307642779193596,-0.03272881137644927,0.004793227728561545,0.03451717997315809,0.003009473115796956,0.08477624928980565,-0.1379012024024115,0.032562501343792453,0.005315161912651644,-0.02820430940717419,-0.011076350113705924,0.012508338328427586,0.024538199782602427,0.07804866490315919,-0.04967089848279226,-0.009795730792271655,0.05857198159651749
EREG,,,,,0.023593701738538343,,0.003823799089357589,,,,,0.002627506156264997,-0.007878343562279292,,,,,,-0.06475345187923613,-0.004989551104202693,,0.054488341488137845,,0.004926857703223755,0.016739275758542043,
SPTAN1,0.062365278762193416,0.0605539696758497,0.01623706086212911,-0.030709590292518518,0.01649093413305865,-0.007700738748858934,0.03377954075802733,-0.03409390574946859,-0.03946934181200585,0.05543237939222721,-0.0009626120738661683,0.057815829649977196,0.0639350357747121,0.02322672027824113,-0.038186476258435006,-0.03780629550566738,-0.0033309603850265584,-0.047979033463236634,-0.049629859681498995,-0.004323734785634604,0.002525041558661577,-0.006803798110061767,-0.03168851345795652,0.1273487947170621,0.06853736821288137,-0.006604051811013461
PTH2,,,,,,,,,,,,,,,,,,,,,,0.022398092225808224,,,,
LIPC,0.0774790413031443,0.0319098746557132,0.04019938866732569,0.01897542698459329,,0.027540585576476942,0.022767974329517496,-0.014424223757116434,0.09645448678597564,0.013063583683839955,,0.08008152927506104,0.07084389108027168,0.07667048927192244,0.06642883686269532,-0.06974391023544,-0.01909900730886886,0.032075792269062826,,,0.047120905646460265,,,-0.04243412317084358,0.019208488960505015,
COL8A1,0.011307207378839827,-0.003028781961283189,-0.01551886176261306,0.060569936880559526,-0.09111327372905835,0.04110817884748147,0.04989019937814332,0.14601359990601484,0.11533851290370117,-0.0439025888048662,0.014427857702441113,0.007943579376988582,-0.08715092769776848,0.04143863821754786,0.07463495407810648,-0.024304463804912437,-0.03606968357263564,0.04333910054661894,-0.04375387557850154,-0.00879117027674856,0.07328880278055608,0.01752861546947428,0.028019493322361918,-0.08657800046140393,0.03035845741693177,
GSTM2,0.024672027299718072,-0.03322321404285891,0.014601840900247012,0.006098651216572034,-0.005319304428455819,0.04072671753873195,-0.021103954686830705,-0.003817468360069749,0.09564841463626395,-0.015467715943465611,-0.013340729559720538,-0.034601403449933496,-0.05621255055036187,0.07468794980434436,0.03413713853867177,-0.11121434102371641,0.06963968515385922,0.04514802771410999,-0.010773358437877583,0.05264553144032249,0.011403552780991673,0.007098134732822448,-0.037695755458243094,0.056389747769823376,0.011147954131775885,
IL4,,,,,,,,,,,,,,,,0.10015095019968019,,,,,,,,,,
SPX,-0.02230810854364217,0.0624947017105438,0.021687646499935334,0.002222050804107153,,0.01350611653249067,-0.01735320689481974,-0.06679220661266369,-0.05908922177550218,0.0656500761015853,0.050255506524432,0.04393163350771285,,-0.03905752706550788,0.027857355300970266,,,-0.012406440041131554,-0.019030638221639976,-0.01794403001295771,-0.1015255132132256,-0.02021121705055232,-0.0070388259808886544,0.21024361996494875,0.07929936338033797,0.14526265988153442
MFGE8,-0.02203551921696168,-0.03389488943749776,0.046931918159157,0.030238087286887587,-0.004472096639531089,0.05374927309477645,0.042418387646282425,0.04326820214613634,0.11746919715045868,-0.029941099416329546,0.022965222657580307,-0.030688091672659273,-0.034102369009732826,0.04801816569097274,-0.01184166604909812,-0.11368220285739228,-0.051811749740038424,-0.03660032897377227,-0.10523329844725357,-0.016295804900122206,0.03425839315822411,0.07037508298654072,0.030969636520968173,-0.028379171319394405,0.06460831342500513,0.10612546960385422
TGFA,0.0013832464771140562,-0.04090133989316749,0.01596731475287243,-0.03231334545683045,0.03257102898549112,0.007052294830662517,-0.02255209251707376,0.11617295140531435,0.12654336719206458,-0.04750250869664562,0.011269191992749322,0.04943889275575354,0.06306198233821672,-0.011067523390316065,0.06322990469276678,0.12730495963367283,0.0006241116595554709,-0.07476843068299927,-0.010412083458352608,-0.015343357997664698,-0.013761186641270406,0.0007029129977168514,0.05206654309168494,0.0870654553489361,-0.023553234585286756,0.013241791908838058
SLIT2,0.02200434065100936,-0.019308691267318257,0.03631231256644998,0.022748161412419553,-0.0012186823828739554,0.03136450005308472,0.03102683423577889,0.019779597719413757,-0.08467713928079046,0.017151730737407726,0.002223970577636272,0.07940959159301955,0.06618660334689262,-0.05376400845301968,0.08901904517592454,0.014684506352096918,-0.016148071069110755,-0.0009615784958205034,0.053638431386576,0.03905147293897742,-0.014152205305540655,-0.010549845241077941,0.004052040704199875,0.03109266813005869,0.022418265084349635,-0.005919707833558818
PLTP,-0.0012117529861162698,0.005313842944789785,0.03778535953483094,0.09613422759994777,0.040137017042739906,0.019222791476753227,0.04276634414719051,0.057718346516307965,0.2671575250498843,0.044206791609217866,0.06630255701857762,-0.05860637167539951,0.05823611673326396,0.11834172692148037,-0.004879948643257932,-0.09176985760330632,0.01172996068415438,0.09119361502373921,0.043387799554089446,0.03096450807588602,0.07756966278149287,0.015467752989891184,0.1708314226401107,0.01702190765352516,-0.07972636264904769,-0.04177560585096025
APOD,0.043716183855591215,0.06673545801353663,0.05427629385684952,-0.04282520233203264,-0.04950856904053256,-0.0009668527464261493,-0.0015702351739202433,-0.09853757508073158,0.057214128036662974,-0.02075443618160049,-0.021521681079777234,0.035519729596911846,0.013825934209692681,-0.06107002152031078,0.02099375951219403,-0.005963965924387837,-0.012363230504878022,-0.179203984967284,0.01529811544364903,-0.055208619805322115,-0.07300116600617883,-0.04272390605576801,0.0879176496133939,-0.04442838917897111,-0.11334720377131123,0.04185864884099838
B2M,-0.05993719711446905,-0.010962776529133758,0.030189550906614248,-0.02673371862648507,-0.02447387465400336,0.0072204562800284085,0.0011997916197292275,0.10442458686722578,0.29406390986950987,-0.019484151304592565,0.11164374232888404,-0.07776502103629312,0.1123936417252084,0.06692495777475162,0.15074967286910823,-0.179116439318809,-0.12867019227919885,-0.09724024826354644,-0.01611312890919233,0.07233451615113852,0.13880285285148705,-0.030187247826870746,0.17818517477405396,-0.19466179556759944,-0.09726799623556812,-0.02764649949772114
OMG,0.016067951423314086,0.032418182364243486,0.05707601364461008,0.023077311876676606,-0.009989250596997165,-0.08267814088059582,0.086394541992096,-0.02770799421315602,-0.11977846393578255,0.1035991573743074,0.013603106691024613,0.04715654351456501,0.005388923559090492,-0.07492198480578113,-0.02698572249884772,-0.09799169792956722,0.04403568148310231,-0.08870475164885663,0.06143541815719577,-0.04852211622173042,-0.07585346838180891,-0.0028168793872259458,0.04974965437275873,0.16480346425393197,0.11618073972259665,-0.043543738931242054
CXCL3,-0.028120775362906403,0.04402588571254434,-0.010796504569789615,0.033776297378574814,0.030241013350389978,0.016092468110931145,-0.04485933374099628,,0.017711607723270573,-0.06996328903523513,0.025112562395201935,-0.026091669659380416,0.11943384752742088,-0.054054630973801934,0.018990315552384836,0.07246800263798729,,,-0.04851855324227021,-0.0034934517229076524,-0.014122813225023055,-0.009137794760821044,-0.01168815460570925,-0.0012571786546773601,0.044746851737367616,
CXCL10,0.006341357709688783,0.07628206127582862,-0.011679524388051164,-0.002465590277510839,,0.057292144543138614,-0.010981339807866376,0.0009052354236397924,0.2199487272430991,-0.013673730354228277,0.06100975755724274,-0.01125127535444754,-0.03359593462334734,0.014069299240646854,0.07816763051311927,-0.005166678295567605,0.04881203621629822,0.02829553022322077,-0.057392279448246195,-0.0011719630685844372,0.022489229207531245,0.017391690617021126,,0.06589291499999367,0.04947545202625226,
RSPO3,,,0.002726536047295779,,0.03981812306035043,-0.07415890813149742,-0.019144803481662462,0.010700805433364404,-0.015864158662542642,-0.0037035761199471053,-0.04346882658233571,-0.03951065918272598,,0.02605755164872774,,,,,-0.011076561498083653,-0.030636767327570376,,0.007391763204756394,0.1120764127241042,0.036596319600395555,0.052972334724718684,0.0999605040554508
CORT,-0.0026110280568728355,0.00551053928208699,0.02463885632547092,0.00925172152724533,-0.053512905758734054,0.022712726996175527,0.014471915997440528,0.004302623845512283,-0.08732876794770027,0.018733264451365347,0.019769949784392168,0.022870508543232845,,-0.04333135636994008,,,,,-0.02301374515723934,-0.03205456454612041,,0.02248130596003593,0.0836414582484928,,,-0.01103320716931166
NCAN,-0.06981266861203585,0.13234648586470502,0.02718980023300938,-0.02152165809462626,0.02898004203935,-0.012841159769654643,0.06109278176509839,0.08944824477394898,0.13119083799557985,-0.05841089094947807,-0.006302178392831495,0.06005545996036056,,0.06835094278548401,0.05856303072479382,-0.006714594940297229,0.05717851318066624,-0.07486529076864704,0.05132433878148226,-0.056688779819383806,0.17312010786771728,-0.022941221219916912,0.022343615083515924,0.14151946798210982,0.062235548788546535,-0.01996025145044358
PRG4,,-0.013467822459806147,0.007479166659838044,,0.026241420767472882,-0.027388330482829876,0.025134579734530885,,0.019686820181123305,-0.005970519176807172,,,,-0.01821421699107087,,,,,-0.02170613570346995,-0.018689864974356367,,-0.0031021710345733497,,-0.06390308058222044,-0.0009671791029144199,
ZG16B,,,0.0030942002754098734,0.01251554605874467,,0.050208131686483005,,,0.012576980180222375,0.010291655893626055,,,-0.011482923579663375,,,,,0.05870550084646299,,,,,,-0.00413558061009469,-0.04620704614963387,
TGM2,-0.005914831551120665,0.02144524861892879,-0.00021207210350640608,0.04759028178709289,-0.01008027051803348,-0.02248065314302556,-0.018639166928444664,0.031811371235608496,0.15671141535195848,0.0046344612160361025,-0.03537597177798862,-0.027763392925307086,0.11022546383786616,-0.04838212908390516,0.10115176175187772,0.058218657245447725,-0.03750718888359492,-0.044591421506729505,-0.08661172765521116,0.07457215537474837,-0.01215690829214212,-0.04318072151510726,0.08595827116980818,-0.06761639071738908,0.003892511964422759,-0.01658812805580434
VEGFC,-0.008040642263467278,0.017285197111461804,0.05249462541756256,-0.04174420438368333,0.053807340096139314,0.05333194731309549,-0.025932306758336833,0.09261650418753699,0.07374617876340858,0.031737960091227146,0.03990003148934975,0.05447837934290234,0.09057301074944796,0.01829442829087289,-0.0023903745247753176,-0.12611035924511713,-0.08576294671578145,0.050524108676383725,-0.02871635563252725,0.027745634578743256,0.05667311393031497,-0.03047016322231431,,0.0009228657023237702,0.08224297598414866,
WNT6,,-0.032695428082203576,0.03250688885632144,0.004151995386063966,0.011264814062258068,-0.022270938143143435,-0.053324681583394956,0.038723403709474524,0.07883542883004209,0.02200424854145346,,,-0.03513491807194014,-0.013505764810525267,,-0.05917031317016984,,0.00906449593521617,0.04139310230690827,0.01494656478971424,,0.04350267580822155,,0.08683901594589603,0.02385808515161868,
NRG4,,0.09231262492055531,-0.03903176302683386,,0.013591337698369163,-0.0344302636993222,0.00964807265170504,-0.019106876726849804,-0.0034079107582157776,-0.0037827796882165844,0.0020110553477948835,0.008313245018740725,,-0.024782322062248962,,,-0.021328437650796738,,,,0.017538559788364858,-0.007272904020588523,,0.11009376542248171,0.046235068269403275,
PMCH,,,0.016398745300289397,,,0.024267658334869293,,,,-0.007043876821760553,,,,,,,,,0.006237332086108784,0.02877469820486671,,0.003983690082994436,,-0.01710879480413601,-0.022173420509248566,
COL9A1,-0.011677994181545604,0.05039258060079258,-0.06166453561637984,-0.003919015743464044,0.029965743026479988,0.013592575183787712,0.08371378227073356,0.13707911829341968,0.1037008660736391,-0.000732546711054218,0.015654875008520842,0.023402626547720306,,-0.005032354103320445,-0.038356733306832605,-0.030721811177256978,0.0442165917126138,-0.02809579260094264,-0.010234275780038759,-0.05519398893029121,0.046566224707620334,0.09490116572385308,,0.13295363954078163,-0.012277219634570702,0.08829982462353704
GDF11,-0.005174147223018632,0.007183307612292767,0.03597240392006097,0.02431455754835819,-0.002986918758887671,0.00040247745512544703,0.02860302403275453,0.15537152764427972,0.19194304350087063,0.012651652563691666,0.004858164914456554,0.024619960467666287,0.026504214571756713,0.06861486337123843,-0.0036558210916119264,0.009518483992454906,-0.11504404743307035,0.005125047325394866,-0.004044971427685142,-0.01983192516990334,-0.014663679889112243,0.022532279433696414,0.09710673161109112,0.10677048052259946,0.04456680551394817,0.04803159999146044
RAET1E,,,,,,,,,,,,,,,,,,,,,,,,-0.030937389601830134,,
IL24,,,,,,,,,,,,,-0.05126125175560489,,,,,,0.018356249005321526,0.004135876769210339,,,,,0.06112985537875168,
SORBS1,0.015488376691219326,0.005265746038868233,0.028562917231250307,0.003700050700978665,0.04690487520960884,0.003350530519069005,0.06061397001739829,-0.012631541734478816,-0.0845440713350739,0.045437438254862475,0.012038524729672775,-0.016808618906478574,0.05145039548317183,-0.032813172166891585,0.019476596857192337,-0.05406330924754208,-0.07502489218469585,-0.04376512039928353,0.014719914053248824,-0.010844854370477911,-0.08210277828522919,0.058617776310297014,0.1053602493291584,0.1144958611637278,0.03200443188986914,-0.015432731048215282
DLL1,0.041015022201281656,0.0028859893416018317,0.009651485109943495,0.0035663091830839874,-0.04036622332039756,-0.03227366483227786,0.026984953692935083,0.12438950875318461,0.162494228305308,0.03833588172715206,-0.0038028456039647172,0.05238877026942225,0.026351634606570928,0.05761834255372726,-0.0404890308362319,-0.05291241039466137,-0.058483877741542095,0.06359713631360603,-0.02130915595165728,-0.059077409773194464,0.06706427323468768,-0.001935689463049095,-0.07690670384832296,0.04594747683998,-0.014536797202369367,0.0197046873696959
TLN1,0.028233479825775044,0.03225005090532867,0.006446284622263498,-0.02258901357868799,0.04019463848684812,0.053836890221440524,0.011107992256024941,0.1501749135886753,0.21051942325997677,0.028334966527514403,0.0008057868714572869,-0.04481740890851751,0.03792060116215356,0.01038195445109482,0.09783447320530876,-0.09045120067839475,-0.07606957303598957,0.0016091287545220469,-0.010589413990133505,-0.034190894654102334,0.11792142593515184,-0.03054456397658018,0.07542372859470693,-0.1359586317030064,-0.033004610633837625,0.015979141939038766
COL2A1,-0.013306753887084534,0.006578530096997678,0.008185197697847936,,,,0.014703914224794565,0.04472790887309024,0.03392116904437695,,,,,0.023783813944892145,,,,,-0.011834201649523464,0.012232973674811326,,-0.0020139332293713347,,-0.00891756514238219,0.015919694541111806,
SHH,,,,,,-0.01227573644409362,-0.015095625847466444,0.042335215841881914,0.0129926287217155,-0.04674202432785405,-0.034517446739358304,,,-0.0009475261641386843,0.10227881534786681,0.09014650704829753,,,-0.06283753070350517,-0.005793894016657385,0.015849838963903223,0.014616383937821605,,0.08795071524288837,-0.06139862145773804,
PON2,-0.005692638662782292,0.08687710387503163,0.005824383374668632,0.0186810391182296,-0.006704178116258249,-0.011281822868664852,0.06811676298496529,0.03773662429554401,0.20572023128355177,0.025452875053571886,0.08897494512040456,0.05300862060228676,0.1412774612428208,0.0964978102092158,0.024052559581122394,-0.10745098007654431,-0.05634509470627746,-0.040376422415698825,0.0057888765352203985,0.036013172232500744,0.03258058011928688,0.01053935476330027,0.02378777527775421,0.08956788780075585,0.02729815847268123,0.017209318351402166
ICAM5,,-0.039357176905818504,0.02507589661332713,0.018377970605815353,0.009567429471706525,-0.0009595548994053284,-0.006195069672649787,0.00691807050737375,-0.056871869938688605,0.04070007361855489,-0.04638969555222898,0.016938156068115554,-0.007063966603414337,-0.04276234319698889,,,,,0.03211908656002245,0.040210874147116854,,0.025722943408161062,0.09679595644129577,0.0018834425687226173,0.10732550523483086,0.175206471156419
HPX,-0.01387686601351407,-0.03744604115003933,-0.009243083832793276,,0.040750407051999345,0.038347227257453716,-0.048130631804373256,-0.019770615889966547,0.11701325190896213,0.026988243387259442,-0.04452082378774755,,-0.010014823760784301,0.0310315574175955,-0.04956028989236686,-0.05922307619874405,-0.027590588609859378,0.028206679184431316,0.028786902657202573,0.011516127133182058,0.02860672446330033,0.016404607694578865,,0.04552291205202482,0.010179764158601936,
SFRP2,,-0.020448857782500624,0.008360868000253508,,,0.04130826161835477,,-0.0085589350021795,0.05198260075713871,-0.045568705501055726,0.030290638832257993,-0.05230480438484797,-0.05059032754854118,-0.031085396536202268,0.0815132080963062,-0.04981177399350849,,-0.11336701702045993,0.043947798120128584,0.04715544246649294,-0.02542489730848298,0.042654483659986274,0.10189217658663514,0.024921760039883972,-0.04942252524252929,-0.06143536782444967
CFC1,,,,,,,,-0.06793806699087364,,-0.006246559725498128,,0.009785007473241058,,,,,,,,,,,,,0.0218039101321036,
CD70,,,0.010458395151761868,,,0.002012109818949046,,,,0.025503135149174898,,,0.06435288423612147,,,,-0.08539895395295485,,-0.04553067551650224,0.029436543479174872,,-0.046991715241999854,,0.010596953487286172,0.016280202046944137,
HP,-0.00211617645986352,0.021243598230922048,0.024450289337990084,,0.059621433328560916,-0.015887891816769858,0.025962537436642733,,0.10102555622433448,-0.08445197484815188,-0.0029734195078544873,-0.03698851751215882,,0.05794034839708361,-0.05747683866457345,-0.0068509821951487195,0.0641427773584619,-0.05188375526696718,0.007700171024056216,0.030140450683156454,0.0509489650810507,-0.004173893137707555,,0.033361430840688294,0.03974610371374298,
CXCL2,0.02200410283900283,0.03535007142276139,0.0705123048541285,0.030147179612229114,0.005212232546034718,0.02955217987397531,0.0026583917519194516,0.02868645966986642,0.07717171146569092,-0.036609841096991225,-0.032074326272531165,-0.07323721313821357,0.13964075402113446,0.0007314302061025354,0.008670943202138402,-0.10593520954506448,0.016793189226968867,,-0.09307849031670479,0.07387089441436184,-0.08979776205245855,0.01901690099148998,-0.003463098128521774,0.032812078426296985,0.006173594777517911,-0.09309859101717026
NPPB,,,0.026779108677828463,,-0.026566738564595835,0.005150417478088515,,,,-0.014272887105527366,,,,-0.03797987401053743,,,,,0.031146480223469438,0.0559847881348921,,0.02401112473144322,,0.09075062647387676,,
CCK,-0.016672880656919697,-0.01622772380347597,0.01822221601659507,0.009006029976945313,0.011084715239472373,-0.0006097245410131364,0.05436217999959616,-0.18372774854460025,-0.21493458590217943,0.1485782099760978,-0.14327877962773886,0.07941676226945626,,-0.09397000757236629,0.06485898537510444,,,0.10861344842688007,-0.015624567100654251,0.00745244265489778,0.020814175229055775,-0.05584531955328536,0.12834230271751496,-0.06449921096399173,0.026591660375668163,-0.03675080762600279
SEMA6A,0.044724822274073775,0.13351307253814637,0.0009712442419296227,0.033699820131114125,0.04774499468597812,0.021761575947257847,0.016251629613598807,0.04949523825903035,0.1660307305407414,-0.01486110291125703,0.04509529294802875,-0.044502869432799456,0.07419553278690703,0.08312957768573423,-0.008904693284130903,-0.01621147757858678,0.04108658168315925,0.039435339299568044,0.08046312579563021,0.011728657165149193,0.06659033995915763,0.05749096500279878,0.08306311334957467,0.1220874461535831,0.07769943594280793,-0.06360962892945304
IRAK4,0.011228513941214076,0.019277194844802864,-0.0277799644993336,0.00805945567225407,-0.006365447063050929,0.030420523497102663,-0.02909254422357976,0.07724414305690795,0.25504623463889275,0.0036869742186910375,0.02316411859604008,0.02990886727011178,0.0933624803043148,0.021361418935670996,-0.03946863281766305,0.096443422439471,0.03447983742350923,0.025994736224478555,0.028252256555586733,0.010490446974079264,0.02613868648270988,-0.055008509153533655,0.03008016790900027,0.09186772862497652,0.0915644964382341,0.08215591384303948
GSTP1,-0.025044770874694127,-0.02298303186784592,0.014756455255501334,-0.025475470343166894,0.0044434816330278515,-0.06253213991789085,0.004196980345233081,0.18332360882999282,0.20002642165583837,-0.009574699904758602,0.09802611239626019,-0.04352167678792359,-0.09414390218399164,0.008398175763846943,-0.05802206580127958,-0.04899146731915878,0.04137972394891722,-0.08651706113163214,-0.027278152063131895,-0.041746903521612755,-0.04502213037338626,0.013317824840948204,-0.09289635651168497,0.06641865837492802,0.0037369276548593643,-0.022892971149645315
VCAM1,0.062146741734739844,-0.03823632784572246,-0.034301346056976566,0.028055747512605873,-0.012053830427346555,0.04905059583122805,-0.023067566105325232,0.12809218335968567,0.23476921898874958,0.05038696914105109,0.06684704130210366,-0.050567815405656094,-0.050432951969836666,0.02515175102270428,0.08509061802010713,0.06783213881465835,0.039578495600172216,-0.05747670836499407,-0.037085174908649834,0.09052359054227242,0.03146460505326084,-0.029125291834555384,0.014706326567749874,0.16858864627294462,0.03347509376009673,-0.005535999418725579
NXPH3,-0.014924982417107735,0.06394062881411623,0.03428021340642967,-0.005170236617199186,0.006483911497129919,-0.004659601942322794,-0.044431931715374066,0.08516029658535916,0.12953543469563175,-0.008667733222575595,0.05684262539530598,0.048965466697900875,0.02400247303313676,-0.00505968473809862,0.07263358175558973,0.049263065715298385,0.12370098039298608,0.028395099926678154,0.0003170661759712224,-0.03857908308882188,0.006280981136971689,-0.043723985295695524,0.020511767595696836,0.1939489326575093,0.06158753624183848,-0.09419222651590319
MTMR4,-0.04796594902583878,0.04033713967689122,-0.03774909703475681,0.02167859617516582,-0.008164328173540614,0.011214412465397883,0.008472943052786605,0.06118139833736637,0.04313930042188759,-0.027954036118706314,-0.05747768670084411,0.05118176261383632,0.06773730886636851,0.04047477023437665,0.06808003425132494,0.055883060712980326,-0.04884665782182565,0.008858128520697187,0.08325891671576668,0.05706065049237205,-0.022712311313591072,0.04400205661256788,0.0334006285709319,0.07778927204034834,0.04504564823915788,-0.018473973531064437
LAMC2,,-0.033182773118943756,-0.04868051137796835,,,0.03518725468846137,,-0.02420513565075972,,-0.006561556414027918,,,0.03831700797187833,,,,-0.044370231596440386,,-0.029675315093992353,-0.01975871174685856,0.0046183623479903796,-0.05704065182539851,,-0.04787709508445441,-0.015918380714994622,
IL10,-0.049604811246501845,0.027114990123774094,0.08476837080436148,-0.002299788479836124,0.05262642630370623,-0.04743661369317648,0.03380217051578438,,0.06096396508774678,-0.09105882995066085,,-0.05944243335391161,0.11610509398593657,0.041063581242582234,0.0807025931202886,-0.04945415081545043,0.030620241222225484,0.06851260988724729,-0.025511755335747958,0.011907474324192131,0.024039099098322293,0.020656667863594,,-0.028525233846261273,-0.1047459138703648,
SEMA4D,0.012654045947283202,0.02750773381426415,0.03822504295338593,-0.04003207022794149,0.03232454315944244,0.0070859771241755486,-0.012145703892283335,0.01939733158002122,-0.07716182553048795,-0.0001546893436926867,-0.030240275868009443,0.034025184779896286,0.03225305451711492,0.018005224303872927,0.018722711646726335,-0.1695161852880663,-0.05957873045070248,0.029421446882896676,0.04983319039063965,0.028199073176313084,-0.06928580519304685,-0.018327611868107135,0.038920593539448115,0.10099640507681612,0.08153573936951636,-0.09823179921390231
TRH,-0.010066684724780617,-0.019594620193661785,0.024259557175087605,,-0.06350784981135393,-0.029881850410968077,0.014974133096149804,0.11094648912713724,0.04560848576189014,-0.0722500761895362,,0.04223865820421276,,-0.01209367558471565,0.17044861103867845,-0.056681050969467996,,,0.06363871878025955,-0.010062221383857093,0.04498340365615635,0.022289892922176594,0.083181784986745,-0.03724684454027077,-0.0119310363220583,
SEMA6D,-0.04962798389493008,0.11031000686669772,0.06751433030071216,-0.030330562334605682,0.019580262126682988,-0.0010570939695058131,0.12222019332433981,0.13353495895916087,0.1530905702345043,0.032117682982950924,-0.02101906092287203,0.00428791427952721,0.01756119507198703,0.030987129584834582,0.0018103530841053722,-0.0373211759043887,0.0372101673054374,0.011943952136073018,-0.005837283136431689,0.1091114087336132,0.09726122754225146,-0.044169525018108176,0.10496389641496454,0.05758609660280848,0.07688551509293369,0.019043964773312327
CEL,,,,,-0.030973611072291386,,0.031810317946251956,,,,,,,,,0.07308913761018934,0.0025913035379653967,-0.060256640858353215,0.012313165752753033,-0.021155208963000167,-0.029568693879653267,0.020436578543461918,,0.04054215803675898,0.09632352009831457,
PDCD1LG2,0.08035493118018067,-0.0009994612264579794,0.04316094685783037,0.0010139255265061494,0.02950777617424912,-0.04221724091777891,-0.008043813004892108,0.10404180565756141,0.11330903800650376,-0.02939445529716307,0.012117432332964828,-0.029906115341276095,-0.00921389227040915,-0.02036312266488466,-0.02925101192022885,-0.003661075420804684,-0.025192596756979047,-0.00242776436481533,0.037814423424994255,0.06171341132271838,0.04662386713091025,-0.012784467663827253,,0.08675122201216451,0.05534710259524869,
SPINT1,0.0325055598111773,0.015910720503976496,-0.021604318448145997,0.03568898759578891,0.012391550417868486,0.06634160931342023,0.03021450760251226,0.06760205946876287,0.1085512516694511,0.07613407808357296,-0.043598003291054385,-0.07929177009023787,-0.020984122559806917,0.07186797727542392,0.06461136945306381,-0.06563161034007263,0.024704458036587974,0.023705623779863034,0.002371488776324392,-0.006307419203398198,0.03204124884152079,-0.018654509774296283,,-0.007910905902894422,0.02317604895692289,
CTHRC1,-0.005146069666440908,-0.004844420924198863,0.0225150755983711,-0.01651779783083044,-0.03422617330671567,-0.05121756727599999,-0.003122218359056153,0.24187290659888724,0.18195838735044542,-0.021546916029783623,-0.0164910424145024,-0.021752584656887744,-0.049480386467397525,0.06731130743182162,0.056675885654590544,-0.11550207264324397,-0.14022303284880203,0.062046159625165645,-0.002947733805216379,-0.004857485296630147,-0.01738392598069399,-0.07265253901543947,,-0.01598555870581492,0.005215078425808781,0.10049037229397831
PODXL,0.006609535640170454,0.04012033427366291,0.02256997959355112,0.06323335439434816,-0.04781327962318086,0.019869650587061714,0.003700705095270484,0.13929378863937075,0.27814718422468476,0.01767404237994017,-0.0144480679395521,0.07530229214113364,0.1271582449943747,-0.030905243553624354,0.02482964551188113,-0.09651449530619771,-0.03918468647394963,0.039922265779255645,0.011446144407842751,0.08838365549631574,0.05444390478545072,-0.025864876680585177,0.08060328703192134,-0.13674216222665395,-0.06461113366330329,0.08954430858448968
JAM3,-0.018690160070316517,-0.08522536691793511,0.013439006036874371,0.01868018623141839,-0.022290659558203824,0.014577971736955103,-0.013654372280569576,0.08929267438285186,0.1388112713495911,-0.035890152116100124,0.04962274689190437,0.014853642991246927,0.07095843595753466,0.053585771978720546,0.06115339126547813,-0.16589597447158572,0.02817040823464012,-0.07198838051682388,0.06618637959616872,0.05031930960288004,0.024921517100462677,0.08747476041978382,-0.06964687587551036,-0.050691834880958506,0.09060897050944934,-0.01420165538737971
TGFB2,-0.008270483065336117,0.035405215498934,0.029567952049594535,-0.03150309157895956,0.013771554074997385,0.007112872942966398,0.06550621165078152,0.042215955043067674,0.28974981746588996,0.004915586079816365,0.07477300643423548,-0.004371143017064568,0.09902721053204065,0.07918033466731295,0.07566902345612588,-0.10819427206890332,0.0656363687949799,0.13315016521851208,0.04458106354067133,-0.007923773258551876,0.04900008085448652,-0.0060540592009463755,0.09916088200783216,0.04111476122028679,-0.020211334286276802,-0.0019296016937489413
COL18A1,0.027519213202613732,-0.0061334159111876485,0.03196919361396249,0.04773694601069946,-0.028997972980280968,0.03357471207647587,0.10393406226697313,0.14577576566641576,0.22341445512318772,-0.05880668725859521,0.009632833617557112,-0.06932188204041423,0.07771261170529321,-0.03247383937031633,0.060522916445828176,-0.13907150096865376,-0.041177957560521984,0.034781893062462405,-0.12461299894252847,0.01867294328756744,0.048620807843171875,-0.027511479910673688,0.00817300678797113,-0.18682048958898578,-0.08261911082537807,0.0843110721970634
NODAL,-0.026335379340494635,,0.05630279976133702,0.00010694684149359275,,-0.021982121457321674,-0.009154999066469716,0.1293844212196867,0.14294629223222485,,,,,-0.042130988073878134,0.0352481998481457,-0.145511732095788,-0.09099270252561269,-0.04204272805217585,-0.0003366407430478291,-0.01729869051435646,-0.017729823673657736,-0.03507540586980762,,0.0333815300329602,0.026193374145065104,
INHBB,0.04783586652425003,0.0153181378960529,-0.05070411715853025,-0.02127483878707054,-0.01603829067650101,0.049274148861088364,0.043030085154629624,0.014587900307046877,0.16594429903429986,0.029037469747588755,0.016723982358232387,0.06466858391665715,0.06739139495813484,0.13147192127556437,-0.005549812488408993,-0.010270950661542589,0.01567509031798435,0.060232032945060944,0.049603760644642975,0.06328064310635734,0.015812061452569158,0.034297924992564156,0.08455420152646533,0.19901930059685757,0.006845793095338349,0.03859998812261325
LCN1,,,0.0017629869634391705,,,,,,0.10920702260833516,,,,,,0.011710186768481647,,,,-0.05463745727898881,-0.05203417272597573,,,,-0.05113661986830516,0.015807167963622748,
ARF4,0.019955038117172204,0.07275009840655641,-0.0011638117721925086,-0.018355884725040763,0.033236804730789216,0.028926440780804037,0.003009360075606039,0.09674855375198507,0.12712953433937244,-0.047007445672086486,-0.010274026239266163,0.03933971605127687,0.10116521059704289,0.015345609574848738,0.02903492130048658,-0.13061229342130273,-0.06084993648490327,0.06216252230884963,0.044822144617355744,0.018848328395438593,-0.005152743267886884,0.0013366131545068704,0.10365941506806034,-0.10332478121321918,0.05571008698722002,-0.027006518968415914
CXCL14,-0.04731063543218697,-0.04206007469403042,0.04481046952396228,0.0009869914934889166,-0.01965340021478755,-0.04241895594254649,0.006271730744060335,-0.11778076854114237,-0.01983550294783891,0.00152271325401785,-0.054976628278402405,-0.008937878060189442,-0.07753760739477145,-0.019996747338913635,0.22324504354915695,-0.031041203009193934,-0.09131462634351487,0.06270968965098687,-0.062391798534787615,0.09059451922963148,0.1947284890301682,0.012448482262588758,0.09065260093931325,-0.01204227898833594,0.10017847022498934,-0.012270613349553653
LIF,-0.03935530309054832,-0.03983184112430103,-0.03324265280492155,0.04394983696767913,0.030159704732096344,-0.030795840548695122,-0.04074017774507377,0.06725780456993823,0.11214956099080363,-0.06099838805100849,-0.03402358471616666,-0.0512135644926628,0.08372413144338221,0.026550468498128622,0.10850727232709463,-0.03675921658632532,-0.060219759020403614,0.026001467442860884,-0.038789584736538936,0.11040625726126604,0.03331111210213588,0.007101512420838131,-0.05577450602892789,0.03175105038490922,0.058253181170321244,
IL17B,,-0.006609928591878986,,,-0.02308368611206252,,,,0.12854127941595583,,,,0.16221625801444517,,-0.02789976613623934,-0.052971195965166515,-0.005684389924582965,,0.0022216926577984493,-0.010459420780834044,,0.010517653612192245,,0.011934212574965302,0.03736413214332393,
MMP1,,,0.009365061577798994,,0.03592636813595172,,-0.04121303859478644,,,,,,-0.17213558041208155,,-0.04075110514592598,0.03878611578744478,,,-0.00997523861946894,0.08830858090400925,,-0.05248958946955741,,-0.12086167250292447,0.05859084494646126,
MATN1,,-0.010364146485086613,-0.05802107797031935,,-0.022659772163321757,,,-0.005344021058549898,0.037438509613709245,0.011280283910128744,,,0.05305834710383863,0.025528934341535584,,,0.04880623715938572,,-0.015006485868192261,0.012743050680946583,-0.0348604557792627,0.0009888367659719151,,0.02301869906718196,0.02420985425953443,
ADAM28,-0.0002987110943845122,0.06167465194955462,-0.012229765338747938,0.0008743904506166153,0.025854644301668478,0.022216740552398587,-0.0005295888985216158,-0.0038060369117222438,0.13235915337367002,-0.06455366016284451,0.0659278077140385,-0.02202421410947993,0.00571529687956387,0.021896126041777625,0.05179538229005954,-0.14842553122090726,-0.12601129280009069,-0.043242944977300884,0.05178965040556438,0.01242047350892321,-0.028081612579675695,0.005809956626028852,0.036619227761572205,0.018450773557902683,0.01847540990082725,-0.015903800830975385
TCN2,0.024270843505843954,-0.05369404751726111,0.04354137438698766,0.03486917708180234,0.05666702554707507,0.03163743331967784,0.09894372723271393,0.12221550273654672,0.17411601087673492,0.023724147266487656,-0.04061586111332058,-0.005889127710414325,0.042338824239194814,-0.02086817879233555,0.07148437277462653,-0.12492005603583971,-0.024260221500843542,-0.05669475306531624,0.020061477943469953,-0.07794545448709042,0.0915633733377846,-0.06694122063141628,-0.041370536852977084,0.10405285723747723,0.031234053010461484,-0.0323407371039993
THPO,,,0.0966372015767916,,,-0.003183200258831672,,-0.04420534741041641,0.033316324056439736,0.014900374181012248,-0.00028527569168143406,-0.05985954345297859,,-0.0035086598740745965,,-0.03379975983998807,0.05814306133225472,-0.023462521598579787,,,,0.04529863732680096,,0.0548035006592534,-0.0015359341405187282,
CUBN,0.011753007293899298,0.04905660504809653,-0.004154589981672031,-0.038597833936541266,-0.02320123038929704,-0.019933954551343083,0.00906106661950824,0.08116884814631256,0.07927602154128052,0.06070239487755312,-0.06266392715396592,0.10187980629680428,0.013333451557439535,-0.022068744776247196,0.026952014927726194,0.06000684741007627,0.030815680503156175,0.05511046827352441,-0.02814382355195229,0.07971329048040429,0.015624241883124617,-0.033041458110275514,0.021087719143076184,0.10186986382861551,0.0443566209634901,
TIMP3,-0.008861300938853496,-0.001854345312871012,0.016351843580560785,0.013229738443352105,0.057668816893619225,-0.040713982024122276,0.07105198906435198,0.002869370391394869,0.12468412829746646,0.02065315496014558,-0.04782399938363797,-0.004971283751386038,-0.042851784770827066,-0.02147314707336079,0.007656978374367538,-0.06777705766479919,-0.0667998818215172,0.05056282503602795,-0.10455810784488248,-0.04146224536147262,0.07063883732193088,-0.05993143516694312,0.0275715755553687,-0.09203514337884905,-0.04962668483312345,0.07591824358046072
PIGF,-0.047028674432808004,-0.032625936875886906,0.02474049968664158,0.031772055571488746,0.04710494078023725,0.03303732244691771,0.08117059149809619,0.12021551056787144,0.1434672678390863,0.010920235816485878,0.0424199700551866,-0.019079758305342736,0.015261567013224009,0.08003104254053807,-0.003411102235499067,-0.12476581372371336,-0.009514626824386497,0.019856948012503296,0.0350628997834681,-0.0050902236585777414,-0.011956257863314303,0.0332717000273727,0.07622302111802942,0.07256312174426224,0.08314990916844418,0.10831544818718364
CRH,,,0.031600088033181005,-0.021208795404892136,,0.005478064654773918,0.008475963123301008,0.009252440010050537,-0.020489036895125018,0.023823845690458357,-0.029564006585495933,-0.01885400025502432,,-0.010306513134708874,,,,,0.042765462648044594,0.047793585653076454,0.016276994618132316,0.000279845718610474,0.039512227036636934,0.03619169066534859,-0.0035770233100209025,-0.02169910121676321
BDNF,,0.055047201492672504,-0.01597011333152059,-0.01889201904623066,-0.035617749100229606,-0.03451506058597891,0.01375913768488379,-0.05671518045631543,-0.20627681941741383,-0.030048983680076937,-0.02188264457195361,0.07334594853285265,0.026357414868642563,-0.02349976297930161,0.012229883160072761,0.04113435425149689,,,-0.03642532998651891,0.01931569716888936,0.002441427481464175,0.02816167168892108,-0.08188555997465587,0.025787303528603173,0.05285705762836241,-0.04895026032166779
CCL5,0.03934592741318605,0.003928752034663651,0.004119499473900896,-0.04011184151858652,,0.021011264577747414,0.034490690443307645,0.028292126540712864,0.11303718304233366,-0.06112282968811742,-0.007589095750971852,-0.016454141244586596,0.15475201216896925,-0.03223642888262754,0.16300229439477695,-0.033831830965901644,0.028501177434325384,-0.13114421599608478,-0.0633206573591609,-0.014573708686718045,0.02195141618459364,-0.04175406239330695,0.04664565761380317,-0.011739179154576647,-0.04320766696277303,
GAD1,0.051839720448434774,-0.005269454044696777,0.017846540584177766,0.021050871688495086,0.050949926471093,-0.01010829908316403,0.07212552940374822,-0.0916770325127779,-0.11878568814378578,0.09346226638615558,-0.10325371155508009,0.04946540983434373,0.04507084699855118,-0.0715161271750902,-0.021584268345044132,0.05535901529005215,0.06747633302591857,0.00627104835995582,0.011163846982650816,0.0639285247533207,-0.026426577836652945,-0.03564489713428859,0.07588617954530982,0.11329589482975669,0.05715241726653979,0.014577376585967059
COL14A1,-0.009618393605919298,0.03217811058731963,-0.04745271943492955,0.002165020374546039,-0.018188975879885952,0.004569612777849983,0.0392980248990047,0.06084076753039885,0.13407933364139213,-0.012059657067700746,0.012206210170180075,-0.05377860026952323,0.05634503854557821,0.08920416267894837,0.05941011461471174,-0.10617896468700294,0.02894368678420206,-0.02288186383915761,-0.1088107015861377,0.059064388828090765,0.024816437341200044,0.005191124963489771,,0.003794980109829942,-0.009215762858235756,
HLA-A,0.009378600356640896,0.0631886217314621,0.0064738737118364064,0.013749697483964632,-0.007573901446370605,0.03492411069383431,-0.05017893076636386,0.05505136147649154,0.3031020782308401,-0.027200854567356304,0.045376289162781636,-0.08722686050776965,-0.1367505893899302,0.13788687062328375,-0.08425789153276911,-0.1467023770380222,0.002952190989425207,0.0215603027720214,-0.11682726040282902,0.0585288871137648,0.2124749429217577,0.037711955037099475,0.12423907738783396,-0.12574636302544034,0.012615232846638704,0.02252364592672294
CD5L,-0.028125594288630144,,0.03909569090352971,-0.01661380494373298,,,,,,,,-0.05261255997684603,,,,,,0.03757853382577136,,,,,,,,
FGF18,,,-0.03479601399931505,,0.10345406093283001,0.025784736252757103,0.020231294518248993,0.039768862056398034,,0.0023510299662701734,,,-0.020156698222241434,,,,,,-0.05599972945055777,-0.050771547407073084,,-0.05764628222775218,,0.015263089838406046,0.015355274386677848,
ADM,0.011885783544246365,-0.08116090737148919,-0.0641702572547864,-0.03945592670424907,0.03124654095318417,0.007455375756517902,-0.09763010370986731,0.11303833302208031,0.19144675655253743,-0.0712753084168136,0.0024741422976965097,-0.014077454813602227,-0.07305797506306187,0.15144893901483078,0.03561263347677527,0.1794796125035738,0.01950629544825602,0.18600530450273042,-0.022668978148097572,0.002481721261799651,0.043110762089633145,0.011715097744986774,0.004241563327711458,0.06369442879616201,0.062214608882717994,-0.08516967602207486
CCL15,,,0.039675349304620404,,,,,,,,0.0207631203467321,,,,0.04389671376288904,,,,,,,,,-0.035221382854205396,,
GNAI2,0.030467592908915347,0.0480907485500346,-0.012445648571353067,0.04451343358453559,-0.033169580651468154,0.032908122116147,0.030190407795062737,0.15115415161321302,0.18733920723007919,-0.008806702700443494,0.0661500960911499,-0.1105166025995946,-0.08488085287107945,0.03869030242783475,0.03472599452558084,0.031104315357130007,0.09163329337997159,0.08116625554273865,-0.04440889353688876,0.035999010884072376,-0.05736445763382964,0.034275545765942855,0.013212488678957393,-0.011112616113632358,0.016463612422942475,0.033603453588087286
HDC,,,,,,,,,0.17385459827489033,,0.021864675197947735,,,,,,0.019241107224638777,,,,,,,0.12666623047663522,-0.027267153585632146,
COL11A1,0.08508650050104273,,0.02293842724491772,0.0036648883972301353,-0.00693451552605439,0.040537060466379234,-0.009657266644179915,0.18892968125832288,-0.018100463785377705,-0.028431961549390008,0.017580066593949967,-0.015474342331708356,-0.050137207009537145,0.03635015576677197,0.08418753345240328,-0.019152011490194343,,0.030523545499940505,-0.07906931888918699,0.07631326658451291,0.033594389425748786,0.04039935852624307,,0.05587793795300044,0.03865315007417232,0.0642338407200608
NUCB2,-0.029128790623316227,0.08674693863784178,-0.019661426066515844,0.05146831667575699,0.04330972535390817,-0.010178083796463289,0.006129192491844903,0.01851721061652831,0.14878759736364278,0.015252151432514963,0.03539420794539144,-0.028312437951267977,0.04941173175139767,0.004459848068249209,-0.02521047649023771,0.0974273654271673,-0.02207056668526509,0.13344794357346798,0.08341957602452253,0.07234158940861371,0.019950368732339716,0.0037101863288329356,-0.0007932699035343969,0.10296571939813168,0.16368711218949392,-0.023010103571791132
FGF16,,,,,,,,,,,,,,,,,,,,,,,,,0.06452622367899043,
CXCL1,,0.00872660371640234,0.06128541361051386,-0.024954551467837253,-0.01318685547195183,-0.001428499314431907,0.03714494084597175,,0.029940409347235134,-0.05889323533039618,-0.012489087104707777,-0.002032489153351768,0.17301113726630202,0.01567093425770783,0.06905620339324531,-0.08809433975314436,-0.08105876444188118,,-0.056243379080807204,0.048194295874969914,0.04114435816624103,-0.03446245509460187,-0.07252721372859397,0.00874266688076891,-0.038968199555472184,-0.11177349002334025
VCAN,0.04682529687550572,0.011864970474764787,0.006813906509279412,0.004452442795928709,-0.036045581420555285,0.00013630315335221862,0.010696295834861572,0.16522434212661952,0.18642691085094354,-0.013569052393331189,0.02348796369014626,-0.07579590103087162,0.06484866774342835,0.10331865786325818,0.021339986210883375,-0.041647662219215974,0.2550039757164605,0.0546166387946109,0.11015574602748288,0.0026952171819342305,0.03064742760607444,0.10876336804589286,-0.013540989764495366,-0.05287955859380284,0.05545295091260682,-0.07337941447635898
MMP7,,-0.06377405510674324,0.03661088516089887,,,0.008324357369806367,,0.04045897502432552,-0.008303163009546758,-0.008793416127639698,-0.01411289041543293,-0.030621373662270347,0.010310950457166627,0.006853450265937781,0.07015684992437915,0.004417779985622544,,,-0.029990931070070462,0.06413303090879978,,-0.01616869346106474,,-0.0890220425315747,0.047920615648561385,
PTPN6,-0.011367883269292398,0.0035106654936384618,0.035959921538569604,0.028731334003631325,-0.013677688923306716,0.035653409228958564,0.00655530294013538,0.055004686560160984,0.15762064397305886,0.06543751624760209,0.03718994184663518,0.012762560222290376,0.09724195067411309,0.034526369656148755,0.05623448506675211,-0.12528042811661763,-0.08700963174714776,0.03292272367618924,0.007906515584265273,-0.01996028610394959,0.0030398297799154044,-0.023942830178907085,0.03987143596250174,0.014880388141812742,-0.048958734010248285,-0.027242980131758333
PTGS2,-0.00868845955554994,0.008752716063371727,-0.02417819101300303,0.0390530203966503,0.01104561980644327,0.020834479667345186,-0.022749528283274444,0.029286453473580026,-0.14842392083456893,-0.03531659974139852,-0.008795479890360246,0.07390265745066563,0.02814280109867146,-0.012158793483978289,0.006910769295500375,0.024628414653692282,0.005750554413712268,0.03532427780349602,-0.10045620527462606,0.04035275449107551,0.010327815574779542,-0.08322475905901539,-0.0058018035120674495,0.03565000761271527,0.03992781930299024,-0.015002609243445828
XCL1,-0.051189507657578896,,0.026920303247455278,,,0.024610918819557646,0.07062551233620568,,,-0.03509536921236076,,-0.045198181198047374,0.0625888076685721,,,,,,,,,,,,-0.020787981518744655,
CD58,0.02056442796766824,0.04631433485349788,0.0062048377144808264,0.06658915492994874,0.01725692874362554,0.057604671957177125,0.04161002814723889,0.0560793450090503,0.21908416696085484,-0.01455885268805449,0.04792189311222162,-0.011739907421152147,0.16150941305630725,0.08829662700639034,-0.03349190695721869,-0.07141812050813309,-0.10352496818349825,-0.008138287719326492,-0.07122367680262087,0.06741561458668721,0.01352505567013364,-0.0343372014396143,0.03788752251590638,-0.026476118977943303,0.042237210821013955,-0.04342706788611632
TNFSF14,0.04887949931331876,0.0433045991769902,0.04143266789862732,-0.02880775357913888,0.0032573945288471304,-0.01461782627022446,0.01490298381887788,,0.07878079744583812,-0.105848684395086,0.005594276786203691,0.01671547897288545,,,0.04545249656984023,-0.07430565556769704,,0.03475459470306883,0.018374193568406163,0.013855619291766945,0.004946764272847994,0.0035235315567367005,0.043270697854688726,-0.034304324887761944,0.0736719415019802,-0.004852317891289108
CNTN4,,0.042928880128935386,0.021883816461104027,0.052849727351996154,-0.016569389770342387,-0.007432921693660724,-0.03753615233849576,-0.028934654310422744,-0.10778553575877106,0.08680558493235296,-0.009199722056372334,0.02628724817551962,,-0.02001393615594764,0.09230163595210175,,,0.06225544737487367,0.04547570014202831,-0.049809649558804736,0.01392903686591789,-0.020289042995046306,-0.004250526409018313,-0.041624631232628446,0.06540279587103265,-0.009951568499733167
NTF4,,,,,,-0.021655397108285818,,,,,,,,,,,,,,,,,,,,
INSL3,,,-0.011173910530227961,,,0.029166826488218268,,,,0.01989963422097175,,,,,,,,,0.02401206994203428,0.051202309498218565,,0.037104027196219365,,0.0016322863658525758,,
BTLA,,,,,,0.036311572050792,0.017205516675005514,,,,-0.004734403385004041,,,,,,,-0.02849242628208451,,,,,,0.010436095403001902,,
MFNG,0.023213698593469934,0.04117169721844709,-0.047025073424218536,0.01739930453246295,0.01220973023734038,-0.03531391359090449,0.009599471128051927,0.108501991693853,0.17633563533499488,0.028889044257490244,-0.012488715996654253,-0.038419148137308526,0.03861552884589964,-0.0331878060400497,0.022671943978123246,-0.06673177781531667,-0.15644304412168067,-0.0024728264283491587,-0.0008876766756795451,-0.006675616360860938,-0.0007211229486804279,-0.026633634413271632,0.11184542339482188,0.012045605340834343,-0.03400007412203638,0.08009792675052016
ICAM1,-0.02142109945261669,-0.010765291524828028,-0.034397793384124374,0.007611498090748664,-0.012022977515138176,0.05276094548677625,-0.04064673927430579,0.12827218711506083,0.29264714763776406,-0.06917812493006067,0.034584823875457256,-0.012188769963585897,0.04855497448926754,0.032210176975381734,0.061271435576136714,0.07381239715732765,-0.10115196065480637,0.024236402843649918,-0.06415408654576034,0.00018175064872085647,0.03544719162167393,-0.06215438880614171,-0.08045755186963137,0.030751343037244413,0.10392034934505617,0.0464998772257857
PROS1,0.0001671885663555595,-0.02808912482495912,-0.016701060530162067,-0.01168433408791122,0.006669270833996148,0.0025101484135048283,0.007774843655989234,0.06237892596659591,0.27040349945256803,-0.045434531813871824,0.06499881288740815,-0.00315799519947666,0.05896228113398707,0.04903433548089714,0.060551877973284506,0.03842196315262183,0.026703519500579316,0.0761820593116492,-0.02014020631736153,-0.052912095164609776,0.06582532274389813,0.013462616047074357,0.027002323542723198,0.03545625535151244,-0.00046783595323327914,-0.022415760804176996
CLCF1,0.0358977406306656,-0.07229406545140851,-0.04302847091688349,0.03652453334826434,0.01968299489731275,-0.04358092322451268,0.02715141012138018,0.0774929865217807,0.05320231745643564,-0.04447819815041787,-0.007414069532600398,-0.008093090752110834,0.004910193705320667,0.024953791722576172,0.019951494459102458,-0.046054525392975845,-0.001086426225656506,-0.017446012530674678,-0.050554426485029225,0.018200095470148808,0.01921500286071826,0.005313103437951182,0.046726103858685,0.02361076484222761,0.11034504875191348,
PSAP,0.027941144788829787,-0.0023278206457128647,0.053980935074853215,0.011564248077733858,-0.01747518132116152,0.0045446860215673625,-0.034332623909206286,-0.138386330164517,-0.14013180023831986,0.07635181950415594,-0.010193752336626163,-0.026520777132195705,0.01958256005546157,-0.12084673667937097,0.037988265253503475,-0.1124845036806222,0.006300208896747758,0.007437139019373906,-0.09394505079630934,0.055904277457420715,-0.024327998876213248,-0.04688004571765691,-0.01560958534093751,-0.12119332707238498,-0.007985024444787561,0.030804581297350597
EFEMP1,0.05274430382236772,-0.07868369493554588,-0.0149096331808838,0.06339933878973036,0.04145189666547245,0.1015189956635127,-0.0017490416177352887,0.0873150342734496,0.1687341559501766,0.007955627203395842,0.11277148728826755,-0.08704742993997923,0.03919798241035842,0.08815452468506603,0.14631372870246034,0.030138980512661454,0.06291143640730962,0.09271611659620843,-0.009411003118276052,0.029943143009353423,-0.009853692618717007,0.03089519888324518,-0.007106822257004138,-0.15310220715997822,0.03272683367993699,-0.0063294567222756054
C1QTNF1,0.014094758090483566,-0.017235092365383713,0.005118707248587976,0.026311244846814203,0.09375585825317422,0.010582914163046962,-0.0005685722821174848,0.06247271397804448,0.18278440795743478,-0.00661940532521505,-0.04019351483225819,-0.07184503045618212,-0.011133726656322663,0.08219004637656652,0.0905356734479794,-0.069893501181904,0.0677880216397446,0.06535732436960494,-0.051413817471605235,0.1162271698291221,0.09661642053985664,0.022866792768882056,0.08723625058003072,0.03368900530013912,0.019694738659323238,0.006810055958729828
ALB,-0.010699807206753561,-0.0039203489155376706,0.06239266598196163,-0.0014684958868790758,,-0.0008050957907473867,0.053458252661322016,0.03105056028576436,-0.043776861078257366,-0.03451143725960525,0.044466392207647594,-0.03662517125166217,0.08564438084301079,0.008190779496692205,0.038025273809949,0.00713712626510027,-0.05648772783845391,-0.05170330026611004,0.0032472565890240687,0.035995973236744805,-0.03984921634858398,-0.05699783353885014,0.0177381266886702,0.0258799573097637,0.018571076980510148,0.05255115047796087
CCL13,,,,,,,,,,,,,-0.03282986080939663,,,,,,-0.013375176319288607,,,0.0556904918124966,,,,
EFNA3,0.0030109536166761175,0.007236307067683166,-0.0011900306826208866,0.035210535432785295,-0.0014170108917072916,-0.0266573362555346,-0.044671464636934055,-0.1221131205409938,-0.15872129217217915,-0.04707789328038974,-0.0046859682519785695,0.04496418804398431,0.06380488669544408,0.01732167369327083,-0.0037489430305787633,0.0969981833064275,-0.13132524678235213,0.16831948034155672,-0.04342654803558316,-0.038504043452130356,0.02861326720071756,0.033168847879278845,0.012016564019075129,0.12037843663267317,0.11802288917970992,0.06083505985830638
DRAXIN,0.022342260899032886,0.13027460848237696,0.04689833501824097,0.037727501751513993,0.06068027564426838,-0.029181783403659498,0.0352153750088492,0.12066251004442653,0.19227620981959034,-0.04698443706269686,-0.029042911666169957,-0.04989327651365296,0.10356976921285697,0.011604257604287235,0.044063105651319816,0.05709301034661346,0.0765954337774792,0.03465855075290088,0.026356893110733453,0.020905705830558716,0.030843004486918985,0.016450921670072373,-0.04161279739145215,0.010189147765692972,0.09508860006356909,-0.024020193138685482
RAET1L,,,0.04429934636714482,,,,,,,,-0.053198582541090784,,,,,,,,,-0.025839917710395278,,0.012445896275351738,,,,
NPTX2,0.02847416281177326,0.029217715650501106,0.011117016852240353,-0.046969367287031084,0.03333615432690895,-0.0023413030790978184,0.06251030743539081,-0.15408069370025504,-0.19362111428864479,0.07234671859768345,-0.020147459834447472,0.03047454868694304,0.06114419208208374,0.03332666623182537,0.021033208968169504,0.039970531932586914,,0.04849746568778832,-0.010120722939931243,0.0033788564845704102,0.04014374998241414,0.02698902306527264,-0.029819403541268774,-0.06279556850670266,0.05683830772854146,0.10161618444936239
FGF11,-0.025179838316753807,0.07179305165174987,0.024760283686052233,0.03615158373600423,0.05166283004883762,0.0011437681882704256,-0.023507110039761563,0.10631565532884978,0.2294690843534544,0.014972906504520616,0.03795468719607055,-0.013352735239346651,-0.0805684862709607,0.1179647118058546,0.0065474326332233025,0.0650524857278017,-0.13669389357939238,0.007443186185747763,0.032703888481367564,0.02515489492330774,0.028591187338897834,-0.04051348225389804,-0.018948390278114388,0.18262416676216786,0.07831598080235146,0.06513787878133033
CD59,-0.06686200062304286,-0.017323648888093342,0.037099789627312175,0.0011785171255328387,-0.010672958561237173,-0.04223943317148331,0.008787436549618851,-0.07661553318700548,-0.13314461303880196,-0.007511212786272235,-0.03868593932305457,0.06868165846119959,0.000963493570886463,-0.11150478895173932,0.15623338056460898,-0.18106854513522924,-0.03980812721238138,-0.050024345403789444,-0.12351030601309441,0.0857500228375431,0.06665897033414782,-0.05564551889710245,-0.032078985346878565,-0.07544228425268001,0.01377906311866596,0.004156424558993447
COL9A2,0.029279255718592054,0.02438965978283396,-0.016424672202472658,-0.027272097306578976,0.03814751631182368,-0.0034326107829493993,0.029647426735043825,0.11198362237812522,0.08392638981702573,0.11454053835773742,0.006223855951072887,-0.01831366580020773,0.10509045582598839,0.08244820206002881,-0.012501855781180732,-0.09727739725742138,0.04232309609569469,0.00972760495482216,0.04039111169182992,-0.014902298049647872,0.027757713071136673,0.055146387962261456,0.05680892656306197,0.14748011970911554,0.02885489625954697,-0.0013976445495074955
DLL3,0.017639714973644503,0.049307350281919106,0.05313337549829118,-0.02305092581909054,-0.00019297650458458085,-0.026655281184355124,0.06684816652070963,0.14556676462481308,0.11743656366836652,0.10295985171881,-0.012102357361197667,0.09196368238236255,0.1116451171853006,-0.05868391934843152,-0.04830670589609664,-0.06181424132600797,0.005334390488005118,-0.03181625723138737,0.1052582482499714,-0.03305003956434867,0.05110803321377183,0.003585291095900276,0.03979386951623417,0.19437564099006227,-0.03676504568212688,-0.027370360908312102
FGF5,,,,,,,,,0.0014397129534464762,,,0.024582378013674074,-0.02422677579894249,,,,,,,,,,,0.047669859586463796,0.035216917261207265,
LIN7C,0.0027495651580725033,-0.0340930312840221,0.037194206506398236,0.0008133551730239574,0.027779808982325998,-0.029394292213962104,-0.02362685622598231,-0.005923718812225035,0.08555371949826185,0.03405100565424744,0.006046955341871755,0.035809623523522134,0.09470277779335043,0.01798009741224875,0.07097452183128265,0.07428675335036246,0.11081575349194209,0.1066622215896044,-0.009790715817781065,0.07961969870039984,0.00813737315368464,-0.0033765621477649895,0.04665263644682346,0.07587994182867593,0.061062174345132524,-0.035894276699331935
GDF7,0.08655361757310814,0.023118725289605544,-0.033211138742145395,0.0003432207301371382,,0.003737159817952431,,0.00735579493646792,0.048837184266444185,0.02457975775646119,-0.010965052086703862,-0.03585708601957925,,,,,,0.016847146703824162,,0.029565761067602874,0.04148479676722196,0.023594463188483617,,0.022987824041999907,0.00047717263104681543,
PSPN,-0.022581402585620768,0.04416021037978821,0.02865720431994095,0.0008557431551657333,0.018915413624732483,-0.00193678350267858,-0.010875180267914652,-0.014251648918085853,0.017244678331001496,0.033944499813901644,0.0064722436520445945,-0.04597937916515072,0.05504573923969226,0.011722021047330507,-0.07420452936595281,-0.08242466456762054,-0.05904780394677598,0.04362564716575251,-0.05168040732339028,0.07853941623947601,0.07157177688350704,0.011438333842816378,0.0006853990664716449,0.06353032518571318,-0.02297404253015834,0.13596494593752234
ANGPT1,-0.01729009452336288,0.0348775967159513,0.02135374017710137,0.002596829251592331,0.011963100451386158,0.010886899255703643,-0.024276666386757427,0.023451399042759207,0.18649559610825084,0.06985999987577113,0.05160274507961408,0.031113941257485032,0.07664495800962312,0.009623686180075725,0.08215701130650044,0.04237062671238101,-0.035669222017674515,0.0807475941013628,-0.06966204013261768,0.0454075350000388,0.04369325067551819,-0.001022858669125214,-0.009097503108955175,0.07311374360574226,0.0687694769801779,0.025090268772102797
PNOC,-0.0034307894381119196,-0.006705978789781308,-0.019485116562488917,-0.008559502085498534,-0.027929730907718865,-0.015698787787805243,0.04300340977556132,-0.061126861872566204,-0.13352272787220051,0.12751404761311796,-0.007284246530084791,0.048272687762529576,0.10239642466363465,-0.03926191929811797,,,,,,0.03457105117937722,,-0.011070125339046426,0.0527500586634162,-0.0058419894748850945,0.053871379222870726,-0.00750434813766986
L1CAM,0.0813667161383177,-0.04500633658936274,-0.05169781312549369,0.004958779952272375,0.005242459200914689,0.019685472945617538,0.0468314036410617,-0.0128719208897027,-0.13359410879911648,0.04352010570304236,-0.010756051574592907,0.09804929567717312,0.055471365067438425,-0.10090750282096135,0.0411080908942541,0.058021103925719505,-0.13463823516713927,-0.007513367389012422,0.02851094388355928,0.07307071034711558,0.08384646399820786,0.02460810312510011,0.038835663520766124,0.027235172013662358,0.047344713227323275,0.10054934469611344
APOA1,0.0022865290417152773,-0.0010132275091654596,0.01871416983928891,0.05737956851901369,-0.07457873612261945,0.002744807128318878,-0.017433067623600033,0.015498374076287904,0.09933642981902092,0.04882883577872985,-0.011867626754069929,0.0010042926985808149,0.022430530866859536,-0.06634230312120605,-0.05096361398546712,-0.07753598044982474,-0.007818581697085703,0.031226532327395397,-0.0310761777374564,-0.0005117295138819452,-0.008033237831456605,-0.020947761152075594,,-0.020906076981274335,-0.0399076871488085,-0.05929610124226952
PSEN1,-0.008701241567413061,-0.05991102336481775,0.07278306472398315,0.014133672822378446,0.10066894989385046,0.038472877813008524,0.0378362946156563,0.0835452262866079,-0.012671697308269227,0.0034935015338922247,0.013194588057272775,-0.0047317811556054235,0.04883342292576692,0.023826229816739816,-0.02079449445382185,-0.046050470774348484,-0.08437283004272805,0.02398470535063078,-0.012241555220059822,0.052822245345862086,0.0326685899763412,-0.027104138037756083,-0.03218417797491941,0.05100094128977724,-0.03256008269645008,0.10753959730722325
CALM2,-0.056664692701869204,0.05423959912256555,0.054157534346996924,-0.00506623215868667,-0.005029473546105141,0.020836428031670223,0.1145249705386137,-0.1335244856102539,-0.31454289513846667,0.09565302157187044,-0.09262627117835656,0.07845870379491926,0.07306832358339649,-0.0984685033330115,0.0890926943186384,-0.21812047477174154,0.15960952326792466,-0.07974922502302251,0.06203374306792719,0.048495255264963975,-0.042242169413330394,-0.027205788791324768,0.08063952790458256,0.06950485783270056,0.008527303634346272,-0.029175990842335735
CLEC2B,0.06861070331780297,0.002297794200124108,-0.038876512119059736,-0.011433841504827194,0.07410717202641715,-0.005996170957844068,-0.029666010941845265,0.07162344575231408,0.2176747267182697,-0.02050183560154276,-0.08573008370800353,0.016360235261108726,-0.04809728413968307,0.008540172793619969,0.04305195742927221,0.08652699944312803,-0.059396798552583445,-0.014954384899929082,0.07767186251355265,-0.04134393639649718,0.009682531090577585,-0.0033150959071929806,0.02529315286165112,0.10422971742928622,-0.009832500380771853,-0.05696644127180995
NTNG1,-0.036628060035557124,-0.04013852719675585,0.06133746165973987,-0.021813800946712043,,-0.00027036840503161203,-0.017419435614494223,0.04711668381468627,0.08076807051629728,-0.039717503150202914,-0.02793419319503425,0.02075632423157483,-0.046171370142922705,-0.06441857189793962,0.010065519364918958,0.07456460684346401,-0.009758738766523585,0.061170143514359024,0.03959733007219038,-0.04083445281664207,0.00217968386414416,0.05910686531882795,0.009511532549385335,0.11826995908580923,0.07285923716558572,0.09780116344120618
LRIG1,-0.0009567578854236685,0.01931845663475839,-0.011471468635976218,-0.028092989268494142,0.013370018980604862,0.015172215083306012,0.0673535396050382,0.059869823572115934,0.16850964077040348,0.004580392903950019,0.018046875793313936,0.06262417188745992,-0.04322436268193015,0.051135618938857326,0.024327950626238857,-0.17162901602877478,-0.010872377390381317,-0.013695845603925427,0.08481113310639007,-0.05778750626332898,0.12424338461716732,-0.014477490251087759,0.040615166806747774,0.07862961401709888,0.052912910182173555,-0.005665606606057123
CPAMD8,-0.04786996551557536,,0.011116083378405752,,,0.035696866293633424,-0.028338133283737868,0.0653241668931494,0.004300334047597567,-0.01906649151624246,0.010308696828041483,-0.070462211348203,,-0.04072175670848481,-0.046171144222301265,,0.04739643121590826,0.08991263986611953,,0.021472991958856564,0.01937910085230681,,0.14168988539516816,-0.04899085122789736,-0.03510689895266255,-0.03906919982001764
GHRL,-0.05250164164455136,,-0.015697701870691288,-0.021781253532074225,,0.03875469001854313,-0.0342898135553439,0.051132337440564744,0.0705721089385449,0.004263452088038698,-0.05148733557846588,-0.03372265214584733,,-0.021120749226880932,0.03898750647799509,0.05807393509686857,0.021786434502397388,0.0382791384654546,,,3.420124725674161e-05,-0.03774508382284701,,0.04901723201222343,-0.00908035220382739,
NPY,-0.04009913285011362,-0.034067103725189535,0.03976128269307748,0.04610369597333678,0.06771997097856156,0.021128897986748937,0.06132178612444122,-0.08230127078220004,-0.10367010592397102,0.02342978709889613,0.07684722820272774,0.07976681493855568,,-0.011408987117939692,0.014412866192754312,0.0018255470145210292,,0.004367362479477895,0.04902125517912635,0.07041355002986631,-0.03148257495303722,-0.032904776222891556,0.06969701226427658,-0.021152289385444258,0.06660373539161973,0.11199592929504429
MMP2,-0.058979372402051436,0.0532047734058405,0.025511028108486423,-0.05842634532358323,0.010752455556907738,-0.026264898048921254,-0.004426543141994813,0.1549871652706332,0.24154750432233726,0.018035169280710146,0.020326966098991078,-0.03637461695547164,-0.08574605779523152,0.05402870466627185,-0.021254485740534387,-0.12016360094429421,-0.04242837403842386,0.08268714054236763,-0.05745305332047527,0.047908751911031965,0.013254243336449678,-0.02277851250856962,-0.016090078171560582,-0.023460287487259677,-0.06104181402785339,0.0008660286575543043
LHB,,,,,,-0.06195111134078998,,,,,,,,,,,,,,,,,,,,
PPY,,,-0.0012272223573306384,,,-0.017608572475337023,,,,-0.0205206812935984,,,-0.0017032200777696875,,,,,,-0.020731681969502577,0.03155061611765037,,0.01945498860628936,,-0.00975345633156723,0.03195920104755898,
ALKAL2,-0.0011255095957509755,0.043980544970169864,0.009345990663460643,0.006275062603098323,,-0.02335901480588932,,0.07687243158227917,-0.06127059019178018,0.022166092868708086,0.01976480367426995,-0.014320685987762701,-0.016331346121279303,0.03223220119516858,-0.033725005520546116,0.1038371478197857,,0.057651305042835506,-0.05659298045482048,-0.04220156976963123,0.0052161292839092285,-0.05407309199715656,,-0.0016926934003154335,0.08647455375204925,-0.009198978420799886
CSF1,0.009369005482006879,-0.06797339015447777,-0.01399463827607875,-0.015995353573759533,0.06804809926444773,0.026334170837062836,-0.013493814249173878,0.11531513878751934,0.16252898400001656,-0.03075711977002939,0.023090008437278643,-0.03997482710557875,0.09318124570837356,0.07960013412992861,0.14035833004340453,0.08931160271680783,0.0028450264737820375,-0.020323752834798738,-0.08911181457837823,0.08712191616177044,0.10711270639896388,-0.0380388924370161,0.115387768967264,0.054383283133896516,0.0023817841105738735,0.044589322954047925
SEMA4C,0.004574704998200113,-0.03420976910516916,0.07319223865111354,-0.050171766302927065,0.006159893425932474,0.014323104652511614,0.04864955399683428,0.14650368596936322,0.03565556789456582,-0.023649177520000366,0.0226662219159527,0.050314220346680934,0.052676668428881634,0.06735346499319793,-0.0043164080972557806,-0.08329538645574826,-0.03466270581840796,0.07297444190916455,-0.03796184431496051,0.05073170214390276,0.03672044069886675,0.03808891971921019,0.049959606544549715,0.021254069165885157,0.06215958169334569,0.04183495065069392
BMP8A,,,,,,,,,,,,,,,,,,,,,,,,0.007930650614032806,,
ICAM2,0.030070507850247407,-0.012554261081160468,0.043904942202582446,0.004485479387551662,-0.05262083537525071,0.005316752966753303,0.06977483663489344,0.03331088913584284,0.09899677101880894,0.004752025584327655,-0.06078654482252684,-0.01865573391700363,0.0814992076601831,-0.031760411061992525,-0.03146019609539025,-0.13634777360242978,-0.10119134778795923,0.02335978328621497,-0.05671756000646882,0.02070858687277242,-0.021239781814452036,-0.007769568635147958,0.11250637229100172,0.043710737022528465,-0.023758040130185856,-0.025394477016667805
SYTL3,0.09703564206376727,0.02709157737883481,-0.03195085795364693,0.010921814583714221,0.02277030763571059,-0.010042075952928936,-0.010930122011893622,0.07122636729005262,0.11305505276908559,-0.019529073951742727,0.015946223674339843,-0.02006380020126478,-0.001041216543590683,0.004264695088869684,0.04803773893963036,0.055857367520422814,-0.08126018490915832,0.07734402635155545,-0.023726185092543765,-0.029521092033139292,0.004212072922133013,-0.03719446400118942,-0.05285572922298361,0.047067578009295494,-0.0029096416215256544,
IL1A,-0.04218776670771376,0.019264773627962667,-0.01591245391478979,-0.018064484474511745,0.03438804715773865,-0.018528415161470253,0.025399477874776477,0.011755627316502043,0.08256806575335872,-0.07889791664425722,0.08558431293544763,-0.05578839489142615,,0.014632086273587282,0.09738346560500616,0.0749492518324844,-0.08903298003101473,0.04052716304416843,-0.007021567051819938,0.023507125270126158,-0.05388252871053485,0.027090998436145222,0.05637824487620925,0.08582938393353194,0.022671521135487323,0.11665250977599309
HLA-G,,-0.05499553919152007,-0.05666691906297914,,,-0.02087950902642535,,0.04746991993615556,,,,,,,,-0.05198692264553418,-0.16992717905181925,,-0.023780924346980842,0.03235383595603313,,0.0608985031011667,,,,
PGF,-0.022757710394829614,0.0350688442387378,0.04526572086471529,-0.0018367493425944436,0.06877364163332336,0.04391675407075943,0.059512175518542,0.13606864403385172,0.25967625797940525,-0.022621583374220027,-0.01617924867669869,-0.038926525370378225,0.0811792223752726,0.032970364325823794,0.12851599969398425,-0.11088409923857584,0.017891813938689625,0.11107431104505164,-0.029086122532159614,0.025666004814141316,0.07505902213850874,0.0014679505096765499,-0.017866826197987327,0.025471789660686625,0.0294689391798247,-0.008904113602013904
LGALS8,-0.010900351964834708,0.020517666351299018,-0.019350361307895962,0.05416104068794042,0.022071248587430946,0.02187475431021101,0.012000001049114205,0.06239719376382435,0.06582520710631215,-0.017430029045224584,0.00022509034076052052,-0.055299042712739936,0.10877163422025635,0.07611549556852097,-0.04491393782207833,0.03624698763341567,0.06338866706120418,0.06881553865204039,0.03299498032640736,0.014950058026096369,0.11807638383350962,-0.04615802144298677,0.015935797576065388,0.07385923079525383,0.053422038907779634,0.0262674701074747
DKK3,0.025449593487695217,0.03972812009237413,0.02140098396094879,-0.037402061927577175,-0.02787329528207081,-0.005832856935214546,0.06031584474138315,-0.19309723565479728,-0.2128981833169573,0.03743313793613546,-0.11445186915098947,0.06799194524519166,0.03892168125325541,-0.11829678589519366,0.10781921600497339,-0.024311239692191698,0.019007495283710502,-0.033166131535313795,-0.03674265607300414,-0.0335623895968567,0.09425845386189768,-0.0461184887287185,0.06595957254573365,-0.0072279318047666335,-0.01640471634430524,-0.06405365044116479
COL16A1,0.018472198927949202,0.033613700695968134,-0.00042816297380172464,-0.017833934974160557,-0.022956437731491145,0.05791050663952437,0.022037609775108654,0.02436104440217597,0.04674379624793074,-0.0046629546223019855,-0.0027612772928838187,-0.0010604953274366146,0.1285793432040071,0.10549579131769997,0.028122203092381122,-0.11539122006309535,-0.05748440568414089,-0.061767220464208045,-0.11728834186563374,0.06279120951652277,0.025373763755831738,-0.0014054021142329207,0.08298472400690274,0.05877626221919758,0.02541130012378477,-0.01051531430121534
TPH1,0.05167417966715857,0.02656720695477524,-0.01482181926212788,,0.016618625908229365,0.00028243735096277964,-0.007824856903363615,0.03959684495097115,0.028052711804272816,-0.010377782604778073,,,,0.009235572215552275,,0.07206017599699419,-0.05026727514805044,,0.02333489206110751,0.04758625172236249,0.015937807448370103,-0.010699799961080633,,0.015136108048540892,-0.022156560031148936,0.03891208594353984
TNC,0.043452626763526445,-0.02799737143673169,-0.030060303643118284,0.032134758677416886,-0.028777769959786474,0.009582012186610075,-0.02255801695857464,0.1327132536407281,0.2701088873512796,-0.08921180201263637,-0.01656340885958072,-0.032537772387442265,-0.19285335357647768,0.10472967162150462,0.1611896811091896,0.11353609043361483,0.14237931700191356,0.10665420581964845,-0.015263439143705341,0.11691791405886966,0.08835184215916368,0.04628720794319737,-0.05806360631152811,-0.057322138509534805,0.09205256198706732,0.050325994188884296
TNFSF9,-0.020514598877574067,-0.07328042189470979,-0.014825371623874331,-0.060593342047415046,-0.035198036379495694,0.034649864264879704,-0.03171523236274643,0.03775465577941986,-0.05148508200652956,-0.014254612848973915,0.034494369983685075,0.07247302378719173,0.027284309051705806,0.0214223702434683,,,-0.02523679987609039,0.13756158027778506,0.014260378299530899,-0.0023601164842341287,-0.07633934488269226,-0.005394466113240301,-0.020972760227540875,0.026150015098336525,-0.021301945100409902,0.05054267700066003
C4A,,,,-0.006641325514131938,,0.026940931094490632,,,,-0.04601861278924756,,0.019315333089894974,0.05147845811204344,0.035553003022419725,,0.02916939225832222,,,-0.034865555071900096,,0.0869270882155336,-0.039961635216718,0.07372656600015935,-0.00841841776704454,,
CNTN2,0.0441219255198245,-0.0038903471911372555,-0.001521799976782464,0.05231811221002815,0.06566703209381404,0.015779309190046078,-0.017748605229473188,0.08137628086092377,-0.09801842606560394,-0.021016047135828945,0.06701059676682428,-0.01730450201509276,0.06441789476410278,0.022181871541410592,0.07323864663154174,-0.07542548276127192,-0.08922437690237185,-0.11820319533006629,0.07128566221035527,0.0020789748056610773,-0.13426265434435064,0.012561620737843511,-0.017353338868000417,0.014650729971452508,0.09208130078444346,-0.0060682215784899724
F7,,,0.008905391860401419,,,,,-0.009175957372712101,-0.0004499138892663655,,,,0.062107363243775124,,,,,,0.06530500548735314,,,-0.03595062368997304,,,0.04330916081905931,
LUM,0.018877956612721417,0.05277144633297361,-0.016929979438016576,0.0004518012246805284,-0.06096732001291576,0.02138735035062847,0.07005559961386351,0.021335713309414035,0.24445854427826105,0.0160916669384328,0.03467707078136573,-0.042454972354473604,-0.10156318318574373,-0.032138700266038794,0.055740412328394655,-0.17718295395399716,-0.12127109073076506,-0.03292142372308252,-0.021772828802570962,-0.04462597454093957,-0.0015819377501632107,-0.04582709196990609,0.03447173461444624,-0.11864974989413431,0.022155024257675984,
IZUMO1,-0.038024708991849294,,,,,,,,,,,,,,,,,,,,,,,,,
BTC,,,0.07386995124831323,0.014030996091487006,,0.04418828371394794,0.01690076406109021,,,,-0.010629829507599086,0.03967490380448208,,,,,-0.11188450170911983,,-0.014746614821849566,0.07559740012141535,0.023097181168004206,-0.06559793770579173,,0.05213523267463293,0.01877554593690656,
APOC1,-0.016068210523970613,0.03448078233570877,0.077401940157727,0.027651586485467526,-0.009985165663434607,0.0027354678195126787,0.032952551945247655,0.16045321379288568,0.30071918354150323,0.035517438513054694,0.06550042538988161,-0.05481610836028471,0.10133518539112453,0.021315685185850114,0.059170605165057795,-0.1327070310252307,-0.14599039309968875,-0.05126074260284445,0.0889212280560182,-0.03280333668064514,0.020083515435318406,-0.019051329392518662,0.0424245912758072,0.005113406230172815,-0.02877087943574563,-0.08589574148869712
PKM,0.008553082855942673,-0.0734217358718464,-0.00392771067098138,-0.018976645150037188,0.039335230999733455,-0.015452339194618038,-0.029384427294623396,-0.017893886755471697,0.17930816903021718,-0.036544110732938485,-0.07757143232166634,0.04531267183087945,-0.08412868072055955,0.12394932863657211,-0.07218276776607972,0.08747185806870593,0.008080851379774294,0.023514932173728853,-0.026882496828077567,0.0850886897556771,0.08700926342878945,0.03293816366673569,0.0822752928216268,-0.07653740244288221,0.10214987429431473,0.027009481828117767
TNF,,0.05682784530955203,0.02456627430846027,-0.003798070944122418,,0.017828701361104933,0.017170733510622066,0.04262276899103857,0.07256221651431903,-0.04666443011938445,0.009521590300594199,-0.0065170680459026515,0.02948958891835459,-0.003371658088091293,0.039286269709116584,-0.18995346020843076,-0.12325397333832135,-0.03532930838015457,-0.003140945171956629,0.022814633840961433,,,,0.08095127972954283,-0.008484939858508312,0.13742652031105118
GNAS,-0.030959719933465434,0.04260237744567551,-0.024548008182631687,0.03236534258914224,0.04695563021547074,0.036668269463655256,0.07485635089781185,-0.1358534345921146,-0.17687744984175022,0.05456210745422653,-0.033778668805960525,0.03279041623360047,-0.06585735642904113,0.18526056426762955,0.005621675171508633,0.15979162905174696,0.025693367540785293,0.054125958626512795,0.016541999165540174,0.0360780732027585,0.17816804167918812,0.09045790313567477,0.046727036556176695,0.05747483613570783,0.009127875393605208,-0.060491454860824787
BMP8B,0.0044707213597968785,-0.020821529378890306,0.01871352173893905,-0.030865559167349215,0.03644693259157684,0.022852998323200736,0.014647138963616935,0.09782221008853582,0.045014151708711245,-0.0668676900443542,0.03280933258194622,-0.05288965731917875,0.02774145537636573,0.05218768022870275,0.045765315445313745,-0.02168406764369057,0.026898678388461272,0.0817800067697955,-0.01890275545231546,0.027969844341899947,-0.014085608799052332,0.0009730469169669814,0.00541735442326846,-0.0282829337861274,-0.039810366231399746,0.02171736935152228
LIPH,,-0.002278902919775269,-0.030773399369743534,,-0.03082664579950582,-0.0021582434056047115,,,,0.02914647023990882,,,,,,0.03131085024587698,,,-0.027362509578723195,-0.02022048213367675,,-0.044942560432719214,,0.08306995666366901,0.021919150829956463,
CCL28,,-0.03911327098112487,0.02865185748813836,,,,,-0.008208861617952149,,0.003971593720930041,-0.02026907269824912,0.003445798629188631,,0.05216737518195557,,0.05476070838372809,,,,,0.006028411579440011,,,-0.03566264510104414,0.009198174891986429,
PTPN11,-0.0287495324886437,0.03867014495003371,0.008877693185812354,0.01662288004229839,0.013118635896803624,0.00998854586659565,-0.0002156248574681487,0.00787435699545784,0.0946347352485851,0.06273181716948895,-0.02817650133734221,-0.003394395643397968,0.07861455053128827,-0.03294454651501887,-0.021528894483195494,0.045361469676724886,0.1170466001720174,0.04003245749429636,0.07200845902165749,0.07434506081528594,0.047639966872626116,-0.038647949368198486,0.06099873180913953,0.03956275719486219,-0.0047521224709559185,-0.038479106747360936
ADAM12,-0.051572117354881694,0.05708903722216907,-0.03902531498251205,0.05467892579114739,0.004396599310868124,-0.005291526017377558,0.010814148178466057,0.09021127454301762,0.17629369897176655,-0.02541487580068239,-0.026555350424794052,0.003105183979167381,0.07738966679028363,0.05416276259004766,-0.01600769934873913,-0.10319365777852324,-0.06928099835702962,0.026792284406053524,-0.05312781056486947,0.04867795895801716,0.07965749460496258,-0.010987587637248728,0.014562063275797956,-0.10444208595251207,0.021236389359753926,
EPO,,-0.020698749942260904,-0.0014958853285350576,,,0.01665680452181764,0.043744879606591916,,,0.052217492365896234,,,-0.0025391293800253656,0.046910113806347783,,,-0.0035720055741026648,0.07945211447290287,-0.05726176669328274,0.06429763425151967,,0.04724497684135119,,-0.015247164904155558,,
EDN3,0.04593252331828856,0.0014627661080511072,0.027127567043367114,-0.003936187678424262,-0.021722270319624207,-0.09629077890375079,-0.02118428634305579,-0.03327910079216903,-0.0006062990467249898,0.012844090379712639,0.017075575222894122,5.3616208183414534e-05,,-0.007703285033514025,,,,-0.05373240527745106,-0.024727975115060374,-0.07239740405276845,-0.0043779348185283146,-0.03821866916961659,,0.024831215500112903,-0.052387790349482606,0.05194244488688178
CCL22,,,,-0.024156265622829323,,,,,,-0.005077692130159334,,,,,,,,,-0.06738788794039605,0.03158288513702315,0.04242154149225661,-0.020898028363256587,-0.06422678151426991,0.06048302834376003,,
CCL2,-0.0032247362620800818,-0.012512314573105929,-0.04054591623153867,-0.00366424509528775,-0.025315299634660223,0.005957526675057079,-0.03138325982061673,0.05745659585847461,0.09538222936033315,-0.0771862363716973,-0.023508877581055666,-0.02428368712667806,0.087525813868404,0.04263236395888127,0.2193088639322804,-0.021466637495931935,0.016618441182971035,-0.003005975961546034,-0.0009643421821411284,0.024558520270152876,-0.047910281398402324,0.022918146771788835,-0.06319131392791605,-0.10038258564698395,0.026559429473824187,-0.015222231642308164
DSCAM,-0.011234911011453219,0.02859782144633577,0.08510445567893844,0.07591707642799952,0.03030400617099123,0.028105278253166284,0.06334231637105733,0.1270169313322109,0.10560475164700582,0.04506318284265086,-0.002925181729774588,0.09495140449538714,-0.05115929517469724,0.03855911380261564,0.07074809012753919,0.11772673819240898,0.02073123141335357,0.03852365265968382,0.09508959149946417,-0.004756140954478611,0.004274688952325089,0.009662906428673452,0.009443530705294577,0.10056655762188607,0.01786004372660364,-0.07733723426347708
GPHA2,,,-0.007890872533900554,,,,,,,,,,,,,,,,,,,,,,,
ANG,0.04860799391698917,0.01570727854979136,0.022331725682715395,0.011764677604547132,0.04247781182024621,0.04130824537662297,-0.025712888930084603,0.03917553342041532,0.12305266535164466,-0.01214016287451749,0.0392554693522036,0.004761592273713827,-0.059606635250234144,0.04291221123883379,0.013844624370499992,0.12589497657678192,-0.02769584902891639,0.056268611852160595,0.024776531873737403,0.01780287882772171,-0.016437293055178246,0.019137516943981154,0.0928534867685649,0.06814581941331305,0.13051037287710848,
FBLN2,0.0016621649368352607,-0.0013656864939777828,-0.001641042482253031,0.001478968035329907,-0.03756814995602326,-0.027066067118977747,0.0395058271620846,-0.018131283068902364,0.15819341345450416,0.038866881166334376,-0.034741546083637935,0.040178102854991585,0.07229086675992628,-0.05346798615926015,0.018925973148056843,0.016695613280607684,,-0.04986123473022017,-0.0501970709569861,-0.022228743465447526,0.01746074859934762,-0.06349468365026899,0.02173688055193081,0.07039570648948854,-0.07302059755882612,0.045015462894647765
VTN,,0.003496517971150991,0.0010270819494807583,,0.03369403951635726,-0.012884267580526609,-0.030259218095944503,-0.003825818634716947,0.04381055256746594,0.013265109680673947,0.034570802550959505,,,-0.011992971076356156,-0.08819794716176514,-0.051037336505711635,-0.10277398490210647,,-0.02382845519817753,0.009391280009112143,,0.025965332159053243,,0.08821921164472349,0.07922524361755401,
VEGFA,0.02779316478389896,-0.08139251160458177,-0.02164025522416124,0.02351036502182991,0.003650965494591727,-0.0024969182512066894,-0.09633762649035368,0.15080951515811633,0.23629230025536085,-0.08024612642318141,-0.017728240908054846,-0.021321708855584914,-0.10641110319335673,0.1576221687535979,-0.07014478222666239,0.12696780463731017,-0.003209445248009053,0.21970658111182495,-0.04413759890716358,0.041846260080007656,0.10073267287956872,0.06372354677191339,-0.011582317929928301,0.010682076140215985,0.07405803774742768,0.10188735752659514
F10,,,,0.04083250955637702,,,-0.042075342988349106,0.023430648200427645,0.0759847618996712,0.04325432102002102,-0.027286213129761445,0.06121231630613595,0.03859401410425507,,0.09809498798678888,,0.005542558061490802,,,0.016522380849826115,0.026685335804677666,0.012325198482972002,-0.06088819938214977,-0.002994585734498029,-0.04035219169204,
SERPINA1,0.00027740559037585063,0.022788575066432466,0.004011568916772875,0.05938871686655716,0.021399144120806835,-0.007271776535434122,-0.00560447116135502,0.05620140360998761,0.2122180430412808,0.028332434343356527,0.026671518406040172,-0.06912186675022786,0.10684896772388892,0.050353539948884925,-0.05372699514505951,-0.03778600524885765,-0.023183499908484697,0.06013872060251255,-0.020754204408043774,0.03438904748321365,0.033633516284894714,-0.005489613071125181,0.03651803874897826,-0.04916999069814179,-0.060779737874163554,0.046459226275853104
VWF,-0.029128243455219274,0.035675636666926656,0.020677582518028374,-0.006903940865252716,-0.036664912007113616,-0.0007032859118582979,0.074290546889242,0.004639909800130856,0.24576448605741813,-0.0053861289345681915,0.007260026735752535,-0.0007183449255900096,0.036514237614712904,-0.06252558648509425,0.011144265469353697,-0.09723003438744468,-0.05946883748822451,-0.029817890627520174,-0.022289342639383678,-0.04540548891358927,0.02300372496134824,-0.06886544011457846,0.07363873796085474,-0.06569862214517382,-0.08387472159059395,-0.10917820686771444
GDNF,,,-0.00019277193320367634,,0.024685947477396147,-0.03626525867853382,,0.09141529209199488,,,,,-0.036821844669135746,-0.007867324036929796,,,0.041312969595512505,0.015975735656735147,-0.06355757292147764,-0.02336921058149155,,-0.010094517641180488,,,,0.09427253709463464
VASP,0.028216770081903205,0.00808795006595585,0.020552468095745405,0.00424723326188467,-0.04359291107533769,-0.029561548095030078,-0.017142572197318795,0.13862950949184655,0.19600748894483958,-0.005306852272172943,-0.00782522872887915,0.05319386008468951,0.03971618450088734,0.06578152777363405,0.06747521193363365,-0.08320236262097021,-0.054118536794626415,0.0299939148796113,-0.0293257654373516,-0.0500430430987695,0.021146605475858754,-0.007890847899876355,-0.06385314228894134,-0.013749447611087418,0.03445731130380884,-0.055196752725992546
ADAM15,0.045418162513125936,-0.002329465565301168,0.030864295863541343,-0.007255439723807851,-0.029241618400831025,0.046844302927136296,0.052924332377367565,0.08961064613637575,0.07566153818240029,-0.022815670127501214,0.026221431407630388,0.027544439673611087,0.06592586200661445,0.0008394165506619682,-0.0034179921005014664,-0.06510467317652555,0.04992145068320455,0.025561891686919757,-0.0031298995468870367,-0.004144794723999368,0.037887917413110504,-0.05141035248961009,-0.005268133834424998,0.07329428505525204,0.054013217561914253,-0.10638738904850926
WNT2,,-0.011728401413896593,-0.03314441338988202,,0.017531034432653726,,0.026614112872300668,-0.010939241481402347,-0.07931632827469982,,-0.0726486845487921,-0.015061261598920543,,-0.01309046055068752,,0.04949228998376788,,,0.00435264011074364,-0.0235883733372317,,-0.027811434609605522,,0.009614171731315117,0.005622728878329765,
CALCB,,-0.009824060493163941,,0.016165601995562787,-0.013738895259080364,,0.003901208418656486,0.002200507863660143,0.017420391535233896,,,0.05466269633272093,,,,,,,-0.04962496759262511,0.014198491987151037,,-0.019576837096368482,,,0.016365800533315655,
OLFM2,-0.000468395123558214,0.0015193007108339853,0.04450425046081155,0.040216791015643766,-0.02969081227762166,0.06959030462200107,0.07788912401534723,0.008983873792583443,-0.059496687144729575,0.08662445615931288,0.071999045249224,0.07456399468478596,0.15279453750881317,0.04867489997351857,-0.013338255521056006,-0.11087226917203732,0.007827235304699122,-0.06317165204655827,0.03610470578097173,0.0009184515135912335,0.09250327348010168,0.01656590610947141,0.02361371012412432,0.18910737028737373,0.06616324909926233,0.017442853935472718
MFAP2,-0.011230633098035793,-0.02471849996596859,0.03594424358365556,0.06077371161995722,,-0.015655635722717387,0.06345403993976695,0.10336942435076818,0.15225541956505684,-0.01778630584880012,0.029660496889926048,-0.014404284762665573,0.08497206033875562,-0.0320077331485125,-0.08736454783469351,-0.03952262815517255,-0.011897678287667529,0.02075675071306623,0.001046012487381177,0.045799006981289095,0.006762002495414516,0.0009861942086955803,,-0.01807997449375066,0.029429773344838067,
HLA-C,-0.018974243978367132,0.047524671612275526,0.046780547096468776,-0.0005471129321493858,0.02658872689871667,0.03096027374424527,0.027916878724383455,0.1267864738304858,0.3018729944734126,-0.047259560003269786,0.02457817752383281,-0.0781988763704199,0.050095889854022135,0.07843469434971438,-0.017210088464122707,-0.12667347708044258,-0.015597021728713658,0.011520512956281233,-0.009856880107503052,0.07445067223409937,0.1255104514955637,0.013707827225430635,0.14421841021454646,-0.13575451795160115,-0.06720442561933472,0.026064730440608596
THBS1,0.08369182728277831,0.047329808324699026,-0.008178914781681756,-0.02006889816833633,-0.038857617963008746,-0.004279093812002664,-0.002505813955811397,0.10333710800132304,0.13554450452962244,-0.11158668004725664,0.013734769711187728,-0.07994062019342811,0.015587871151263411,-0.0115379015607989,0.0971589854174148,-0.04790027542335828,0.03328335963411875,-0.03320553386365113,0.011652511705258026,-0.024758564129645673,0.0768767017053482,0.01871000177717184,-0.00613054520140563,-0.19729823667576,-0.0575513616368331,0.0068148662049504136
HSPA4,-0.007495520089211551,0.056883899210751585,0.07598970006290708,0.013809141029405303,0.07593830338167318,-0.01796795701293597,-0.0362742317616884,0.04887435037488574,0.02362971532716446,0.01041502005036188,0.027887490495449512,0.07240396111511836,0.09030349117102777,0.008403117062204693,0.032219527218929254,0.08387725262056345,0.10723668885385734,0.02862193010195813,0.027551700895365502,-0.03298737473689214,0.03452910417279686,-0.06731020763839984,-0.0496275644152133,0.006982486404310063,0.03233226438443683,0.039858437440902506
LMAN1,-0.01448196520239786,-0.056687833195851065,-0.03545807975809979,0.008081944115049401,-0.00045632467889671817,-0.005244669100391446,-0.015903416879252973,0.07705855315668143,0.2364448944427416,-0.01142909457991712,0.01813107074526687,0.0032006529073447284,0.050286973908381834,0.012853596973790052,0.11438015153506084,0.028646218172712016,0.06826863273263324,0.05918645599665241,0.03667250880735273,0.03885402478457471,0.03798493717286058,0.03128573722299362,-0.011919770921024616,0.02193502230536864,0.038610519504368744,0.018354896548037517
LYPD3,,,0.010689467908756141,0.032620752311146264,0.02313803162642431,0.03628144701310885,0.0780095076511784,-0.006229337508044088,0.07977326668176994,0.01243276506973195,-9.713127882063714e-05,0.05196923497131341,0.14053457787644244,,0.01736154464854661,-0.0030187953535697515,-0.004301614726046006,0.04308717489324681,-0.05795218251215466,0.022918357856271904,,-0.016233362823526578,,-0.004430168801078496,-0.042250396287968915,
APOE,0.057260304993309,0.04497851952385657,0.020799187299968484,0.009092943992251233,0.006707859716772707,-0.040336799141917436,-0.021081990300633933,0.06213311511659158,0.1437314422192333,0.04769460836017084,-0.00454750668063714,-0.08176715360074353,0.05778879354529696,-0.06929865402860663,0.0034791404972125935,-0.1149110887849541,0.05438040572027981,-0.011667261682762161,-0.03730629778812205,-0.06541178805705841,0.04992146712473371,-0.034202925762363785,0.054340038543168816,-0.005284329283427987,-0.0784991341986877,-0.012233726768560022
SOSTDC1,-0.01652026901075004,0.026072322191347596,-0.006267547857264666,,,,-0.04377216794703329,0.003038553826668732,0.051153457854935476,0.020958399118691344,-0.028075505416585503,0.026269693730179042,,-0.07762654427391646,,,,,-0.0076432464394369706,-0.012723417576381315,,-0.03963005366573608,,0.06338724300474093,0.017087526563751447,0.11772435348512941
ANXA1,-0.08803337426599338,0.02789599706855185,0.009792322897314716,-0.03101711868582747,0.03604445062375825,0.0631974202351166,0.02335158427861445,0.14637893458365148,0.24671929252999458,0.03504057400308666,0.11783401023535982,-0.02007094329030014,-0.07294352719795037,0.06299385458133018,0.11613789970765397,-0.08288325445581748,-0.10029610405622898,0.038068937848910925,-0.07275824740083411,-0.10832900399767974,-0.020765696471948113,-0.0391271306524396,-0.0001356791099410359,-0.08982501216010996,0.05519015647318134,-0.05051153568884297
WNT2B,0.009354769739727646,0.05857932707825945,0.02654205189751062,-0.07310230275252151,0.054207018410482435,0.06581719721385589,0.02504694093093577,-0.022345933647046942,0.08412080678024302,-0.022398392708629755,0.03464720164475371,0.027312048522917597,0.03758059309361251,-0.020058462765178267,0.07983601466791748,0.028973277787088973,-0.10482736507129917,0.030256835965124136,-0.019553906508675712,0.0006472094106245985,-0.026654781157223344,0.0350463919851338,-0.021077569825265777,0.052356283113510406,-0.056623488509873615,-0.0204942674667798
AMH,,-0.05552307516767275,-0.015469940336584406,-0.03851141695929537,-0.010367600055970917,-0.014328605073969514,-0.04630275317700314,0.05847970876468721,0.03780363784683477,-0.04329547396400511,-0.04015839951126044,,-0.004708050199619266,0.06906774157743839,,,-0.038810968440296564,0.09079492914575868,-0.03357544801658384,0.043448284817261165,0.06263134559243479,-0.02193525547356673,,0.10770687346538932,0.08284944181320947,
GDF10,,-0.02780890184348368,0.006068887544398547,-0.02197917232802896,,,-0.04615437207204947,0.0006895453102852798,-0.018598355425383573,0.08141846647926503,-0.011491764388121004,0.10152326523636569,,-0.04357388505567678,0.020936350381541798,-0.05354811731336045,0.020433043727133667,,0.014752892600674816,-7.088228376834326e-05,-0.01714655545941888,-0.007836745328742576,0.035242142408266494,-0.05563137624107155,-0.023018966690231728,-0.06068236244385835
EFNB3,0.03000166137742859,-0.004250687498576032,0.05888450414551876,0.03091643219337343,0.0496857033022035,0.056268292325260656,-0.013538971725944971,-0.032215410348600836,-0.05049997465141334,0.009711382233093957,-0.04529934307123237,0.058855787636225114,-0.010615475659122603,0.024619207823344803,-0.03293671078205335,-0.09095582166663298,0.025805249772382133,0.11155068203845707,-0.0022703318570524334,0.05364727306789811,0.07414590460925417,0.01743009960054176,0.07855147064652031,0.15301793218136836,-0.007920687825838485,0.09591576216761498
LTB,-0.04240543349743559,-0.036909571080667704,0.03188148573155202,-0.024547200014686785,,-0.02517455404238927,0.012243667038129418,0.05510525088243824,-0.007777078840920148,0.03000959656800119,-0.05527641265587785,-0.030596342426920844,0.03206308851382577,0.009307584588995096,0.028149496751374972,-0.08009406504312891,0.029082158329576568,0.01909436057234254,-0.01558583887332408,0.01816664007226435,0.05330607912489507,-0.039669090367552215,,0.04296674810121216,-0.04012007833274243,0.023550492524338357
ANGPT2,-0.03143863537382554,-0.0038840471029847516,0.03955018307736142,-0.0799129358693858,-0.03353993203816848,-0.03406921810030522,0.051555914779454634,0.13202727998519917,0.27311867169322007,-0.08918104914047564,0.023109864235010245,0.04753036777430828,0.10020846733128908,0.04130561162754363,0.06676165709357483,-0.08883273449157307,-0.003494641378157086,0.11722804956535313,-0.07433782337581896,0.020046180547778222,0.08047157685824077,-0.019283246991007804,0.09368237018498626,-0.1110188684934887,-0.05354028196694332,0.04079309831997507
NRTN,,,,,,,,,,,,,,,,,,-0.01270609924281519,,,0.023931807162069215,-0.03353468925784782,,,,0.027336341717523385
ADAM17,0.002922498835722645,-0.07257275083069406,0.0032071394073602943,-0.004056718242618056,0.00527485589504767,-0.006392838211990005,-0.05456600685589561,0.10957144995275896,0.197427657320074,0.047410994536091135,0.025477291953946553,0.06952957824055962,-0.01651708792255395,0.03171320168739347,0.021826783962386388,-0.1560285649140108,0.1456694173209924,0.12464115232469267,-0.06189751708199091,0.033566292608171296,0.052998248600927264,0.04101305775563447,0.016139974204205657,0.1344065602929559,0.08310896066149939,0.06359219723324273
LRPAP1,0.06783787933858089,-0.09076402083323286,0.0002507417606333229,0.029681169139029358,0.03226809649701851,-0.014634517422639312,0.03751030466537892,-0.03333434233850235,0.15529745032803374,0.03684270723425303,-0.06147784073428127,0.05236483419657484,-0.02433098716034006,0.03674044127834393,0.0452399614819045,-0.10743623911968561,-0.01078686165724041,0.02923478975404483,-0.04379489357517706,-0.052943215695651004,0.03689981047045242,-0.057892031652035124,0.12144806182275308,0.05265846410407517,0.04487853180843439,0.06742609710928936
NID1,0.002274458305479184,0.08976199471432106,0.011728334220034647,0.007700749989049321,-0.07479359269472316,0.018325122097373144,0.047366736325297934,0.13508488449437048,0.2657825533728166,-0.06318266777633179,-0.04122961502368164,0.03280272749674016,0.08500766115689991,-0.011462454865434872,0.09078630910630177,-0.1784315732653481,-0.03422444671908888,0.11823302624257849,-0.026402810699682967,-0.06349040120673967,0.04220593795963607,-0.010352330116301071,-0.06295309028822578,-0.125286179496247,-0.00543002440429886,0.039987050765438834
MST1,-0.0062892480221512755,0.039265825900936496,0.0448098846194746,0.0315099381335757,0.016800586317365113,0.03865357058046208,0.022019186348372938,0.0630826800277487,0.19869180308026,0.019502266116657747,-0.013033782525113698,0.04305628583203048,0.034034972562325495,0.13033205491477087,-0.051311685766346475,-0.022489572680388176,-0.0629652895013171,-0.018805015704274505,-0.06075692257816059,0.016024323037820226,-0.04169891966743192,0.025071691042265837,0.07490910679382057,0.07439808605202106,0.09421512060109269,-0.05627523441907663
CCL14,,,,,,,,,,,,,0.10601506212383473,,,,,,,,,,,,,
IL13,,,,,,,,,0.06394750206804137,,,,,0.01373173071820914,,-0.010210060747337832,,,,,,,,,,
DCN,-0.06704439085604307,0.037797743517461124,0.02391803366463847,0.010143049051696041,-0.013807941905655825,-0.0008189661999868909,0.053567663141050666,-0.061177580922557616,0.2049244284755506,-0.014063593044004709,-0.037687204998608406,0.020552897932995865,-0.06743915772371292,-0.03370701279497628,0.09515900370519041,-0.11947578110409116,-0.17513611903579465,0.004964295892674307,-0.025112220093528672,0.00820770884241726,0.05507618152599482,-0.03972795287750508,0.036995083905695225,-0.12309104695053097,-0.13899571963664273,-0.0014182534643681036
IGFL2,,,,,,,,,,-0.046608266315584956,,,,,,,,,,-0.009512754579913433,,,,0.023264730470384822,,0.02785669967190977
COL7A1,0.051984725514095206,0.08668043797937443,-0.000818150386406657,0.017369835601844345,0.040954232860569394,-0.011628284066350542,0.004586437265463086,0.1221511862220626,0.19255055796245385,-0.04107704835466899,0.03806043432844652,0.11720088554949368,0.03932227324721502,0.018282902416597843,0.0234119272464178,-0.17378306444125405,-0.07372238066311995,-0.004370919203961559,-0.064545604603394,0.03590698543582071,0.005524835354762159,-0.021644228149511394,0.021704887225249166,0.023860780515318123,-0.03864474364064168,0.08966166110805275
CALR,0.00905884025348785,-0.009884725476475066,-0.0201060248898574,0.06887003753544325,0.0028974088790557823,0.04502484295230346,-0.025183779021456992,0.17354181467335658,0.1962189746853821,-0.07720984487444593,0.026081282129969074,-0.05107844189227522,-0.04294803046992299,0.13432129235123444,0.05139376643748511,0.04422391737854643,-0.011575356306138651,0.10686799876561948,-0.031112902538333962,0.030541453943737484,0.05610886941030361,0.014653317985542232,-0.0435997808224409,-0.12628895085313568,-0.05816121758815405,0.03927195321964324
PIGA,0.004729095713951437,-0.06760487294663911,0.027169080724343337,0.007374816917328548,0.023366367786973014,0.0012074575877965724,0.016676267484220002,0.07322230814600901,0.13622130998354423,-0.031711039552251456,-0.050470694077618825,0.05024684733607218,0.0041678783306725265,0.025877743217064906,0.03956631734163104,-0.040382055497285255,-0.14311534420588334,-0.0632459013405015,0.00322145756758803,0.02824572852292029,-0.032130199404325994,-0.05934047110165802,0.020648697105352918,0.07921919613582933,0.06134955680734871,0.1407768535101569
CD200,0.01734376241056417,-0.03421525077066347,0.04619979579038439,0.00015792037420780808,0.06724616683226566,-0.03445300352104172,-0.07576258212866689,-0.05170061563808844,-0.06258164542462231,0.04745691908702208,0.0020813097181814075,0.026587492328539748,0.05517081132151798,-0.009578689795457961,0.07337490221973214,-0.04772362238315685,-0.05270441705974369,0.010863394227859098,0.03418096482951424,0.0035548153068378366,-0.053217366659701296,0.008771268870455751,-0.014213859712993394,0.07165384795185471,0.01702129717289447,0.04368508826536469
GRP,,,0.021435009998913422,-0.024757747624245024,,,,-0.010359214010378261,,-0.04407947210159235,-0.04946057847704863,-0.0823280571526965,,0.01169733965769544,-0.05165199955738952,,,,,-0.03508209143572133,-0.025296084827122395,0.0032610954960628894,,-0.019842765820956572,-0.05603275781439976,
CDH1,0.0295383152370311,,-0.009980886245868308,0.022932949981812417,,0.021102736691949103,,-0.0053530208785926015,0.1454442232199883,-0.013798218164866333,,0.008176805717444082,,-0.018715557195178437,0.05981177256974352,0.040446702923605915,0.01982733320166515,0.008757456324374335,-0.010176387175124018,0.03620442471171099,0.03256797849425446,-0.003984958306498271,0.007432653564314597,-0.010980007736781948,0.01372058912022641,-0.09817363762772038
LPL,-0.00544423050850029,0.012937995789145822,0.00958431435879844,0.01809617077839716,0.018865267257657192,0.05694179597848036,0.03889731764903093,0.08600806772088877,0.269511431980808,-0.10826915729978742,0.003767710760559987,0.013525444710067397,0.017189308986370205,0.017601707460058298,0.026634938807770625,-0.04422165286846481,0.0035210402909271635,-0.03255455071376645,-0.050869561014712864,-0.04089081404639736,0.10164645991069565,0.04167061346397117,0.04182793995133396,0.07067483519080435,-0.01394003689175671,-0.05389128204527534
SEMA5A,-0.01962590875610363,0.03693617263421005,-0.006225117013391522,0.020595822822745937,-0.008999441058063513,0.08448572448644841,0.09052118093589513,0.20347637480749434,0.21157040533645635,0.01183608143702685,0.021874101090870655,-0.05342294368329409,0.02360452126140168,0.052458916571093965,0.10637029397544819,-0.048962474137879373,-0.07815006330934691,-0.012895434978611989,0.040392138079418,-0.035573759883323966,0.08584661272121383,0.03530713516097788,0.028524104189715686,0.10178825254519668,0.06702226245079221,0.053712121995761815
SEMA7A,0.003786443748357876,-0.034032485021358104,0.013568048748274473,-0.0449713747499379,0.01877076318369346,0.012638881590395265,0.03720677460920992,0.028605132199015493,0.05514467045511886,-0.020921193581722664,-0.03885533329140609,0.06724008579077473,0.01718750452420096,-0.018237469286328065,0.04749188203681346,-0.030984057055767147,-0.015279471393991089,-0.013271159022790966,0.044379064540196654,0.047300104416531936,0.003554782865088233,0.021838026789359734,0.0178419785410367,-0.00407389146722214,-0.035425708519084255,0.10784444262548484
SEMA4G,0.009931904075339823,-0.026318748323722902,-0.01569374183116135,0.009154749215601717,0.03316512954919767,0.027876425951476595,-0.006623195657362762,0.016764087714797666,0.08431692932307992,0.04675300826733089,0.017074002463537963,0.026619462984183963,0.03578236796409209,0.06207733121943802,0.040195151076875386,0.039425183978212194,-0.026314044466698255,0.0016281586139445681,0.019194323782648837,-0.025473519091444154,0.011536412451566839,-0.019610213574462333,0.10716387638584866,-0.006351753772742214,0.0182417531863919,0.019925619843725654
SEMA3B,0.035901982611461075,0.0032245047682151495,0.021596473147479752,0.02290543625832828,-0.011243718644503478,0.052181423419610726,0.002005381004426813,0.08949572556015274,0.041051318485542956,0.050850066941267605,0.031082628614823204,-0.010340172902093015,-0.04114053117014109,0.007828747974423952,-0.029117276372115263,0.020920848684213723,-0.12122847059773528,-0.06670036612225498,-0.09791347688926119,0.047472367694056654,-0.16422005561815323,-0.021240360939112916,-0.01909491768217943,0.02086895303572376,0.01810185223010217,0.047771088462085505
RPH3A,-0.01736916763909907,0.04560732314244385,0.001412673509209785,-0.0016128895681305495,0.012299548226757932,-0.035489454119716206,0.03721973486019402,0.010365841732253061,-0.044428593236322464,0.02740664039645508,0.0004753056051106687,0.05127652434284165,,0.009988506325836295,-0.01327682084574706,-0.0005226066728866291,,-0.025461198827949203,-0.0448054800096165,0.06288364864767991,-0.002111502697154749,0.017705362697652507,0.13226887524705386,0.07686522194329069,0.0473896171473912,0.11518162304686409
JAG2,-0.02898795608276618,0.0292726204120025,-0.0149679598700519,0.06208704347808855,0.03733678265109185,-0.007152145044964473,0.018948260884351146,0.02875912759647115,0.011388698852120353,0.03206848260134547,-0.007779042915459915,0.006845648288769187,0.027653926396819354,-0.05257870620223987,0.029515274442258144,-0.057908050795866285,-0.04144770007748738,-0.05502727375405681,0.047127020667087426,0.0043165819647624365,0.026385423198039687,-0.024046186275079255,0.04381043855440428,0.037668390007135004,0.0363773427686001,0.024786542203552905
CGN,-0.01979297131329709,0.05172984344339878,-0.00012718462750160726,0.014456064390830555,0.04400185853675522,-0.03631755226342966,0.08990328324974305,-0.01055549655022364,0.06117876251833847,-0.004457545818607932,0.006702015517595839,0.02831361853018439,,0.004395220859655966,-0.04374328476385851,-0.04437631922244615,-0.14546492269160927,0.02069468491986345,0.027021475296131373,-0.04612480012439861,0.0059527442422290175,-0.031492034515064306,-0.03174719151595915,0.08616398670352014,0.03598928077687111,0.056232412597258204
GDF15,-0.03518325224958039,0.03411959441391235,-0.015351711211054109,-0.045586647935616266,0.0518719357509074,-0.008800097992523776,0.009164470303482612,0.05856045076328679,0.1979599073361886,-0.10562941551971398,,-0.0344838917385888,0.022975431417301937,0.04463561210853863,-0.03590479891225846,0.07599824959389335,0.017470636488942093,0.09009085807316154,-0.06216119972659992,0.027579063063445756,0.02864880163038601,0.025327972832154728,0.060377962102009665,0.011545633091570431,-0.02541590943144669,
SEMA4F,0.08966436610335021,0.005920327212957082,-0.015794597538865755,0.02519687360101288,-0.008502931420070758,0.02774062244607207,0.05006940228618324,-0.02046541628209282,-0.10910793197470452,-0.013051535344727574,-0.06030251734431973,0.03025200582827863,0.04374891661568211,0.011535831471900824,0.0863331918602749,-0.07126325109418336,-0.027346946846201012,0.08533157364471304,0.020843924274248162,0.011636219664227983,0.09326875411555716,-0.005426054587643845,0.013293870005766468,0.08400936421940915,0.07381844103501868,-0.1046626730404707
NXPH1,0.07292549298984181,0.04315155781747911,-0.02486031645901625,-0.012045565767263995,0.019494001517193153,0.014210315669540513,0.03483846169394068,0.10884462658074627,0.15652770073612593,-0.014226806256767328,-0.0033550459961693103,0.032500848894179174,,-0.023987802824724472,0.07482029630203968,-0.013582710092563276,-0.045607618371904794,0.059766868296103344,0.07159086010768213,-0.04056293179534953,0.03770794169513533,-0.020266716362039555,0.059754746683129696,0.15714960558972357,0.009279834315032634,0.0475113782161175
ARF1,-0.002189583141401251,-0.06420411810705284,-0.022742299405735716,0.02104011465878611,0.044738791838917484,-0.0044556536544745,-0.024017784560750797,0.0023591293275050692,-0.09481583361069505,-0.009912484767834415,-0.0044311342947780255,0.06696667843064726,0.07157818899035431,0.019010953970269175,-0.038574041619925094,-0.0483001172276603,0.054446586647914276,0.06560453301627844,-0.017916776149832343,0.020910160861022774,0.0964341320192344,-0.03108498682773927,-0.05681121927085416,-0.10952440510268903,-0.08153316875942386,0.007072058193053817
DSC3,,,0.019737633180617456,,,,,,,,,,0.08530954219507576,,,,,,,,,,,0.019742981356591725,,
EBI3,0.01380180360008923,0.011638903100078571,0.048798259894163934,0.023713182963413095,-0.035851138447547184,0.04272043156587499,0.009373049233328377,0.05210604847359972,0.1359683709269433,0.013660950987900187,0.0047663575614549075,-0.015536112488875405,0.041684712174843604,0.028382859474635817,-0.019556461529862276,-0.004507892966615076,0.03619304211759667,0.029873459313246503,0.04807037532650459,-0.001106495689942467,-0.02596538678050439,-0.01739201730974539,0.061942297976357544,0.0667714113672975,-0.01729682774075229,0.1612968630142469
TIMP1,0.0030069571615809858,0.023728508953810352,-0.011638364402026266,-0.04036218223594866,-0.058421332996140496,-0.010696593207389929,-0.01712997645031768,0.10351078505157936,0.24319337637436314,-0.12638741179628096,0.021329616922845063,-0.04993149000898582,-0.07586714036399214,0.06621601855474656,0.07507819297081289,-0.028690484369878755,-0.03454733773883125,-0.043836349705104374,-0.08516256569616719,-0.003740438362566095,0.12619144248759545,-0.0006371809231151413,-0.004588442327342677,-0.1698402278182894,-0.017476965768418357,0.07857014278428444
SEMA3C,-0.041946811984111265,-0.04434738107834015,-0.010291891718113637,-0.021978222801635607,-0.0020202958078905623,0.04537414582605876,-0.028512320090745173,0.008240866563015103,-0.06108643882921793,0.03634517808357892,-0.039814592727557725,0.06877203374784711,-0.04547715556778349,0.045972537660013905,-0.003298793604276219,-0.0959671069652582,0.05596575956812414,0.019130655393074285,0.03344419119968238,-0.0043486691092953205,-0.04439915685698507,0.022709756755211464,-0.008724225518784802,0.04024016087449584,-0.05071073730574657,0.019816020653545124
GNRH2,,,,,,,,,,,,,,,,,,,,,,,,-0.02625468485802314,,
GAS6,-0.0025901849266678875,-0.08211687702370976,0.005651040646711996,-0.030316208514310737,-0.019372166923802617,0.035819109628189336,0.01592996326869595,0.013221439170590535,0.14696201468237957,0.0330499508562136,0.006153561618142239,0.019706997001643165,0.005203004772040578,0.12795685001391127,0.039306369314362585,0.031232619864543076,-0.006604411833197547,0.10165232595455187,0.032735201579795134,0.009136584930515368,0.026590315882469344,0.004869921879186516,0.10178885290092068,0.03155104791730525,-0.04255649291345045,-0.014165658553967715
MEPE,,0.09755279273503197,0.03448132264596578,,-0.031775395388671294,-0.02719806681950151,0.0233941111824888,0.007091168209251665,-0.02619662521771124,0.05843519726187705,-0.012028374705668157,-0.01269903660316636,,-0.056126579332506914,0.006673998282849643,,,,0.03712739980245781,-0.0023153782942613456,,-0.013477863284082483,,0.008947552697865036,-0.00691819171340469,-0.030455450170776274
SERPINE1,-0.02938276525294678,-0.07318873306503025,-0.041081490833687014,0.02079567610116495,-0.022799213132863694,0.0038512846196103495,-0.07510477626783174,0.07496273067735806,-0.0878737896268483,-0.1373492759398228,0.02427232570727383,-0.001053542908148327,-0.15618514327770702,0.04017035664728512,0.07946576889553934,0.06575136484858447,-0.03930779372183633,0.01419443909551224,-0.09236779227346333,-0.004843317999566256,-0.007682130694700335,0.016428790469820896,-0.06745244944929571,-0.10553380801678008,-0.029216000335741933,0.1316421755165902
RSPO2,0.02400866400677921,0.07599980609912245,-0.023491301987645312,-0.01964289186215317,-0.05072175829169457,0.017638732191823776,0.04957288973242453,0.02309518571955052,0.027381746776825665,0.05003135509860456,-0.0019068534165661841,0.08697925865007358,,-0.01580404601674981,,,,,0.04039840456655833,-0.017593827167077147,0.04783765812020035,0.004833819636626881,0.029806740170578272,0.016890990706024896,0.023341666619421164,0.19828059065787768
SHBG,0.024290698873667166,-0.04264081309677014,0.040165298599734695,-0.013373947467346648,,-0.010294427058481338,0.09333687820745289,0.006156610790187187,0.07351098261832754,0.002276364821198043,0.02940872679912559,0.03042713589091994,,6.359161680919589e-05,-0.03747132661672514,-0.02485475389049096,-0.0638981832281019,-0.01553118855708555,-0.026486915839062035,0.002829201583928307,-0.020985964267986126,-0.009577961673742533,,0.017170252502215017,0.0539218935243252,
LGALS3BP,-0.04910221661045636,-0.02180019139956611,-0.0014154600511200135,-0.018944441977627922,-0.03028394396206254,-0.003570453294414932,0.007789960279294819,0.13655047777573212,0.15557890021992454,-0.048258612191937486,0.004103996119044755,-0.0537777584146162,-0.013523908663474042,0.005445566422682152,0.07042721054449333,-0.06964598684452293,0.01798502943298565,0.028159387844436938,-0.03854132593077672,0.04261284066327868,0.07621711310560636,0.027700628885077218,0.02921702267976393,-0.015281528744730126,-0.00395364970790941,0.0675212411887152
LAMB1,-0.025217986079259506,-0.01048086512274212,0.019169586369188266,0.02115172562135443,-0.02575404192479494,-0.0038284922819156308,0.037331109070507136,0.1341924530768477,0.27198121204662806,-0.032760911738064225,0.014172816303678564,-0.005268873053274777,-0.005854835462387547,0.02890520049062597,0.04662901955896754,-0.125135627821516,-0.037978425932934844,0.04904213892606948,-0.05294848901130091,0.05182806722837442,0.08356254858574595,-0.016178115261362546,0.07189738409329337,-0.1433318547617264,-0.06346419430844809,-0.017835705723548336
SPTBN2,0.01195599801864391,-0.028168993353213594,0.05518785507957496,0.0010738451556223628,0.014833922635516642,0.03081928696146648,0.04699494529112907,-0.028108908973529013,-0.12123560851650117,0.11402552383481573,-0.03045619653780005,0.0897956457751844,0.07785258018481986,-0.055341081781876814,0.07490768517348623,-0.03974074541011068,0.01553248693258109,0.02378654605474101,-0.04282908335970875,-0.08874573540267709,0.07490727891187399,0.04378848427167734,0.0254998587356342,0.13441182141174682,0.09890786515669682,0.11450406060057487
COL1A2,-0.014652408624937534,0.02000055143098613,0.011411512190859664,0.04595709886190661,-0.04202524729364662,-0.01457455599578032,0.05535439353346377,0.12928841120295445,0.2609087802578013,-0.009049935672083417,0.009937807542583093,-0.04190892290513513,-0.11596906332153056,0.04878999246501047,0.02351906385326816,-0.14837056865914985,-0.07789015694921074,0.07379437051635518,-0.06123766734405116,0.024054635332957906,0.0869537496303067,-0.047273403082168895,-0.037965797083422646,-0.20151173791467927,-0.06581960554261237,0.022380608554570615
DEFB1,,,,0.03073917926121883,,,-0.06056120125219689,,,-0.01204602436360204,,,,,,,,,,,,,,-0.06396603895906226,-0.0409372923721055,
CEACAM16,,,,,,,,,,,,,,0.01949052581208952,,-0.020429543470635046,,,,,,,,,,
SCT,,,,,,,,,,-0.01999677257654233,,,,,,,,,,,,,,,,
WNT11,,,0.027285553454725418,,,-0.021084811585147096,,,0.0747883982995541,,-0.009854788806361169,,0.010586163450538259,,,,,,-0.0024041076758499003,-0.001392205531462473,,0.060822725256065885,,0.022736774182090132,-0.04024513965597576,
LGALS1,-0.00028151427541103205,-0.007310460231350086,0.0026770989088106406,0.03854315054566508,0.020586184331980516,-0.02278711715784122,-0.07086071404868874,0.05151724187384687,0.10667628157209098,-0.08484967299146687,0.06201965344760252,-0.048842343926367125,-0.1599759568587648,0.004719952969841681,0.00456731343085405,0.16272755856882745,0.00967942802680589,0.06889844319289996,-0.0843065806440156,0.018798780406543352,-0.07184026398060542,0.029424903039644564,0.020101269750438,-0.09249465501190306,0.02390678818669205,-0.039304930416590986
BCAN,0.04836371331512095,0.06953094084162033,0.062210727922649055,0.010533493874921189,-0.0038102453436665304,-0.024626325779024218,0.058984778709461214,0.18157751249951185,0.24934031503864001,0.09674185552813662,0.0023807491865594044,0.03377426823181546,0.026106140209442498,0.075010480958023,-0.13560450019826606,-0.043926961928822866,-0.012777351277649184,-0.051489691588752474,0.038684173337187704,-0.06286777234655219,0.18013504849215434,-0.03151457597789009,0.011431282782322512,0.119893638230961,-0.04121686245562276,0.07084725484515837
ANOS1,0.055732314594028935,0.0309304744938996,-0.030132795034843757,0.007033065378274287,-0.03303694670636341,0.05185285050413396,0.022653512130303106,0.0745753987295828,0.23508079243556365,-0.06932872106764894,0.011436851553916707,-0.0036331102138863806,0.03626830717442998,0.046830205905627725,0.0989515047225276,0.010208709240964097,-0.022109628533309448,-0.0007857605871167137,0.020122594050407047,-0.05381730959713281,-0.0458894662805407,-0.031278870111571676,-0.014277286285110848,0.08006222556729076,0.0421532594378037,0.01384725309169448
EDA,-0.02939589127701753,0.019697767451030745,0.02185063885767818,0.018921540428350862,0.032521954204766605,-0.027915002986582258,-0.008669233950187292,0.05311318281545377,0.07069215853986502,0.010049435857726604,0.0527616096836812,-0.027305385244235588,0.13707124367010823,0.001857966913770428,-0.03565021526419469,0.031092988812051844,-0.04647020654254944,-0.017480815567266494,-0.04253368704608578,0.027356931976272113,0.011076003485955669,0.09379790646369354,0.08100097154187412,0.05399528391951118,0.05868804845638522,-0.04628878590914894
FGF22,,0.051627492488908244,-0.032075479649000586,0.013433685433585883,,,0.01732611929043971,0.039606165349971405,-0.009500315965577079,,-0.027054262085398913,0.028430016571509113,,-0.0422477057923935,,,,0.007672928707390616,0.02444643883056808,-0.010242732436130811,-0.0667614213295362,0.04054233654686553,-0.08071950655105249,0.08886263993015726,0.030111469171322115,0.02348700762190711
SHANK1,0.007587307364651447,,0.028286926145507534,0.000579079352819983,,-0.020521957721814015,,-0.045389256310127496,-0.04401427179867469,0.03711326152697333,-0.015053783400667991,0.02670488704362629,,0.013729039794185514,,,,-0.002634945603040517,-0.052611484207132596,-0.01061249707561037,,0.03193652330404715,,0.054600374821340045,0.07278227324927271,
NPVF,,,,,,,,,,,,,,,,,,,0.021637975863104505,-0.04081739194079397,,,,,,
RAET1G,,,,,,,,,,,,,,,,,,,,,,,,0.06725781091322532,-0.030453992079381532,
TGFB1,-0.002544190968876878,-0.0199347109972739,-0.05793410221739055,-0.051291947122611835,0.06075784589320852,0.018210630981152873,0.031939661232796644,,0.07714457627716483,-0.05407792097901425,-0.0028875404747544624,-0.0063708641693377265,-0.03328554727405442,0.0021525220591964113,0.08951850587859993,0.032444948942560885,0.0021914058535390394,0.05804183338272507,-0.032592630943540465,0.04269948961362354,-0.02235269332168365,-0.0039239158451442515,0.0878659991102767,-0.0647313378780405,0.03487790045349478,0.04381038408913126
MSTN,0.005606566832279161,-0.004395088592519463,-0.027068243966781178,-0.016047879911632618,,-0.014976016392711807,0.04608613840504474,0.01513951175583512,0.19171188692362165,-0.01231968909447325,0.03004876003569121,,,0.04156423254435568,0.09520019510524443,-0.12052927950903339,0.1703878444905563,0.05571621594247926,-0.028654749586690415,0.027770406093776095,0.06357768672684799,-0.023304246879371854,,0.08296614932547794,-0.013600369729763036,-0.013957618229221926
WNT4,,0.025936603432978943,0.015266571461123445,0.02409054104426434,0.06071518994173105,,0.02845922371891591,-0.01267301914695774,-0.04417954808548433,0.005931989129080695,0.051825573858321955,0.0027120764562541056,,0.019951131379685867,-0.04349815146466161,,,-0.0770175923329797,0.03414079642828875,-0.02907154301940688,0.06509094441982652,-0.03956160041526755,,0.024278898227235425,-0.0397789145257774,-0.0316503832679323
TNFSF4,0.04064957195654303,0.011963712067675457,-0.05543027643134459,-0.005865819851946121,0.014519984053940522,0.028808578388692784,0.03592135389212729,-0.015669398357090667,0.06983841410770739,0.012070118789806314,0.005353410981712504,0.016611224158343037,0.04086686782977738,0.034466703380536944,-0.06662952994112033,-0.013262683356658766,-0.05202944708424316,-0.006866332472160152,0.034120454806991087,0.02786355982294017,0.02768968841010063,-0.05777740423224421,,0.05719186742269989,0.058836398108306764,0.06995240911345547
NTN1,0.0430287344271857,0.0723227454048985,0.04789988876840707,0.1023848866698778,0.05435110281036351,0.009547679574364651,0.03462300124299227,0.1581351548314524,0.23339902514682384,0.014110562511144845,0.033060561141928915,0.009132810048310812,0.04358585703066434,0.06334053407502327,0.013828673079582816,-0.059939805287208894,-0.07356475476910516,0.007536062346752244,0.0017591552548506012,-0.040938494669869194,0.09100045715287847,0.013315718787704704,0.03235083723986008,0.017809971762929044,0.04879960246572803,0.07081392706698059
CXCL12,0.017471394807167383,-0.0386060089223696,-0.042689066269983256,0.03260796473950042,-0.031211535690551323,-0.0018677614132871915,0.040381007481472914,0.0311437967619063,-0.03856099645163786,0.0023187512155930954,0.04224502390850967,-0.04511736423918694,0.0819062829878733,-0.05360153627691017,0.07951148496798972,-0.04229609155847821,0.06349866868163645,0.01115830050088525,-0.0021346345941833447,0.07087117904721534,-0.0018972618857403974,-0.011077732582289924,0.1132164271807016,-0.0220579858398169,0.04409062807703777,0.03052167888692332
GNRH1,0.06259685748893684,-0.05895808502330142,0.008421562254312098,-0.0358042717624053,0.0324229965280097,-0.03722231671280413,-0.005839810541253257,0.041927386446617754,0.0944321050573861,-0.012177290619083535,0.031214343751863664,0.0015048827686589671,0.07661536013141758,0.06363484690369098,-0.052050146620550505,0.014575430105610979,-0.00503037140525821,0.027241051581328102,-0.02498903718186011,0.06847373723711872,-0.006553457351089099,-0.02781787063495637,,0.06046245296531591,-0.01492643035125916,
FGF8,,,,,,,,-0.0666762900950945,,,,,,,,,,,0.010734771518801733,0.022828847245013256,,0.010095274717301981,,,,
RIMS1,-0.024362258035908444,-0.032553580863526395,-0.019052867979137723,-0.021150541973448886,-0.00445675948764731,-0.012716340663944324,0.023712468193108995,0.021893823348988067,-0.03218361700287637,0.03682233896029114,0.044256339540598516,0.011699031195783926,,-0.08655202466259662,0.08307687285027687,,0.03834735861233211,0.03453128322571386,0.13534811013321146,0.029732044871556527,0.031342772880815585,0.002907373363175109,0.07299090263071145,0.04735121754673126,0.010830169291163965,0.024724249777645795
FGF14,-0.06986270457273046,-0.04941496101388311,0.019171346396994755,0.020985223366450787,-0.022579629215098696,0.06089717560010781,0.08477167226379274,-0.0408768813198085,0.15904841275418016,-0.02591405245904578,-0.05518015379862702,0.12433833101520637,,-0.050991549060713535,0.04401766693791987,0.07817739594291542,-0.007449961890266928,0.018713482731342986,0.08980784638269985,-0.046917882885687934,0.10479140511983744,-0.05846501894410813,0.06350036429844926,0.019157897090526798,0.04966223896312623,0.05993335437729294
IGF1,0.09455559606386725,0.019958004347027773,-0.050104656835490924,-0.0308393833521733,-0.055682061545562114,-0.019755444463103834,0.0285418495834079,-0.0050595082042129294,-0.04212018377679982,0.003975785523174658,-0.01194181288463788,-0.04993213089667972,-0.002454557179396958,-0.014951234558845032,0.075578285057083,-0.060864515828887106,-0.04708145325077444,0.0368498108258309,0.0024804379517179287,0.012376859160586413,0.07663838718706915,0.04569267648516206,-0.035262804694165144,0.052205028816195015,0.004466047506483135,-0.010629911077180377
TNFSF10,-0.02728205102818544,0.024051799138727813,-0.01087193755144615,0.027276737926771284,0.00565972522761358,0.0060207955834122645,0.010665381352910876,-0.007160818192603329,0.22000678100735138,0.01723991695475355,-0.009059364945511954,-0.0005715883192423834,0.12354518171744817,0.006159101204197431,0.0368288118603077,-0.007496695527623469,0.07021541177337924,0.010177157585864446,-0.043648506416761886,0.02550788835176848,0.06384990023285463,-0.008585268368539878,0.032485277568601686,0.048104272737343544,0.03686295275694446,0.003657182260304494
GDF5,-0.012494972341902983,0.08528539140138255,-0.015387389362051716,,,,-0.041627115849584714,0.0525556370996088,0.09185329482434725,,0.017759411995251294,0.05526813065822834,-0.0017795809332122926,-3.96242889760257e-07,,,,0.015789110627748393,-0.02369123787065258,-0.022449508966400012,0.05463974224286351,0.014612841393843876,,0.12315347639323046,0.0036632683608811747,
CHAD,,,,,-0.017346243626195974,,0.005619426117826493,0.0004269102733757857,,,-0.05490730688263804,,,,,,,,-0.007859494711366032,0.008264142312648961,0.008997259861577078,-0.00045283589711995543,0.007350798415489546,,,-0.09749458251621665
RGMA,0.06277011841056336,0.045298849830565306,-0.008363782025720691,0.007002106791690619,-0.012555494925371977,-0.03305141888796275,0.04777607407495351,0.11554235376748412,0.26581035157458116,0.04542558857088342,0.05896019776997737,0.03652070565224363,-0.025243786310496757,0.09712601078982604,-0.016530616817519557,0.0053801626908568335,0.2550537965380028,0.1911064282039732,0.08550868040778711,0.028863966734101437,0.11401194658200259,0.023672445980545024,0.023317609384130467,0.14497855590768094,0.056877168508552914,0.07452270780010616
CLEC3A,,,,,,,,,,,-0.01609352145492904,,,,,,,,,,,,,,,
WNT16,-0.028770939091284066,0.017120717638649075,0.011648572079634552,-0.024276636064416362,0.02515180511533029,0.019139035973771465,-0.007874300923205207,0.02411202841068065,0.11132295111317998,0.03421557369802699,0.016493121078083636,0.024918350037692855,0.07264055950418073,,,,,,,,0.02471522557231395,0.08744322121560102,,0.0039303281105698305,-0.00920009018022325,
CX3CL1,0.06098369341422378,0.002324186335090077,0.06304003017199952,-0.033497374464386595,-0.0051645053279231416,0.020325138547229952,-0.010842546303703791,0.07656281117765572,-0.014435871601257286,-0.00987251901522655,-0.038633676583729445,0.07531475490030286,0.07925182596275962,-0.020221886177503878,0.10062464348109801,0.015659111143814016,-0.005247455224867116,-0.0011621409133656217,-0.00028700753280872123,0.03214478761819829,0.0797683664025882,-0.025366565198988018,-0.01797845309061447,0.11848553655597999,0.018759536947007795,0.007881039748994954
FGF1,-0.004389503678596022,0.06956787707465097,0.031901423487100615,0.005968332160473918,0.006801061856828397,-0.04682519991286806,0.05636863115691538,-0.06711758333824404,-0.003659338277550559,0.05694017099071308,0.10415353332996746,-0.03247879129817451,0.005695540133092815,-0.05607293533686785,0.15978907294433825,-0.0027482948039032526,-0.07214258491264225,-0.13234656523828212,0.08164678136364224,0.0016158851374897675,-0.07737600787562643,-0.0003886684966217973,-0.029916110037243936,0.1052694274047033,0.07438351757697036,-0.013306107312952925
ALOX5AP,-0.007372101228730989,-0.07166265285482462,-0.01784382696761613,0.025004574631525993,-0.07334239630776851,-0.022805089758596808,-0.009420341069747729,0.11211056197171135,0.21472841413877777,0.07757156687719509,0.04244318822080794,-0.09542614701698082,0.04506047676476766,-0.011368128687910442,0.1668452625092955,-0.04617419440086001,-0.08013291318952676,-0.038356201295486024,-0.005485638702789931,0.09618835398974401,-0.12781106265971948,0.01214753860533517,0.014929309221458409,-0.0549327479287633,0.0002658099159365598,-0.004972025906932344
IL1RN,-0.0017596265911577669,-0.01867743660870554,-0.012410487086967946,-0.008974887767052011,0.12206393266124647,0.006542777745601462,-0.052416023077856595,0.07146709425509881,0.042473547640633026,-0.001305501785586694,,0.024972030283483184,0.00018396361881185016,0.02753529735714034,,0.02907851969258623,0.02065024464576695,0.04317310922451757,-0.04335761194107211,-0.012890771401476746,,-0.04468149309864625,-0.0733126344169983,0.041181226836696824,-0.035814616467040934,
PCSK9,,,,,,,,,,,,,0.08883172517955897,,,,,,0.030441611352557903,-0.046285876216634235,,0.02629791319866896,,,,
FGF23,,,,,,,,,,,,,,,,,,,,,,,,,,-0.04132110883641253
NPW,,0.038718131840387575,,,0.03301661799915995,-0.007592587200484141,-0.01944749382193501,0.07710730664881758,,-0.03129926530108379,,,0.09373426904636008,0.010202568242261702,-0.03161985206560692,-0.07102295765270074,-0.00950848243080592,0.0034312405129515596,0.008805138705517393,0.07484133661567831,-0.03441146602375241,0.049239160821608306,,0.02228010738869238,0.08456003947326347,0.1233548877979094
CXCL9,0.05368920545931682,0.0007925244532645476,0.00640897738917617,0.005898682240575038,,0.04903551709697274,0.003413963139179859,,0.06678483106831339,0.005633989064562599,-0.00177670602575245,-0.06464958819321132,-0.011711774250836445,,0.000428265776631108,,0.057611743979795155,-0.028302299669136353,,,-0.06599550255846443,,,-0.046604688734910964,0.00040832610377152054,
ANGPTL4,-0.056621784199364825,-0.13009361318843837,-0.022226195524574027,-0.06448268160248255,0.03321791817797078,-0.022261306826491252,-0.011214293010341983,0.05108160587068127,0.022498318435347397,0.012835087790586818,0.011643195382933636,0.01084392337733019,-0.09468683112021385,0.1297370943798866,0.015681478542293216,0.14139746682954094,-0.029631863479581962,0.1772859326562496,-0.08487455882263867,0.027273200110125056,-0.028373357806087136,0.03230626288525246,-0.0802551266557462,-0.14131493949728507,0.025983491808273244,0.031636487464456846
CCL11,,,,,,,,,,,,,-0.004346444990960206,,,,,,,,,,,,,
UCN2,,,,,0.02464249676420283,-0.01428133707552816,,,0.010949375059188485,-0.023267513453064843,,,0.018430579835238627,,,0.2015322366348597,,,-0.03939111268384144,0.014713789079425565,,0.04117428017992237,,,,
OBP2A,,,,,,,,,,,,,-0.02142932060589259,,0.08958710755056865,0.012799801952627672,,,,,,,,-0.029073925971277753,,
COL4A3,,0.04166608302695928,-0.023248824071329027,-0.046552532176523775,-0.008380021353326937,0.013684458402805908,-0.03923541683696985,,,0.0010708621318152316,0.027170839402681272,,,0.03870745483630841,,,,,,-0.018373089815417902,-0.02388855916329356,0.046552628750040154,,0.11568090975257317,0.004453112901508257,
NRG3,-0.03449610963673433,0.022718282095123516,0.03814973446960007,-0.06585755789233012,-0.03033857025090904,0.023619969504693555,0.045607050204975616,-0.0015813488498591156,-0.008203700319760823,0.005998792627268418,-0.03383026689546383,0.02834795061067306,,-0.0416523303967721,0.10301359937864805,,-0.02125071451806258,0.010908870984995515,0.010865965255834529,0.0021019049807057457,0.0251637854389358,-0.029446246737944323,0.005028473042080151,0.13527553708614032,0.024826667653866284,-0.04444059903701374
IL23A,,0.030594755008038984,-0.04977563402789067,-0.031879397894770616,0.009232790983133723,0.008123921833764909,-0.030836178550661265,,0.04785118168666881,,,,,0.027678508803231038,0.03379452535083193,-0.02620112947911516,0.13705855257441302,,-0.015882027892001396,-0.029124813627469315,,,,-0.00994433298433194,-0.06849887698098465,
COLQ,-0.10371138537825977,-0.038817100902064215,0.00478540300193622,-0.021142735816778314,-0.010465909621345314,0.06972325585546196,0.03981469139244764,0.08193460258486966,0.12338177766162081,-0.005157092110449606,-0.011537995940787945,0.09437829318945445,-0.017866818917951353,0.0507988876817189,0.005542560594650607,-0.0034157271500931796,-0.03546846469457547,0.04777576615497494,-0.02645045376129678,0.005890883752679494,0.015889021604060097,-0.06011610568990978,,0.10184350344909794,0.02023657402867113,0.027404804039406955
SCGB1A1,,,,-0.019689132008660556,,,,,,,,,,,,,,,,-0.02773670288599935,,0.003915348776013274,,,,
TNFSF12,0.03701568515703736,0.0015479902121870418,0.02911577386486905,0.02954165409702647,0.05035490463705974,0.02637268405396737,0.021191176960385732,0.03696990258833901,0.16282562107452722,0.006315946371816025,0.023195896064246373,0.04027033309229732,0.033454399605932945,-0.024059910394260458,-0.047464821617211585,0.010324401799942108,0.082290198356328,0.0474876825405169,0.05454921043057507,0.0899304479111201,0.01975558385715729,-0.0017274073553940473,-0.020499737689126385,0.05622878206412486,0.0899074810167539,0.015131184938311672
DKK2,,0.021034337201185725,0.019284939247590126,-0.021883039537221077,,-0.008916206580336794,0.03161645039689042,0.034485177634671405,-0.09511490831419532,-0.0370479319433177,0.024469763301541613,0.018143980780304984,0.04495628379426092,,,,,-0.08768979974208332,-0.012986257758088779,,,0.04200076907947289,0.07813245369218523,-0.02384306052118242,0.011001136117983602,
FYN,0.011236491537305503,0.09028144810768768,-0.000346917910261399,-0.010581959573562016,-0.012292994324195974,-0.013789860846865188,-0.002903346451058146,0.10724217538565314,0.18301907545146,-0.008919075096209516,0.02801248126416956,-0.03210262425280373,0.05411697800404552,0.08905130922407521,-0.012396505453673613,0.019581813167012234,0.07614344946671894,-0.03851312224608862,0.04358502933822714,-0.0555154745035572,0.08548863940330317,-0.004247353186957561,0.07198642102331829,0.0635522157250527,0.061630648649458705,-0.026813511357591684
ACE,-0.019392920862865048,0.08098867475777403,0.01039573319666695,-0.03672786221796904,-0.007241584221285833,-0.009375701366297373,0.021068678573170845,0.06158745350096457,0.15962629709335846,-0.045341758090677725,-0.039387688662525275,-0.011488789976497401,0.10098321492903693,-0.052965982128359346,0.03921414224115525,-0.0768590578033491,0.029494548663862277,0.12019311400333085,0.050092493581324435,-0.02242096086789075,0.09334405872699172,-0.05931293413604978,,-0.0461473641310313,0.007687543007886097,-0.029366261432538582
IL18,0.04077422726472702,0.05752024961905307,-0.0004052735556975208,0.03701553882376239,0.011271200313785439,0.004696377985515193,0.08642221339401943,0.06725196765806356,0.25637039334594347,0.057122185233193234,0.06056966281814227,-0.041588641529034104,0.007787893823879285,-0.00411969663790835,0.021965566235748593,-0.03867548559665673,-0.11903018889630716,-0.024275965803647815,0.05859701474823364,-0.024886140933259648,-0.019655230721197247,-0.04178202452116366,0.10446698450239887,0.09031454271991415,-0.024485143656429613,0.03278613097499201
PPBP,,,,,,,-0.00041078508191198364,,,,,,-0.039651058401878714,,,,,,0.057968268542848124,0.015012900406446563,-0.031875092809070235,,,,-0.021275328511683626,
CCL27,0.045072511966946054,-0.010173456600675992,-0.009070985751499113,,-0.09001322720231714,0.05069329841555097,0.06645353435669034,,-0.0024740502840517723,-0.003576579141770044,0.00825937383717585,-0.036222991370050445,,0.048024385544349804,-0.038562027166601086,-0.017214707164501717,0.05466203853192804,0.00584160003985934,-0.00010369191562900563,0.00029535988875490884,-0.03541436733504115,0.03018533282380157,,0.07484452896799906,-0.022493723008141824,
SERPING1,0.09085271977548277,-0.055075632956133956,-0.03421619424963831,0.03127464903988816,-0.011632709858052032,0.01605754463818403,0.044509089402070955,-0.007139272164731127,0.30068680970426176,0.004204943523304027,0.025097805546396713,-0.09240556646123056,0.04652056783542999,0.03317294984370676,0.09689257806516624,-0.12009292740453652,0.02864453590303399,-0.02130557694645246,0.002931566664021307,0.02048314251787848,0.1226073682687543,-0.03756327822584688,0.06544468836072788,-0.06298538466934674,0.0030904459465404058,-0.09423310212662445
AZGP1,0.015584986188427876,0.007471273464153086,0.050360863686610705,-0.06260530826586296,0.01343736378930314,-0.026571935421314304,0.042731030317602406,0.10994981600202583,0.012750512372274167,-0.09586557939326266,0.0644748136994145,-0.016019257094529386,,0.04216189555509055,0.06913018542241846,-0.08461620259946877,,0.040144964253607716,-0.07734917329845728,0.06855232273528485,0.1477845419484913,-0.0014275155603175934,-0.03869988966095127,0.02267612045357227,0.07660195248148498,-0.014932710206724055
INHA,-0.009674040548455786,-0.05540961077578821,-0.021776418886349486,0.06820308676804532,-0.03057368641635831,0.03791397850903065,-0.020503722442004248,0.01703190914953909,0.0643005681471072,0.01329641707835839,-0.010554908216133866,0.0968697596691071,-0.0285025023133638,0.054104280911048845,,-0.04350268068990217,-0.0438182248475545,0.018086351471659497,0.015673891347030785,0.027023590144150487,0.004051872358287327,-0.02553224502278176,,-0.0014767528302293562,0.0039875179524724415,0.09813057903932658
SEMA3G,0.025282708032501315,-0.030993248240228175,0.0005073144721801892,-0.009977320978721529,,0.04142122472917105,-0.018033414683844447,0.041139995996972475,-0.0121945365076175,-0.04993479663265789,-0.055650635635019714,-0.03636110143625369,-0.023021376584261528,-0.04864795339927025,0.025362401260387347,-0.12370218644433512,-0.0850865417484226,-0.09312113282806547,,,0.013474153981198542,0.018314123343249767,,-0.01950893074195501,-0.10181103723503404,
OXT,,,,,,,,,,,,,,,,,,,,,,-0.026318448069833647,,,,
COL6A1,0.03130436213290831,-0.060869252495280794,-0.023530531073581377,0.001467240917607269,-0.0070800627123231,0.07147456748496775,-0.02593568263188471,0.11160867486661541,0.24088963443313405,-0.08215490437992816,-0.04010018963574682,-0.02216245084441302,-0.1367513704054005,0.10017643401653868,0.05386643958483654,0.007868215956933206,0.07322182281851468,0.005711284945932369,-0.12234669874161884,0.027798969113805857,0.0672958787069389,-0.01072046676882377,0.09374508012046656,-0.19619587307509231,-0.030213582387807757,0.047080754007865135
FGF17,,0.029827461487665557,-0.020172081364019115,-0.025362572918746048,0.08425582277048337,-0.06710510165960554,0.03361291515203456,0.05497442113835503,0.024870312717185657,-0.022799978353460485,-0.014810637158644642,0.03169847036132224,-0.03986401051679876,-0.020304259110118305,,,,,-0.004842157895726671,0.030354793797251256,,0.0053670963204038745,,0.018619259841830636,0.009045161140894062,0.001596132506545606
TNFSF8,0.08526994952494855,0.02519771030599072,,0.01650956330426062,,0.03670422823512575,0.03230569252998868,,0.007513019817444624,0.01603842652078194,,,,,0.0556047408823187,-0.12918783377012505,,,0.03925241469652758,0.050149920518182685,0.023961396311759756,-0.006030402172923002,,-0.002061521227417808,-0.045939562121251165,
FGF20,0.0019511944793299946,,0.03381387831231105,-0.007623036223994927,,0.07091819392294743,-0.016797188889564888,-0.04053734300372873,0.06936570028806316,0.0191354742628354,0.026040328182385716,0.00616425034415466,,0.06888132772057746,0.06323437643401379,,-0.024633742413694374,0.07597841194276371,0.04522229771231293,-0.0011464319102937545,-0.0389997080253844,-0.02516891702920096,,0.01597693000361946,-0.03901922449596868,
ICAM3,0.047183581024174824,0.05410656054513457,-0.008499814655038589,0.06234102529651626,0.03141122862760287,0.010476799254836086,-0.028642994498261107,0.05852754222637058,0.14575770287185938,0.026791646577368995,0.0035522885669457527,-0.006190568495514315,0.015828294585793257,0.012774303984191201,0.04800366299769693,0.02267502430192842,-0.00893347636286157,-0.024859519957154793,-0.02804875086206298,0.04105683512826671,0.047106491014299284,0.0020367221502486078,-0.013716992314127634,0.055219159918125406,0.05215192067191849,0.16572642049517206
LAMA4,-0.011591092208283771,0.06432910321039964,0.042914623372566955,0.021542256110308418,0.009536365374383174,0.020435621206591748,0.08117772871853611,0.1218888862358809,0.21686547606397058,-0.027367208327593935,-0.029290914964714775,-0.02785601924323053,0.045779960112849766,-0.008349160887495394,0.0044020189592036,-0.1794011764614024,-0.023271638166340612,0.05937373014833626,-0.09024151860291442,-0.061242993643293955,0.125616215299091,0.00851859104898866,0.11395138031201074,-0.12020671669344249,-0.11162213953027987,0.17177358793973754
INHBE,,0.014513803945469674,,,,,,,,,,,-0.008581082957196383,,,,,,,,,,,,,
DLL4,0.062521936945688,-0.02176918538038738,-0.0108354643111786,0.01095417303543144,0.013869106015081917,-0.035380136699333355,0.053496156739301054,0.07086043154711534,0.18502558306781217,-0.03808248613727014,-0.01904943075819479,-0.025358946446848257,0.05028564332529396,-0.014400810875371945,0.08427597594888926,-0.1611338311086148,0.048496362168956746,0.018329654011021,-0.014236908225220083,-0.014111716900560631,0.04974640159940106,-0.05368433400631471,0.053369209515186394,0.005351421879993908,-0.001002189381457659,-0.004711205634103033
SEMA3A,-0.009094023626138401,0.04840585821151597,0.02716964401827082,0.08967104315206824,-0.011333616100112708,-0.021016752097217956,0.05445876651803469,0.012020899729430785,0.011135850860038665,0.004202358315212198,-0.01797212334658646,0.005433599189638244,0.05618028514228255,-0.0764665068808954,0.10948705006775639,-0.09956268194685838,,,0.002058363596641681,0.018332016099099093,-0.039455588174624474,0.08084608448434848,-0.050350632983894736,0.06222117112757919,-0.017380231599232757,-0.024579354118362342
RLN2,,,,-0.017633322547353177,-0.01901508464518539,0.02826044753176494,0.01746960611695113,-0.0513505338650737,0.00534105462093499,0.02717927047542429,0.033585922994701485,0.014417223069777723,,0.019134744005062983,,-0.09459204919311243,,,-0.07575528403723804,,0.035566614600765614,-0.013758830177345877,,-0.007426662523234426,0.027182096782875823,
C5,0.0028345190661768433,-0.017702303994519077,0.0147387934434597,0.00894244737404294,0.06639318018458626,0.0397537986610315,0.0026603766194217356,0.10844339897229859,0.15952373009885873,-0.017460796059195753,-0.006644185342293336,0.02681805171388272,0.07073250851194895,0.06493400565108873,-0.016817817860671117,-0.10571095759479517,-0.06349180174711003,0.016422170615859984,0.03481887818753863,0.030807051189774098,0.01801264799570283,0.04745336761630419,-0.08651207105371622,0.07288699215652872,0.04278236503660806,0.1727364240476778
COMP,,,,,,,,,,,,,0.0266232492584956,,,,,,,,-0.06225916908734273,,,-0.03595734137995354,,
EDN2,,0.025417532393928324,-0.055886161149798684,,,,0.04981394670836028,,-0.01653262821810101,-0.05027966134144794,,,0.13824725358942147,0.045767654039256256,,,,,,,,,,,,
C1QA,0.03893071512761162,0.028886343516175857,0.07003317017249978,0.0035276929355749632,-0.04741929764905587,0.029340983634884903,0.049624085550276927,0.05941666291280285,0.23896379883048763,0.0018435655819623216,0.004822692697725007,-0.1139520846325365,0.04372310397573245,0.051004476728389994,0.04127783550477592,-0.10527593768248704,0.0030068058870711158,-0.05192308546647821,0.016652839336776443,0.04067110487997189,0.06903286583414396,0.020797048219486934,-0.018718453605419166,-0.13815250000426268,0.004794748155723822,0.016176050048106176
UTS2B,0.03689670155474622,0.08041257274324255,-0.046720621085728144,-0.05212485759011773,,-0.014147940098255055,0.030521610844295905,-0.004888253898058466,,-0.0007489811874392295,-0.00909866253738277,,,,,,-0.07926133375084458,,,,,,,0.0212294223420769,,
COL9A3,-0.023978818398931828,0.10087156557060543,0.016207031493941995,0.05281122540892186,0.008997609232403336,-0.008487978050366028,0.03603600057589245,0.13881552744788336,0.2091054844337578,0.002396519271535122,0.01121861114607307,0.014472905853702606,0.025665595914810425,0.08171071293034612,-0.08067049453823291,-0.18749724209489216,0.010835011477489564,-0.03071869334741153,-0.07326387402098877,0.007579202288658272,-0.02030589424783568,0.021020290964603304,0.012181202395192907,0.0873072879943343,-0.009523458240476373,-0.03889659319173555
DLK1,,,,,,0.012044334341855045,0.02151566185304373,-0.040551742235403455,,0.022487517374060132,,,0.07178349405979316,,0.06721625712398407,0.14313886679164964,,,,,,,,,0.06371828439008397,
HGF,0.02538935936764573,0.023923193742731858,-0.04236496193196139,0.06873323148445677,0.007655403822892455,0.01828170063162993,0.030141439433826144,-0.0008401563699469733,-0.03428630073096114,0.060238203882077304,0.034369524643048106,-0.021748597814132,0.02992286355540894,0.014280288989023194,0.07404386382798352,0.00856064371059336,0.009420778025907413,0.007361198341603353,0.056490287821936144,0.04817686982385992,0.061835316339445306,-0.03750575770084508,-0.010092721230980215,0.09840026593097624,0.10072977276165988,-0.02338687826166287
GIP,,,,,,,,,,,,,0.023665143524544446,,,,,,,,,,,,,
P4HB,-0.005752994830810072,0.03558201295816685,-0.020896376520442756,0.04841427609883345,0.05005809058741679,-0.05771037919233795,-0.05081266094097203,0.14108528055311662,0.21240915792842527,-0.09680783187925268,0.0007625619758444433,-0.027515631239808252,-0.10304527557067691,-0.00806870959288711,0.07007387512078489,-0.02700965579274231,-0.0013322020973232057,0.11251584454435416,-0.0986121854441432,0.07603443766843652,0.09515899645133508,0.030777398795431916,0.03321797253036139,-0.1505051004277895,0.010409523226899605,-0.12964848554646521
ADCYAP1,-0.007266205191044343,,-0.008692927664301393,-0.057374482331254056,0.0015393639975606885,0.023576927825087284,-0.040010742084079336,0.05497633810717223,-0.04048068264156015,0.039980793809299274,-0.0024744186230821804,0.009978381748313366,,-0.001535702357710534,0.02613701597659114,,-0.013227007840631522,0.01622470403340358,-0.013942205253239496,0.049257925272589126,0.032278801668729325,0.06369426412930572,,-0.011050930325417823,-0.012385028955929375,0.03590098611147392
GREM1,-0.008794051243989714,-0.04867965925500207,0.07043608740209753,0.011411293173391259,,-0.018522196067031406,0.04227591685550413,0.10933313037427413,0.026551529700316448,0.008129006704228267,-0.02691021179156797,0.005350498693756974,-0.0533614211036921,-0.03693958301540712,-0.0689548789884949,-0.03376845395948745,-0.0191013233858356,-0.043100476786597716,-0.04909987487864114,0.07519369254788551,-0.03566249726411594,-0.021450633003884948,-0.026267414804815228,0.06911163119779393,0.11276269733178203,-0.00836391646784731
EGF,0.060451583068178306,-0.0001603807552666644,0.01392119382360408,0.019295736091913544,,-0.025393973554758285,-0.041032460463597924,0.056898509967861007,0.10221144107602624,0.0024666775445871857,0.021649103140111346,-0.014803819718342335,0.06092998868759211,0.01594477977494809,0.038213398226582124,0.0049661255413844295,0.0634704857207267,-0.01698285832804957,0.03993432420079502,-0.06935143164291434,0.04980556192008722,-0.012215426217016876,,0.09505090932420138,0.03922448705798916,0.03971521717235102
VEGFB,-0.05216816043483876,0.03513935519514835,-0.010053436998870628,0.0029984728392633488,0.07538917177709062,0.03379926686558924,-0.00826672140009195,0.09602375901821228,0.05867122143419958,-0.05976689350297169,-0.006216979236311086,-0.0071131533331679105,-0.12707070929291636,0.10582842200050446,-0.07818009507659138,0.013780696616371888,0.007216249281973758,0.0314851881911319,0.004802702557326425,0.06971946055125167,-0.007510685240236981,-0.003037985174370886,0.03517420313840723,0.09958886860579642,0.013213122912433836,0.01601620661350828
FARP2,0.09423233451195935,0.09235823649474212,0.037112038372998236,0.03582035938681945,0.07036437795328485,-0.02401518088591421,0.05754149053937223,0.13368404595989422,0.0972350600708921,-0.045865322950391814,0.007449258708744224,0.009075434854951426,0.04948071308340915,0.05332512048975077,0.010084050373712532,0.03326262128489186,0.05703380068406713,0.039793303703997925,-0.001813098661377505,0.03871889073566956,0.005781985333193054,0.06190162556075669,0.14054500281552493,0.17984486970223656,0.06355689345406872,0.045946166659810085
BMP3,,,,,,,,0.033691720960734736,,,-0.013091732785508844,0.05517224547949712,,,,,,,,,,,,,,
IHH,,,,,,,,,,,0.005464071367464823,,,,,,,,-0.05936275093343844,0.019022613717657212,,-0.049513269921175176,,,,
LAMA2,-0.0044856476224329365,0.01565311847213267,0.07038002202603261,0.022946953889078567,0.009875892390102472,0.004963226620264411,0.05950511111596088,0.07214251505917874,0.11447343529557631,-0.003150226609687054,-0.004789385064597809,0.05469820804454626,-0.07544281149374603,0.02194420876974222,-0.0214305441435725,-0.0766768313400735,0.03790666955778788,0.008962003271490864,0.007951926715637854,-0.011158132102875846,0.04166320634618862,-0.00303637247236837,0.146123962700332,-0.05999978510542662,0.010780101766837972,0.0567148758883
SERPINC1,,,,,,,,,,-0.012893688445221122,,,,,,,,,,0.013668323710962141,,-0.0010780705907793519,,,,
NRG1,,-0.01958843805167385,-0.006988945288850908,0.009885460910464914,-0.027610495088247554,0.0017428895560249998,0.023847070807551562,-0.05626662831511755,0.0008205704404148625,-0.061353432056515236,0.022732000895524896,-0.0021476983650999203,-0.023121369764337193,-0.06766548972295244,0.02222426004295515,0.09525460960710685,-0.0976383350368758,0.008646643421571131,0.05785379834277963,-0.009911489966267584,,-0.027331374171374184,,0.11892708623842786,-0.029447111381807823,
SPINK1,,0.05536249748300182,-0.021505673019464232,,0.04167870857450528,-0.018967808081371173,-0.03787574983832097,,,,,,-0.06795592241128018,0.004899541585921023,,,,0.09536390574661345,-0.07676037323842566,-0.02654578583849521,,0.0019622489806238137,,0.022618057159532006,0.0568068189327551,
EFEMP2,-0.017463981253485656,0.01931364028369144,0.05111217608839439,0.0461962085419482,0.08342684434814436,-0.00887152311305316,-0.058698986012273205,0.17567330750674698,0.24630460650166766,-0.08057472583464334,-0.009829278049087366,-0.030670392147717336,-0.12190240766568344,0.10562006903345028,0.0044640505974674,0.015484983253830464,-0.03493799126076734,0.017900805209397633,-0.03647699790404457,0.06771191582271281,0.08420826404677156,0.043186609049941385,0.03174507030003769,0.009656150199806441,-0.009005691823897242,0.0373563947631578
SELPLG,0.09196445216137959,0.0336789687634925,0.036630903773163914,0.044590598908592086,-0.02696197910026114,0.06272563836537831,0.03024801871351233,0.04327391263045049,0.08675068381438869,0.05932737002235262,-0.0024077043849002593,-0.01820458201064682,0.05675072062841918,-0.005268378299290054,0.0030113553555685983,0.023247426504028425,-0.12115297162506126,-0.008477778304179676,0.03400810060453934,0.03832587103872389,-0.053466184324929125,-0.028001722172308476,0.09006304373369022,0.06703968407319733,-0.02452187528696199,0.10703896320298457
GDF6,,-0.07087218710352063,0.05546458807005488,,0.04388087298183132,-0.03289450560223736,,0.06496094529691156,0.03536057737067219,,,,,,,,,,0.017425968632554235,0.06992249462476147,,-0.007209481342243319,,,,
HLA-E,0.03179144145282789,0.0777298323922619,0.013766730425894049,-0.007725212830634723,-0.020328815406956455,0.03706558657095509,-0.014420394142156102,0.028704059608580877,0.220432070121116,0.006579338005164634,0.023902366946054854,-0.09241224834296796,0.007211866514643558,0.06823879295490701,0.10510406323470516,-0.09381892262006965,0.05693207199738612,0.05710829099251483,0.025129680751838065,0.03552839331424702,0.020173811999620844,-0.031672314627416515,0.022248214873679388,-0.09436415366264213,-0.09921305068901867,-0.017658627095684935
PTN,-0.018309818583477338,0.07539275425887476,0.02467179740190928,-0.06202357963091337,0.04638272446358856,0.0645750573705967,0.07320327332820739,0.18537274731641437,0.3144432061911099,-0.030630245269124917,0.009761778986578479,0.03291274775660176,0.02729121609013813,0.19393603368281578,0.02231477063927944,-0.09760209684746943,-0.0768533505607483,-0.04186661854910522,0.03946454146034156,0.07002208563429026,0.19673966506836074,0.028555301891236222,0.12837307080628485,0.12602417360771928,-0.0006102201276177242,0.018451113633863588
CD274,0.021749884110834675,0.018007295011017263,0.03317328598696901,0.03153240405372686,0.03936028538031029,0.020680224846436498,-0.07196591570831938,0.05149036327835769,0.0690319410625835,-0.014064198210606641,-0.030040786262963987,-0.003448812263610126,-0.021961923053097396,-0.006590609705945829,0.05592945227770854,-0.04807827715674605,-0.11836247291016389,0.003986367331820605,0.03480675538159659,-0.0031970798637594427,0.055030298419935626,0.05404220754826225,0.0872113498493379,-0.03386733243859648,0.07171674556428435,
FGF10,,,,,,,,,,,-0.056660592623540874,,,,,-0.07709219252094653,,,,,,,,,,
CD14,0.03917245319422659,0.05028075912498802,-0.019668100640563187,-0.014792401796807327,0.019883366195494363,0.0350022207859352,-0.05971981983073702,0.06927219441989549,0.20737783169318497,0.04045368403698592,0.032574113934126424,-0.08291509159414055,0.02490458923977569,0.031389690831521086,0.062500099115251,-0.10282956446024852,-0.07551816128647561,0.029695086815863712,0.10209287267052826,0.10894172131069815,0.12703325992216186,0.03397590819719125,-0.05208681140179857,-0.10456750049944499,-0.10104855583594102,-0.009545214306841042
SFTPD,,0.003979933607858864,0.012166116562836943,0.039998826993113336,,,0.040931495640019765,0.020702900415010102,,-0.023151891762481627,-0.03418855060545836,,,0.04112387843618465,-0.03720266298259979,0.03487140354597608,0.023366302492072524,0.06662013510580157,0.08244424475275375,0.0069479529507473796,-0.007359394264487191,-0.025655799246890598,-0.012195405544985346,0.03499026688518602,0.05039384324750867,0.0044329737602535986
SLIT1,0.004175729238071207,0.03110295661443161,-0.0017791491098040203,0.008589812207464095,0.0011048526885746406,-0.0026072238167994637,0.05393777216996289,0.08515568540014126,0.21917370640222616,0.03353331812759916,-0.013097905964267397,0.07444642186572446,0.06401185525997086,0.011269190868236923,0.053389105085947686,-0.029270766176607302,-0.05160682327601144,0.02012648191841443,-0.026703713211847165,0.005287704644489804,0.042450103071758484,-0.00844249775568742,-0.05472509916054484,0.084495500382774,0.02439973172203601,0.10914480499924749
LPA,,,,,,,,-0.015074693195791945,,,,,,,,,,,,,,,,,,
CNTF,0.02554376919772585,,,,,-0.033561033892725085,-0.0508326205335124,,0.059225740254957214,0.04415053389140143,0.015708708409283186,0.022451484826280725,,0.015807146984892637,,,,,,,0.025556882752207667,-0.0024580332164961163,,,,0.006363836365171453
BST1,-0.028820153410436963,-0.055498497082216096,0.014759441801015696,0.030352152796810878,-0.014593203345555365,0.007836994586718141,0.041518744044848704,-0.020702449383081016,0.25379482934886793,0.009691568975052892,-0.03191974952443213,-0.013838313534115104,0.07223548891549116,0.023139917297918,-0.04110195091504328,-0.0625182767670315,0.0006611051582119747,0.05114651396290064,-0.031136715240578778,-0.01873617308377098,-0.0002461288574643181,0.047581499123220766,-0.02979090269572009,0.07485582804393713,0.026502565379633736,0.07725569288779592
AGTRAP,0.01880663518499505,-0.002501717314580437,0.016062061955220842,-0.06852979970234564,0.05336696156036923,-0.021859036424243562,-0.06901916334277255,0.053753999988520165,0.21106521289588584,-0.0033432750239496406,0.08636858107520845,-0.0610724039277553,-0.010019268663610246,-0.0008206780571664267,-0.0009806588945912875,-0.17490381826843146,0.025502638330019797,-0.038153532822612475,-0.030470326403929597,0.03599826922592662,-0.0045932672731458105,-0.027389681346022487,0.024363647136266618,0.06237368874252993,0.04807411576901848,0.11320780953682091
LAMC1,-0.09813145692002588,-0.013439155864732228,-0.009865876279874378,-0.019702012659094666,0.025770598442970232,-0.01250535901138143,0.0066003815028101405,0.12693240527968133,0.24770892501432532,-0.04188427512064068,-0.003662625462330648,-9.14952604326479e-05,0.09715669572579796,0.03855171428277516,0.02985329054153121,-0.12815205129327203,-0.08676515276472156,0.054978911057678596,-0.07050550161910807,0.07612288399213508,0.07972711934089496,-0.031072171145566808,-0.028518079700255057,-0.12340523530589721,-0.029371830283184026,-0.0194642090332343
COL6A3,0.018763699791959815,0.11890198770699185,-0.010777216768631068,0.005756108539240255,0.04306280075719572,-0.02681954912653967,-0.012304125631796246,0.054634243638026214,0.03867030720347215,-0.01178403239208029,-0.010936075633241334,0.015465104345724096,-0.034574285971934335,-0.05385065723704941,0.06081751997031607,-0.12283748684859522,0.03412637687552948,0.06729748735874991,-0.049284831973426244,0.04125763496329176,-0.011189994379251538,-0.026291397088578625,0.03970188581881045,-0.13189288521344553,0.014094509438634587,-0.05767071173968393
FN1,-0.033293099233053576,-0.06469280330486678,0.006469679074069304,-0.025044744439886517,-0.02805337269075345,-0.04110198377787899,-0.007957182824368027,0.1269332145130109,0.2626585148038757,-0.06202724139004535,-0.012517837892937788,-0.01049165004750432,-0.11243285759946135,0.01433701530064999,0.08074742861102006,-0.1808405317193949,0.027095446471198763,0.07546777507139761,-0.08716590748185646,0.00025690755684561103,0.09266717177415469,-0.01469512520087636,0.08369601904303994,-0.19914091242937124,0.03427019325163611,0.18591911046537005
MIF,0.05957326479948305,-0.01928354920140466,-0.03337161539512211,-0.0870589951810899,0.03062738604366565,0.00021157308797726523,-0.0682654918881727,0.07433767197347114,0.059790352877430245,-0.03185574181101059,-0.07048902518051503,0.06331484926532298,-0.19445442313211767,-0.010543038753638698,-0.03486531716269739,0.16702706798183006,-0.01511793243170081,0.13608832099484353,0.025169008476406723,-0.017361586978733447,0.006399166129619557,0.02522920264435767,-0.007453615675836699,0.06980510451896212,0.05768299599116082,0.09063227972651025
JAG1,0.022329718650503795,-0.0015308352037741674,0.0012751992076325159,0.017956689287694713,-0.01927230083447148,-0.07348520035509981,0.07786430200358316,0.1300580166099277,0.23155661322937154,-0.06755908281702543,0.01878969935123469,0.028169679746584554,0.14663201042506732,0.12924297717044175,-0.04320083934973154,-0.015017468412064125,-0.07414746534002466,0.02625457934277876,0.04340994593545608,0.052361375002096,0.14126836804052942,-0.04734743601050328,-0.11292362862800145,-0.0770944095120416,-0.005250991330759611,0.15661714966149332
NID2,0.03976007171361868,0.020484835769974143,0.008078198806876076,-0.06701480633930675,0.02171342753476552,-0.021673922954747734,-0.023111103864807914,0.19766504497301618,0.1736071753051232,-0.01740410983043894,0.03310389182891917,0.015627639074051007,0.1448270615740091,-0.03365306489061327,0.1005820230231847,-0.07868687196738235,0.027559780421169237,0.06421834779571124,-0.01187676305054312,0.040367803975488184,0.009657493566790793,0.016081977071753305,0.136704197124779,-0.09225848982293257,0.03957004023164189,-0.05078341574035012
EFNB1,0.028471229461470005,0.032457043787397444,-3.0848648932515735e-05,-0.00816237463468256,0.030237773017826035,-0.004337197711099076,0.019052931623927447,0.09142103591728447,0.12977100303362718,0.053546501135032454,0.1026776397819869,-0.006087580884175958,0.07945168036590541,0.06981050474884146,0.034086160945849805,0.010759719414319757,0.04046500254854362,0.05118676711519653,-0.0023555522328993434,0.040739558512734676,0.06725949799150008,-0.031913879394273974,0.007159422702801618,0.13647089200499335,0.040154344934587166,0.06844414537282272
COL4A2,-0.023140324252574763,-0.01572188973375394,0.009008226858404052,-0.007336270291015665,-0.06977727068560576,0.01837584831279269,0.05676020604188632,0.1585359062955897,0.28563217952340064,-0.09603726717358259,0.01672590376202163,-0.022768161193349894,0.04442963738987378,0.013958268130364528,0.051532764154294586,-0.12330180972272387,0.01308652184007303,0.047872299127235965,-0.10580181370995945,0.017408339986037243,0.09936924191767141,-0.019121612527424496,0.1324758291217362,-0.20546296624416985,-0.06754074600429177,-0.010495296646930165
SPP1,0.003388983066777362,-0.041568149033580415,-0.0006300482165912417,-0.023658445497611917,-0.0065530194790566045,-0.01865931085786316,-0.08501717854413467,0.1353194376056132,0.2829438271646792,-0.028236589813279513,0.14162830696392267,-0.05827770523206207,-0.13643253959621404,0.08005243913187808,0.12900041226813413,0.0011100509868957247,-0.05294596827210772,0.029884924478481133,0.0650277507467045,0.08325954078043152,0.028940195292231043,0.06319038946461872,-0.05459391538621106,-0.09806172898897948,0.036035388307465846,-0.04039728796694321
PODXL2,-0.011113085812059527,0.05738877251420602,0.030201592535338113,-0.03826870941508837,-0.08922754872944201,-0.014950667777108663,0.03374036765682879,0.08162182494076162,0.013781008469011199,0.003385452950892103,0.0221027252689376,0.08041965200625131,-0.012783479433432355,0.011817777741759657,-0.023037454788602224,0.010343717186635631,-0.011401122078334805,0.08764698254051723,0.042020739111964196,0.05556727610097763,0.07598256532463347,0.03895231546324581,0.1946717677311824,0.1285864615794752,0.11705894595977763,0.011042454727876187
IFNE,,,,,,,,,,,0.025819274572868384,,,,,,,,,,,,,,,
FGF9,0.028909323782175055,-0.029290279923729023,0.040929758004873695,0.02085844934917974,-0.04184007135961209,-0.01887108346635882,-0.02643987494549676,0.009021992817028675,-0.0603703584274886,0.08446985601119772,-0.024137311749720596,0.036346060990264904,,-0.007957973717316484,,,,,0.007829947127524097,-0.007650814249860703,,-0.004330867388034219,,0.010552809131898223,0.009591057448554737,-0.0705768698651198
ITIH2,-0.03698170294413724,0.031428556035616735,-0.004277505435191662,,,-0.017296119981914715,0.04798362594593296,-0.03736889535858716,0.0870507756303855,,-0.046418783096703574,0.015164932315516595,,0.013797845187499002,,,-0.017614095865276826,-0.04921350111790382,0.05888854219488118,-0.07290433429421729,0.05575779797320935,-0.04243330225866871,0.05891666185866375,-0.0005011847810851732,-0.022557447627929744,
ADAM10,-0.0156485636132506,0.045089259150426005,-0.036461555800074444,0.07017405879489773,0.0024181465904349647,-0.05018333777100482,0.004364188163057671,0.06434266090838982,0.08634598618355041,0.022537489693124375,0.01995393707159759,0.033161765196581545,0.021185895916710898,0.0015736823323544663,0.0587520511197049,-0.06053778757734368,-0.05036247756673247,0.07647831695175895,-0.005060815784625485,-0.00045946330893839116,-0.010682232994661686,0.03813442094839333,-0.0033946776028682553,-0.08399436116739906,-0.038859335468303446,0.004789174937903379
CFH,0.01965170623733784,0.07394073099062783,0.01723119243887695,-0.04234978377740389,-0.1324185152851394,0.02938840161112956,0.05287874324270639,0.03151690823418889,0.23202529095996174,0.009787365935735669,0.01553221352833027,-0.0027902696281872923,0.04904665841118264,-0.004385488564553016,0.06281717557063969,-0.15697005256134167,0.05055749737901561,0.04385992572972271,0.00985492584078464,-0.01445577582109724,0.050203192186876945,-0.02350783859123463,0.06737060502295265,-0.04373988311814802,-0.08998580914201769,0.03682265402661606
COL4A5,0.04093684212587185,0.04588970350778833,0.017034052040159873,-0.015409635995104703,-0.058400206190672106,-0.019214496372044355,0.04183037299792083,0.08669310860554169,0.09983144628801556,-0.028459958943268065,0.022916684415180372,-0.0007948453231236439,0.0622551541130459,0.05702480095352574,0.0282830966442689,-0.0480483941214079,-0.0032538141233811493,-0.0209259032399595,0.02093834842875014,-0.004390989680467534,0.038599454352862876,0.028213364285557815,-0.00602243727472644,0.13173041992864815,0.08789060500891879,0.013983265782160187
LTBP3,-0.015916020466242582,-0.042515008405546874,0.02069967844986463,0.017599216336256805,0.036485653509351706,0.01408949741481352,-0.031012228515813443,0.09156274542449681,0.15149739632734363,-0.027418491093876656,0.05039777827528866,0.008393093425700451,-0.0008006363113364372,0.10308817440305487,-0.050272444001819114,0.0641894617631402,0.008498328911386127,0.12487803960882123,-0.06069634032423377,-0.06767057811774507,0.09607514777847209,0.023840114380624666,0.030813781443026187,-0.12938693509235613,0.08976150695435135,0.11399561832749146
GNB3,0.0017878230004460538,-0.010396902838959384,-0.0067730935651320046,0.03998976111807503,-0.003494390245284369,0.04904813978675882,0.019124948299558398,0.1353840722833958,0.15496434801769624,0.017726582400340543,-0.08063920500425317,-0.013997495870368483,0.028963717344638568,0.019737692033674575,0.01583941690293908,-0.06250239313230055,-0.07092666082342153,-0.051286700863900116,-0.030465789688007602,0.07469841889938711,-0.010192762181077005,0.004007685975384911,,0.01388085214405017,0.012121448882637368,
COL6A2,0.026841207396603593,-0.02343670330442897,-0.045291888094475645,0.004101076637133237,0.045810978029792226,0.02198054421146021,0.04322472739974986,0.0446532239784116,0.2520349924931449,-0.0820083374702176,-0.0028038339807557,-0.002666356986104403,-0.10986582484936926,-0.05830557272559578,0.028916733847498315,-0.05621349675353263,0.05940685532988486,0.10837462960100216,-0.1378125617373125,0.019644555777445834,0.05223743813319499,-0.02033821154481778,0.1442021757180536,-0.1906527563793721,-0.08969420746950252,0.10554542268928588
PLG,,,,,,,,,,,,,,0.12308037781682886,,,,,,,,,,,,
GDF9,-0.030015396548367986,0.02641828547233196,-0.03445327261455474,0.0546458715348114,0.07041515269269345,0.044406069393684154,-0.02403366467753073,0.09119605957659516,0.15685890637262187,0.00434923242026622,-0.01501881295322974,,0.045259523760967424,0.04261338539243563,0.05167409257075952,-0.11393901968911874,0.06402233674652844,-0.05409598216902489,0.010249930847008728,-0.07754035177245211,-0.017229581705325556,-0.005825487565124897,,0.08267764047881161,-0.020212947332278373,-0.061476580948769115
NCAM1,-0.029001762213174822,0.09920906365053041,0.05910935517638151,0.02689307184234656,0.09249565093524588,0.033103747419191164,0.05223222811975223,0.016507563063295625,-0.12715010880949643,0.05084531502966928,0.00900333793056848,0.04140532456892947,0.08910625089098287,0.007150475644859349,0.031993663771357005,0.05843857505801133,0.04022497012016926,-0.02868177229783889,0.04118293796771194,-0.02396929682605053,-0.08388330249004843,0.05729088185469087,0.09860248255575782,0.16511180900106465,0.04011589334248722,-0.058407298887562395
APOC2,0.08211848548463997,0.0046885458510709695,0.06510670016768276,0.05591639708456701,-0.004620800570094112,0.06124923824278885,0.0914790658172853,0.07543927403802324,0.06392895991514447,0.04911482318198964,0.012401087475780418,-0.05882730943263004,0.010648818760778802,0.04137815708801737,0.014612597323751975,0.0371090599381026,0.029885807139733475,0.017551798792798255,-0.004294832616956747,-0.020597971997028685,-0.06394795942397492,0.037058560013718864,0.05844854442844166,0.13617887390483993,0.02437618128430461,-0.024831260856111936
BST2,-0.002760781328683326,0.03601623471303242,-0.010143670700446627,-0.0015123528470562294,0.01950006895225744,0.03893374384846697,-0.0005437935996391004,0.018239837010146552,0.288481564971198,0.07000199333929906,0.046158605958705065,-0.015475919414696436,0.0791141944334146,0.10089948013690545,-0.06310234102797212,0.004865619446451745,0.12919751627230214,0.029921708941928932,-0.014901986898374991,0.005209642737436872,0.07173695439324264,-0.013691831204606993,0.0355913333367398,0.012439853932162676,-0.029162680731353877,0.07927622414488361
COL5A1,-0.04472367464971318,-0.07651294711029756,0.03364524983575152,0.0056052576100220994,-0.053902946178654855,0.006427326800926925,0.008118230614245417,0.13845357741009098,0.17973184763754513,0.0023334704365372584,0.028912171525059503,0.004235565232540087,-0.14290199034008616,0.00724689496891245,0.014592372075815227,0.018336785177720742,-0.07416335524345201,-0.002720391316178749,-0.14514340169078355,0.0006468125217439664,0.07127637301491033,0.019033062803592786,-0.08022483625392875,-0.17235516488386968,0.08843070438680015,-0.036730568703636175
CALM3,0.027680595583295848,-0.027967804863165267,-0.05025180968525736,0.008264329649910475,0.007400727439896625,-0.01274104139604084,0.0471288352865768,-0.16361735692053106,-0.208798669097741,0.11787673044621255,-0.13714727515656033,0.08308191523368698,0.036943272079826256,-0.1301469658663008,-0.05342622234425,-0.05924407157978272,0.050419707594044585,-0.058018804347323455,0.033553950563728015,-0.05775795062958674,0.010990762553573808,0.031661927514371885,0.04187178524546417,-0.051619604620707644,0.02262541340393424,-0.060600611844184825
THBS2,0.047028664550206024,0.0353760863816517,0.026217272787508718,0.027734468153918664,0.04285404512530182,0.02096060546174787,-0.016775801390397853,0.10866471133432583,0.1747148670493594,0.016227846899452624,0.03645367147167744,0.08509343432888544,-0.10553766027982749,0.0855154424676219,-0.02045235112176247,0.02252138859461579,0.021752774004448687,0.03437621074143691,-0.060329051135312076,0.028682472014573867,0.01806752993786654,0.018499087265973924,-0.07178124786482211,0.0061112751577964905,0.04527087167702692,0.007684013620399421
SERPINE2,-0.01095841517857313,0.04330830118041659,-0.009072286543897363,-0.007907581430916409,-0.04699145322927438,0.014571131474337376,-0.011988930916118684,-0.017763457885370124,0.016600027293888875,0.0026579255243644206,0.0040578520069785625,0.007222482203999291,0.04339741515209786,-0.010050085580445445,0.011480533184640098,-0.09663798359564292,0.0943467110772733,0.15803060667530056,-0.08602464483473116,0.09946424539951593,0.0492469395095149,-0.05122426543464622,0.030745701832534448,0.08473494517381042,0.0878491886316742,0.035298681106034714
EFNB2,0.03383629300091329,0.026451177549334435,-0.02996638421513198,-0.0018027310866714239,0.009302515999773614,0.038527146052417575,0.029915240634343802,-0.038716033334320284,0.06718592454282386,-0.05997432298895732,0.014687879208894293,0.022065122910959536,0.03857696743255357,0.04212361732984773,0.006826341705805468,0.12180429309012424,-0.059036768512155044,-0.003965590311602957,-0.04304347609758503,0.027506284906029427,0.01031034695435772,0.028753191310245743,-0.07455734340813092,0.09805860119454429,-0.03191252753409894,-0.043847561307717456
PROK1,,,0.013415088597442764,0.01778246654333407,-0.008501223333503685,-0.04925071861604931,-0.015912939129563895,0.024048420184900228,,0.03728789312438697,,,,,,,,,-0.02404256635311094,0.003192361159759438,0.05401645955228359,-0.018859163946445393,,,0.07826374094628431,
LACRT,,,,,,,,,,,0.03783227969730479,,,,,,,,,,,,,,,
MMP9,-0.005265776365087501,0.012292310224715686,0.03231293151823533,-0.00043885019221917457,0.008533201894344733,-0.029063579127107966,0.0057804920419515975,0.06945370914321093,0.21083136542221445,-0.04495684859241249,,0.07395789810345135,0.15045702934490723,-0.06509404817992968,0.09029063392591982,-0.17421688109671904,-0.05216738184100427,0.07654269346445292,-0.07378553974009851,0.059203717749658845,0.09898885120932374,-0.03234564843146129,,-0.13438157826842104,-0.001810605717679044,
DMP1,,,0.01087800399872722,,,,,,,,,,,,0.10673925023294872,,,,,,,,,,-0.023399264782076185,
NPPA,-0.026143989505250986,0.03710276572142447,-0.0006329159536868378,-0.001830945697778561,0.019972438554180263,-0.007385345375868948,-0.00755704571827371,0.06451458073801353,0.04520110665526725,0.007658248298955559,-0.002446623237792209,-0.03562987874701568,,0.01007162939446311,-0.05538389099276444,0.01807339005621217,-0.0244445762005469,0.02152509999352675,-0.030542577918849165,0.024148169186528016,0.024616268711769418,-0.04625874619278292,0.007135259955772688,0.012653633686712596,0.015351382348755839,
APOB,,,,0.0007055261516404383,,,0.05041024900330699,,0.0016844956782511337,0.0015247921754038987,0.05564559991226043,,,,,,,-0.019076048463586254,,,0.019974494724806616,,,0.023833111596147663,-0.0023891229727988007,
C4B,,-0.057427314769691026,,0.02370965672151689,,-0.008998467058587183,,,,-0.005734201339071453,,,0.07176474965712658,0.035854645717916994,0.016216185913337282,-0.005000479487914026,,,,,-0.0021826460995454855,-0.014641710560076977,0.02521222916326609,0.036677175500210935,,
NTNG2,0.015755770841103106,0.019742742791032605,0.051772978674743036,-0.02318144430848374,-0.03195113387754864,0.022237245520520196,0.05018041181296193,0.08931978443683349,0.08132916542015063,0.03317571278117008,-0.01461952567381754,0.015037541455906366,-0.03183667134692718,0.023969769372782,0.02902324498004889,-0.05175404148518945,0.024605018750708915,-0.03173391128735027,-0.009581363492763848,-0.010047162673626835,0.04545439168564871,-0.01959131385246804,-0.04220860623175917,0.04227369180378049,-0.021035649810640426,0.046972098673594954
LAMA1,-0.021727111557953892,0.08426520768779044,-0.0046980432363893255,0.021103678664005143,0.020247930850793856,0.0016329716810066864,-0.014641481319633538,0.10222441159057903,0.25697227923000704,-0.08936855596251222,0.05589519894841357,0.06273289338713751,-0.019401877263252057,0.004618582131370652,0.00972096081950753,,-0.0244017379279233,0.1341432236033529,0.008688882831125318,0.005128667156155502,0.04523699904255607,0.003741585194700863,,0.07815546199403837,0.01009649647041651,0.00017716843959346393
UCN,-0.018463506633560643,-0.0183822557823803,0.01107787814900602,0.04633287064644082,-0.0038480603409195985,0.006886278560717277,0.06548297785104541,0.0019617545524337906,0.06364331875274123,-0.02215721976516585,0.012530519726264499,-0.016971967075603556,0.01921567088514533,0.005619290889045445,0.052988896571616574,-0.006451240040685124,-0.0002993494388843832,-0.010381438139123737,-0.048805445037822394,0.010131109812852626,-0.000491380694317259,-0.023207355004299306,-0.060141709789806,0.08981729188346052,0.036096269125223394,0.015118930639922288
ARTN,,-0.02445233907218635,0.006583149782249796,,0.020824018306340796,-0.001208298302591472,-0.02337672733838505,0.05081345517160637,0.04901233853633474,-0.00990428957873218,,0.12832312001723367,-0.015789763260230724,0.02180471717726091,,,0.0017957107800371725,0.017495966489356772,0.021636409932285293,0.03337795439695888,0.03687643657401344,0.013567041329066906,,0.06543613684373908,-0.011640559935413916,
PDGFD,0.045942756888312966,0.08760141220515699,0.007162402976970572,0.010508439313866393,0.029242946972496412,-0.02969237654125597,0.0233233313609333,0.06914775707580827,0.04464973625618183,0.014397203706185436,-0.0301737623855772,-0.03587771810761621,0.036914610667406526,0.04700538783397764,0.004254450378134001,-0.17197319652192403,0.019565979678689765,0.07415366694862646,-0.022098212491620885,-0.051373095384085465,0.07186545135351408,-0.01142347649981414,0.1578516662905448,0.011302084614944348,0.021201882124646135,-0.012370804156152779
EDN1,0.017369345205601995,0.04623041406375786,-0.009970957790421571,0.029782541219680363,-0.03136164980495643,0.034864206681485405,0.03330620514533075,0.12656200111995508,0.1380745574923962,-0.04807829233748192,0.005679586662256421,0.005028513771278748,0.05164233185877058,0.06618435438720353,0.015844998365147616,-0.0009925975018680025,0.08235639622064364,0.06551427564958659,-0.0012167756640562148,-0.01806443091659104,0.09031886148404757,-0.023771845471169627,0.016810151414137414,0.019356146423143032,-0.04811899096947261,-0.028345679966969354
ARPC5,-0.06074294782469812,-0.01354339421904858,-0.01138547918632243,-0.02321084769865886,0.03242783391663169,0.018419389909042613,0.03489353445961724,0.1220048421660047,0.10327700650920309,-0.041736308825920096,0.035788172030167084,-0.026356272763898205,0.113725325120425,0.056819593762564166,0.07397374917157007,0.0433138091354583,0.04250616539514941,-0.02203697673975673,0.015890604183654757,-0.02689776007842343,0.0417998404120869,0.0016116418476795984,-0.08933653161005445,-0.08977699685514959,0.01087316832751095,0.07589103459591211
GSTO1,0.018458326130506682,0.00948284170427213,-0.01690839836659954,0.014661119849876348,0.03833988645289548,-0.03186276701985101,-0.0244204522555254,-0.12869462100491777,-0.15733857143944616,0.021872282457329188,-0.0497880679231897,-0.01620206276230016,-0.0003999849527067314,-0.05054952388068439,0.11231489017396445,-0.026674862126882283,-0.0396460026705774,-0.07543497090949096,-0.07069039536984643,0.06927315376321569,-0.0877745757459209,-0.007288495103556209,0.18575585920315715,-0.06850042939807029,-0.1224573764829758,0.013007850231431842
PROK2,,,,,,,,,,,-0.026729701543412917,,,,,,,,0.05696930966826032,0.013544887213300941,,,,0.07440083092512736,,
SYK,0.016728386128838917,0.03859522128790106,-0.027316819600378028,0.012945780319867387,-0.022046947860745292,0.009423975982048083,0.053296286291237206,0.10753823881863721,0.10395334208581422,-0.017738717092534762,0.039730979858251005,-0.015565903610890372,0.05034182661633503,-0.0025007984128183843,0.05807746129337746,0.047580731942284196,0.03658531028465358,0.08997194208915149,0.043684653374983194,0.06554176994737232,0.009218734921264887,0.042843134900589386,0.10075122563493134,0.06966392786502665,-0.05737107165033381,-0.047902181808430096
CD40LG,,,,,,,,,,,,,,,,,,,,,,,,-0.0059131003439695864,,
ST6GAL1,-0.07834204426140927,0.019284621771003378,-0.013385542060273727,-0.0432563421469716,0.035237306316524795,0.0542209910697131,0.029465345665748578,0.0761490906779923,0.1520509362619196,0.09111346176859614,0.052726176199805436,-0.09353105555123636,0.04679353783217233,0.00652970975623771,0.0009435672176512844,0.008219693172375921,0.041172301756093994,-0.016914047902061927,0.05290734218527451,-0.011605869559029558,-0.05734986472232072,-0.0477513426478575,-0.04482917894528956,0.13589775531780413,-0.0043560066691004,-0.12186832089093037
WNT3,-0.05330459860088907,0.006379325611156986,0.02481713274134629,0.042204564135240465,0.02798728685343412,-0.04889535426697021,0.051617347613910326,0.008418393138224378,-0.09375660130132975,-0.0267059831469265,0.0136033393785381,0.0746306599732136,-0.006246700002022266,-0.049107720692590284,-0.028125274784957615,0.049535568154457074,-0.01874536204419399,0.03185882514254115,0.011447893565738472,0.010353465232491412,-0.039296582320458975,-0.006141735220043013,0.08822617637396094,0.019301376847270423,0.027176575658691218,0.09857884524547005
HSP90B1,-0.01710494692515577,-0.018623388420927603,0.015870596043684206,0.021853976312279068,0.028018792837538324,0.01752671952423985,-0.08495148514164565,0.07328056979838439,0.12528604479882435,-0.07412697573141508,0.02351949009728022,-0.03778213944855007,0.12098752694239283,0.13739565659741396,0.10999390341680852,-0.03967196065210361,0.045727319981646794,0.030836421057006146,-0.05697441992899834,0.019315365043731724,-0.05713177122513887,0.01010440158381287,0.03851602146091193,-0.024696686825608393,0.0070482883338753195,0.009806717489449215
ZP3,0.06369300597891761,-0.012403754271878228,0.017261372042695493,0.011718459569536002,0.059575108521378,-0.02475866215345401,-0.033481875880208074,0.01615602556458729,0.15772631944830928,0.028118369220630587,-0.023919713877216885,0.057258518722534464,0.08813712959119316,0.06774377203293874,0.05265935676192972,-0.03226071073490567,0.03974463817812573,-0.006057383650949583,0.052393399378165395,0.02981142364057064,-0.012933031285091278,0.06346544682540735,0.041211220741235025,-0.0017543679050332041,0.019469142041205045,-0.004458449552474743
ANGPT4,,,0.0021182884011300466,0.05394317431939871,,,,,,,,,,,,,,,,,-0.009817399001897282,,,,,
NRG2,-0.04574747739547447,0.05675182033300377,0.0679818138703155,0.02728493670848872,0.030877980760260795,0.008575072707705632,0.009588034489056107,0.09645105066291228,0.06364463665353896,0.017553644090336884,-0.026442119205898798,-0.02118862743734138,,0.02647431109833577,-0.08344425858203282,0.006626687910642332,0.016899200681625624,0.01723989951029779,-0.0627045694686584,-0.04252122001248849,0.07365361304109817,0.030896328346185727,0.02055097625416465,0.06931378672165052,0.014380756779698826,-0.010508228303454825
MELTF,-0.004746956243609383,-0.030032828801866238,-0.023010202758822783,0.014504322616365726,0.0582803439001328,-0.06484467280790564,0.043185341486506185,0.16098176693748656,0.14231684092032243,-0.015928881009920473,0.03919495489676001,0.021647532831289732,-0.07057805335348892,-0.01695424399377631,-0.0039088054548962305,-0.11570889793922383,0.048894196250427166,-0.04240206856961547,-0.037677650480597256,0.03610906998812489,0.07313453951582073,0.02779985400814445,0.007205471671605108,0.05561924817199693,0.046340666486502376,-0.014751016215438569
NLGN1,0.012499345227995713,0.021797543239109676,0.07185477535177465,-0.007519992118337655,0.04981334587145911,0.04827288637115073,0.04188782214274825,0.10323968441403289,0.2467645462781155,0.07306080653455042,0.025210768514146813,0.09112083043603489,0.011526261971262384,0.004425701374309164,0.031858266757434826,-0.006775821363896526,0.07327487159945664,0.034978334671613334,0.03933447933803805,0.009468252501540968,0.06989910462706994,0.052281706285752884,0.1163334453012724,0.1166824360562069,0.09753683428758562,0.005155410327382512
SLIT3,-0.044988500815787626,0.03808346059792981,-0.0022891504398157205,0.03844791612820227,-0.06519412003349578,0.017668005981949623,0.012038106500361653,-0.015429990102246572,-0.10514667377179375,0.06558848109031001,-0.08465109864923209,0.038491219242255854,-0.015478896998889673,-0.05833365499174135,0.047313939703989095,-0.05042000839323784,0.031484999694945524,-0.030221961882059847,0.005533658328453549,-0.02194826253505943,-0.018904044972231294,-0.05083074204735304,0.0551838232863641,-0.02037358446226467,-0.015578190379099325,0.034244537656680445
CCL8,,0.011777231315196673,-0.050750029917719354,-0.007029804355375288,-0.06465518409238806,-0.023774634764393086,0.02682386803064059,-0.021031371322884566,0.0188172075263371,-0.04745845383465314,0.0382574119734314,-0.04783480242861517,0.1153346881692722,0.01265055875514188,0.04938655822275333,-0.056552872437125215,-0.09870715577890483,0.024746342885000567,-0.0814424996114528,0.01300015838198675,,0.01569265461580813,-0.04755728315652796,0.06061820056737807,-0.009951785846650274,-0.023657917910145123
S100A4,0.02881980453224094,-0.009517529257045496,-0.02028568053877908,0.020838964027928886,0.015600778865203531,0.009782702807308261,-0.037716298979101635,0.12690571026590222,0.28715238526428033,0.03251845466648326,-0.018298524770998303,-0.052409988409810065,-0.025171920069270735,0.027411827186728275,-0.00371978711957477,0.0685051641293521,0.019443494158872747,0.051303249523463934,-0.023728201108610986,0.09206611428568622,-0.01129627716314225,0.04095063541820323,0.06777327275267292,-0.011935429164417618,-0.03160430820595738,0.012310626688099496
TNFSF13B,0.044461817694330746,0.061387687089349996,-0.020664777182805214,0.0055077099722719396,0.03821472005917313,-0.008824836842713187,0.0372121659168594,0.0854023290627407,0.22940169023409615,0.03267324370104851,0.0043759214839276415,-0.028670433565165323,0.06195294506176615,0.02393273789603139,-0.038616080442145824,-0.06656659537484468,0.013459422615607028,0.05525948606929392,0.057523994870965926,0.014919465122337055,0.11794570464176456,-0.04125448466301919,0.12058157185323862,0.03376326824361279,0.11553787135748539,0.10864195534169846
HSPG2,0.013666375747247661,0.04512932457374114,0.024573316308748133,0.021265167059575967,0.026723392541883516,-0.05385353660663737,0.024759858072211892,0.12369155801229159,0.2183926160705273,-0.1081783421304118,0.005779743475857304,0.006038522682389918,-0.1265581297404702,-0.028269862367153162,0.0792226340786672,-0.1354916978011055,-0.1361827057711531,0.03691940116997171,-0.08170223875730893,0.054453759446881835,0.05726119801967733,-0.05303135322866824,0.174503386253786,-0.1361033384283335,-0.02831201209285792,-0.058112260236482735
FAM3C,-0.03550277736553514,0.02460041334627012,0.01821528465641277,-0.024771983913752786,0.0622554169274464,-0.037221588607700785,-0.00680777044012092,0.00550231447448472,0.12817898502917685,-0.028981946926773056,-0.01087654301736008,0.10981067523158557,-0.005758984061752117,0.03534883533139818,0.05219176135419228,-0.06631277558579882,0.152421767443732,0.009270200685761745,-0.02684452916016853,0.00026973431660550515,0.09260608022705517,0.0385406259215494,0.022833980043256742,-0.06587510268509048,0.05115616310008022,0.06832682438178957
FLT3LG,-0.008914820118535614,0.049924536820798546,0.012125255449943953,0.02996363872339626,-0.02949112125342249,0.03575265033632817,-0.025363876445295863,0.0735172107764256,0.19086491758257557,-0.012573174831727648,0.0014741423182820126,0.10213880778063061,0.04763527286644073,-0.0032717689317959178,0.003054857258267283,0.07137518824857854,-0.042281679177172564,-0.023575524801305817,-0.027206401123236613,-0.025211952656581212,-0.001423703046250818,-0.030861356136039162,0.061163965826636316,0.03943948251136815,0.04859959444339834,
A2M,0.013321163005714535,-0.017866690251951266,0.048640718545402965,-0.015879790531273974,-0.013901692147323182,-0.0022196429876870536,0.012138916060742237,0.0656270405236926,0.20058762067884928,0.012069550477070007,0.03175623864499566,-0.05076302614338936,0.17090052506172312,-0.04103855888314296,0.13106284528865983,-0.19959919565785395,-0.07070063107428047,-0.16353686807087126,-0.008856411003254745,0.01779164693480867,0.0801668773511658,-0.05007819777519644,0.007151365288560862,-0.16754832190696825,0.08427700096792468,-0.11922091537348162
VCL,-0.0023475882406389704,0.005054993063509642,-0.0048115503566680245,0.027149637084675868,-0.04393018078967765,0.01641543440348095,0.053432339295544654,0.08003664027900552,0.08267707405794147,0.016067642071084173,0.034842498547283475,-0.024086031788219168,0.010751631549778783,-0.03660982971318533,-0.009381081757065538,-0.030196829864948416,0.08084384802653215,0.043743734386213595,-0.0073922323374914735,0.04870018724061742,0.015552038467118825,0.04185903098145721,0.09609460070512099,-0.03685767796695337,-0.01763475002823307,-0.10414151164734066
FGF2,0.061906446022296356,0.05010412872485866,-0.03172345461536755,0.02226995079218544,0.01762137039192254,0.05527368957697511,-0.017834630588617097,-0.05383058243515505,0.16316114796167128,-0.00041479764220253204,0.06077831592819962,0.013866585611737871,0.03674047676696029,0.09542308784145019,0.008852249984708504,0.11262911239080052,-0.034749884606566604,0.053654513869199665,0.03969642221763418,-0.03288856600202386,0.03889962530656352,-0.03705849371288947,0.0029308623441999084,0.06251603589231755,0.01862942129592931,-0.026375329168843
AGRP,-0.009285641247283025,,,,,-0.010100805278959181,0.01095530873914497,0.03380316526842206,,0.0031031206725424766,,0.01600444070471239,-0.00942312345225165,,0.014873246263486984,-0.031797652541649506,-0.0773135723397264,-0.028436366234878177,-0.0028670942793950285,-0.04708948923958214,,0.004163494392470202,,,0.08583277938944613,
CNTN3,,-0.04552392026361484,-0.004674727603670149,0.010688165475894407,,0.01219286304019498,0.037905683146407236,0.005687418607033067,-0.09910568333547291,0.04730388848247597,-0.0006322466851457499,0.054013680688241646,,-0.028530376229683057,,,0.018122414455973415,,0.021789828644892508,-0.053401497812038345,-0.05821001191136725,-0.03167013589198291,0.13548083727883578,,0.0029591672662887133,0.006965982693748028
RNASE2,-0.044795166912951434,0.012345613750986483,0.06098241740287453,0.0424331580023789,-0.047482740486082135,-0.0029801112266205037,0.0015180117580252672,0.13132571210452346,0.26460721150905,0.006031970942227274,-0.006644248322963149,-0.033413830763700386,0.1081865971961513,0.06305019029745652,0.03292417475503365,-0.01468983037231348,0.021298968716595614,-0.05883871380291128,0.02215540293811802,0.062141028200299174,0.04097069857868208,0.04671591311408444,0.021746050440671176,0.05463760636124149,0.03551708225397606,0.04998250769804888
ADM2,,0.05510877563809468,0.04189742284098444,0.018288042130435833,,-0.02334056793643142,,,,,,,0.010865935895021344,,,,-0.003459856357514552,,,,,-0.005486504957887167,,0.0057657257221470455,0.012851086981760407,
GAL,,-0.006780871306364554,-0.014520991770855977,0.044775378202230334,-0.008333535867367237,0.03855802250242229,-0.012911851758410788,0.052097790458128006,-0.025882841469195332,0.07139406840686305,0.0018997235235313572,0.04295656263054061,-0.022037761416480537,-0.01615912142094134,0.09499056750690132,0.026242595375339815,0.00677635913174599,-0.006852996351271302,-0.024893869145054,0.07842019463578806,,-0.00667143217558733,,-0.06037205748872149,-0.0005398364772569944,
IL36B,,,,,,,,,,,,,,,,,,,,,,,,,0.09719296947262523,
CXCL6,,-0.027953926570879396,0.01253394445849625,,,,0.020076275681444263,,,,0.07856333738519455,-0.06105689834903416,,,,,,,-0.023126922672664373,0.039204736297334335,,-0.004267818558525173,,0.013549881339952203,-0.013940743304066439,
PDGFC,0.028873237443360757,0.09445166966681974,-0.010352482467243582,0.027068498699222347,-0.0021184708387215517,-0.01543729010067472,0.002976686581716499,0.14601080019947923,0.21842301212169923,0.022724447014015096,0.011706656336163484,0.056940908116307434,0.0065511468235518455,0.09475589627927736,0.014769950785030486,-0.06149727830707895,0.04603154682998791,0.008134237715900711,-0.06732280482516256,0.057829451978876976,0.030931205123092314,-0.06860977753696008,0.09174494828177523,0.1548684061341634,0.028169606178983002,-0.027476375873753553
COL8A2,-0.03234536742440209,0.013557906626167642,0.0552530061479272,0.022443865354802903,-0.018442742086589293,0.025682048690426267,0.052782903162359784,0.008871289185311106,0.10596821497110231,0.05216306508664543,0.05782093576632825,0.029370141888931407,0.010942680046766538,0.08036934523729423,-0.004554646599605569,0.043624365187387035,-0.04049341356376159,0.021546746560640994,-0.019786392308408143,0.012095700784088344,-0.010440939477324792,-0.02082706389701628,0.06651143948755298,0.08662124885557082,0.10990160434930346,0.1421587088734866
SPON2,-0.00042910769943464494,0.076955573375366,0.030322711998227017,-0.02684270094918636,-0.013455937530300055,-0.010797733710017384,0.0492897462967889,0.04797574057258617,0.13494066548357958,0.014918972094867219,0.025547878232870157,-0.0523807564534391,0.13312399403889458,-0.020183357104749434,0.11466704844874108,-0.09886961776212998,-0.0012889829548127976,-0.031510375017103937,-0.005752011100520558,0.011823233900735435,0.09749635025459809,-0.04092016151368524,-0.007855404142771189,-0.06860565515338884,-0.024611610015750834,
LCN2,,-0.05680965157889738,,,,0.015717806965832092,,,,,,,,,,,,,0.01453727749502463,0.022725355121245242,,,,,,
SEMA3D,0.010289200862746576,,-0.02379663259663792,-0.035367467359877114,0.07303875370008667,0.007531473849710717,0.010235239711642816,0.031213545967731113,0.03388381750333606,0.04549454213603194,0.04844296789218941,0.039682398110480056,-0.04046751325955799,-0.03860304535162968,-0.043381197464294655,,0.02950834076098231,-0.008043798302841505,,,-0.012411767285917766,,-0.049955117273205826,,-0.058643067325526294,0.012456350057198032
BMP6,,,0.019687886460159856,-0.012029236742199766,,0.005889164856742011,0.05317108308048975,-0.027588278289730806,0.06353775633277202,-0.025770897244036823,-0.025925337785474428,,,,,,,,-0.057717339025381585,-0.04026196033407853,0.08149545840832466,-0.008371817997488297,,0.0029906489372332873,-0.07693290638072427,
TIMP2,0.07043415628763688,0.06337957031404776,0.02553234262419173,0.013756570660368771,-0.0074459510010405836,-0.013021969221133852,0.020593538164970362,0.11696300771757852,0.17557941160601376,0.04651594550349083,0.01952244938098748,-0.0521373522730912,-0.037464915166701085,-0.024854886451000903,0.015030819617050115,0.01813851767988272,-0.01547298646194033,0.043992440959308036,-0.031021918671798574,0.00036303959930846316,0.06420863336599264,-0.015602392025709943,0.0829942323702889,-0.06933114844593907,0.002856143162797745,0.023430279004066606
EFNA1,0.03579823364125794,-0.05161542253588009,0.048393587280658054,0.014030516197138973,0.012875511332294667,0.033917861378400506,0.03321693004051964,0.14775522828199675,0.12373971880905181,-0.011754819318475773,0.03231008889336818,-0.03068266622189304,0.06624907078469933,0.0825503106671766,0.10658486739392203,0.022111675715925445,-0.0862083983421683,0.11438512856748628,-0.00673959662840689,-0.038129975864175346,-0.0062040069934293255,0.02735166632998902,0.047806133366281596,-0.004744367161714856,0.014236975785756023,0.05696623887965111
S100A12,,,-0.05151703858154892,,,0.032439713010236286,,,,,,,-0.03354399546140578,,,,,,0.04558231310526809,,0.026378745271261817,,,0.07326599677185668,-0.03918339565606208,-0.015680362653322243
TFPI,0.016201765858694494,0.10006881448423284,-0.004623791462183953,-0.016729214039495278,0.001049201851951735,-0.03626331436735737,0.044557105733479645,0.04050519976345893,0.1913049702732849,-0.025819076875162845,-0.006318378736237804,0.05254439930403443,0.12468350818216073,0.10036141891901106,-0.07540984413590049,-0.014859787310963221,0.004034424722429552,0.0767288125553058,0.006049306951620231,-0.02211415173861424,0.06751309933219656,-0.019015196016747105,-0.05422648983809586,0.013301448715119643,-0.04891515457163802,0.08394959364655262
GPC3,-0.018368126522079725,0.02023610948434543,-0.026607162203401546,-0.0173600323040136,0.06200233118129859,-0.04547369075887245,0.0012211641849603065,0.2021382337035937,-0.01418239452891559,0.0014876806878487562,0.005749477264269954,0.027576136433352546,0.02701184067886369,,0.06457185194574659,,0.0331099019491457,-0.04783454789434451,0.05939443349363572,-0.04735515027340243,0.05936554867227466,-0.01897525933484558,,0.08484561105983364,-0.07381313502200973,
NMU,-0.003953965516362773,0.017095755430512304,0.04104495008184696,,-0.07768810724786804,,0.028505727934185595,0.11373726769308126,0.10428410862561453,,-0.06236528678449025,0.017071126152983857,0.032601035344945885,0.014029130218434542,0.04286310068490278,-0.06223372015352855,0.026617122220750324,0.04097414740194406,-0.0022540372997563903,-0.02992118294060907,,-0.010108427084167874,,0.04677150210849251,-0.04809354382555909,
SCGB3A2,,,-0.021418721264584474,,,,,,,,,,,0.09448603352304166,0.18220361615195566,,,,0.005873603450473832,-0.00815662075636899,,0.025084809697826463,,-0.025788780614322517,-0.007804274040279039,
LAMB3,0.015340632013588956,-0.02507624677461894,0.006480572017961506,-0.003026346295277085,0.01441750549856305,-0.028762894331657574,0.016204642078429952,-0.030052762240593677,-0.1612176054474202,0.0687128962461057,-0.029532320408343592,0.05568909090011604,0.048993840104925655,0.007917567636492347,0.08284378197833113,-0.06750952989096956,-0.06364544045215266,0.036995046892521054,-0.007876496851237973,0.050600887375156334,-0.03432712654025449,0.003272332548682512,-0.015185221069960444,0.04926113082712908,0.020794954075384807,0.13795902534153795
LGALS9,0.04987051162323894,0.02132602362827118,0.02535185769015398,-0.023801403025200948,0.01157224660212038,-0.018363814075865816,0.03369656908493435,0.13748915380257828,0.23401328168332802,0.04093660389066201,0.09361134609762682,0.04134284668646663,0.06917228165966535,0.024231604207578694,0.08718624493576164,-0.03972579248364935,0.06937702618622563,-0.044873533941351,0.02487920916209794,0.03954714361338287,-0.02547995036688431,-0.03525612849758719,-0.07810268821087474,0.006683628149205671,0.009539321603429926,0.007616876601218249
VIM,0.030958935667396076,-0.04012701603214005,-0.013419291527766766,0.012683967870184326,0.036401564081893316,-0.016032414968454534,-0.05298984726432367,0.08934582867697043,0.26421343929993985,-0.12589630213869202,0.09798724148054759,-0.07283424194282233,-0.09307980338876568,0.14069742290083703,0.024640353960713603,0.16429992270804736,0.02121653870572094,0.1699947938437058,-0.0538457701201803,0.020383509105450302,0.07026264770736615,0.027969037517407508,0.07191015141279905,0.006694912784857692,0.06345274884711526,-0.04184925864041303
PLAU,-0.044921050827911126,-0.028923973541474655,0.0017936092914348572,0.018831794809919845,-0.03983893575518134,0.01878151687588886,0.02604564591942676,0.1284406672182279,0.24211635970770737,-0.06393182388281625,-0.002064113194661332,0.004830262409158724,0.08700394964978916,0.1093376201975894,0.08252727308566203,-0.06710694576868213,-0.19425807885029625,0.039217271897963916,0.009667086802199578,0.11340389195961804,0.06556049969255767,-0.014878862480730642,0.09177761502858842,-0.06970704807154567,0.011738203013961807,0.024174912769437163
TGFB3,0.08375760601983748,0.08531559172202727,-0.0020295177315365746,0.026949022394021804,0.007695361614589655,-0.025377078842110032,0.005164518798888378,0.11577202697048758,0.07263574904262082,-0.004799524436475605,-0.049630291103282105,0.04832830013730564,0.09836031230517818,0.04279040808996966,0.055225563536310265,-0.14613576464083028,-0.03393653134814092,0.0015929559819691155,0.010507802529504643,0.054996595362441295,0.00567771249878495,0.009570494041604032,0.01960382644883284,-0.06275171976520062,-0.0004446866370075363,0.07627243636020596
APLN,0.030633188499120806,-0.14022302906140377,-0.017659267255378905,-0.04328241671594046,0.048701574669110285,-0.015892682885961344,-0.04239236799154208,0.10807872925325669,0.2294353029006928,-0.02939563697519941,0.055935597633547,-0.004508671137986603,-0.06534301077324225,0.13396516918482587,0.0036580312219130244,-0.12610329258995406,0.02343815438536348,0.19453183051722472,0.0022526328018665515,0.014616803493570744,0.0943706247663605,-0.006424483995574562,0.04741336163867466,-0.029760250404206306,0.09297455384305284,-0.0941548454265402
SHANK2,0.016725591846115755,-0.02313722892346139,-0.001679086716030885,0.009704978900503867,-0.0018355609922813987,-0.0427531287236308,0.02400950780683218,-0.061404112993109515,-0.0929716712921097,0.08033788175713448,-0.005614024517061617,0.03795169299905963,,-0.020274626443560123,,-0.028969825457394374,,,0.019513550541109,0.010133758528980522,0.03408771193713287,-0.003273675221851867,0.06098428197879018,0.00462042992060836,0.078354498659014,0.0049602591434512395
LTF,,-0.06474725190538445,0.016495275287330007,,0.026208304554592138,0.021245862002814413,0.004911114898313148,0.04788148394041738,0.2518210277070619,-0.04165507025344006,0.012693833427767524,-0.06405408858169626,,0.023139861581713647,0.14166867039188696,-0.043501350060207444,-0.02736501990231643,0.08688780624745161,0.039182125390728524,-0.005238933670892792,0.10318996837020007,-0.04282063925336996,0.08107428808565438,-0.027882309476486674,0.07803554718674109,-0.06031633571812176
PYY,,,,,,,,,,-0.0484321649358606,,,-0.0395185703618719,-0.018909675041901552,,,,,-0.07834858133027099,0.022123210860750104,,,,0.08842280399526392,-0.00884664921890611,
PENK,-0.035476106455300735,0.053737712127558755,0.0013206987108204447,0.045729564928740876,,-0.014781866940277357,0.0016904971319494024,-0.103261458025924,-0.12775264754583168,0.05189914062196255,-0.04541890002761115,-0.0033451542082362025,,-0.04198549103754244,0.008227280129238294,,,,,,-0.025957332156584984,-0.013308166614962437,0.04684099021636073,-0.027833172512267555,0.04944329050434047,0.020713806551065597
CTF1,0.026734487812138455,0.05360852206090142,0.06789461418583878,-0.03097458934340245,0.016072700639106735,-0.05694330589416315,0.0017097992509850645,0.016429747717624326,0.07606130856209299,0.010439079330665313,0.02171164716799491,-0.03824339867615197,-0.052343729135723716,0.050919131838425606,0.12626741276764206,-0.09947460984249196,-0.007284555589997993,-0.04623086434938025,0.010348029083454242,0.0315928552338578,0.043868595747040905,-0.020882655815653794,0.003397904494357151,0.08256997099816915,0.032423364255361804,-0.00580320884612491
COL3A1,-0.01612941542758075,0.07739658739318189,0.015008652303299999,-0.03293339869426111,-0.04183298916845443,0.01936102825235348,0.04852155906635778,0.0878474293500702,0.2943174275968138,-0.05806014051019178,0.05749122078255912,-0.08965261462213733,-0.07290017826175463,-0.01218891806409394,0.0377523104637632,-0.18022687039257654,-0.054320687041878854,0.015526797082936403,-0.05472808485891407,0.029884525657240483,0.1466352952436815,-0.06229251757637817,-0.016209933012536315,-0.19231165670349223,-0.040506582677886524,0.11115870613630174
S100A10,0.059155605132654346,-0.05882706220234604,-0.03610933175917505,-0.007379642663837928,0.025930152780789778,0.030427163975773292,-0.054137487980306195,0.08297416607843791,0.27997412172093356,-0.07015353697490713,0.11023282795246986,-0.06700127322096532,-0.13436944326490213,0.06958810539351352,0.14261787646864932,0.13548446686425808,-0.04767298450123816,0.17857757334188415,0.014030305006584965,0.047968030365924834,-0.10755405733695005,-0.0028368371837402674,-0.04256502786281741,0.07710233972789408,0.03000217513378547,-0.02850567329558932
FGF13,0.10090350753117827,-0.01768505002421485,0.05245679285883286,-0.07634396727841247,0.04472335915959162,-0.051909943230353785,0.02603618655217348,-0.10750154761867135,-0.1668397874219123,0.14224775481609556,-0.02424060657164618,0.08002468965791745,0.07014489115094032,-0.04878190878067482,-0.08739774230373563,,,,0.0020146048090940016,0.007019893097919567,-0.01106827944650314,0.002579477595437692,-0.008730701148333355,-0.01745847392738359,0.09303879728406994,0.0047616368006298615
SEMA4A,-0.02758568778554013,-0.033138756176753895,0.033483338900444914,-0.01747537958023057,-0.06223420523410793,-0.03280482532597258,0.03667436651096954,-0.05651013193466848,-0.0873982132102796,0.07619195837787797,-0.07797142468610842,0.015722334258304254,0.025345489067132333,-0.054531158386881357,-0.060075391775833764,-0.05304890989496472,-0.07875482657264543,0.011092045926077442,-0.021628633206957033,0.012529002387209743,0.029582099400007073,0.04450668167687433,-0.0019211167695079552,0.04051549546438447,-0.009567713400290013,-0.05799703356600738
EFNA4,0.039793881507558755,0.004195001566110985,-0.02965574501459223,0.03170365481643472,0.015166054007804684,0.007719291441417492,-0.00706571116126312,0.03037636620763071,0.1612733227510854,0.03624560416718206,0.022996002440993448,0.05454949673846152,0.06642617458879922,0.06980457617671382,-0.006491809633872006,-0.02212285702017554,0.00923611267085407,0.05850883050178374,0.03234481107589236,0.013299590752582928,0.04918265420903417,0.004393754654928352,-0.03451484960694015,0.10094478228364936,0.026404859284892238,0.057443282110890656
HSPA8,0.006032626824663637,0.05034125728113619,0.02419867886349687,0.0006461778256063569,0.020027981402678433,0.007015225140062854,0.11236411069058369,-0.10055513203120353,-0.051054316988830936,0.0290932293807249,0.02032656795766027,-0.03871721670304617,0.18066512888708292,-0.15092873448826036,-0.07111512416526121,-0.08049354126788538,0.06853882622067137,-0.16175121141665502,-0.028717380803618457,-0.04333867664353096,-0.016233144783136512,0.0339617733518899,0.09948257077524825,0.032223025234655575,0.1396853081837213,0.039982824746502166
NPB,-0.003060359183523606,0.011939682457361536,0.02335208978634884,0.03613438307159918,0.027034600767005038,-0.00409589305902094,,0.05995634334176468,,-0.004748930216413258,0.033108486714673584,0.030221802164475186,,-0.03182324102961631,0.0058263009306434195,0.06884119074720682,0.0074524377030350955,0.11250746849960777,-0.013519869857834106,-0.03376614252505537,0.023535060847381738,0.020237929840828423,0.010375792814602621,0.10195563222762988,0.010312035507924412,0.02858222321114756
ULBP1,,0.03908836663105472,0.05778653744200068,-0.010330556537762995,,0.05864112764313344,0.02813827331929227,0.07511981713886524,-0.060128293063843666,-0.02390222794001124,,,0.08727623620437515,-0.04734253614337397,,-0.07468200338835698,0.14842884063659423,,0.013745253119272008,0.031056670502197382,,-0.02812685572095065,,0.03645736840674183,0.12913254383667988,
SEMA3E,0.05155631272165985,0.058181431652955695,0.021543953890192927,0.006854544129052776,0.09767866850811695,0.01684290463275506,0.042590221980411146,0.11523339669072165,-0.005014372963579348,0.017651344998673074,0.005327621271099994,0.038366838968595704,0.030702711010136316,-0.08831320786830218,0.07337047440023807,-0.06789969087357474,-0.014789707899007916,0.02606900262166284,0.0359070888572981,-0.018259129270323873,0.0745863887478198,-0.009354242779319828,0.015539473265924853,0.1187075037158841,-0.01821359418563351,0.01680502183228661
FGF3,,,,,,,,,,,,,,,,,,,0.03666429665043308,-0.028135955239786164,,0.019136634252396954,,,,
ADAM9,0.039927330537552284,0.023339446515216907,0.014977824753405249,0.04938217168330476,0.016270673804036826,0.024583905841651748,-0.006253159549400359,0.07588622619084485,0.19788936853723263,-0.017038604655320953,0.01917728890589094,-0.08588728304464666,0.06956930615119994,0.09107496517896119,0.1203121620332309,0.05127737984429678,-0.028481298947015257,0.08095577019278873,-0.036614084444409174,0.038400661004853225,0.09643458649802339,0.04451863884275508,0.018033591416156826,-0.0407368624430151,0.0015213673946006183,0.041180221993538595
ASIP,-0.01676310213965454,-0.007570185959348216,,,-0.02775847445016275,0.01537560316953708,-0.013799215756553736,,,-0.05735351171413093,-0.0508487203121483,0.0338898544486251,0.03501905352492085,-0.004795956384135809,-0.007785853364002332,-0.029812338268566208,-0.0671437807670782,0.016960098993977307,-0.002489585650900584,0.0013766522221768085,0.04191212101803067,-0.039746558640612085,0.03514542797356472,-0.02099818651400654,-0.005817839117605705,
IBSP,,0.00560217644407444,0.012967978690234019,,0.043154193335782784,0.011266503416849438,0.008403514992188645,0.06569535697658004,0.0795084439573951,,,-0.10682720950793222,-0.01606208155513135,0.003286603621036246,0.06674222332071196,-0.12031861156768991,-0.07663299530394682,0.06154909654496963,0.0497194660614001,0.10490864401623638,-0.026093908811746443,0.016184544364709518,,-0.08607683186768397,0.04547854949140461,
MMP12,,,-0.0010046656854502346,,,,,,,,,,-0.04690884038661501,,,,,,,,,-0.06010819451969544,,,,
FAT4,0.01511645370002312,-0.01468561337165197,0.004969643030330239,-0.004191417717018171,-0.019666982009226282,-0.02457329283749542,-0.044364955901817785,0.007724568062474207,0.08921636804561535,-0.008987280643053234,-0.0025732048272847814,0.004372813742857757,0.08405190584574058,-0.0017649197974946927,-0.03872592057180812,0.09843265877667272,0.004232855181628273,0.026741548444611435,-0.0138951773124258,-0.026767806723578154,-0.016682868757554273,-0.026452355182982376,0.0005640188901851255,0.11595445687196981,0.06266883449226626,0.20094784217264272
MDK,0.05446749139702378,0.11124926080375956,0.05359644133801021,0.0125320687165327,0.04773885108783208,-0.006043155359939387,0.08859485554284519,0.1986348026970606,0.30274022328993183,-0.10804950014392732,-0.006849619813711088,-0.08088649487172084,0.08925054398435871,0.07940625905600515,-0.15681542977432553,-0.12736464569617156,-0.051856529815364906,-0.011388573129459218,-0.05237716768611013,0.0962236815627482,0.07045062516320787,0.010472625110896912,0.03097988277195112,-0.09446549958230856,-0.0030959361888174422,-0.001304749434777328
BMP5,,,,,,0.0276112122580324,,,,,,,,,-0.0583049849129095,,,,0.026099876196971353,-0.0166669506409116,,-0.023652721226260998,,0.004951657882642384,-0.035228844418289045,
CAMP,,,,0.012887506823560855,,0.03585845683975947,0.04206152141604192,,,,,,,,,,,,-0.005525956806578658,0.037722534633536114,,-0.04007680654574454,,-0.021257269726385614,0.04750236932592525,
HSPA1A,0.05857810453389562,0.056345899242734795,-0.032575901442755066,-0.014445268686502801,-0.04624538843250895,-0.03501784299057025,-0.04090811183689762,-0.05284438103774645,0.17893283970060214,-0.1219066639089318,0.07714652311825054,-0.014776439619423359,-0.06146662512673815,-0.046868517158851195,-0.03026315218798639,0.09530774202669093,0.0336570736766332,0.09515935534933664,-0.06449515338277761,-0.01742117036310374,-0.04899746413406752,-0.03418713199172041,0.0765887751253905,0.022431531774736804,0.0019478507804729065,-0.018873090678572475
SOST,,-0.05884402627716129,0.07704155495092821,,,,,,,,,,,0.02446843750311605,,,0.005688750664050319,,,,,,,,,
SEMA3F,-0.03138079062982067,0.03248195655103242,0.014267061926013614,-0.028069368961441545,-0.05143392984272723,-0.00982429782684442,0.016064018308838985,0.055827071360790785,0.12302991829175464,0.00029226782061874594,0.007812096869401992,0.038971105266151954,0.042152548984438376,-0.060386808184025344,0.07992592068327682,-0.14683773304912928,-0.06716241445640565,0.05077673237244975,-0.01959747656297144,0.05778072825691407,-0.0034353648838387277,-0.04185886843371856,,-0.06819725963290027,0.0016020495710532445,
ARF6,0.05895910325349541,0.05823193481905696,-0.030148375914255218,0.0310440505030678,-0.0320211853033414,0.02254671602865411,-0.0012959815668190321,0.11529396823545901,0.11243438933966143,-0.03336798592210187,-0.023407069336280235,-0.06465666549026558,0.012119807739472351,0.030034615154850897,0.026716019584807918,0.0535263859709624,-0.029423033390875323,0.03384219058900455,-0.03514995630804774,0.06649089174488151,0.00790343877697897,0.01293046990026361,-0.02743572167007986,-0.008992325222901871,-0.01298970324025592,0.05685372408566186
IL6,0.0013379766400552857,0.011096516500245986,0.029682572291615302,-0.018392773809570714,0.07243482035414939,0.008541895079006892,-0.008548176506921619,0.0610947167972271,0.048899516890274164,-0.08950862949846554,,-0.04079529271881101,0.04142133671905666,0.07297264375657563,-0.01711597015615199,-0.04023733325759874,-0.04672187894604653,,-0.01795836970806019,-0.057001829047409844,,0.019585896205607203,-0.04524250660848951,-0.012154647463566667,0.03829849593054587,
CALM1,-0.05971239965732558,0.07645707094985871,0.06804039829284786,0.02489629613147515,0.0587389937929275,-0.01627377629039159,0.03949674257298207,-0.17386521233320054,-0.2645111968115331,0.007499840935074498,0.0213252942253367,0.09172925777326218,0.052754315941047264,-0.120843676636663,0.062234494955701415,0.020100546591379397,0.08043860937350379,0.027742148246823244,0.10961046459685882,0.0509964203657923,0.02224633437475657,0.03526568853689356,-0.0686163359048466,0.15997794451556765,0.06697288036069475,-0.06832804562797158
VIP,,-0.017363571079806045,-0.01931472981492945,0.04237975822929397,,-0.00601253662031738,0.07806466755390395,-0.04204934820491825,-0.0843876791816297,0.08568056767245806,-0.03545661313587804,0.08019822451393625,,-0.056402775710996514,0.06254698986665141,,,,,,,,0.10604348608616193,0.02284263976759114,0.00017727600755139275,0.014219658854764021
NMB,-0.045362870899970306,0.09583301764529682,-0.009783123172778243,-0.026929567908211067,0.0024818554923136736,-0.046300527304012386,0.0395243038308925,0.0675909505465794,0.29679030352192964,-0.03166111390917815,-0.016927001368408294,-0.03855695342144175,-0.06004459334517958,0.14961189117952325,0.04584317843036849,0.13045176630634037,0.09901417339093392,-0.002708853912829744,0.00931859844294433,0.0039323033246156025,-0.0384772737240163,-0.04761790635406991,-0.032197553451976,0.10659287844206397,0.014724738046350135,-0.06392919656827106
CCL26,-0.06278572206065408,-0.046560322313732826,0.010772139318776136,0.010996012597510886,0.021689565347104003,-0.0025056866877590464,2.3400675681561862e-05,-0.03890111993263814,0.07060143686975878,-0.006486947322629296,,,-0.07197193061148635,-0.07163537744314698,0.009702174604067448,0.004748158561016883,-0.024532499057807577,0.043090696203026614,-0.06780883442655732,-0.033106305000590426,0.02459481742483737,-0.039737534933045354,,0.0023265668310579147,-0.02129486938218823,
FBLN1,-0.002286706551454375,0.03936579122609276,0.0175913443610175,0.00368359110214631,-0.03334511891758841,0.05774319903175,0.031043170408753526,-0.016825791578608706,0.10491729011398936,-0.018724825330726946,0.01344372830953985,0.006545243253041777,0.06954928012847786,-0.06168617920442968,-0.031091999195033533,-0.0812458975142495,-0.11865687393728078,0.04656584439483113,-0.026021364617934795,0.005785836107481722,0.04108058538217252,-0.028914898692746355,0.041259491710561376,-0.02295801997391108,-0.06126343758856987,-0.038560140838605476
SAA1,-0.014837599053404482,-0.012273133012111675,-0.002235943691344522,,-0.026067003448264497,-0.008084029452415787,-0.001891082347646849,,0.12811989708151889,-0.03919568427658754,-0.01692772616215961,-0.10334484892462435,0.036402446602227544,,0.020933203141127975,-0.006940236429918896,0.0307858611953941,0.017845564751903485,-0.04272843281074532,0.06263971475983918,-0.04579044516536211,0.049612221809833774,,0.010093876860925971,0.037289903813520694,
MICB,0.03367135199195335,0.05522105016410475,-0.002909865386489453,0.0021932443953208204,-0.0322442226306269,0.06063353513758632,-0.002590232179688795,0.07255523948208518,0.13400958348297504,-0.035334371335273645,0.060530062180930246,0.060149648097897586,0.09131132595940844,0.04059921836236569,0.0730466757642767,0.027863758801083945,-0.030517447284901095,0.0039358657077758295,-0.0010204892849304207,-0.017761687289635546,0.017004536498989906,0.005089576556294681,,-0.03337231080751152,0.003766109327425342,0.017492914778960415
MMP13,,,0.011432009739639332,,,,,-0.007595415171059476,,,,,0.0012079625373308846,-0.01815167801082029,-0.020061067196218897,,-0.08638086211130011,0.03931485570058539,,,,,,-0.023809262598233565,,
F13A1,-0.03021018111101833,-0.03869049736219512,-0.03422449918774421,0.015005625186680345,-0.02957075889715449,0.03489923954591366,-0.01740148380258887,0.08117046900203262,0.10971826154666138,0.0055799775699531245,0.013780307056468257,-0.05513615256531176,0.07295049854936492,0.034057268288621684,0.08888368890753857,0.047507237954126966,,0.047970356326833774,-0.006441076305935382,0.10768739085285871,0.09247180197776983,0.023797466175962897,,-0.09760479769346901,0.008764119566471294,0.0789678594007212
CXCL11,0.10674251413055978,0.03927732193143076,-0.001320782909046714,-0.04824510894967713,,0.0737941529101578,-0.012504907577347119,-0.015504833490942177,0.1388871820811651,-0.04106751604336672,0.027353432382623003,0.022847572760100805,,0.032220793537909055,,-0.030437359979604978,0.09095951403338358,,,,,,,0.029940726079721165,0.06268908615212997,
COL5A2,0.07683948725326678,0.05207616287013633,0.05022826129954468,-0.050204049094510886,-0.051296115386028,0.05500874108532757,0.019570899326631485,0.12636738549478155,0.25030705227875805,-0.044515357005476305,-0.018798878551646105,-2.3116827803383767e-05,-0.0694496381162081,0.05571365771783247,0.08262026468651652,-0.1942444515763643,0.01701033940673759,-0.02565470306187658,-0.07373757009549842,0.0003051349025985981,0.051407937919405816,-0.023185910050410995,-0.037892377338318926,-0.1872790164873807,-0.029300894942424806,0.023170450691041664
EFNA5,0.012823312122456507,0.09611232114241333,0.045946743516345284,0.011858191299478951,-0.012296145832594644,0.006329048265265002,0.046157455468879977,-0.05698114314717336,-0.08932984535038156,0.04909737447173949,-0.009031921468315869,-0.005646213767765475,0.06773083634231489,-0.028341246964701562,0.0455915478828376,0.024464529979026484,-0.01473032629478312,0.03216937742256118,-0.04525678848490964,-0.004512357623498529,0.08954556869164874,-0.05038885650737897,-0.0704651718627993,0.11451279987095535,-0.022229294208856318,-0.06272878047296221
AREG,,-0.014245016482530952,-0.04991227119017016,0.017084042856307873,0.012100733525930597,-0.015658557998776888,0.008648267854658298,,-0.025670475800222987,-0.034630977197664115,,-0.0774459455174507,0.08358281543228827,,,,,,0.016615919726161225,-0.04211192554965075,-0.03251969977995368,-0.043330817743795935,-0.03539573836592554,-0.04974525259776636,-0.10024892533614217,
EDIL3,0.003286927763732281,-0.002165568365034732,0.016068427263042685,0.056312739860201536,0.009950038149871013,-0.03019256407276627,0.04692450225534039,-0.11723290416716377,-0.27524474650718905,0.0060842753305422395,0.02680853131915085,0.015227540141485451,-0.04935275389358854,0.009758043046699619,0.021819577902503096,-0.0895596592606326,-0.03801335942695264,-0.06253903858867736,0.019434002565848513,-0.05125860512636389,-0.14187750793810427,-0.020518076209160803,0.02621889198854075,-0.007286664122964578,0.03207744199142202,0.00016169192176574993
CD86,0.05458511319943453,0.0190282292367492,0.029902244315082867,-0.020703401027247787,0.001256259560898331,-0.012480236106830767,-0.038957547633676363,-0.007723800831662466,0.16202929939413135,0.041898203122069475,0.07689142612334708,-0.015041165951151587,0.0811368348402746,-0.023996776707199366,0.07368692714004506,-0.044373136042693384,-0.006783212278624719,-0.0059110616489942095,0.012959550817438619,0.06039821636801965,0.060077178804591014,-0.047634361473383686,0.01675388252928788,0.023412715668799305,0.0033197739562648683,0.11041216601567282
AHSG,,,,,,,-0.00734241836144908,,,,,,,,0.022987992541989844,0.014545015079057389,,,,-0.04927217056202564,,,,,,
WNT9B,,0.048728885083632184,,,,-0.01111503471015005,,,,0.025421480714242273,0.04679536078969914,,,,,,,,,,,,,,,
HRAS,0.0391460032922729,-0.005592315618584271,0.053038820842815255,-0.0014933280016490367,0.044594803480853554,-0.04580639870143524,-0.017887584452990112,0.030810241639493217,0.028226049680559934,-0.00023912487727248955,-0.04750126564600422,0.07248367414271337,-0.08377805553287125,-0.006123737108346593,-0.05344254980785643,0.0988544101054869,-0.04144751108735773,-0.09509840007384725,-0.006071625248792147,-0.01619998283224062,-0.023303424717701523,0.025319623222529244,-0.05415393316538017,0.06331685857873968,0.05769906075180276,-0.0008676028286412449
C1QTNF5,0.08754819312446349,,,,,,,,,,,,,,,0.052099244460805036,0.08500830750852732,0.008808177879593058,-0.005917317298825642,-0.01765339529792674,0.05075844315667333,-0.009791412204491264,0.06704596956520197,0.0653154091559183,0.005175137838188324,
RLN1,-0.025396490411153896,,0.07001041196929533,,,,,,0.08568167342774408,,0.051902706541668585,,,,,-0.08566939781968237,,,-0.022238060425385845,-0.0063265418808000845,-0.04413089523629968,,,-0.012499402919432795,,
COL4A1,-0.005521435821289701,0.023537645695027653,0.008509102590873565,-0.05707522249379589,-0.010346494851189887,0.009255951550910845,0.040586338399277964,0.16233488304870058,0.31223255302958175,-0.07867476689124249,0.012198545132526427,-0.02023246933922721,0.09545571526958754,0.04001178548797872,0.08233282440092828,-0.12775032526055002,-0.0833121348015728,0.024917747544577925,-0.03316575243428036,0.0026512405933687084,0.12137550302426305,-0.02003469787625598,0.03813847301073679,-0.1947807942801051,-0.059611338905123455,-0.022997759430285654
CCL3,0.014358184248860867,0.017759617306534487,0.004531782488742266,-0.019638634491515237,0.035673647849666486,0.03783140159469921,-0.01612604165107113,0.0836465707768439,0.11590468055088685,-0.08536437565509573,0.08407241956154841,-0.04461068147328359,0.08918531493118592,0.034957610987688806,0.05686260127435737,-0.03232724841382614,-0.08821545222751032,-0.08975909785096983,-0.008659989044665284,-0.023595226033549407,0.006942847512391684,0.002326553581616345,-0.056472212137341,0.07652974549780955,-0.11154476640618495,0.010591174237445104
BGN,-0.012944876280389659,0.05011328580443912,-0.019143566676403174,-0.044154457518315864,-0.07122565647245076,0.021515578748744126,0.07942164948852093,0.08051071554954213,0.13342740400497524,0.0727724490085788,-0.005476647709920666,-0.021686969219020514,-0.1286870441239056,-0.00220456541097664,0.050325440336607734,-0.12673100397006537,-0.03134363923740545,-0.06176637048058066,-0.03871593178986819,0.06282407153361494,0.11179510166776077,-0.025127223327584436,0.050596876992865324,-0.16535086130094487,-0.04376818214673191,-0.0010487775625014726
RETN,,,0.0030088890017620036,0.07285714493925415,0.049005362845310645,-0.024000170856656164,-0.03095287091452155,,,,0.04154977069469447,-0.07251448527649712,-0.047100640165734335,,0.08702191365696219,0.000364654250358032,-0.13323261499199335,,-0.050876049907412006,-0.00935741233048339,,0.027540955388748563,,0.0046249670019769835,0.0616891116189969,
S100A9,0.0145948044581679,0.02850276131023147,0.049371248833482005,0.029447598486932028,0.015776818409655613,0.0196846917175303,-0.00910463521554608,0.025574476041087077,0.27500466491095865,-0.0668730049018585,0.026879742399476964,-0.0771775194865359,0.06778877676042387,0.0724471214646763,0.07077805115973192,0.06771617910081965,0.07021452987476678,0.07434603474327334,0.0009632228581038603,0.014932621989128252,0.002311101505454887,0.06492677607688241,-0.04078652028916851,0.03455989176453835,-0.01503763879536367,-0.055318548643397546
HCRT,0.004492625237455861,-0.004590086208304887,,0.08851444520848901,0.022247853050401754,0.028353667663614864,-0.007666682214637814,0.028909860189417668,0.07089726122420288,0.02655704816538477,0.023354805576341637,0.025357354510362147,,0.05850238641926281,0.06801312519232039,0.01665777766408653,-0.056033549482736235,-0.06442512647506295,-0.06469443534067935,-0.03086705973810242,0.05859325950898294,-0.05032332837918585,-0.03133174845567788,0.01546850194293442,0.08770173152937905,0.13995837398356561
FADD,-0.029899872082511096,0.08568740637108836,0.019484302114160173,0.06550395145194603,0.05983434378822319,-0.017832706841111212,0.0408531626329573,0.1444359587691465,0.18929072012682552,-0.006168893223060543,-0.007624422663294508,0.05393624264324803,0.029917555536962882,0.009081253574049944,0.09067647033335884,0.02199256099230461,-0.04879219079820042,0.045746523616832714,-0.034660199618421435,0.06393189308804324,0.02929799489785195,-0.026818604305701106,-0.058663391306777064,0.08316499236283192,0.027706132974362342,-0.0032809640784220583
ACTR2,0.02364786886160843,0.04101963051953017,0.006401576015283288,0.04099384054086274,-0.0010710629069952933,-0.05177406360784793,0.0453014358675031,-0.02999244256922166,0.012746628725066017,0.010892933855432151,0.032170686495442635,-0.006649862367523305,0.12945948532336482,0.014758039797383984,0.053866150647401606,-0.016214377392299265,0.01595025633785791,0.00019145288662896948,0.0098462261060499,0.025146869688601393,0.08024672645333765,0.012055832994352495,0.08244858686209118,-0.024221819960810062,0.06404617547998782,-0.031573699412481705
BMP2,0.009822860015212636,-0.056437785889295294,-0.030841522405796216,-0.03883108685507451,0.01953468979280309,0.015397074115133533,-0.004438008635385424,0.08841431374794559,0.06574247384130633,0.048421464926508645,0.023146002718972172,-0.025920355827817067,0.10030419127058024,0.0313184829869251,-0.09587246387990986,-0.12573030742363417,-0.03238255984527132,0.04266922762912598,0.025317412488162893,-0.004055493314354178,-0.020046139911815617,0.021190592566001185,-0.03733024607541332,0.014278433308333048,0.09140303904988822,0.005209312312091379
PDYN,,-0.019967213647648828,0.013684985235031878,-0.0443762199307295,-0.07773183399394834,-0.0067129034295161085,0.058382289437687335,-0.11970482256863925,-0.16629604540106996,0.08205574550622619,-0.04043979249709868,0.030624783853417856,,-0.017546398500129977,,,,,0.07302129141496178,-0.014942751300011017,,-0.01884218942279884,0.13501422197570967,,0.06541176487142257,-0.06133784354194443
CD55,0.07084956705322352,0.022725163330812006,0.006234387839498844,-0.04497349582287544,0.07882263474391696,-0.03380203763914773,-0.006067254652095751,0.056195351278776486,-0.0030448372718099013,0.0328874400361288,0.024123710952999446,-0.01791660089768888,0.07240681875450324,0.029149979276581757,0.00904772635157506,-0.10797828535394624,-0.11269461756581903,-0.0035981759706313118,-0.025166116818912874,0.021204312355626222,-0.01814188797180988,0.0036897011757452665,0.06575008523331242,0.03270749887266004,-0.012007310504268457,0.06143696042091462
OSTN,,,,,-0.045521087179545214,0.02045098423742631,-0.014370490350182171,,-0.04209397940575612,0.07441527160161737,-0.04456893566501959,,,,,,,,,,-0.002835985403736718,,,,0.03307049331767271,
PDX1,,,,,,,,0.10145693323616628,,-0.008130666986646076,,,,,,,,,-0.01606800867053774,0.006699109875325227,,-0.01330127771639019,,,,
CD6,-0.03610782916070584,,0.03926596615380729,0.0006047559055612022,,0.019539634878212708,0.02244499959803097,0.021670702098762647,0.11388195994275473,-0.006486509264936195,-0.030003151170981297,-0.024494672470387818,0.06663107578973838,-0.008356389068028927,0.005159038619703165,-0.034464119201556065,-0.056541765984857086,0.04979705293499257,-0.008851840491560603,,0.03627866280596787,0.03560774752482598,,-0.007778813840220463,0.056483790908973444,
IL16,-0.019377678039261374,0.027132330700149386,0.037415477524159364,0.008978243319505998,0.11004293475523538,0.032155863747653474,0.013682038618936621,-0.002991569652136836,0.14509714576082125,0.030627636221758504,-0.020006106524654278,-0.09586573360939186,0.17431820294312134,-0.06360137210374218,0.0426313346961578,-0.13138978180489116,-0.024506279908760822,-0.039941460537654114,-0.0024696402180268908,0.03963058436209383,0.06535048601875403,0.01758261961071566,,0.0010574603272414875,-0.013198362295266716,-0.01024266762059231
LAMA5,-0.0331837935689671,-0.006815889181537529,-0.026129678060420273,0.01269256087043648,0.056606793924122614,0.03034228260150251,0.013777371974553943,0.08632565416746413,0.2029283067175297,-0.04099027528786725,-0.006736765538293279,0.032349760002515965,0.04070989970796939,0.07478136903340879,-0.011605206037450284,-0.014401594691861226,-0.04602933649791008,0.06250042790545174,-0.09560703756043115,0.0598911468828326,0.09480582539296463,0.05848182612682233,0.08677579519929415,-0.00522847155685949,0.038032110510874295,-0.017660487670658417
RGMB,0.0551401051293363,0.07282551787183224,-0.027107405752560636,0.007851950901648584,-0.04923365493546718,0.032554153037110595,0.003436324766348384,0.0769654216534519,0.1442566918366197,0.022895549746307295,-0.013635092988097335,0.04985761344680041,0.10828950625179923,0.011230803190706955,0.14402128581773618,-0.06690112049159723,-0.10909658403121375,0.14916684600355726,-0.019314493672586898,0.00023988787790125895,0.03382183989943486,-0.021007345639525492,0.030820754148291957,0.10794800217393061,0.05795497890665373,-0.007442892564071639
INSL5,0.01745005179455796,,,,,0.03488953010880819,-0.006859407539771663,,0.03819358844794136,0.01973905277270474,0.06240944677289422,,,,0.02654458684338578,,-0.028311039269891668,-0.024120477308677155,,,,,,0.050458534052437304,,
IL12A,0.004283678844465279,-0.015022227169308938,-0.014935457659832114,0.004250075371646489,,0.007508637496380529,0.017194026651642706,-0.024401713556546117,0.15534395497990858,0.02935001655135051,-0.052721080277603916,-0.0117543375968763,,0.026213660789372917,-0.07548358957912953,-0.07081350614047133,0.036150798007506986,,0.0645099758944537,0.011773949288195884,-0.005080339421670889,-0.0035819043620034965,0.008207540163913955,0.09339922311077664,-0.0763463926294454,0.04712070531971655
S100A8,0.07473468285399804,0.05214691643926238,0.01578290981413821,0.019489255984458144,0.04656296468802913,0.03193674855699709,0.020035783239670132,0.08397472495495918,0.28637513920015545,-0.10366719695626879,0.0586234061518059,-0.08718436689552918,-0.007065769159502131,0.07055060228247073,0.09356275574587569,0.11387212062999406,0.05066108398258906,0.046933054370793446,0.012831231296594312,0.042576328372433324,0.03521854886848529,0.06101531213860376,0.024443629107449166,0.07991199057000536,-0.11234570350881969,-0.011035253210085975
TAC3,,0.03412006402058157,0.059336314326239384,-0.002516659814875784,-0.06719018111208018,-0.05396580631926639,0.03800023762854183,-0.05218213544453222,-0.14443883057233076,0.08039242912911315,-0.027814166452391723,0.11921139074290506,,-0.06894228092068895,,,,,0.06087545669722497,0.006960097555057717,,-0.03890640009941509,0.09939455572820981,0.10082580222748548,-0.03021064848181133,0.015408943894119278
TAC4,,,0.03344389092023313,,0.01789909678935726,-0.026533757127331907,,-0.00048622403366324987,0.07397325587524571,,,,,,,,0.08720465899519551,-0.07554724644198346,,,,,,,,
MFAP5,-0.06835508759051873,,0.03306855899412317,-0.038684581670102254,,,,,,,0.025337773622039348,-0.061695345370287515,-0.0906594345390664,,-0.05385961739981359,,0.022418736456769846,0.01781443488474138,-0.04434923968626175,-0.009959010784643979,0.017437314783971376,0.01874270854673151,0.03657802916169559,0.00744356496135569,0.0657043492893308,
CXCL16,0.06804592536210899,0.025496127444933733,0.009983160493525786,-0.0131128521338949,0.04923981817865286,0.059329302178730454,0.005340081452661899,0.0760769220765297,0.15394191423687845,0.03197071828780452,0.071636075123366,-0.06738706614811457,0.1125668411920452,0.025786316299185204,-0.025749503413902048,-0.029354657529426925,-0.012127423434266607,0.03355074054644499,-0.0067622332202139385,0.04000743803902352,0.02907749649578621,0.01249468384975275,0.023465015680948702,-0.05513948480885059,-0.011631199463995184,-0.02541185194002625
AGRN,-0.02606140455358037,0.017414814174934453,0.01762904789733546,-0.0016040644608569877,-0.04506855904922712,0.03666643625224806,0.008187508893623283,0.1661726036791392,0.276368790151782,-0.03923313488512772,0.03166797531536707,-0.034848715791066354,0.026566262173518276,0.0683755215481949,0.0495933892259096,-0.14913391229080458,0.026828129913077287,0.04490157979839336,-0.009255362001765449,-0.024603401691064463,0.1487910185724542,-0.03112589559531736,0.03246951191823737,-0.07242818524720113,-0.01259058783043042,0.027803320285523698
COL4A6,-0.02317656427016946,-0.07018422299575443,-0.005757430863071599,0.010260945214967322,0.07522130973597489,-0.0030621079577779105,0.05229488359929763,,0.10435635067960741,-0.0033133555224194046,-0.0368775776285039,,,-0.015953942507785604,-0.001027722668393653,-0.10511191599637909,-0.0042097250468098755,-0.037222332953603096,0.02894563665089305,7.158047928546666e-06,-0.003404959198308492,-0.020818957154675317,0.11414496111359168,0.024204494839788343,0.0837764624867214,
FST,,0.05426206812678679,0.029439550840894075,-0.018079527818190694,-0.018094175397056322,0.013371523140102237,0.05093832036599164,0.04050298701777755,0.040554190327557714,-0.0002210746943658702,0.04545237399661116,-0.04311359776999241,0.11674280146519923,,0.07520798610971993,-0.03765898525456639,0.09991966146485955,-0.014910151048759986,-0.015117305878073752,-0.002179227390521724,0.10625692039750334,0.018327977612395567,0.031952352373180906,0.073399839345174,0.031925384683971644,
MEGF10,-0.007170680598488901,0.03753225048542201,0.023942550137689204,-0.015405829013678407,0.03130776333826839,0.014322821268724915,0.003662082609367643,0.10427611939001862,0.01912158624983207,-0.03108509714986181,0.02120465426563343,0.02723595718491902,0.04424024655700487,0.0006939313270176951,-0.01713607294496105,-0.04604387034505198,0.06149397681688852,-0.026857544443683434,0.02379550215420319,-0.0060921480978293014,0.03482692069384891,-0.03837157621932441,0.09121771219801166,0.1333666950547186,0.06214119835759778,0.0026709964690820615
C1QB,0.06294276887518704,0.09811050323859574,0.060718118757050056,-0.011274814276609112,-0.01606176999680297,0.024864230279958193,0.06032524544635123,0.09726083810166153,0.27843557325906326,-0.06085131848567893,0.06465342232737108,-0.11382406337275496,0.12445724827070882,0.06571834389447449,0.04673113801936238,-0.13531737123473053,-0.09261964744067169,-0.20262756123559184,0.07473469545945753,0.01914611916484346,0.04959660322568095,-0.0038262620652032716,0.01546793541451006,-0.08827963506146848,-0.06646904254135341,-0.027191915284166764
HLA-B,0.0035547287572235014,0.03912086187457997,-0.01616532605494849,0.021537903584067507,-0.023752576077006808,0.05026593424312029,-0.01956691241398157,0.016240319906564358,0.26726157345045876,-0.031788980521182654,0.07310376110327933,-0.0677781706048673,0.03803972278940448,0.13117002743514677,-0.01979443971162662,-0.1416196399809371,-0.12145193280327134,0.006060861325227577,-0.09782518267651327,0.08456682577012353,0.15642943591486633,-0.011633310367246723,0.19417352793768003,-0.1957620850418616,-0.09420514459976867,-0.01858857671318362
PDGFA,0.0020005392500827526,0.0779509605651555,-0.035495211894440014,-0.03860966388867517,0.07324019379080363,-0.002468979313481046,0.07120186758520027,0.05868430574031678,0.09359644460099549,0.038548354287634305,0.013835377058901083,0.06880426477199751,0.061347248504892704,0.09300139294645074,0.018080903249371557,0.059634698626252335,0.09099548684297386,0.06890159254832982,0.007708650796897685,0.05845467032049437,-0.013575983705153697,0.02370143115179901,0.046173373081300886,-0.02920760976934162,-0.0019365492420505921,0.11935506321238175
LAMA3,,0.06579107219558628,-0.001872713859082778,-0.030996651794782275,-0.047533618538709264,-0.00999400365775026,0.08268551178492924,-0.0662624368932529,-0.04816413360139686,-0.003951489101435912,0.010458696002604703,0.042865677878558064,0.04350424897535764,-0.03478284048764163,,,0.02442795888745312,0.002070715991485187,,-0.0020857333142065243,-0.02286684156058443,0.022627017583599907,,0.03200190229374583,-0.020020980441294207,
DKK1,0.001694838339126614,,0.027533655396193804,,,,0.02337924209632848,0.008275054122836571,-0.023404805085600482,-0.023973202612347998,0.023434256011863715,-0.06321767385453815,,,-0.017812482625286882,0.15052592993997294,-0.039505567419591985,-0.002045718220655633,-0.0910113443583051,0.008962999813537409,0.05771380690526074,-0.02403595524186031,,-0.03403485443447887,0.0054496515260361,-0.04859107207982913
INHBA,0.03265830565426574,0.04788419438958139,-0.05246103068898253,0.01728152473206427,-0.0627336162427416,0.007146572612233445,-0.007263547102530821,-0.025941443577890265,-0.10900481971298046,0.01422663730035136,0.009128663331833247,-0.028092911244587973,-0.04643183861567642,0.043861029921280534,0.019189918398480426,-0.036263214455990796,0.03462451606023445,0.07562129913620243,-0.060362131930198716,0.015734379283255252,0.04071480356108247,-0.007656384300341205,-0.003452951511450289,0.02010962457778174,-0.0481499270349072,-0.006995388811796084
LEP,,,,,,,,,,,,,,,,,,,,,,,,-0.03613656908219995,,
IL7,0.02174922620068642,-0.002648292703128464,-0.04541057474191883,-0.04514124951061273,,-0.01415089200245068,0.010489990401045724,,0.03036641100179902,0.0030989424456875636,-0.0009595558759093289,-0.046083644929149646,0.0681525997861804,-0.016881358075047034,-0.022750269132021276,,-0.0009196957141845034,0.03808614842828343,0.03702980649924178,-0.027716457996986108,-0.019215255278319854,0.03548405356571178,,0.05917886778381115,-0.0078114918565188665,
FABP5,-0.035560923907765864,0.07895109313810077,0.015108975754424587,0.012168418348415042,0.07899376276568298,0.04978499963945344,0.021182835511433046,0.17832168510671362,0.06681169207460017,-0.05169343550458696,-0.04545192254750243,-0.03651517385584006,0.15456109959506711,0.13279671732793888,0.03602974279341668,-0.12583340396632098,0.07285249244419709,0.12406294402362843,0.09689648246652208,0.04047543485244395,0.06523038657067139,-0.03003163343020544,-0.05621131499502966,-0.006392479376499152,0.008333520161314967,0.015228069174459615
CCL4,-0.01754074405127597,0.07447707969795529,0.006612531062613193,0.005488050668856087,0.039022357766802365,0.053944964509348846,-0.0037084699643660356,0.06976107716014178,0.1475202795363959,-0.11198077070905293,0.007221921165808712,-0.06668716506264752,0.11514035436320798,0.0539580385656455,0.12935751542116541,-0.11068105111484988,-0.176669536847506,0.008254485556464278,0.019483544449034544,-0.029859182276745413,-0.04314805501399433,-0.008097132856335815,-0.0850860139204198,0.03101178809921241,-0.06876428946225101,-0.05334108675635907
FBN1,0.02455593184087767,0.04707028781278179,-0.03726650499935306,-0.02571766864840231,0.027573766092495223,0.036574093571702264,-0.015604581539811981,0.10126985511950706,0.2248732136324202,0.00847693359156346,0.045049279859363474,-0.05527365431657878,-0.02625328509440291,0.07580649230258547,0.031066793501212133,-0.06010912004893244,0.09708870239090076,-0.025865516898285125,-0.021404277694935716,-0.00638240737081599,-0.03146482593796655,-0.0071762260868331856,0.00011103501381206715,-0.027959387537479972,0.021570018277677423,-0.02682079678509473
TCTN1,0.0071293599382085725,0.0428707214655153,-0.026037405250411608,-0.014129055040045876,-0.06299635035182906,-0.052548192534883985,-0.001483250986830548,0.10643488810190298,0.24266009466013044,-0.03488788168273333,0.0278660241646972,-0.027545987644054082,0.028691378727151863,0.01125749514387515,0.11978221259353948,-0.07911314250552971,-0.037795824630932534,-0.008335505777744742,0.0646441304499453,0.0707152660322537,0.08338705612604172,-0.04463302760253893,0.10263298327451417,0.13079095362478724,0.02041888991142002,0.015922461448000972
NCR3LG1,-0.02137719771924581,,,,,,,,,,,,,,,,,,-0.03184927047849741,0.007467076765575752,-0.037586511421485155,0.0070835425545542514,,,0.02193808963337065,
BMP7,0.05700267118627578,0.05665861507551972,0.000671896563742775,5.978318755483027e-05,0.14476776015036608,0.07401202629376588,0.031189521518736472,0.059958068222946775,0.22510763672710404,-0.0846033468758055,-0.00417781501910876,-0.005818218970417929,-0.01906161838557896,0.07232242655992664,0.0026275150222235155,0.10545435144130054,-0.0003348665591822771,0.01902867443691937,-0.015668784128418455,0.10498798277716063,0.023005736532350125,0.06228871955228452,0.10666586815884703,0.21588934949211014,0.0923679203858012,-0.03455088166532023
NLGN2,0.06877695239085431,-0.021884268131374462,0.028263353542003343,0.023322801086317586,0.01559634627589704,0.039006235824623106,0.06506885260470179,0.05930282142187387,0.12204718029817115,0.039909294623466554,-0.025966952847605786,0.0016630329498385078,0.029985259128373763,0.015611470782617735,0.030965917398267193,-0.03426843471794806,0.010608161250882093,0.11578839950984973,0.037433156608723865,-0.007589285588112062,0.029341740229833588,0.04386772457868849,0.15621705656573648,0.1364990959050979,0.1048591509821737,0.04354784697697618
CCL25,-0.009726338064156397,,0.034690556452711255,,,0.01803862491548195,,,0.06721595450904269,,,,,0.026341029392353756,-0.01891093594592135,-0.08049115396354267,,,0.03308305026869806,-0.02743501937732534,,-0.01703988216700286,,0.011112945128836977,0.0031541016619369717,
NPNT,0.04839731947083462,0.056298284357856575,-0.04362655205547339,0.10981332579409143,-0.08748724909040191,0.049288621480679355,-0.012191883962977816,0.010867185747149389,0.26554138195224225,-0.048135552377117544,-0.0067533162321078335,-0.008993237021221701,0.1350409602924001,0.06691411083418843,0.11736329305898979,-0.08475435726730465,0.010554073821367015,-0.048284008579141106,0.022808949722068633,0.007625835122671157,0.16689381585076032,-0.013537513036190404,0.023085376320026347,0.1514197264810414,0.08567118014683633,0.049854471666676815
KITLG,0.011921848326292304,0.01268590690569374,0.020744098357063773,-0.03851833594461152,-0.017526847811282952,-0.013741977422363999,0.128187633088905,-0.027347724976665055,0.07935215382259105,0.036241009970990744,0.021297185444535273,0.02392626603734016,0.09485440899814035,-0.06443005474768025,0.01962248034904569,-0.03661339977427067,0.05021564451864076,0.008334030170124587,-0.03731967757541171,-0.061046166891971364,0.022984537819284823,-0.0566609620657398,-0.003008119213575516,0.07600208897103551,0.08857384596370317,0.08956468817182184
MADCAM1,0.051018126238607964,-0.05174927999689946,-0.011377183204033563,-0.037465003664904614,0.013379860574164005,0.04074445034214308,-0.012218323488658736,-0.016324600550947067,0.014204280493789526,0.016114641156911833,-0.03776550917693237,-0.022301213932475902,,-0.01021202708125825,0.04952989378216138,-0.08420830015440624,-0.05239194199550279,0.13239728290904426,0.10711752331462569,-0.029803616212670633,0.047422511728024204,-0.028820469246172715,,0.056152532640024344,0.06757789779417839,
F12,0.1003097687185269,0.06123475104891884,0.028238123631223425,0.01451886704226834,0.04410050565016624,-0.009214348111924456,0.048294443284131704,-0.0005670380865237369,-0.01364678828151675,0.07002719098031167,-0.009701791159850074,0.06570503102208117,0.07270791379463783,-0.054257447085060084,-0.03806168729479631,-0.004323516012609037,-0.06568724758716635,-0.00243311828175476,-0.03621137432447524,0.005837056504788621,0.051183089407424685,0.06967451267679692,-0.09633245917233803,-0.02449467398568413,-0.0010482509771381585,0.09925299518856519
S100B,-0.058333214539457036,0.10036151579853385,0.09134668990645048,-0.05443089226680854,-0.012624263802372247,-0.07024025135755066,0.06144950727072786,0.005506239134860728,0.13409176903096726,-0.04248194578290701,0.10933927321770064,0.0033461979730685107,0.06002945737142138,-0.10435024956624155,0.03727782747442135,-0.1351986788224448,0.011805664903121701,-0.16780334709869588,-0.003369602223969356,-0.04732298115829564,-0.12441378433619228,-0.06178384149945792,-0.06697005015540172,0.14399290309777005,-0.018544909270714793,0.0033050282825358174
IL27,,,0.017390143100447605,,,-0.05473723843115191,0.02290956873340521,,,-0.024343218909743856,,,,,-0.009319413999518635,-0.1536953769129015,,,,0.014849598780191991,,-0.02370357979019609,,0.05742100120873686,-0.017783061410189063,
CD99,0.07018170484125964,-7.054275116314719e-05,0.006919876582913267,0.04735148540940458,-0.006874491309987732,-0.03240206808624432,0.009292993043610712,0.14348581259654794,0.28841603180286524,-0.023189341682278885,0.11930864189297907,-0.07659502307024385,-0.04878988615744815,0.11552934152639677,0.041291652443621485,-0.0835718929688718,-0.18741218220683448,0.08938197472798956,0.01083049793049149,0.03742981086641955,0.0456599051524875,-0.016187943487168833,0.15586780414000723,0.015667004851911234,0.021721704070680498,-0.052482903607544575
PDGFB,-0.009527600471083092,-0.031235207515959245,-0.007685643293570742,0.0222464284166616,-0.052036102259801736,-0.028222325541077356,-0.029415735966450713,0.06375321810709965,0.03397449382648813,-0.02295819556764229,0.01369888744644416,-0.007970907321269016,0.08276316363027424,0.004505688367143539,-0.008155619065112923,-0.07357201054792298,-0.12584441996929938,0.00047921608298953563,-0.03762666951367916,0.05627950059306255,0.011951523685037478,-0.035653868118575925,0.07172107975154425,-0.001172011683443198,-0.1268398987671215,0.1502236107830207
CLEC2D,0.01719133238652509,0.06126991070942995,-0.019775737569339816,-0.0440575016986047,0.05576184451334336,0.013832807619534638,-0.003098671065789061,0.11126621518108323,0.13521204476610743,0.007100336224900851,0.044694040329485894,-0.034517220403338884,0.16086183482180585,0.056363911641928624,0.016396610287418262,-0.041274609644318914,0.04347552868430523,-0.03868758983156864,0.010962701110087436,0.014203677588795443,-0.028654563021111062,-0.011861566775621609,0.028462150659385413,0.0278196724744005,0.009667030767488148,0.10543604895117846
F8,0.016968181959005894,-0.008710402976193424,-0.010707508011111087,-0.03176792032432793,-0.0014278963445410282,-0.017267376695076032,0.05436622912314485,0.027436892556817465,0.10175225013720829,-0.009796734584601282,0.002810462895764393,0.003514836673272254,0.09628268524406243,0.04102687669689679,0.0440783498918471,0.05802473117931575,0.06783886116590908,0.17957679897870904,0.032274765993928825,0.028803691630354507,0.046325324031370005,-0.06009589673077274,-0.02220825242611073,0.12134393528821712,-0.019902142544984753,-0.012397291035017022
C3,0.07432724292002557,-0.0708951701140419,0.05686398903431994,-0.00837788809566665,-0.0024759110502946377,0.02038158529347018,0.08942501713774964,0.04315071874791511,0.21538841019503266,0.06000980238828853,0.09889671264514795,-0.09260095130671558,-0.007841925698403387,0.0591188907617704,0.0921317374849675,-0.10369570475390148,-0.06931203652471561,-0.07576808058663691,0.03612788166182185,-0.016956816012258808,0.02122259794867289,-0.03090900839033223,0.0855251778787132,-0.10539562554054743,0.1322323025834192,-0.06682768172533238
DLK2,,0.0011343560037779918,-0.0732705364366794,0.0005394284623901898,-0.02874318576318186,-0.026479640839074267,0.03349231631709998,0.013338285535597114,0.038992846930180645,-0.011408174698082212,0.023987347270947805,0.04548524689898058,-0.008067475880603447,-0.027823047593468386,-0.022602906209440873,0.052345431343801714,-0.035068726456787665,0.06862796828722066,0.03797428482557038,0.037366840188690395,0.051922822915208285,-0.04257595305773427,-0.02551160753314947,0.05516182935046143,0.032723462857654706,0.0831412922639227
TSLP,0.054271278451863525,0.04324317250928997,0.03671288487542677,0.031073865694845142,0.05198375540740102,-0.030174582322048844,-0.019629418890578638,0.013757279983099639,0.18144488184009522,0.035062697303747885,-0.026820922157844675,-0.05238977000225342,0.02242069120664344,-0.008565736972216813,0.01485452223979943,0.007239687208745793,,,-0.05142757289876131,-0.00986704704743822,0.023658692806889228,-0.028298128227379968,,0.058042973402609846,0.008549671202456727,0.05365081917324202
OSM,0.007428452071415132,-0.00019037407610847856,-0.003807086721529476,-0.005840447610523446,0.08829174335115943,-0.02265441102106234,0.013357331774853697,0.06216095421341571,0.1864471266809223,-0.058418437900125235,,-0.03310729120334007,0.10274644045411767,-0.002880981183283224,0.12976535320326987,0.0436727002845856,-0.09537039398219208,0.06302410321815008,-0.03369996617134394,-0.018528132415611628,-0.028987608914617404,0.05822012805174656,0.08373660310919129,-0.0007551185666198422,-0.015250850331269734,0.028277795613558806
PRND,0.005672258076270744,,-0.01500626025014071,,,,,,0.05208243974851937,,,,0.04414962472177987,,,,-0.022796985854230428,0.03221339741076487,,,,,,-0.0245602722641684,,
SLPI,-0.04970284293306866,-0.03070233408271489,-0.05121702812255275,0.02577478796647356,0.026201398461851263,0.03794592543164108,0.05115984716297095,0.06756658326877144,0.3364356021430491,-0.008494941366366159,0.03180564843698426,-0.07657955924120063,0.029472494549253,0.0850120339042829,0.11729573119049917,-0.028389887607377047,-0.0030577173203217233,0.09394335348461486,0.015846244550389608,0.049705207240848315,0.07447541485795107,0.05771815532258609,,0.011125008942775707,0.10087059205823258,
AFDN,0.014622047199138734,0.022765285789997584,-0.03710072200516121,0.03477680740603421,0.028215902522416084,-0.014871313978379704,0.04133897052618372,0.007012767197939114,0.17126023115531916,0.028320642915534138,0.008474742773775464,0.006387958574124826,0.0721087137588405,0.09316526277965033,0.05770437884983751,0.16080347936757353,0.02892404367714304,0.07891110324216145,0.0029563417864965818,0.02311632207577005,0.07964390717970043,0.0213359145413115,0.015180066051634881,0.1246387599907196,0.051968580765173376,0.11624555963468787
KISS1,,,,0.11047572660865303,,-0.041448395307441516,,,,,,,,0.06845582003993343,,0.025675297709766325,,,-0.044904306985203125,0.0238461766379115,,-0.038111702917517164,,,,
ULBP2,-0.0013468895985411225,-0.04850287413402945,0.015507044733070048,0.05762410446354371,0.03847264629019314,0.00016181018422526834,0.003929116329530499,0.06468052366031095,0.09536036994135053,0.032853173972645054,-0.022021408278801467,-0.05468779411640179,0.07866580758976373,-0.037113277343329774,0.048480911359184205,-0.11175634517919593,0.030724070310185984,-0.03556067749029212,-0.0131580940498496,-0.007604681623743106,0.055140771331343,-0.03424268483421436,,0.08209307192123942,0.10160867139368923,
ICAM4,,,0.05617259277267575,-0.03414064458606768,,0.06788392028438324,-0.008232744146070805,,,-0.04027836815035047,,,,,,,0.03268661394102906,,,0.000344414398498629,,,,0.008331360091822998,0.04248333633304194,
TDGF1,,,,,,,,-0.0019063993830548069,,-0.012137971282329268,-0.035478012064644876,0.01131601644808102,,,,,,,,,,,,,,
ANGPTL1,0.030639696995944418,0.053079736504208254,0.006575876673835822,0.03654564644798066,,0.01458123428178415,-0.01652163472786829,0.059914891874991084,0.19398551466395306,0.015398744605886727,-0.0012981086555033737,-0.03751389321092963,0.11024436370546657,-0.05238768628325141,-0.03424189082276081,,-0.0065262202042436655,0.06664537056982546,-0.026642488042322752,-0.05302700281844675,-0.0016093521255920017,-0.015860412921241046,,-0.010637209925554145,-0.026589852423229744,0.053004995122052936
LTBP1,0.05115788790989526,0.0706850665639992,0.06426730197554933,-0.007950521969813985,0.06394288895136832,0.03485296977326209,0.009369610353256534,0.08505133252829013,0.08860897514915135,-0.013835021055988586,0.04274753967819965,-0.0021911296039985695,-0.028976222347056615,0.03755755318742873,0.07587139100147837,-0.019853045839926624,-0.004364330546870954,0.06809989921159122,-0.025682671263746275,0.04383673220278112,0.005134477953766036,-0.02831566381355147,0.056902588600210066,0.042146354241833904,0.08062580363952573,-0.09429689224078353
CD160,,,,-0.004654719443463384,,,,,,,,,,,,,,,,,,,,,,
NTN4,-0.024868016010901703,-0.005556663433717391,-0.017493824275866602,0.04088886671946487,-0.06032163315952662,-0.07633912727325151,0.07719149887135161,0.05373164752793205,0.01724738421409938,0.0383078917842715,0.019001812174085583,0.105606026339253,0.11638192878935144,0.0009681637400718574,0.015045028486782026,-0.09655567408880664,-0.029476107619400355,-0.031129163213525806,-0.03206585449299347,-0.03547248097964297,-0.04543248691983136,-0.04115972092743469,0.09686781278653694,-0.023544434767798623,0.004128449336456624,0.015891421821396065
APP,-0.0010898843674157174,0.049897866083902134,0.003934932952428714,0.03825947938613278,0.034284297811392,0.02964359841123869,0.07530833480099301,-0.1401718442944606,-0.25747361905101657,0.09136000658945401,-0.02571009279528555,0.06507033239075713,-0.03859914848695208,0.02324646414849663,0.02671301366423967,-0.04776147536668316,0.1195713375394216,0.05931186869259257,-0.04357166222418315,0.05901213467324485,0.10334263454253316,0.07122764875839374,0.0024986777453422124,-0.10795765853724387,0.0023699497970426794,-0.0830316416727648
RIMS2,0.008455952275886124,0.05270178619908027,-0.030691497738562258,0.021137704617871813,0.05479218705525654,-0.02997579795156931,0.05109936103030108,-0.01561056216574217,-0.14808387557238878,0.03324294568635759,-0.036322913068544516,0.12060977876683195,0.0993718747758098,-0.03334257098002369,0.043799826910250944,0.02286911997530636,,0.026285641665165223,0.07697095334879094,-0.020131257859927247,0.045031518292370516,0.06998305045846206,0.04573247356100949,-0.004319241077855073,0.09355533298599662,0.023590576815645987
WNT7A,0.010523034912998967,0.11224105777080774,-0.002730302521318405,-0.058534374824909974,0.00782406475560051,-0.020821272719399233,0.08859188197636857,-0.03369450657816589,0.07569467672268076,-0.02636185620530948,-0.028028059704464196,-0.0019025274250058237,,0.06305428007565927,0.04431961293022568,0.07914618397066389,-0.031296712478775364,0.075354248165376,-0.027469636352141863,-0.0006685901617229516,0.07272570717344416,-0.04873925793391215,0.023106447071300867,0.05777432164725701,0.06729692290083002,0.011990744838447209
GAST,,,,,,,,,,,,,,,,,,,,0.03173795679285279,-0.047086802931049006,,,0.044213979139687824,0.04121752519539221,
GPI,0.014865093935485138,-0.021198128049991737,-0.02985273700049629,-0.027141433939833145,0.07444913502871776,-0.03203713717942029,-0.11449762102947085,-0.08598492764766098,-0.06740996066126803,0.03844124722932841,-0.07884682471442629,0.05295282881964653,-0.06388498811455753,0.008774402823497215,-0.0443818486121919,0.057333135954482396,-0.008842589367938037,0.06285383200009294,-0.06529544155258339,0.0022235263344996085,0.07042735218692642,-0.0037574196281683846,-0.0280292397963978,0.01467941929275467,0.10600149969951005,0.030261798176475768
IL1B,-0.05062003595522383,0.09431773922823926,-0.04617502902931942,0.0008930569327688889,0.019016088356786868,0.07940784285582916,0.049691158501361056,0.0008200003521347923,0.19963628673546502,-0.11984078865248542,0.04874821357808934,-0.028688976162725238,0.1107419025820945,0.062242319610024084,-0.01415787262095257,0.0754028433005715,-0.10521101552122643,0.03083380339270587,-0.013800026175350893,0.024403792227877738,-0.07854410465040827,0.008203570602404531,-0.13178457654976455,0.028194765072961318,-0.024292904916334495,0.0668819551959809
SFTPA2,,,,,,,,,,,,,,0.017802886094713605,,,,,0.02340617409993202,-0.018641709091302514,,-0.00791029507995924,,,0.05830512231812157,
HAS2,0.01663944748596707,-0.0334199132155921,-0.004621816032293843,-0.03746320658527359,0.03492856812961251,0.028884845978320597,0.05374182653715791,0.1828017389341569,0.19562647411319561,-0.05471994735838083,0.10116442633906263,-0.015730217941482983,0.0662794901282767,0.04887251872619106,-0.011449818569027086,-0.03154101066066118,-0.02001456963671779,0.06656005942054728,0.000990455727528887,0.18192034014237526,0.08836245063005167,0.04686113049891809,0.04654991358788412,0.009137288930136649,0.0852539864566925,
IL11,,,-0.03807749944029972,,0.07501068392004306,0.01813393126481662,-0.0009034701356380287,0.01327477807702978,-0.003970164310239865,-0.023211724767261663,,-0.03024975669158523,-0.028240867706891454,-0.006379922591469449,-0.008204753589302933,-0.036630286679793504,-0.017969305633912688,,0.011559348811559168,0.001508048926204055,0.026331776287153018,-0.011200630278250646,0.0665367208975722,0.045958189689432924,-0.035377072458844395,
SEMA4B,0.08822372600989324,0.015687231972378618,0.059522138479033274,-0.047264379264473695,0.07577859932810874,0.010009293353314323,-0.03836522661060806,0.07402639174772072,0.2501104875186232,-0.016038072666307995,-0.02866018621748676,0.012614025934789334,0.02694322338021921,0.010355399455665808,0.06743485334306337,0.012025240715885904,0.027743895425486186,0.0457510276069223,-0.008757803070140874,0.03307079703434369,0.08739525042821687,0.022457699923879214,-0.02441973077795872,0.04317558493410923,-0.0022754258511210198,0.040028970383561124
FGF12,-0.02575137126931169,-0.02244734364646496,0.021046367557889908,-0.015990006291248894,0.02141029920847397,0.019616338576429516,0.07765529273845596,0.10101473469003834,-0.18122863545428344,0.08832049759470696,-0.04717519787440126,0.05985644726669747,-0.022793075298389035,-0.0729029664200866,-0.034143883893404614,-0.013022559103397831,0.12630505701112937,0.10502653544536361,0.04522078516330586,-0.019123026144890934,0.04130154326748221,0.0026568009411366998,0.04758769862679417,0.06613638280411274,0.07994832960338885,0.15013574749830116
CP,0.022424164269498337,-0.08962684693127781,0.06514549229470715,0.029008073186828073,0.018522633589743674,-0.02775552636501387,0.014846187949258072,0.0864404065109239,0.13267606391476724,0.027904911581035866,0.02666596512718256,-0.06647178367104323,0.049692610376884765,-0.01222436065797556,0.09931365665157539,-0.01627457352559646,-0.07545081777189094,0.00882871841190915,-0.005543661073412211,0.03495013102180557,-0.052975723182448795,-0.0024272812468812467,-0.03186653271021891,0.05084943102684099,0.04163778507014424,0.017265083539785418
NLGN3,0.003836783080948241,0.036830727921218755,0.03186199236637296,0.06584671257213495,-0.03713189028528589,0.004771834572508415,0.03031810673243988,0.12123785240309959,0.19488872736103452,0.06619497744039583,0.060761462119619726,0.012644194210432053,0.018932891781829712,0.023661526611958902,-0.09277682843591385,-0.0671072830290149,0.0455640588205865,0.005666340412642221,0.0047028042588292485,-0.04412854261531488,0.08122943208722255,-0.004946656248793968,-0.004793195986187142,0.14689168444276016,0.034840086624959306,-0.022051171673565705
GZMB,0.014848520503843674,,-0.0572906343107211,0.004043451500107173,-0.0301893383039836,-0.029633364835306843,0.03577526579115753,-0.018988778893979333,,-0.03371132977724837,-0.010314567451345773,-0.015164805400721647,-0.006778195545755746,,,,,,-0.05638614649451204,-0.024623183049592576,,-0.028934449629558517,,-0.019028870315046697,0.06194835526803514,
PROC,0.007788447963647937,0.04173032596068544,0.02615203534380915,0.01733563395372145,,0.0784201550357771,-0.027977055650776423,0.028469983961981048,0.11050654917619128,-0.04474356970426265,-0.027552365254853613,-0.030239918319040483,,0.02441628630361714,-0.035264771325573034,-0.1259928963920859,0.04811302289090317,0.029646077392786536,-0.0823733994624527,0.007173473886355229,0.037914163175999854,0.04622286001920651,0.011575015403986434,-0.029431944577491362,-0.007621365008674829,
TNFSF11,,,0.010204307819531496,,,,,,,,,,-0.024542192402609245,,-0.05765960913077872,,,,-0.0189544787181839,-0.03367748021027285,,,,-0.0015700385772371573,-0.009976324619989405,
AGT,0.056502649681402055,0.11567417080652118,0.024496502934984874,0.010991403189156078,-0.016222932679288544,-0.01704090721217915,0.06335408731762984,-0.05229627393161676,0.2840258402507726,0.04804599502593616,0.008550092190713303,0.03986801599681881,0.08921881900869136,0.07684827424519833,0.03964809908803183,-0.09595111740490082,0.10862144201462388,-0.01882134283358146,-0.06383045115020142,0.0914960160738867,0.11006144723146016,0.03415775959102177,0.055748075159463936,0.09450892766479448,0.007747897918003197,0.023410279184614413
PTHLH,0.05319881436280193,-0.031084721336555043,-0.02658354966601955,0.00581241199806959,-0.051822310633157675,-0.017316511300175193,0.09530974391897334,-0.04824489813057349,0.026062763736288626,-0.08214364558877907,-0.014558850779479174,0.012606094643825474,0.010889897728329361,0.06191046951903188,0.12755348743505937,-0.06799226609584286,-0.05108898412250141,0.03981718205265781,-0.012948935857320099,0.05112992547654856,0.0213354197757205,0.04713155912575888,-0.059745859294713474,0.0918792686654939,0.04270785696735405,0.04686956889127656
COL1A1,0.02537578774910742,0.12209434442850181,-0.0037031260801000756,0.019908562458731214,-0.06447395658357674,0.03715059047674635,0.09023571249912944,0.11073893280460571,0.22217815172454944,-0.009030573793792485,-0.0029115905446388574,-0.06243001537208027,-0.1287693038169431,-0.0005665101256944812,0.056653766727805165,-0.16712830395617415,0.019228951751781537,-0.017845551679206775,-0.08339588691190984,0.04061956976000537,0.07828835016289029,-0.023345883860633007,0.05815150632480558,-0.21157775840777496,-0.06147803656599049,-0.08683864701583528
LAMB2,-0.011299801218111635,0.008237864937733336,0.016588690114172196,0.04012179268834511,0.03607396948141807,-0.013967726387061724,0.02322441182381641,0.12053680927531792,0.24004640922908224,-0.01613673044080786,-0.010868803064885253,0.012067364127317185,-0.12524317933694865,0.10026508419200955,0.04307659475309621,-0.026688266669635818,0.011125525336692232,0.04895522446550374,-0.09384182625795554,0.06609057846210617,0.10848324927210147,0.005955510754450475,-0.029775006319008566,-0.0424355438517181,-0.02367607110777985,-0.027710846140098052
DSC2,0.05940646194341129,-0.0698555236823161,-0.0329113942604177,0.0005581325119377497,0.0025742803093721273,-0.05814220722996457,-0.00038776255241614743,0.01335108538618967,0.0818395272207978,0.04340242662752094,-0.03260002613843444,0.003525662992000255,0.062193142031057747,0.027749225334930346,-0.015145588672402802,-0.07848216761594325,-0.03597545559261713,0.009537268039965081,0.026063578242567335,0.07870485902842289,0.029775408024702063,-0.027524558430824797,-0.08643463607243787,0.07085441091966446,-0.0009673398393358505,0.04489775194337239
WNT5B,0.016270610027071565,0.04217995332873714,0.020007868949200616,-0.0017877642064755698,0.00500090097201345,0.01474081532314628,-0.0033400829470653735,-0.00878983225577593,0.031099012895788137,0.02699198815473321,-0.00690008568831161,0.0402374872662535,0.013241520758100811,-0.042217201071991846,0.05689223359791705,0.030276050227910377,-0.04926852052367154,0.08304748658069788,-0.0285320165406714,0.03748373441959232,0.04792879732199277,-0.026578846141654334,,0.037999590343136304,0.0285820927385657,0.2342708292617347
LEFTY1,-0.0493836910762533,,-0.02828550701270383,0.02343333743252111,0.000549502967037915,0.04049580125514559,-0.002674690840986585,-0.018115812113076023,0.055521826065387,0.031221379354863094,0.07088946071682274,-0.0029072100523895397,,-0.01348362370321839,-0.00567295515530171,0.04104125693854173,-0.028720165287816953,0.0031814164705372006,-0.04838985869844417,0.00735946421988997,-0.056674497704894945,-0.01813220255829154,0.06886412127702114,0.08700148285816103,0.05446568048112913,
FGL1,,,-0.012006686144270263,,,-0.0033495835021605377,0.006198826372476619,0.006428068060441359,-0.0016719744794736198,,,0.011684416078843688,,0.013466003206479303,,,,,-0.00398219072425484,-0.020982121192405404,0.027228543760989352,0.017627159653461916,,,-0.031472167596716207,-0.10178289746465204
CXCL5,0.012761345777064056,-0.037429327620084225,0.02750474634288685,-0.029220465216816472,,0.02231425748331097,-0.013012282438344219,-0.012584864912723329,0.04297384021498298,0.02903024987333692,0.004460909680983639,-0.02726929388308048,0.053066958251119754,,-0.048073334482400844,0.04568100960324301,,,-0.05366799813724992,0.04558795907454524,0.06520162524380735,0.0282955264585172,,0.023232633934839392,0.03514311181815684,0.023374327900697676
S100A1,-0.032832913425320354,-0.0061208144453039496,0.07359288458214938,-0.0267179349880901,0.024458933231981388,-0.004212849484978538,0.09433185798628219,-0.13564289591293394,-0.26763174993369615,0.050919206789728604,-0.017247299215561392,-0.04460507610102356,0.016353606511148505,-0.02289229613107503,0.04873512900873708,-0.06452897556229424,-0.053696678603116436,-0.06281099782207654,0.06481659353203548,-0.06690197848775647,-0.09702523959106148,-0.02351571962345485,-0.05186840885782,0.11995362652297303,0.15181542090037417,-0.04656516207654615
C4BPA,,,,,,-0.016597420694776075,,,,0.02338690729884619,,,,,0.06550400024462762,,,,,,,,,0.06860896959934207,,
NPTX1,0.04505461122251042,0.06655580162493296,-0.007565290114827934,0.06752543833006347,-0.014956284881282035,-0.005025875635174913,0.020172372689517777,-0.12220566367313651,-0.21580899806563275,0.06548045283605625,-0.08684978715649751,0.0713095749581832,9.698073947077637e-05,0.016444592183354593,0.0037551249483739235,0.09465222441507222,0.13273201944146376,0.15886379822717658,0.08888233649407935,0.09490132403370415,-0.01059702069695053,0.05926049854022628,0.017753623943133488,,0.06165587624109972,-0.013831231283321399
TGS1,0.04670053809554221,0.07450139343252836,-0.007373808326355927,0.05376948318332212,-0.0044023925188200344,0.018934122669417346,0.004638118578546544,0.05273411397440252,0.13941167476912542,0.0025835223619357865,-0.03694100873597243,0.0693164352993547,0.012083671812918516,0.06825542010082891,-0.052847915345308874,-0.014394467426798743,0.07424278198402444,0.11162966840223965,0.025560696179018162,0.04071499601658627,-0.024027859003733238,-0.00858733148625255,0.034612078391528925,0.13848047568029961,0.03528005574931754,-0.04802214986626071
SST,0.015656845587230857,-0.03132232281196082,0.028323991886961285,-0.012711258309115967,-0.02808110871824806,0.004232477213172943,0.012463354286518749,-0.06465270186961986,-0.1878999812615637,0.08438638599160898,-0.02482383739948307,0.024543697622639506,,-0.08761314383264066,,,,,0.011188629159294096,0.03274434927885877,0.012064217629433466,-0.03207705294274122,0.128836068151962,,-0.05625283784786889,0.05152519857860408
IL34,0.044692730910243186,0.03127944676240786,0.039746482767552015,0.01923362830381444,0.007450922905997647,-0.025664377854318618,0.02972560879357096,-0.0778058640704537,-0.032381003926993036,0.025514114869520984,-0.06446168295923978,0.10143305714400355,0.11788074783855544,0.0036583920408436344,-0.017314085869758144,-0.01913073657280294,0.08005747419308248,0.004898495118479966,-0.09043054833931105,-0.002967278586274001,0.017060123968644023,-0.03586480524204581,0.08747054837934055,0.031186479267749534,0.08814683465219558,0.03732170177106929
DHH,,,,,0.049060336595538684,,,,,,,0.0016954577970415337,,,0.04168682277352333,,,,-0.08380434894600088,0.01984591465098703,0.0338581814973004,-0.006892027902200966,,0.027118710807739258,,
XCL2,0.030222040292617564,,0.03956332561836162,,,,-0.020261237205162833,,,0.0014228039833229116,,,-0.01262407830440229,,,,,,,,,,,-0.040686059449015786,0.0338306169453092,
RSPO1,,,,,,,,,,,,,,0.0021465230140028497,,,,,,,,,,,,
TF,0.0035059893957133568,0.00039797091648786573,0.04758272191227493,0.01874327349968458,0.0039564410207356395,0.030761173065624422,0.055973623890731565,0.10131382857967156,-0.22354474382427578,-0.05349392875301326,0.08479661537168472,0.008978065826066778,0.014192323335706003,-0.0055752332482173666,0.0525050730502819,0.015199721561635725,0.06734620463651834,-0.0018866349621302115,0.03234060217252632,-0.029890652910831938,-0.0899960889269021,0.009069855788640783,0.0060667464912568456,0.1384602992918705,0.11507324314401063,0.027969449057744747
IL33,0.03341966345221472,0.018456605198682727,0.026588588064446587,0.029688540277834078,0.056961370341285955,0.005955140498897262,0.037863911208575116,0.0328809130397113,0.1645250294897505,0.0419122490146234,-0.03062905930446275,-0.0010068363619017344,0.015706199147827424,0.10620359074372882,-0.09260072600475994,-0.08137901207202547,0.017747000377197307,0.007202491819539034,0.048939282970417754,-0.010298210909935865,-0.011893656103373158,-0.050526509079872176,0.13050024893175968,-0.010006167557087756,0.06992857261292457,0.08454916229106757
RBP4,,0.04151784945456444,0.007136484555404908,0.03179524213262207,0.012710588137327124,-0.034779569033567985,-0.019598979592656017,-0.05628744283440967,-0.11565932214668313,0.02976005239797777,-0.08484510884536597,0.02111678474693697,0.1047084560849024,-0.04613124800043508,0.0070952221462504475,0.10044108628009113,,0.08367771075629668,0.025015719081580085,0.0789707103350931,-0.0005487089654929076,-0.015749140058237365,0.09967712596810643,-0.020629351799085927,0.0592638796144363,-0.033328516209335385
CCL19,,,,0.046093122899236255,,,,-0.002709946054073662,,0.013248031800683034,-0.020819597492069394,0.08666691999073001,-0.031629210001908346,,,,,-0.015329614030904493,,,,,,-0.045687978594570855,-0.04021705985968072,
CCL20,,0.028977921188434737,-0.014415099266768799,0.0037854417043806966,0.0009846253586831475,0.022890403200489393,-0.010071637580318111,,0.050931755300912006,-0.011392912227625932,,-0.04793587425178849,0.007364027809923715,0.031560351256632396,,0.028294832987504428,-0.024414815398936116,,-0.05939466007875978,-0.001824550434574776,-0.07622445731700163,-0.048351494089255466,,0.012234242898413098,0.0059493320022592135,
NAMPT,0.03563963579657436,-0.08122949124784798,-0.05594533369630454,-0.0038700824882329714,8.120516474229858e-05,0.006994404834291582,-0.057875538311412386,0.08606953690181443,0.2213500655160058,-0.07513966159809722,-0.02050886666822548,-0.04593835198652878,-0.00895424674145417,0.07550393211414834,0.18877969701904854,0.021506599151175528,0.0466893357021805,0.17397345053590352,-0.04648852213583495,0.07682391680346325,0.03534137064064243,-3.410065956309496e-05,0.05481291044289529,-0.1453314284783371,0.07601549000840391,0.04262704495072695
