,MGH258,UKF243,UKF248,UKF251,UKF255,UKF259,UKF260,UKF266,UKF269,UKF275,UKF296,UKF304,UKF313,UKF334,ZH1007inf,ZH1007nec,ZH1019T1,ZH1019inf,ZH8811Abulk,ZH8811Bbulk,ZH8812bulk,ZH881T1,ZH881inf,ZH916T1,ZH916bulk,ZH916inf
IGFL3,,,,,,,,,0.03273301538336925,,,,,,,,,,,,-0.007464142434832178,,,0.014934851865008963,,
BMP1,0.029288183310659674,0.0742576767594518,0.07493378066252418,0.025504607797858667,0.06876695530307796,-0.07533806852217663,0.013608833331372486,-0.0946244986896694,0.15672011522052634,-0.12416350829748335,0.05603633146047378,0.051040210337967976,-0.04401537822863594,-0.09761579728527518,0.040002165104824794,0.07080240960967976,0.04692349193774726,0.05909555706273951,0.08899257887893422,0.037421677687528146,0.09626933466147079,0.01292956404722596,0.0032807223224788113,0.06674240629318541,0.002011109984566072,0.05343766404634081
NDP,0.0545432399142209,0.20649771970365807,0.08389030419748128,-0.02382264004457475,0.14176212655276035,-0.032841646877926026,-0.03127590263732332,0.026881287508998295,0.0829606183473034,0.06368582928125499,0.01936563774524034,-0.021681900951000792,-0.010622805530531345,0.06572930581564314,0.07565158075923874,0.11145408008266744,0.0390048007101096,0.1096099395470251,0.02626339316107598,0.11604824716287657,0.00738069446810985,0.04338841217609716,0.10107719504654976,0.07692519912271106,0.07766186362110113,-0.041703655379047175
TNFSF18,-0.012713121116908137,-0.00662980438107289,-0.0519545115580988,0.034010681999996496,,,,0.014623861820651136,0.011981717112893935,-0.08329135100105663,,,,,-0.009661590007260938,,0.05834339038668439,,,,0.10608815753016189,,0.1134308145460447,0.03523338413369017,-0.03182121610152549,
IL36G,,,,,,,,,,,,,,-0.07448661707654458,,,,,,,,,,,,
RTN4,0.01280099508266939,0.011751387558825474,0.05694697568591646,0.004604155013097321,0.05928077282757031,-0.013063989180303994,-0.01020329460167425,0.09504756948540119,-0.11069951372443802,0.1506737315038986,-0.1556204440769138,-0.03437423856022196,0.05134061702038923,0.1793658590952636,0.001073934246049945,0.02565874899559667,-0.04151785067802831,-0.038810769305234846,0.024703451649006784,-0.015769614053913993,-0.08559396922284299,-0.014055364127351611,0.0031252874287323765,0.010731418174895023,-0.040803488526075654,-0.020495160579084997
HEBP1,0.06664613822759255,0.05089660121922692,0.058942639707458166,0.05729492426263595,0.05214006286286558,0.02804341639530957,0.031657472233691475,-0.05555435385306965,0.04075504689266451,0.031071855835197674,0.08269745551379294,0.0021493324606412286,-0.024977348651612493,0.01012844711387984,0.08089881868086968,0.026166873920144756,0.03175059407048443,-0.04891243050106412,0.07293418150064024,0.1491288230694374,0.0033251706289881165,0.010471079401507025,0.13955175222624602,0.04680949602457589,0.024496097826776104,0.03553927996547923
WNT7B,0.01456335568251971,-0.03585197252431154,0.02337556319116651,-0.06929142495370987,0.030377668428271134,0.039552194929603116,-0.009093212084348328,0.07207101857904007,-0.04797642057319713,-0.04701136508104876,-0.08242736104412379,,-0.015120235071464115,0.029467139256923274,0.057531830954172775,0.0018611337132834879,,-0.007924052047058979,0.006662607904455298,0.032765980543109675,0.04173729009039586,0.041586195638308045,-0.08841624980043075,0.05931713486121356,-0.009100984199212197,0.11596748817397319
PTMA,-0.024532424395697913,-0.2597384379153418,-0.019614207188955825,0.001522868633674624,0.01179927450654725,-0.0357500676561406,0.001140446748474467,-0.11436791947287454,-0.10605292580362476,0.11328423917617134,0.0855088380877973,0.06729097186434682,0.005438371541700948,-0.12822547550321498,-0.10457788039796408,-0.13013830655660424,-0.00922697255815642,-0.16950562019713325,-0.18463458845214561,-0.11869438892955499,-0.11170338404057852,-0.07850380067671614,0.029319693642722144,-0.10334921831584903,-0.02088997704241614,-0.0677072391060574
FASLG,0.07232366840350196,,,,,,,,,,,,,,,,,,,,,,,0.0007173985574534989,,
CEACAM1,0.004779544169028853,,0.039913427178860955,-0.041266131842706624,,0.04951186679801774,0.0055313378135668665,,0.016693475745540136,0.04865742249555807,,,,,,0.08597491618871728,0.07213844559079301,0.06182252105408681,-0.009181509083471928,0.019580805928199985,0.05144946076033028,-0.011388258058244227,,0.029523894642340263,,
PDAP1,0.02974319417040601,0.011026653510262517,0.08374037645643631,-0.059849497378874086,0.008679059653695849,0.0007938420182838953,0.03078972850165965,-0.05163492778044259,0.0904952030244168,-0.01956352104049861,0.06850823258421589,0.06844564795444336,0.07186779454996146,-0.08819908911386526,0.04922726919526507,-0.004331084411958139,0.006912343108707579,0.05741744880053594,-0.058987395695711244,-0.023500570450580984,-0.002880710709081151,0.015721497940901764,0.02356830373578086,-0.03903474787813392,0.006638149425574203,0.008845485609632352
QDPR,-0.07742587284399786,0.03842020964729845,-0.03110284911065257,0.021540343826037856,0.11158280820494573,-0.0026202648790259304,0.0675772798464617,0.1301072373337792,-0.1139326368020777,0.20358868657287596,-0.020026759531151687,0.007244677107971943,0.10969688668813535,0.1097637734304559,-0.015056484550355846,0.08300118951124802,-0.009626962187948684,-0.19642269620157798,-0.01457318310665781,0.06312997532108591,-0.11186144412108878,0.0815102309284246,0.08915051896083123,0.12665066042386203,0.12331318474250502,-0.10043567187957732
POMC,0.033039380749342526,0.015584982637907285,0.009796924675151362,-0.004402794100907937,,0.041966305928696226,0.033838576686372156,0.06658701342229116,0.014124938408059265,-0.032294106929607845,0.05277816828352457,-0.0002891159851209235,0.008600645888231121,0.07393578350989188,0.05482910533224639,0.12013307788849531,0.028538111031808536,-0.02381954564003246,0.04444911956355383,0.11159086650202217,0.017793733413709652,0.07615506551740711,,0.09622980705241595,0.018514573969136375,-0.01407738057788855
CCL18,,0.018082869471285776,-0.007703422622099933,,,,,,,,,0.09242005330195945,-0.008914905880358386,,,0.03206831362055142,,-0.030465806014498678,-0.016418354667419907,0.04790516765133472,,-0.0457435763147771,,,,
CCL17,,,,,,-0.02225812519202991,,,,0.0030006425530243164,0.021219646556466756,,,-0.01066123006494529,,,,,0.016943407891246178,0.007909139451749233,-0.066645149886235,,,0.04550034283954777,,
VEGFD,,-0.03968547439662346,0.055857491846357896,-0.03763973376619237,,0.00922539168602476,0.01885246576830542,,0.0783306181879758,-0.0037351976799098745,-0.021118328466934014,-0.0015059050536898792,0.05276364701924063,-0.02637871193937481,,0.009683737515738332,-0.05780385012801771,,,0.03348548814275853,-0.045118693902234566,,,,,
TNFSF13,,,0.0003317168217980499,,,0.005403213421389386,,-0.006675239745163982,,,,,,,,,,,-0.011873034498481233,-0.010252170029718633,0.028545589962694327,-0.015114830489443423,,0.07718064948845156,-0.025689414293315088,
WNT5A,0.018481361402660077,0.05930721409919218,0.03774533907728743,0.02170514474189394,0.06992099864117167,0.053202586516420444,0.009294226681928327,-0.020043730778418256,0.06826777322177033,0.045808997269029955,0.07681562859186106,-0.01618287412928175,0.007342138296930217,0.00015798617649083149,0.0857893081873359,-0.08896128588576432,0.07307063017552035,0.12109679073858363,0.03067455177117481,0.05666396790306195,-0.027578338453916145,-0.033268417977901366,-0.031660404534237206,0.08048610358447578,-0.013124762611529001,0.07327442083415732
CXCL8,,-0.14749596404437326,-0.05194462700430782,0.03844424517364432,-0.17366486166250278,0.02047637187311464,-0.035461963457651326,-0.08078031413680324,0.034114925850563395,-0.10648136662830081,0.01184105790770493,0.06476734725963804,0.03464064470894992,-0.04775503749239689,,-0.026365058401090394,0.08763749667096313,0.0011975790959735965,0.07168998711074381,-0.10654318138309997,0.006978152649117385,-0.003249271086356117,-0.05847913915437171,-0.06083982645090197,-0.05420060904198491,0.019426597246942987
GRN,-0.05174572562258711,0.012025533023854073,0.10668241524549413,0.017057459252907452,0.11013109462953694,-0.008114905406561622,-0.02860905314865368,-0.0540216580216099,0.11396259169385493,0.03597449310630114,0.0417549209722862,0.08322570129445055,0.10070004532057444,0.06657566291390617,0.13114752377412225,0.05011509933852018,0.16631886378694566,0.05437307152031605,0.05170471198267672,0.10551958691167394,0.12175241539150182,0.13372797617843302,0.07353344039935435,0.036805961280420595,0.035703098603599444,0.05678515101409432
MIA,0.007431443841587791,-0.003433345519085715,-0.03382075621038624,0.04122341509634925,0.016481604212150613,0.004466629545403265,0.004856605431070236,-0.017574259720534488,0.05810024993489576,-0.06894145177245371,-0.006698906961613184,,0.04263764773371639,-0.026880852963280844,0.13693360866421062,0.00626410349454206,-0.004762639960209576,0.03839568178252976,0.0067127888094254025,0.09838407779402882,0.05549724306510442,0.12759893221482768,,0.08436542018953282,-0.03896258686067287,
COL4A4,0.045967081116359776,0.05412773713788129,-0.018557718036065114,-0.013987413403947848,0.023863017592364644,-0.07108664409619407,0.009823388881090392,-0.004897954371367344,0.011321487734432985,-0.0004543310799497156,0.009822713459258335,,,-0.032377123606402776,,,0.02440128705961525,0.02242485533924693,0.025342090766087674,0.028561449974564446,0.028132435874787493,-0.01322350502126591,,0.06340401291903834,-0.046366274840722796,
TAC1,-0.00014464924052422958,-0.0002970146434439561,0.01999379391536225,0.023712613411146468,0.09062776490131859,0.018964646648952012,-0.050390428270847436,0.16160398816815116,-0.05382448834979822,0.24607510897468762,0.008066422532909493,-0.03556838752583842,,0.1074244945695888,,,,,,,,0.053465870736399315,-0.06077719056578816,-0.02682359697164219,0.004896318419555819,0.03154518133602491
RARRES2,0.05090895758712228,0.028372079807833253,-0.0043321864921413685,0.041051762552137286,0.006212854847842305,0.10095357149727763,0.029286404691592334,-0.08202757797408448,0.13609344208120824,0.29674771075659306,0.052176451943559264,0.03635125919921941,0.12387444516100764,-0.01154420332854928,-0.024552084571324167,0.12627015893072646,0.06665115445221412,-0.026517961263535363,0.07973107652748633,0.029199658048139412,-0.06778420903046851,0.013186034937163622,0.04334275472108948,0.055599793938795695,0.062255447637656336,-0.020919377952724732
FGF7,0.004591782788533683,0.07982315074324615,,-0.0012570442963999715,0.017493355483830613,0.04569041521363075,-0.004745013545844854,0.01344716603923191,0.030265598966395718,0.039599961260273674,0.029832760169696357,0.07323922641185998,0.010887622382521495,0.048859778121156765,0.0003785746138262833,-0.03425895141764865,-0.061989578389964835,0.01931921822070623,0.015534719093168796,0.011580444371126432,-0.017367543992671867,0.036562273543227365,0.0065677684712207255,0.11568105990078037,0.08235448465654255,-0.018794737157938803
EFNA2,,,,,,,,,,,,,,,,,,,,-0.036152950817709105,,,,,,
HBEGF,0.016671222035064548,0.0964963792255652,0.0922209033633211,0.043260896385463335,-0.06037544552819097,0.0414797553530767,0.03295657146195747,-0.04694843566149482,0.046134766645495755,-0.2084840269829851,0.04525497449372864,0.01620933514122212,0.06331617688178398,0.02190378946157132,0.11829750393402473,0.020413736054566724,0.04475420798768115,0.1316285477118402,0.06602409733628292,0.08216201677235942,-0.05614618876936279,0.025933821143879068,0.02526629552482175,0.04480681042694241,0.023707038869416507,-0.1107562177922493
CSF3,,-0.07744063022397435,,,-0.007507483669025049,-0.06038533744231016,-0.046658458814614584,,0.04938219388161696,,,,0.0350346653616413,,,,,,0.03356489315218078,0.016003959424734465,,-0.0008969765069114367,7.905975600205496e-05,0.028153242023371102,-0.008706667482990699,
PI3,,-0.06300203420865917,-0.019527604281468016,,-0.0611733725239331,-0.054153733348640605,-0.007444305554577434,,0.12063782563089134,,,,,,,0.12660079838738716,,,0.04256229036462871,-0.09025603084928656,-0.026433046575572952,0.07415795272797808,,-0.06470604698390943,0.02355108830733014,
PCSK1N,0.045879628137293446,0.12309757506956144,0.027896253681655117,-0.09408442910102777,0.16924515170349144,-0.013133844453334431,0.027804112622297303,0.09725779131164038,0.011888338883065598,-0.08852510344758466,-0.07565199161181303,-0.065083279473512,0.03548905457263826,0.1885388679752179,0.09800605830079336,0.0021492151661149125,-0.037710330128653366,0.05454838228218557,0.029560798041836613,0.09695572668267363,-0.026579065076145166,0.08776673440113915,0.05374030771583294,0.11649989238139546,0.0003802009334719307,0.1992687971787699
NTS,,,,,,,0.009836819417254287,0.018093582659669087,0.03036267639601568,0.04132195091492555,0.03094771883400208,0.08325075187681256,,,,,,,0.05893886942351656,0.07956876590511193,,0.1137325699572242,,0.005983211406958446,,
SFRP1,0.010625539970200151,0.08217248086778069,0.06735574176969042,-0.025591288396290716,,-0.0034235649807004857,0.05912303256151176,-0.0014816565503371502,0.03980082487945694,0.049869436615890134,-0.061693210539077954,0.06035056646759176,0.028133609594753882,0.06743703844689306,-0.01592872841614998,0.011674485500467097,-0.11845347180791392,-0.0031605696380515936,0.053882459562714605,0.1338447101630033,-0.03722389988671079,0.02581711381887508,0.07176177398034889,-0.0037636058570235417,0.016562818195835317,-0.07111800072705286
CXCL13,,,,-0.007444618452314898,0.02964018478688409,,0.04650421035270947,,,,,,0.05313127834899024,,,,,,0.047308007920916835,0.009722104277360352,,0.03544444395946688,,,0.02736361838177411,
MICA,0.006113901791928051,0.05847931579376049,0.026251991762881243,-0.016520746076098637,0.001978133828747367,-0.005798698085694901,0.020828006571495795,-0.0156451668864142,0.10883695104355719,0.005903336409462333,0.03678699809539554,0.0046542237737483,0.08316648541385532,-0.0254990513039583,0.12399402780192363,0.00954816587916887,0.05666402180537568,0.12680354447213874,-0.006086719492165542,0.10100158141169373,-0.03668315445173006,0.05891233940878763,-0.036216507182650674,0.06641504701391149,0.06345440341260546,0.006614582735701641
TG,0.06950742660713947,0.013423117187392773,0.02515505687531141,-0.04332583942177748,,0.005208367109217997,-0.01538996823757381,0.02532092371437336,0.02894306832852526,-0.021929421140725987,0.02398157549252836,,0.02153794577883114,-0.024887525264175748,0.003008725575082674,0.019076214909908285,0.028670720040001218,0.08474876285582349,-0.0065961756821020495,0.06279269544664173,,0.06281568942859339,,-0.0008794633638146442,-0.06181197051723961,
ADA,-0.017742176917573467,0.02890284827756289,0.05322530657088737,-0.03281355886820519,0.03393138434235691,0.03529384654450571,0.05274223664837201,-0.024739689242338943,0.13409777760411162,-0.08058090071647164,0.003876278248686072,0.047373881908202915,0.05554417950089838,0.027451208086091722,0.06453591869248172,-0.011015531389278773,0.01526063137494609,0.005952241214895135,-0.0009277067842213505,0.08509257370790821,-0.0028923635280326304,-0.05034650107978532,0.005130097474688621,0.11259431941448929,0.02192881387214084,-0.03581853328270706
LAMC3,-0.020776845850445935,0.06919577531770195,0.09707967413636046,0.048016717256520486,0.08141809719312343,0.010876863916249611,0.0167932530152673,-0.0358054438044718,0.07418008871895734,-0.08575549812954245,0.028423812563485678,0.029366261910897962,-0.006629800042595694,0.027665527298462462,0.08480222259204451,0.030404544976133253,0.025548398962220047,0.03741405669064016,0.004885653857953201,0.07437709842779808,0.09509521414192247,-0.0028783580617101454,-0.06129839753515901,0.040620322303716455,0.02006423680909491,0.009629293364977835
CCL7,,,-0.011195614674830994,,,-0.012635857191815647,-0.04811792045049036,,,,,,,,,,,,0.012185790139916384,,,,,-0.0013746763675269225,-0.03769926237144704,
NGF,,-0.021096230251221332,0.037435341207500854,,,0.004884947245359977,0.002341834742408044,-0.01240673518741299,,,,0.054291675608581884,0.03036240994936068,,,,0.0328269451915739,-0.024487819723711658,0.01945096793999178,0.06099212292655762,,0.11748392288453631,,0.04081127371677062,0.01297584755758729,
TNFSF15,,0.011846418238954043,,,,-0.02410772546545563,0.015224035789346552,-0.02826381418518251,,,,,0.004445761044152357,,0.019560350668292523,,0.11974280074586356,0.03976661348068977,0.026470647918731757,,,0.007704382710191781,,0.08435176803635829,-0.017455602927468013,
HMGB1,0.0016382459250804957,0.0791020256008226,0.008579721343609495,0.027873569134068642,0.05028975799923697,-0.012078876992399852,0.052945978929361544,-0.0198975408843373,0.037227813858090084,0.11352525503272316,-0.02509858905281354,0.06380570138349619,0.041753918836492,0.013171125878998055,-0.12540059769611683,-0.07260347226336951,0.08330572805021608,-0.12326933681925153,-0.06804151081879312,-0.043489675718654364,-0.052478259109901726,-0.09114634816602088,0.06628058328490666,-0.057881753534476964,0.06489461568367215,-0.023000830728876747
ITGB3BP,-0.015186125146907484,0.05329062157718645,-0.05676826021906842,0.025287802758413674,0.06569358987580402,0.055509214231231965,0.03457645691935393,-0.04464984146663207,0.07692644558330716,-0.011615904124084619,0.03359083310207975,0.03868800856149972,0.036866933490020154,0.010648194809222956,0.06633813464372364,-0.016013983973388518,0.010965071718398726,0.0834937597945669,-0.011506629513876166,0.012821853813779002,-0.005003987615153876,0.021475316667196202,0.013980398588872496,0.02591001658681077,0.0377187774356293,-0.027790143940121404
AANAT,,0.029117253964182282,0.023846434590027617,,,-0.0014115011431513724,-0.015898901117686916,,0.03772750413445725,-0.0019501856553306104,-0.0072309464831423085,-0.005547539191747243,,-0.010225024026433051,,0.0025323232713439264,,0.08409221256686228,-0.003937782757911185,0.018714639222438247,0.07014686851329793,,,-0.015516085399151221,0.04774482520977505,
RELN,0.021272431876099687,0.036772968612997524,0.0004540155708433237,-0.0752899860057069,-0.0011188576978505877,-0.016149189037079254,0.07066621707579405,-0.046205003500650474,-0.014925585983174335,0.05433570544558962,-0.06314751168439091,-0.019510750394283273,,0.018843740959096793,,,0.094980121657733,,,,-0.0131250192737625,-0.005667334327924729,-0.027587863456121554,,0.07169810255767257,-0.0036606043026654973
IL15,0.04266575232176712,0.001577903762335462,0.05635110231384651,-0.015429650720496247,,0.051021133579335985,0.02366787893287159,0.05369951855369777,0.06204058991775021,0.05422514215002327,0.001994737444266271,0.08544787252617514,0.09762889540401046,-0.056048072402008514,-0.02162588473293446,0.06924918926933785,0.10521766903621341,0.11025434383111284,0.06922990616896675,0.10109543562830751,0.017161223708567635,0.061462694798874805,0.04722973104985277,0.05568140498429595,0.008703561561573552,
UTS2,,,,,,,,,0.10021666258362087,,,,,,0.00974179110704382,-0.04379406434606281,,,-0.029943471359023064,,,,,,,
BSG,0.08942458472473915,0.068773218813126,0.0017103757475926589,-0.0013949792872833126,0.01775762556476873,0.08233595412964247,-0.024861915385761414,0.11845840669883176,0.051020799947884624,-0.3548860625157177,-0.055723176556372954,0.01608790508613455,0.06785364150299533,-0.07786434509760773,0.0816495577274083,0.10100952585708044,0.07595847995895433,0.0995787538562197,0.11163287280803391,0.09228540056532501,0.22380928929093863,0.03799574124833694,0.13963714911726252,0.07891162734628829,-0.004363470766933845,0.01521678900584535
ADAMTS3,0.08146921169247971,0.06439639101994814,0.02238045806872229,0.017689792805440363,,0.010578468296108524,0.02167461409745169,0.008911072883748011,0.13924532920878122,-0.017770803394183673,0.06881228727279652,-0.021591523603144504,0.05145576458654663,0.0525194679298243,0.04497334399066554,0.09907583260531748,,-0.010727464689041998,0.03595152217456404,0.037873209316153345,0.05860347868391262,-0.01813353377034949,0.1127654688101723,0.10795975372341853,0.04080588314041315,
CD34,0.04234256982598673,0.04350517626133151,0.05855397691961601,-0.06620464367503966,0.05554603329166225,-0.01222132694958208,0.030641299049446246,-0.010123863349843923,0.10877038613357198,0.07753614136368511,0.027509278741620423,0.06497156635717148,-0.017457445426658176,0.039278657684945456,-0.03219326884783136,0.02802144675962951,-0.08047334651640677,0.11198140616621216,0.030001188633140323,0.12309847224444523,0.06762280222088855,0.07536183258442772,0.01075760047382983,0.06425822658615314,0.06564200975702143,0.02813371127423859
CCL23,,,,,,,,,-0.0044334677878918845,,,,,,-0.020417331463135815,,,,,,,,,,,
PLAT,0.033580808810215364,0.0951241906211722,0.07204450050613094,0.016569751496583185,0.1371070260797923,-0.03600864655647222,0.016573827329212924,-0.03839152245492466,0.06014240673763107,-0.2996037584748532,0.010224277821889019,0.047688215381972605,0.048555958046693874,-0.002218665561624543,0.005387381590328976,0.051192944346930176,-0.011787049077055257,0.08773609331247466,0.04001505467397593,0.10006882651251207,0.17515313287976914,-0.12191275359421201,0.05223664353518264,0.0927730504316464,0.04586219097097214,-0.09799477707742478
NTF3,,,,,,,,,,,0.026175770297723333,,0.0064447156009080535,,,,,,0.023263223735592167,0.08114314400726545,,0.025148931077436404,,,,
LTA,,,,-0.004280488126241574,,0.0068801581443391335,,,,0.05293140567738627,,,,-0.02028529981267775,,,,,,,,,,0.06400463501381856,,
CKLF,-0.024516199545448158,0.05826802933287726,0.002948338351302359,0.016180471765262817,0.09889738402304404,0.002196451534770579,0.003802402881848695,-0.05376389786211151,0.0956299680006379,0.060850136664494424,0.03549906296323633,0.058369379957583595,0.14560820864234159,-0.05443693288379529,0.016779798404016104,0.0890096425195947,0.017902841774968908,0.13953393628589952,0.01353478412894306,0.022862265357646846,-0.04026276657714428,0.009842035967594358,0.10253339420447465,0.07252695096695735,0.0634680132014712,0.07930702631851805
APELA,,,,,,,,,,,,,0.06271231504938736,,,,,,,,,,,,,
CD24,0.018786110242588597,0.06022900544433238,-0.004479120911782431,-0.021594675282329025,0.04443287178533975,0.03811059304324783,0.040770650762308444,0.032507695293506896,0.023631448835075536,0.31532907558684325,0.23776275369840022,0.06511936766555856,0.05052553518959228,0.08095992347270996,0.1157167744293015,-0.03855823938064557,-0.00347915126959604,0.2217065701011698,0.027203785209592962,0.060209892120952825,0.06119916806815486,0.040923054196860265,0.011576004301830223,0.12318283999521691,0.07550325130411908,0.044110020746283125
HSP90AA1,-0.004989844891269258,-0.06602738510921,-0.08689417853665438,-0.03063508361959453,-0.12550878371357327,-0.04138925481166003,-0.029363471427100996,0.17002230464523038,-0.16217368784003933,0.09488668009396846,0.030329926390352223,-0.07707370996065904,-0.06796749095000379,0.18147015957699394,-0.060877615879163655,-0.1454321208878985,-0.05486613788659857,-0.25985029004866855,-0.03413339614686828,-0.13185533633218138,0.01645647723884879,-0.09564238676024832,-0.0315526827012744,-0.15574813089679193,-0.03086871658773356,-0.04754470983721217
BMP4,-0.022095993129157724,-0.016418055056212816,0.01968733707005289,0.008986061049137996,-0.035555575265882065,0.01821537053519259,0.018370848430895103,-0.01512901338716928,0.04520957714089441,0.10497458805812264,0.04517367574837626,0.040209598042924705,-0.03577483862269168,0.029588271317793315,0.1137428839757009,0.010615347492197995,0.0348570766999029,0.040803551439013014,0.002008830776980894,0.03710199138330957,0.08301557808865052,-0.0009105140525807223,,0.06902852071376582,0.005472465127860248,
SCGB3A1,,,0.03724626527966653,,-0.02635391807507527,,0.030873308106793944,-0.04028885851414118,,,0.06349235024926198,-0.017281814582048385,0.029540557571820333,0.032798545722928396,0.011378240767671919,0.012494288239467003,0.10546157294015378,,0.031201908422014406,0.039579138660913095,,0.005993728015978383,,0.03061742078662877,0.05822320520215526,
IGFBP4,0.04162647809158794,0.042417382177408126,0.12702796321195578,0.006189582879028839,0.031230136735475984,-0.0704287398344303,-0.01739292653011712,-0.061565268567395824,0.147773613494422,-0.09330218429154909,-0.01648962507902649,0.11986137358035988,0.001261187350835855,0.024316407116112392,0.009470807193227345,-0.03322194073289309,0.0930014121788134,0.09028724506659364,-0.013490530690504675,0.05436512527241462,0.17117150425050667,0.02522322598583372,0.03373809364374853,0.05752477821091982,0.013595889791703555,0.11870466307513379
RSPO4,,-0.02149425531582344,,-0.028463157084533088,,0.03538152230646094,0.003976422370108842,,,-0.01911223760779238,0.007391524227231348,,,0.029373038748627324,,,0.056303834027583204,,,,,0.029217312031274343,,0.06358560268108654,0.00034402762420286063,
LEFTY2,0.03930621533442783,0.08132143324141587,0.1304112041613566,0.0477013345250362,0.10697463125792453,0.046511146959023766,0.007293674795899884,-0.030210062504899386,0.12591119686650046,-0.05032892816142664,0.036687567240408885,0.05046544007886105,0.040719270266477495,0.07146768711927491,0.12129790051630576,0.009307171306592164,,0.0593196575820803,-0.004437184429200686,0.05770693678913399,0.13827437463489226,-0.01225734857979722,-0.06284492896336626,0.04739296707156454,0.08370471647741612,
PF4,,,0.01204838815320379,0.03340169605916823,,0.03672088732499396,,,,,,,,,,,,,,-0.08188323001144485,,,,-0.0445489420794831,-0.05636808071779064,
ANGPTL2,0.09986948222313553,0.0937721910151876,0.032406898187430117,-0.0233676411837727,0.08644111225661717,0.05153371908843119,0.05543358899538301,-0.08987678833329066,0.08759603414961774,0.1140078546815328,0.05778447163376147,0.14808371318221586,-0.024899634067771743,-0.0712058162945715,0.08828094591222786,0.09794047371867562,-0.014214839391210547,0.04131690771407121,0.03727117373316917,0.11718176693249713,-0.021499283123519074,-0.03106465566525319,0.04590055897935625,0.04520191296755355,0.07249570986473086,-0.040555303684813276
LRIG2,0.048311960449832055,0.059744133348373744,0.01977802066626375,-0.009299822800947051,0.1178471273698753,0.02024410999612942,0.06498812134810365,-0.017970022977911303,0.11421929345958917,0.0004554277347513279,0.05527452905733189,-0.013723362216970089,-0.01090199462707407,0.023844107104803128,0.037016325641065814,0.05609377598143701,-0.010601478826587735,0.15009845516266337,0.041979598285081035,0.05493459680057829,0.03330921126785019,0.00473072592360902,0.12577002615945387,0.0928889592049169,0.022849818173198404,-0.02268280709997078
ICOSLG,0.001582882385440388,-0.006928525785979808,0.0658615499835652,-0.010808352783511036,0.08691349906909902,0.028795271829734893,0.01772509667607483,0.009618524727407766,0.07935028971635788,-0.004612608841540512,0.03107347253492211,0.03119707806522524,-0.004351160244885528,0.04368252701104849,0.00032841445411137466,0.0018701106026098812,0.008409211103603143,0.025047501015658644,0.07742120086118517,0.11894321492396302,-0.020007320610657964,-0.00304369055482022,0.048907608441680954,0.10714544398959625,-0.0017754327397675636,-0.030432881060546493
WIF1,,-0.08812838626497115,-0.06278605341513241,,-0.03706483635224443,,0.04863772171958456,0.07949152445819645,-0.024623621105076803,0.00945164753089113,-0.03129451502974506,-0.0016898940500184722,,0.09823329864264575,,,,,,,,0.0360084431292749,-0.08392643333322462,,0.01022371710350507,0.0844014311678254
NPPC,0.11353562598589031,-0.026246436739254194,0.060739077795744015,,0.10100026073477313,0.029101820144780115,-0.03077296194918687,0.005971609728377621,0.023553025228218852,0.05740001571992838,0.039785431444367095,-0.0098971507130659,,-0.098118344778536,-0.0451270805344573,-0.13926795315600915,-0.02409532734107156,0.05421518901245729,0.0016330280732663879,0.008928038815015474,0.0335315558445086,0.018848587008020112,-0.03729430603978485,,0.010648735879396163,0.03756247649403155
LYZ,0.02731790619067862,-0.029208779035892456,0.0637172802013122,-0.06531370169876563,0.04534759005060488,-0.061061113992139066,-0.012149887814743354,-0.040321408217400045,0.12087801512592333,-0.004017803955055793,-0.08138011843214722,0.08158154623735016,0.1614368392695977,0.055279215588175945,0.19349870680758424,-0.03321851507931932,0.009119015853398648,0.06399291739238176,0.04127176562347729,0.06753925636500462,0.008257022653465071,0.03211079873371402,0.14865638545391704,0.07615744970502132,-0.027409829429854617,0.097037978925688
EREG,,,,,0.010155639101008439,,-0.03731590590439299,,,,,0.029518493392815693,0.060726323359935594,,,,,,0.05192886514407547,0.023973951609370076,,0.030122881544102934,,-0.01071056175942198,0.06712725681419528,
SPTAN1,0.05905926414251996,0.16347096781682116,0.006330792872302311,0.005727290019586677,0.08703355173163607,0.03967426338274273,0.06316091372126573,0.072527423882903,-0.030469758671432423,0.16654345542977295,0.08773046936560291,-0.0360062972321584,0.12603912836523024,0.12661815584211047,0.024301919857690465,0.08228920632306909,0.0959325586809237,0.16154763968921954,0.04983183254641991,0.06747582088061932,0.04987135608591211,0.10841000931204106,0.044002502188694774,0.034823814705570416,0.029359688016720974,-0.012775143969034633
PTH2,,,,,,,,,,,,,,,,,,,,,,-0.044420996998993434,,,,
LIPC,-0.005465888233221078,-0.018731497601028997,-0.018832971017819028,0.03218652739533387,,0.02228488322476935,-0.07174494333502351,0.02745004511999247,0.00724402920804009,0.03595798527493775,,0.009392773016175752,-0.008107186024280412,-0.007346146320574524,-0.011795713016745937,0.06450511919494385,0.007278361065219048,0.14338197203163072,,,0.08544634911238055,,,0.09915593435267452,-0.0006745733160499495,
COL8A1,0.03197799582196317,0.22390537212535674,0.1420703290191438,0.006734344820194312,-0.10889205281314299,0.0055949534950990995,0.0815679519204336,-0.06736358552102208,0.08083948369683894,-0.13272390218531604,0.014594406230960092,0.05712223362406241,-0.00859353229962493,-0.006785472435584963,0.04504324428219704,0.13136194569639503,-0.0018224400761295148,0.09297279459051343,0.07392591910749291,0.07743684364531411,0.1668137010205254,0.16763863780325208,0.0363832355929342,0.15762529565673752,0.13370804493097133,
GSTM2,0.01785069885197005,0.09142579444246422,0.02496639010510054,0.03622736430247285,-0.0003269817178514311,-0.009279177791764293,-0.059607651784642016,0.012068361569855775,-0.005549810650405944,-0.037875625564393674,0.021420301290766806,0.03625465937401761,0.13938393013728828,-0.02822041829106565,0.0933517354446463,0.10690880123109162,0.03434928285345005,0.060216848616167155,0.009951193706770337,0.00341133987024235,-0.04837612549830757,0.01302541536589665,0.12458771613265661,0.0733065361046862,0.04933909816222453,
IL4,,,,,,,,,,,,,,,,-0.011905003630192097,,,,,,,,,,
SPX,0.026591114726522536,0.06914330047501088,-0.04127497772593654,0.022159337402032356,,-0.018582992211086183,0.005971118944028607,0.016056942254282298,-0.09889123476152147,0.13135928553406637,0.042018343375008586,-0.08685299364036472,,0.06098634583395419,-0.1415114694511788,,,-0.0060589607424731545,-0.022120966714322267,-0.0007440171397360864,-0.12060056727407549,0.007190999776961833,0.10981631299669871,0.05069770486260739,0.01520448297514281,0.010675904239625224
MFGE8,0.012971041096085026,0.04228484908442426,0.1444905402872811,0.03333172442367176,-0.059011797752870944,-0.002530694569304028,-0.016029457060211763,-0.0241986193499309,0.06565399968632278,-0.10348661293132705,-0.03152857311024495,0.019341849936371593,0.10644960350573364,-0.07980967874341759,0.07049020708779055,-0.009746744987535682,-0.058881718311063556,0.11648654644393033,0.08256377968548627,0.05677174013881639,0.13501668288070912,0.004918995889061252,0.03996710532493698,0.006300312910350909,-0.024128027100677872,0.09090212473017953
TGFA,0.005943567960369329,0.026743212432255654,-0.05545857345606895,0.033394956071319586,0.043407399984748365,-0.002549341097248388,0.012520999757600895,-0.007434837793232024,0.014508560819565914,-0.2646589682266472,0.07138643057899959,0.0010669819178442588,0.013247376792870589,-0.017507135226023096,0.01596630679209194,-0.13120237965205694,-0.043078288439559284,-0.12177626020749474,-0.015972113318372855,0.07797535230460909,-0.030388337060348235,0.08280064427725237,0.07441869553713189,0.08498223171094503,0.05178992354535051,-0.0482223819180401
SLIT2,0.019696193417403182,-0.0034935443770750395,0.09914407583955766,-0.0379017990573492,0.08854266040462005,-0.03200933451301027,0.020312927411815108,0.055757503947186,-0.02434677920545778,0.09156643872485216,0.034629206510625836,-0.0019716334757146968,0.010659140049686806,0.17112522938147773,0.07845236592219436,-0.10912125595734858,-0.054966045541209596,0.033113496635753636,0.12240599471438098,0.07034195182525463,-0.03598387267817755,0.0016079124529559791,0.011549221285156366,0.04808550555413905,0.039482030217914486,0.013024818675026683
PLTP,0.009064881302932743,0.20206600397249364,0.010399051542744498,-0.032483225016482355,0.09061811374606997,0.03666788844774141,0.0034244660612041443,-0.10312010017562954,0.15483485904280453,0.24605184504330646,0.1546218670433419,0.138804291998259,-0.003486589161283667,-0.003538862614744762,0.04611380609034723,0.12395243096666554,-0.016082016233791456,0.09758752577254867,0.100215411078012,0.0933924426277756,0.1654132512524579,0.10341157484035747,0.17742525083765295,0.03793832154886042,-0.01180063262229928,-0.08855742707669183
APOD,-0.05948794084208473,0.007651063863389894,0.012933490456367176,-0.005218252674405393,0.10563328961155935,0.05853234811985227,0.027265901296649308,-0.0027932011343132905,-0.050885601035011864,0.18535382556286278,-0.03689130849917556,0.019960506335683185,0.04577986740481831,0.13959642169332315,-0.08197787022568293,0.04830461251379131,0.020449771263007312,-0.18315360798861782,0.03131496283114278,0.12689120531673434,-0.16787335667602188,-0.15937061916883757,-0.013459462327890482,-0.03307884794676128,0.00437999892768483,0.0437686773575256
B2M,0.023595382351081138,0.015691630460719027,0.14377279261924253,0.01624831174827736,0.15357513227229017,0.05530502735533558,-0.057632977724183486,-0.09185668254724559,0.15886970137067494,0.2864976784802506,0.10253096902147289,0.13090545529434738,0.13506172263506258,-0.09239198081817802,0.19108392026640972,0.126887811373537,0.0031188781255770907,0.05219853613228608,0.18865149363355585,0.149152949931262,0.16022901458676336,0.07274375445770541,0.15101294180619138,-0.04033154843962253,0.06475192312349201,-0.03088092885267886
OMG,-0.007965011345189139,0.04250799514198642,-0.009647467858966228,-0.019960191693383787,0.12395567929166974,-0.051109651426671204,0.02834054908611459,-0.03560054102046642,-0.07604792104197118,0.31103507972502287,-0.07529644374991977,-0.04439345933626905,0.06934412525160093,0.11410260787342424,0.0816952988802806,0.11287816399772671,-0.005488874782573796,-0.0971974459340704,0.002130768939155949,0.12347885980551482,-0.02144713467983299,0.01903169477753293,0.07849929477472517,0.08699447978628098,0.040673242375520724,-0.006137696238992683
CXCL3,-0.0009713262543715337,-0.1321249775342483,-0.0438239443869024,0.03690316220760443,-0.018952896653351873,0.016313439086058156,-0.021611166259033934,,0.0282882103954762,-0.2532711767069987,0.04275378659049733,0.05682528787618247,0.11342870621682251,0.0013293364286328625,0.00461583537350798,-0.0582223172360852,,,0.13977804816155226,0.02671390088815539,0.05366554168224321,0.02780771040240436,0.008365699460688518,0.007542927825965871,-0.08912847509701798,
CXCL10,0.035469948903831955,-0.03538481921820795,-0.00419740686327266,0.0002144209817059259,,0.06433919674938553,-0.03187089885735514,0.026402892924675278,0.143901149969764,0.134241425599156,0.057570123886448256,-0.047972193768441064,0.013164598621428549,-0.019048804857842175,0.11439031674419334,-0.07910560175715112,-0.06933296078441568,-0.03745642319345662,0.024297997424301304,0.049575226410276146,0.0582927908133639,-0.050084504767623425,,0.08154538264915384,0.01622266286338737,
RSPO3,,,-0.047326401367263154,,0.058248909776595185,-0.022081835687364566,-0.010991046948726841,0.07528243297326641,0.023336894292127795,0.06467462369979064,-0.05022153930475469,0.021217215848735795,,0.05078435303759952,,,,,0.07201281644303134,0.041466477445795805,,0.11660238270326242,0.045839415579105564,0.03141232337975339,0.05765112970662522,0.13579457115224586
CORT,-0.009763660357055204,0.0530523600894462,0.01524356636901156,-0.03990454841911778,0.12098632586659856,0.02328156059002237,-0.011227268599366937,-0.013773524286357045,-0.019191801840975607,0.038671806355662544,0.0604110682195777,0.03885200585220559,,0.051361427591724226,,,,,-0.044244744698838746,0.004098493594595096,,0.07054944184663388,0.08929836306794683,,,0.14074999071711908
NCAN,-0.005307636735335482,0.1654249405574356,0.04124899800438163,0.0067188739308589275,0.10886921036123047,-0.0819502212417059,0.015266924946265956,-0.11969501468176738,0.09806719625283791,-0.250203082294064,-0.02163511122641405,-0.0582830103272054,,-0.07752593570188064,-0.0842178567697403,0.060741708882213453,-0.005860050085738337,0.05262313268305288,0.06574422765384674,0.09309702004587736,0.17158456354345117,-0.06048028114961578,0.0751600220720021,-0.014386382866492891,-0.026538960092751425,0.003987508341420231
PRG4,,0.010849442632506676,0.037846254936143,,0.060745621721847436,0.013651234270856396,-0.030109470106049797,,0.05071608316519088,-0.044625501785676334,,,,0.06596891086366054,,,,,0.0905858693876347,0.06500560996621346,,0.02569780046125451,,0.061221326852170084,-0.0004064800295623732,
ZG16B,,,0.06554944647831058,-0.008857392326210365,,0.04410699798091921,,,0.036910089387432905,0.00024835480810065193,,,0.08358421898044288,,,,,0.011704491843713746,,,,,,-0.0034006314971455768,0.05813118060026009,
TGM2,-0.023500252376769715,0.16475879850476016,0.06257204956084096,0.06689458809468496,-0.04209949418226761,-0.02258523553783771,-0.03445529821031628,-0.01615791142673777,0.09601927376129576,-0.014761697998725933,-0.034144960921048226,0.01369723789690001,0.04105716957305364,0.08773615252801982,0.1647523480956851,0.02164879571815137,0.015590419817731349,0.1369408945170211,0.05604897970603475,0.03463547128174221,0.01326505961306163,0.0008409171978135259,0.10696489705620675,0.02912545109076575,-0.021766477623601878,0.025510152178425723
VEGFC,0.004771660598580535,0.028569166164289266,0.04156624175603749,0.025024768915311753,-0.024499348388843094,-0.02845356992513584,0.044825628226495544,0.04277238589077333,0.04667380679613682,0.07429612510479747,0.038181714422191065,0.07543761752142521,-0.03240474533423122,0.05924983017184533,0.04784594054914123,0.019570355462630383,-0.0017663673782146144,0.004632725044400521,-0.020916401787336742,0.04881427983990149,0.0066201524587329265,0.015927962275398052,,-0.013566387072389401,0.04356322802342944,
WNT6,,0.06518175638058545,0.01593124969361697,-0.019646534210792023,0.007385738256725871,-0.007580557484427289,0.056305697088025526,-0.04631746478594157,-0.002692337072628898,-0.02362068118972044,,,-0.0039900838767173855,0.030679140812443693,,0.030455270252952235,,0.02933537488172888,0.020897382084807375,0.024788597166446755,,-0.0010701719345157042,,0.07730276799069302,-0.052462879905885294,
NRG4,,0.09537580182425513,0.008737211196061558,,0.0846136188173676,-0.05515672549374948,0.05637528090103243,0.028345770564271316,-0.00865679843959654,-0.01893368979403402,0.030022982118965993,-0.03895650907797918,,0.03624799612045396,,,-0.028667067379380625,,,,-0.04096973992472851,-0.03229393363276744,,0.032643762450809695,0.027613710303685528,
PMCH,,,0.029258394398483413,,,0.029907099469129055,,,,0.008596815882043828,,,,,,,,,0.01441071236818089,0.017679858079422805,,-0.018095065009412475,,0.04945855303408293,0.06163330998177273,
COL9A1,-0.02977108985313803,0.02386738691165041,0.06020377233312907,-0.009445572277397165,0.07651838461156506,0.040806604349999186,-0.0036201654767059094,-0.10175880703720425,-0.02959764633117084,0.03463819936600204,0.037912729457893445,0.07177285127150194,,0.08161916876162915,-0.05470192479248798,0.13446336372922665,-0.006435182438411704,0.07151481126461995,0.048087816642032946,0.13672916955156317,0.09526402565920679,0.10433905732278567,,0.12990006604652263,0.07471326808880194,-0.015540671231324273
GDF11,0.05717895393429191,0.106043678229042,0.06240329800788678,0.054119015103796145,0.05723723781698719,0.005788895894305696,-0.0026558341017078294,-0.010867479675955326,0.10803159134449346,-0.04277385861942336,-0.0023930662159844366,-0.04357942109884122,0.040459330051991024,0.006812812781890138,0.02360675756730009,0.03657644901396713,-0.00043314580851466723,-0.010140205043355747,0.0575115448476998,0.006894079305782592,0.07700969565881838,0.05019326293381123,0.01633970122953635,0.08784538335217867,0.05620122508503726,0.05050270674159903
RAET1E,,,,,,,,,,,,,,,,,,,,,,,,-0.039472628471176725,,
IL24,,,,,,,,,,,,,0.04365092670203008,,,,,,0.0035602067580683358,0.044695282807165546,,,,,-0.018286722967229774,
SORBS1,0.007310557054451973,0.06770194668597929,0.06725824114222803,0.020753997631788503,0.1738791491769897,0.013602113105716847,0.04442530749638025,-0.05675234810604034,0.0785258457549836,0.09252646600456589,0.0739175670675325,0.03994701668467424,0.05148292105922315,0.07095676037212317,-0.0377984685233651,0.14192487867574277,0.011442977570691681,0.04666440224331679,0.035523119973139006,0.02641241985240804,-0.05768494202577631,0.006021733068091354,-0.008135145456639799,0.038760728800822465,0.10731304506710464,0.057422914227799646
DLL1,0.05637178344635089,0.04361015586785617,0.031690522206038386,-0.03418632396069754,0.10754096157019444,0.054253396214091566,-0.007820201567222329,-0.00888818096705489,0.05944755080673148,0.15535802436998225,-0.022108083011729215,-0.005028842320115484,0.025294098514239954,-0.030606827305733917,0.036516537718730875,0.015338560717147195,0.030778653228449845,0.0008175912582433024,-0.023854637358696043,0.1104675304097192,-0.024090808958935183,0.09109842156579966,0.0482663706442961,0.09519076217899365,-0.03078424225011862,-0.04951945605603935
TLN1,0.041713996364476216,0.10510268700513384,0.06602688373772334,0.0034279836674390527,-0.028165186749006626,0.008469616033607382,0.02527850477235512,-0.07538969564365858,0.10644542272279954,-0.11635182836473898,0.008617725688185765,-0.02999919047681113,0.026636793592377236,-0.12200933402622981,-0.050213726756911214,0.0901365576184112,0.09398370732281756,0.11059674612025744,-0.01978758378716178,0.06061264437389839,0.0015819398931362577,0.015363723727685115,-0.014578525119610617,-0.032109610553911726,0.010931502940296278,-0.09851918686020388
COL2A1,-0.033946274687638875,0.012200019020789987,-0.03523039501246821,,,,0.045731713353293936,-0.03858388347651865,0.05664786843435108,,,,,-0.07583655304364702,,,,,0.06804369643351696,0.06713506459152244,,-0.0011646224787629582,,0.030632585649531346,-0.0019619620530313946,
SHH,,,,,,0.009795338240162921,-0.02401744684947491,0.009204615413815363,0.030746861830085077,-0.12033755014104139,0.038567445873805145,,,0.09051872261966572,0.12559894149256048,-0.03995788737990803,,,0.0002621694531418218,-0.008089047241000595,0.008920800347298722,0.006360058741002274,,0.07116789593514294,0.053462203345831974,
PON2,0.07362926153672009,0.21549067951603634,0.0762486354462575,-0.006970410719804295,0.16042420870389937,-0.0860097128474426,0.09846987998635359,-0.03495525419603244,0.1286662007792153,-0.13788848159918032,0.048342011527275276,0.04656886637830073,0.09666042440391173,-0.047634122221747975,0.12065681148667882,0.13646044109676053,0.06244206129301576,0.028381399572472717,0.15887761307551967,0.08318414880443428,0.07800722897770235,0.028612945789379687,0.1427338031110146,0.11572267630117725,0.15495953196566653,-0.009214148418815247
ICAM5,,-0.04927617478522004,-0.024697055067899088,-0.02265081486896935,0.088495817273318,-0.022659776282103593,-0.014646400469560983,0.06923791717193739,-0.03477246175523057,0.008076377194160806,-0.03757132907098503,0.042363105200580724,0.055338856642116685,0.03447003390422111,,,,,0.014765822894215144,-0.004987630881649297,,0.0914741292671051,0.03163494480277268,-0.0021214808540593226,-0.06394997143618451,0.05539634901219054
HPX,-0.01195222642632955,0.03231034703589863,-0.012716019217642153,,0.017898988216822245,0.0031981494839698997,0.024940350207807275,-0.01055702186099813,0.01814458831628138,-0.030161497363495438,0.025585721253521997,,-0.024853339248488617,0.007558500724057816,0.17460069481117024,0.0358785727075222,0.04130964889724286,-0.025210948018192975,0.08195223541032501,0.05214776160120602,-0.029473723186470017,0.00022246657179012409,,0.05008669805379874,-0.03865251498695316,
SFRP2,,-0.028197143355241334,0.06928842265833249,,,-0.027603745778546428,,-0.09161512938150505,0.033296431868359636,0.008309736949346919,-0.07325796377573258,0.07210024051841711,0.028861143790199075,-0.04959798605460797,0.15388282380152948,0.027125246526793205,,0.036952259053887083,0.0977422386213703,0.13827373040663407,-0.03520953569239551,-0.11140161904879117,0.15485195015675346,0.08060486126737039,0.09309640179741867,-0.0503140345954101
CFC1,,,,,,,,-0.002510884553466416,,-0.030215110227619447,,-0.03999344663078036,,,,,,,,,,,,,-0.018404927956900387,
CD70,,,-0.018514248747314135,,,-0.028353746108981344,,,,-0.11665940483140227,,,-0.02554306998839159,,,,0.02367833686263308,,0.0292366669454404,0.0799534231696655,,0.04052146441657525,,0.03970417474696541,-0.03381652139165878,
HP,0.01821488161340622,0.1907348233062703,0.03330619532368711,,0.0482948120647681,0.035898233746660804,0.016264784224436106,,0.11780357838086498,0.016541675350233452,-0.03370479704590614,0.08996538697141226,,0.005072328941579226,0.05052280248868358,0.12905723215293707,0.018901472751944495,0.20196237757371177,0.06959417920912689,0.09688278459558092,0.029102731903146127,0.055896424509855006,,0.07661486227514172,0.058219151533599266,
CXCL2,-0.03008146833517265,0.06835879735339989,-0.026798032854503558,-0.04317103918250166,-0.06916310682239092,0.004774440114505345,-0.007429407022637314,-0.044641404148638736,0.09991247605473137,-0.11036886209311457,-0.03722030190253905,0.05670364751304784,0.11393107702222337,0.03725904911805227,0.13425171228062174,0.09455481495258145,0.042845713322872694,,0.11586648581986539,0.08080245194463669,-0.0010652857849632919,0.042628982236305235,-0.023241730396734637,0.06300436399055671,-0.019467572246330247,-0.06129020499586611
NPPB,,,-0.03172501836819982,,-0.08565346293826917,0.003039678912426449,,,,-0.027327010315040784,,,,-0.0026101675803450503,,,,,0.06697104688283574,0.009595542205946044,,-0.030585551034193935,,-0.028891708486263032,,
CCK,0.01664039231860204,-0.06410719744130987,0.018751366930506667,-0.032288542320238506,0.1237962230444612,0.04141310296273226,0.021308320645453353,0.06427483522413158,-0.08767799039869552,0.26900866788000244,-0.1687428437493177,-0.07001392905787011,,0.2159771623383448,-0.013907980013876641,,,-0.047715732006264035,0.07600519295355765,0.06198457728801037,-0.008291868179965103,0.053483963472130754,0.04499284739232062,0.0442721971771798,0.04612514569694516,0.04810932579319481
SEMA6A,0.0012264143169356916,0.2007722211389488,0.027637906236884696,-0.04329108558583177,0.08947879948065861,-0.024948662383960346,0.0053544895940568285,-0.021218354492238547,0.062084074375706844,-0.05220951911917011,0.05279766339588003,0.058097978886478836,0.07394718269466861,-0.07792163228210786,-0.026302853441266122,0.09029628568338477,0.04212253064433553,0.04672828364176252,0.00721056546412163,0.08837513608215021,0.01637206859781297,0.005838936859843237,0.09737560025194379,0.11106339858903272,0.035625491854504296,-0.009485461778628137
IRAK4,0.019967711537540258,0.06263449453731268,0.051697000492703385,0.00279457271776081,0.007217980964493884,0.002437471539921135,0.05478058513979366,-0.06639649160221725,0.11041673416021976,-0.01214468952510799,0.0029839814646354696,0.05805292468580399,0.07654733912010278,-0.013657126492947537,0.02622538385319651,-0.022737632275970025,-0.022737701629145245,0.08158248762509965,0.0004967388610245722,0.029078409571760437,0.06689192848409016,0.05739762722583224,0.014814650796077314,0.09501255398863355,0.04101909961610473,0.02403199266966479
GSTP1,0.035082886539870406,0.06798576531955511,0.04374967342492245,0.009785829274348163,0.08838639418765246,0.004669132787848767,0.028032675844493614,-0.0609036726080398,0.04439585800532719,0.09672876756609035,0.08160236704004067,0.08037125853812974,0.009638891552164346,-0.0895427581966396,-0.038562178468761275,0.010244877693979469,-0.001998146911569984,-0.07103732787959291,0.021417566950309188,0.06566571892382796,0.01823317098961572,-0.06060219035223137,0.11828931452384009,0.032979625568868964,0.027612253161515027,-0.0717605761100174
VCAM1,0.067805452932081,0.0665711867535937,0.10779802375169363,-0.031177967410560406,-0.0873682930154743,-0.021066815557603192,-0.017676316236293833,-0.06718768285544469,0.1550146121890967,0.23266776017426538,0.1025542168802299,0.04998383688790479,-0.0898753012755463,0.009053579087537048,0.1207991570544383,0.03136582057174426,0.024050364451390253,0.07178624651561004,0.10915298467788057,0.05663777182667749,0.0545033803491589,0.053325815557305124,0.01433671881234197,0.13361962127032745,0.0418193552493278,-0.08761576500060103
NXPH3,0.005186846868351608,0.09584449138300637,-0.04646394377991341,0.03198742403331637,0.10718974795182883,0.03541986377934676,-0.0331120001999821,0.037339315018793166,0.05879536971721295,0.1235727846179246,0.07283453969066159,-0.006343275131608766,-0.02358836442742413,0.02532031643670411,0.015241536679797512,-0.01942269905841403,0.061735012937038675,0.12584730500204822,0.029988876617480828,0.12287417170056196,0.06873088623079814,0.03406572630268477,-0.07342973500870348,0.08013986106802247,0.08330426118378355,0.07279084668720177
MTMR4,0.03143465165123089,0.030624931705111522,0.0250471434686016,-0.0593166789430957,0.07669050688525914,-0.006208387666538257,0.01826877461713331,0.02463902921067917,0.02613744828945835,-0.036029589998198344,0.004889913235054388,-0.00554352415424596,-0.014598978529151265,0.049082611229968376,0.04168620109544189,0.08720128193207213,-0.013855321742885928,0.055589269216792775,0.06854165923312734,0.011387769651215095,0.04429375505088388,0.03421130731928778,0.10686368304313154,0.11719722432677233,-0.010693541372802375,-0.027860289953495418
LAMC2,,0.004230457521408665,0.008573251485835291,,,-0.022158249101555772,,0.029932993166876216,,-0.011457154028717564,,,0.013212034407153931,,,,-0.006712008065536618,,0.05123630108016938,1.538900953546579e-05,0.07691384261172395,0.019694535489035093,,0.06714554226714248,0.01001604754330164,
IL10,-0.00841812133205595,-0.004982345153631234,0.016767818369213202,-0.007503310844945293,0.09058716837932741,0.003972852816034117,-0.013104052075919265,,0.02038961291752724,0.040592262027979706,,0.13742035429030497,0.054304764891286515,-0.039624335161419104,0.011867257060779892,-0.04571846724999484,-0.011656509331994878,0.04197931136462676,0.03565060820583032,0.045753998029300906,-0.020559858333596855,0.017290843721170866,,0.12830874211348733,0.02258817915664524,
SEMA4D,-0.02024701400907155,0.09310852452797402,0.05821559580219709,-0.006469810400585235,0.08955768091780926,-0.025368830659086915,0.0037077837903090488,0.011733102388317611,-0.014063314060177154,0.14906489517883859,0.05366495379266408,-0.09757439486060937,0.08145679939923087,0.03269380500853863,-0.037770582669015,0.035213761263123915,-0.03947082641321152,-0.01984680513479746,-0.01298601753135702,0.14256355221602565,-0.09801577260131142,0.09103845314701436,0.08386683859027795,0.11507173399612268,0.05971150946584928,-0.03410835430070824
TRH,0.017575479136333953,0.07288878203082771,0.1333605799365955,,0.009865616397536203,0.07638797079307226,0.014923065897156225,0.00040170379252008704,0.059188102707540796,0.005382124363604226,,0.018895100275617478,,0.05498350178198002,0.17032486294425267,-0.004246561492361345,,,-0.016437893654580284,0.06911965133180005,0.13444833530318237,0.05196607805616659,-0.04302071323927392,0.04772769935601148,0.03332114843771649,
SEMA6D,0.004383609652381554,0.12997744567958697,0.07025316607683837,0.012279108093019676,0.09150228500632103,0.0029991691105268063,0.01601049505958829,-0.08289003797946795,0.10676857688942645,-0.1135158484257135,-0.041676371122912496,-0.0333150701683556,0.01878679117209587,-0.005533268603118764,0.05268757916366487,0.08868569963467351,-0.0481409030637444,0.049233861894764384,0.014057958321487212,0.008586409131760071,0.033128392980791024,0.03081144537223929,0.0160889599310969,0.05431749382824094,0.08232709755545936,0.0022841469918696623
CEL,,,,,0.054566457973673,,-0.004754713640901788,,,,,,,,,0.08074930557018586,-0.0912844499314043,0.018757676003635284,0.020752553802245534,0.09865837577762814,0.039182061392940074,0.07129014304543892,,0.08036386590180111,0.013334885144604448,
PDCD1LG2,0.0800733511553902,0.05191733396069254,-0.011016396881018627,-0.024134236024377694,0.03363893579539531,-0.013130657154164919,0.08207874739676511,-0.00466396349547218,0.07124928290209641,0.0416980842544942,0.044481997189783753,0.10833129906641532,-0.04441735231497379,-0.04909760205137409,0.04231241201405707,0.027591831424583834,0.07051833089730525,0.010261893986820514,0.06746634120466097,0.042189387787707804,0.04525025933880719,0.02661342790624076,,0.1480720666766624,0.03849848193347936,
SPINT1,0.028492314859309763,-0.051881134665216024,0.0635544089240838,0.026615253452315024,0.062105690727890774,0.04746838186813457,-0.03720426875885683,-0.05672854929769285,0.015890855582288456,0.0507211698979616,-0.006697548865363562,0.007439232660617709,0.060591551663606885,0.019141297509135055,-0.01083994799477816,0.03021264152982706,-0.011328489276671353,0.07120354539454646,0.08945517184117768,0.12154314735251699,0.037533523114305786,0.05948156898548658,,0.07378240612514274,0.03068665762742342,
CTHRC1,0.0002980486438706019,0.01673276796352143,0.03670994951524008,0.013721679720462402,-0.004896374569603579,0.009181522990672668,-0.046307842358594135,-0.06073088394469051,0.09946541216557221,-0.04566767126368615,-0.03752184914073911,0.09281451735179352,-0.0980509964570998,-0.004071983796073722,0.15847134537250512,0.035703643150105664,0.05734908735819758,0.12202093308654807,0.04433588678121767,0.09915147551659695,0.013007482725450594,-0.021595681863348627,,0.050321407877757865,-0.008981987773867436,0.11119273676243994
PODXL,0.02901583311917457,0.1569385417984866,0.14461695801895105,-0.02790535892300038,0.1693077526139429,-6.524851969272491e-05,0.016531417505787797,-0.030166736332294785,0.18374673994012453,-0.06037868972731083,-0.002686317458658414,0.07087923894771309,-0.0007415843381566762,0.06108418518175714,0.0833102003190689,0.11954719397124332,-0.013310251944196928,0.1233256636517461,0.10709599991945468,0.07746720245339264,0.12200742374344836,-0.017711191722428254,0.056987920662620005,0.024288059344857567,0.08337225850282454,-0.0507658218315169
JAM3,-0.04127512523858383,0.05068335979683422,0.1134017795692752,-0.01892070648943543,0.21168083951844552,0.05472328925417415,0.052593069123233104,-0.02129521762164291,0.06409652072032146,-0.11549646380660537,0.02955471251194049,0.08161150079361369,0.09047062519620162,-0.07091699083307614,0.028448362804355122,0.13570118678967083,-0.025884037113468986,-0.06593823753690475,0.09335389423745546,0.021525200034049254,-0.013015948798464573,-0.0832780403686741,-0.017727855017454133,-0.026145827376159884,0.07922242747436811,-0.020594678000580353
TGFB2,0.039944463337389706,0.14072785775732596,0.09095715648923676,0.0002446443882036107,0.06395689515176858,0.08137221503213876,0.020367660992657535,-0.016575533007870288,0.1801295135553895,-0.00838848540190496,0.09531918228903628,0.07263976868742553,0.09858142324434017,0.08877825266781131,0.06309349802989908,0.12967065685735416,-0.0008440281258815904,0.23938795526789497,0.08052293585635809,0.10555799839214502,0.06139803459677832,0.12299986337604041,0.10018655147447107,0.06148238193224705,0.10239200645653652,0.011037680654362173
COL18A1,0.02271428827555239,0.1258994684632076,0.12310465226669158,0.017560071971820246,0.15696391899676096,-0.0049836386336982695,-0.04866692752029724,-0.06749950371691864,0.15684432670942697,-0.17015504339641305,0.006565163552761858,0.16555507826501706,0.02934698495671137,0.01799216974008537,-0.025107055816924538,-0.0011808675171762427,-0.02585974047954594,0.08304791911460067,0.029846947798576058,0.08956955542234551,0.10060782365315817,0.07403954089010814,0.029479121893065882,-0.0053824896507386095,-0.02681836353345908,-0.016460257203134994
NODAL,-0.0019881632305751673,,0.005760522180897791,-0.02213349320905339,,0.0024954831431350396,0.02937274677923019,-0.0021975661388620718,0.03971737579566677,,,,,0.0022388400893178094,0.005979699871401137,0.004242731349661185,0.03136194486766321,0.028724564276631545,-0.03190071972817298,0.028687746999781914,0.007004665101008202,-0.03018463244457395,,0.013433559388138259,0.0769803745564503,
INHBB,0.035008635113608584,0.10608447201080162,0.06327769022816189,0.013077779217178374,0.02622665955141489,0.08818554810912982,0.011877393713086633,-0.004697864639160758,0.03726604628141365,0.06288869073020026,-0.027636854461631305,0.01061426821945866,0.07203449276092291,-0.08091185935986013,0.06944446133661282,-0.10741243576577898,0.025421669671906115,0.17035600628502962,0.07135388431158943,0.029979789731438805,0.08056300959986844,0.07507854270692915,0.05214080890484066,0.08739574564224328,0.10902046861207837,-0.04717251622950796
LCN1,,,-0.036321608612760355,,,,,,0.02822622985523166,,,,,,0.04002007832565967,,,,0.0455113445814414,-0.018647588134066584,,,,-0.016137603154761468,0.04308026155485522,
ARF4,0.085097922301548,0.007520453969091869,0.026055867336345705,0.002823480253988221,-0.04965256481861233,-0.005745018419940684,-0.011590637480462638,-0.02743358509533698,0.04411017094629203,-0.010988744438172155,0.006666310022541209,-0.00939785594851638,0.11875555913315923,-0.06270377638010671,0.013787191284943318,0.04710704807411794,0.01601482044931563,0.1265681483846603,-0.003915712724833484,0.05365872673987343,0.05857739444409569,-0.049535109001433195,0.05351396864157605,-0.08001831580303981,-0.05158008156800718,0.06638590265937738
CXCL14,-0.020693484155223672,0.017779001917751135,0.10093196902324528,0.04802076399134427,-0.008592105091884185,0.052735081240579136,0.019013840434248135,-0.03848628011916391,0.051873878645253536,-0.17980176640374868,-0.049583069116336656,0.07760386493451919,-0.08208151186833355,0.10694559127572538,0.20125027628016293,0.0924428244016631,-0.01776150806544866,0.16148132701885237,0.08200342209967486,0.04747630763595932,0.18343974448887235,0.21211730731493608,0.05696476833841257,0.08271947798550343,0.1764617719236801,0.09958946871790215
LIF,0.04707076440633877,0.03304172212620105,0.03218814611233043,-0.05308875673529849,0.0006948946950102186,0.010426959164274491,-0.01783828094723967,-0.027513696146298543,0.08345442503084809,-0.2105235349924783,0.044812408042043006,0.06504715492574309,0.06516085918040217,-0.027255698890303395,-0.014329450308441533,0.057033299529441486,0.07455444167771565,0.03239159363384279,0.12294818120369082,0.04482480070877418,0.035503516393590444,-0.05178012474642901,0.05596403148459158,0.012884158589129406,0.004768565992561676,
IL17B,,-0.0031167926380448016,,,-0.02944178861671672,,,,0.015475028381345388,,,,0.0449074166867896,,0.0072222520759175355,-0.027138292047488466,0.019367734882623437,,-0.06637917274093416,0.12985213495165007,,0.02719747676159483,,0.03740214657640458,0.0349264328093473,
MMP1,,,0.008450244960502529,,-0.11154829649527223,,0.02418684777779756,,,,,,-0.19395799527901644,,0.11206598974731814,-0.010917030723778517,,,0.07694268282488631,0.022863175626964702,,-0.0533613739102938,,0.06127372375272422,0.012170291185222342,
MATN1,,-0.018930475390460944,-0.025799884132198938,,0.008498790092414088,,,0.031805068654171986,-0.011351175383165785,-0.014309049521223464,,,-0.01626066814488036,-0.06051262422954969,,,-0.026596193757705288,,0.044500601367300996,0.04882586790722012,-0.007370809055292631,-0.027016189191354296,,0.01792707303244168,-0.03838417320411258,
ADAM28,0.01616369403710845,-0.04121900736388231,0.056272095105622165,0.1121027678935873,0.047661212465728645,0.01899049543691671,0.013999164030960062,-0.050922051979052654,0.10367806812604011,0.07397560230277261,-0.0025447354675330407,0.11643832676952058,0.1210053913103762,0.007975431193030673,0.06141396648774725,0.03742272909497071,0.07210752113412137,0.023400239635053072,0.014138607499926662,0.05311517495179788,-0.00281392570705624,0.10001669345755551,0.055659292692749454,0.1334189235771619,0.009206251565806923,0.04591810653421969
TCN2,0.09449460683949817,0.1511577391200518,0.09786048405930833,0.007410615059636809,-0.01221834151273074,7.5685069199417345e-06,0.03341203711884413,-0.0348043914892629,0.12287767266993276,-0.0282262591948144,-0.057321422741307276,0.05060931219202205,0.12042075654977058,0.06546808595865737,0.03782244884822298,0.11838285268818781,0.14080927122886416,0.12017885640931904,0.06878335370220669,0.11370625635786681,0.09196456609892888,0.0588732818122825,0.05138400834848366,0.141207473708576,0.07495156264385659,0.010445289479413422
THPO,,,0.13189434870255284,,,-0.014442936870705065,,0.04490629994038903,0.03438028230793665,0.016023736368309765,-0.011196340690156145,-0.009422852470066264,,-7.857632631926038e-05,,0.09384812860167951,-0.036156672196979135,0.027601802341058735,,,,-0.027463023999280172,,0.06106029880681906,-0.052924468481106476,
CUBN,0.12382649726601569,0.05907694000719925,0.05695881870518496,0.025318901300583677,-0.02020748974885492,0.030696666270786797,0.02489479534567858,-0.044298972798451554,0.04685343906856957,-0.011819208252211279,0.020610379641112217,0.07147351269946797,-0.0006821799158146481,0.03969419897643482,0.05197864311304779,0.016996435254952525,0.02089704494348253,0.11394763255903907,0.0024815988333614565,0.058770428185628984,0.06606445605760855,0.03532357627051435,0.11036412839162207,0.08192238815084275,0.01965691635008345,
TIMP3,0.07993464270775562,0.19011512306615433,0.08683128203433925,-0.01621303321053376,0.032695390751144006,0.1072480832615849,-0.01990934146233574,-0.10506498535020864,0.04234615158383227,0.006378599965102461,0.03231907360221861,-0.0020748142347816454,0.0718037290877765,0.06593412265492983,0.03431943171585111,-0.05148115806801949,0.022956524670143145,0.03176470585276227,-0.014354560987076607,0.054866594500029384,0.10877656055800326,0.14211899687338536,-0.029517781021757856,0.0028958002584029423,-0.003616567126308119,0.029416332300221018
PIGF,0.08897056407789614,-0.026409803390893466,0.041306623579297305,-0.02354252816640225,0.04653346637437669,0.06757608643899277,0.006153416229632184,-0.05646794627258835,0.04426257775085,0.05006179379238045,0.03757368667837838,0.07808373233829745,0.04222428358094917,0.03974055722785283,0.07594947504399993,0.16633552626884734,-0.046478443062301894,0.1071541063328399,0.03285986172380504,0.10416428348092643,0.003395974118970102,0.019147084511472897,0.1134812418611178,0.16882560549912073,0.08247856816445771,0.09287484336197716
CRH,,,-0.014919981905621793,-0.05632908525569005,,0.08144380518959314,0.006434177604278929,-0.02085702565751117,-0.04556749936898516,0.0420653172525805,-0.016056969215190453,0.010630703086307446,,0.012144850466068108,,,,,0.028463066545454618,0.08313466270035033,0.028620918990699316,0.16868795619930219,-0.024651459398274626,0.08942737607462471,0.051192598828984935,-0.0046385205818007275
BDNF,,-0.016142522972693155,0.02499140631282055,0.06870688236025305,0.005782085076320707,0.01461735835699568,0.05123027782240983,0.07167498082753093,-0.09668683305200954,-0.14477000572738397,-0.0006391236214578191,-0.03248766650908266,0.017332638507748986,0.019919806818932847,0.042813981163129115,0.0724490451712924,,,0.05570393676017682,0.04773805569638998,0.10631128036238706,0.10415549246613787,0.07443591157657369,0.17117037005825553,0.06994603841159713,0.01870011102824871
CCL5,-0.06044208848601495,-0.05273978291837468,0.055889385007963255,0.06517340483783486,,0.026476127439177193,-0.016149092494367717,-0.025407331974053277,0.03825617006403106,-0.003089164018678704,0.010144681523639731,0.06139463426513732,0.03108451991518386,0.011830391390920746,0.09153322227389286,0.11338649830104633,-0.0911306660126036,-0.018232895281004555,0.01339138678540473,0.06419289274026738,0.030356601819975532,0.021361565596464176,-0.03593432131983593,0.08538127130609599,0.010251846072977012,
GAD1,0.13861796587816594,-0.008142285812028619,-0.00644552595478725,0.051456515823189226,0.1130525106780626,0.048372416648444966,-0.01651094374745658,0.0045485844971569715,-0.06434967714028439,0.21254483521797793,-0.11000070295331657,-0.018276086940272628,0.06795867526226258,0.1684708650950005,-0.021260455229805266,0.049505702264050266,-0.055690424786273805,0.0983929299266564,0.038300481740203174,0.13468816073240744,0.03703433585342331,0.07063080986433015,0.02075990246078109,0.04734401491280386,0.03862052642005065,-0.010125849461319204
COL14A1,-0.06348867811575279,0.035634904454618206,0.06773896932443083,0.008306110648402297,0.10525486970096701,0.06423469275977683,0.0154596055152231,-0.03589715334658923,0.06097740585266319,0.10733168601298211,0.04069958067191754,0.07771027378609091,0.11927677605841806,-0.06892915325960218,0.12140731050828672,0.03658947201994685,0.0439097849195045,0.0797001616331465,0.08760732384161152,0.04890037416116066,-0.02906162706182582,0.13176898749629773,,0.1003252324543188,0.1037437224661651,
HLA-A,0.06290398221632969,0.22674621334912212,0.11827880097343448,0.016003729580439212,0.07119572284839248,0.002290966618990305,-0.042439797915799785,-0.09099784847336492,0.1685219457675635,-0.0022008095462684083,0.0319101343942206,0.13471926688559593,0.003180236377523071,-0.15942784873879495,0.09468640028770996,0.10117338720970555,0.03686632806597953,0.08403663576099343,0.09026681989444886,0.02774303076287088,0.1877092372129915,-0.045592718568283855,0.06293607674405283,-0.10504973605792002,-0.061115646873103086,-0.023051409294958983
CD5L,0.03418615863803287,,-0.013623662488990341,-0.015176858695377606,,,,,,,,-0.021268657258390368,,,,,,-0.00731486661588368,,,,,,,,
FGF18,,,0.016832162373770335,,0.008388781351029079,-0.0038993926232237758,0.00040828981373285323,0.03170806466949552,,0.00754115149921478,,,-0.047122294031522016,,,,,,0.0500301034872059,0.05596765439414982,,0.0375969159626845,,0.03183892379762464,-0.03126502751707825,
ADM,0.0029969873353802193,-0.04403152713446355,-0.08126520489624531,-0.0033055440833846543,-0.12046965257587941,0.0419141257638905,-0.050510856410862934,-0.07530884899134256,0.11079575938723783,-0.4064277151553988,0.030574504932599195,-0.03934268752449046,-0.1546539364356778,-0.12553789477493593,0.035726373209098716,-0.08034843666630262,-0.051990312923406314,0.17640999331363372,0.010641110834603248,-0.0982050002590978,-0.018864615943412526,-0.0962516563893584,0.14145303829122635,0.04706317277699732,0.011086576054712603,0.0349247398223267
CCL15,,,0.023144894326096052,,,,,,,,0.10930391234577615,,,,0.05228861008844205,,,,,,,,,-0.020733448615631287,,
GNAI2,0.003141579672247179,0.11872058837584734,0.028768243463609098,0.052499356508282,0.004840186817706073,-0.037278001239388306,-0.0335641457201969,-0.07572304360653344,0.10161616366289641,-0.038561644821779865,0.05118965345331046,0.11280517036917322,-0.06555827481454155,-0.08569518490455115,0.034860814548489064,0.10599401115050314,0.10511605548834303,0.024585547388783532,-0.04757505512724462,0.05483565810525755,0.031053041075352946,-0.03972644196786825,-0.035696944950016074,0.03990663433591836,0.02303834088595472,-0.05864782648639301
HDC,,,,,,,,,0.061547741885338784,,-0.013825027115730807,,,,,,-0.0756152341463019,,,,,,,0.046792527947330916,0.003953584317814555,
COL11A1,0.014491196835893762,,0.017871740121829273,-0.012581670579499783,0.03665214634420989,0.006862278779378538,0.07180116414903273,-0.03815302423180614,0.0022453312182703243,-0.030112671333850205,0.01234447995077912,0.03228011099855742,-4.795325585625733e-05,0.019337537679857762,0.12977279741124,0.04753391065247876,,0.05135687405268187,0.03487683449361396,0.03846497340408141,0.06851049284113873,-0.007003337704873999,,0.06816110983081976,0.06300253132661034,0.09655171545342985
NUCB2,-0.02380246158173434,-0.08707719216562855,-0.005461397705202901,0.03641152881708709,-0.0524743884880483,-0.02477537354744514,-0.002684193755616559,-0.046445558692917666,0.07728933457339233,-0.014980738759182894,-0.013632293995371192,0.020340096965248567,0.014388738010820794,-0.013666959195663358,0.1278266998109661,0.06147576859247379,0.05684176974745974,0.06476523421575232,0.007798246061556898,0.028714241012995176,0.015957297074078978,0.02142831170947542,0.07847640264220211,0.07030933686867058,-0.04854786415127961,0.07757036405553787
FGF16,,,,,,,,,,,,,,,,,,,,,,,,,0.07529252707643987,
CXCL1,,0.03384792397913994,0.03355416246899897,-0.03622009680768309,0.026701030640971315,0.04283743637106488,-0.05946807999309801,,0.03011788703623746,-0.014811051877489819,-0.08054702643072394,0.06640476392672928,0.07208099891892271,-0.0050815916057302245,0.004858182550280753,-0.03556950391736343,0.030568973349220575,,0.054072530753406005,0.0829790971083089,-0.009003003955117678,-0.04844563933035729,-0.017316440434274695,0.0785741717760702,-0.0035855250945063277,0.0719080918782087
VCAN,0.10461270638741342,0.14943404655835604,0.06362288388866498,0.0063144991678942145,0.03480299342409362,0.021439283531388142,0.014815512174373822,-0.07133058830006196,0.08637798687605336,0.12406798612694286,-0.05409755501969466,0.03248592794090856,0.16441053759171997,-0.10020039206571928,-0.12999262288341396,-0.02023760046596222,-0.010987315979439591,-0.14280771889598196,-0.06458426224826792,-0.021283524888495664,0.004841988905624763,-0.15657602315579053,0.0788554415492479,-0.12261009248287132,0.08921012798156054,0.0017468554679240251
MMP7,,0.026606001082814162,0.007216492777852349,,,-0.03631979901711679,,-0.0349666948335939,0.07087224720336407,0.02046677396505108,0.005034520487748728,0.05410786144941842,0.04345677532071462,0.04514833079040505,0.07288844846302724,-0.02607930809856079,,,0.09159457201398191,0.07006418607917898,,0.07179111145956223,,0.013288904908119011,0.0822972778444896,
PTPN6,0.06456865250265245,0.03924801872379197,0.03854246632579216,-0.037891430522505154,0.05905305945564395,0.07050151712467963,0.040757643026484186,-0.019080484584570664,0.06827335400122272,0.025653082726996176,-0.027449962883683034,0.03140913309564817,0.025578728503554696,-0.05044816677906878,0.022476479812253976,0.019235201020944247,0.058291287023538696,0.13600522828570208,0.08565871062389602,0.08215255790120893,-0.008784602523043788,0.023616840006083665,0.051288545271025325,0.12916502651607967,0.020723381971199835,0.010285548631742109
PTGS2,-0.05291130717826556,0.0503090966477461,-0.06088513956505304,-0.015544723529540378,-0.13561216784362393,0.0006100899769157165,-0.05237430698016783,0.0032188789364970536,-0.020574690685454075,-0.039002082459919984,-0.03587396075528883,0.10595965350024229,0.05282192367469475,0.013894821131060388,0.042157435588225343,-0.07694636120117734,-0.09615295420235484,0.006123293366425289,0.04304824807008002,-0.031456022986447334,0.03195190337194253,-0.03393709039483271,-0.059703455485819006,0.036629542024264494,0.045417690814674345,-0.035924178223283865
XCL1,-0.03038418002823547,,-0.0037041707719055986,,,-0.00552139442548396,0.004630876966327493,,,-0.007727071882406144,,-0.012601666980487775,0.03987432968116922,,,,,,,,,,,,-0.01693358869948345,
CD58,0.012480071651845913,0.12458515821060547,0.05535385134492144,-0.0005630381201805939,0.1129338547392587,0.037694191003628086,-0.00041847895345118233,-0.012133484448952774,0.08925100757796768,-0.062190708425623825,0.06530553549011606,0.015362606967117028,0.12294555724113262,0.05790846765556682,0.11560135672339589,0.034588848189669986,0.04793935201706157,0.06842520038295251,0.10711333400905788,0.08237461480856935,0.020346088324044897,0.015326210322403245,0.10030658172652206,0.06292656691603822,0.08236709937504028,0.05994281477631125
TNFSF14,-0.0071428774546690365,0.06671441092947668,0.0029531441373130455,0.006262001172433821,0.04947519163152166,0.04492957439420185,0.04071088144427546,,0.12471199788510495,-0.012712850589582873,0.0029811987944085468,0.03932480293196088,,,-0.03020565500816578,-0.0007202059864599389,,0.0067204232496431435,0.04296244495457284,0.08479449819804412,0.028506575850913474,-0.03149269768800749,-0.00069787294367894,0.03792096922727232,-0.00969838624098606,0.059644361240627324
CNTN4,,0.023714916463149188,-0.03232366209438886,-0.027477746572341016,-0.01627214816779687,0.05280436641508701,-0.03707985909197897,0.023697667523124116,-0.02255191003866634,0.09212472860447429,0.03732362227616044,-0.02345933712105396,,0.05163862502296471,0.03390975705416234,,,0.11439300572190715,-0.034020985452181976,0.022563276430055026,-0.03277260462590096,0.054521113283097285,0.03803374799716419,0.007413188988244747,0.045617182013434884,0.041973169242626
NTF4,,,,,,-0.022949603386426508,,,,,,,,,,,,,,,,,,,,
INSL3,,,0.06563054978718276,,,0.005503549872189665,,,,0.006021423688071754,,,,,,,,,0.017845698371765636,0.040593675486634374,,0.009514914067782366,,0.033278674416583394,,
BTLA,,,,,,-0.05678744618183692,-0.0069606736714221545,,,,0.016921413736172775,,,,,,,0.09496528203388922,,,,,,0.003334456377085556,,
MFNG,-0.044352716768215304,0.0255274737267538,0.03997727686888768,0.01852809594058459,0.08946268421227864,-0.009878901156878986,-0.02092878846219277,0.016844787954923213,0.09342875287489166,0.06040463654129712,-0.008094331378752177,0.07790382207104479,0.05306320207305981,0.06948877395783398,0.06207344974072284,0.003664606734347171,0.08901427898874548,0.04465192533748537,0.07435177415637675,0.10809856966775373,0.08830913862817463,0.03293079279123786,0.09027762634736998,0.06737903914248579,0.10538953157170618,0.06872115852506726
ICAM1,-0.03248816969815337,0.10587292406131277,0.002207700360915832,-0.019707028943582134,-0.016667398067168656,0.05580228087974899,-0.024810913725282855,-0.046544292038200555,0.17772228744714688,0.014976711123093494,-0.011868067176427546,0.13747075926201893,0.08780922268928935,0.026364136169976134,0.1915361337930809,0.03701129390548101,0.046815551967566385,0.12984846167264724,0.10255493982352147,0.08151882700307352,0.09016564431122993,0.03018253424244125,-0.051426887973858394,0.12622896322314447,-0.049153268132823794,0.05789075170525194
PROS1,0.006136698996671628,0.16548919951573454,0.11754681199422333,-0.032967595656185074,0.003347287622048458,0.059216925206210566,0.020281468842019045,-0.05105913923812617,0.10156011708282127,-0.06885352760348436,0.06876028657980313,0.028060290216495858,0.0374139556870731,0.08969945032267224,0.08410330550444106,0.05701762186641213,0.014283640014060517,0.13507848131891478,0.03737833598664959,0.010870784675029648,0.1666094087299782,0.13658729237179146,0.06150366875758103,0.12320153037570675,0.04513167387770364,0.01449456843992657
CLCF1,-0.014457965667854502,0.09734510446112019,0.05066698300827657,0.002247383544504319,0.06126338144994539,0.04152818910920452,0.03403103733865389,-0.03385960138897549,0.07830700222320489,-0.06117460763664795,0.03134836890464285,0.013088553055533565,0.048970363681257505,-0.05182238406954975,0.09225302620548462,-0.0013680695282600637,0.04199959020732181,0.09895164042146952,0.08051975191056489,0.128817928131915,0.07385441684236577,0.06424624538822057,-0.023770133451907052,0.09165634216649327,0.10041459408159993,
PSAP,-0.022519483196986413,0.030626964967691097,0.10005492456187401,0.05676157077404947,0.16016027819679518,0.13703844428077447,-0.05181968850466741,0.11269201090324908,-0.01752734852044687,0.300645290647182,0.04946941996059556,0.14344950826875336,-0.05389593168837901,0.17856657992110248,0.18544171265058684,0.1261366973033556,0.06437555105753186,0.168219270326448,0.10580829509309876,0.1276072450407192,0.020072648230856964,0.06912697938448253,0.06992069762756549,0.199749785943771,-0.028947766276704506,0.1006032631589797
EFEMP1,0.05797383604239985,0.20068730512714458,0.1227936063055722,0.04554022443592639,0.07054334676439318,0.10891122435461598,0.017049283145159376,-0.12721448887946715,0.14398220215942714,0.33256227219508616,0.07849000127309981,0.09367506481275674,-0.007489213014899362,-0.012227468774360355,0.2588421344402931,0.16358320684066513,-0.009825576962206883,0.14481875760114057,0.18724970781278377,0.12446536238981934,0.10972356965414264,0.07132973788716067,0.1462205183168444,0.13628123422472563,0.14349240056203863,-0.059384040639657944
C1QTNF1,0.02229950405792845,0.1482991228038888,0.08420162093538848,0.0010104359008516024,0.024359010891434264,-0.06823302695269522,-0.029078778151195316,-0.04328112571198453,0.0989396915704794,-0.06976890094642459,-0.02114646929008657,-0.04572574855079699,0.05021138393345528,-0.07263137384763184,0.05146690691256242,0.02001357122823187,0.08417293607780937,0.012268920573860802,0.09395293777770831,-0.03407999463749967,0.13943414784719738,-0.1360090406000566,0.11462142922388603,0.06045334082153009,0.010963305951389491,0.03665847871942504
ALB,-0.07077819243882327,-0.022141620008434715,-0.019153925015792772,0.03902720812586893,,-0.07624846208245582,0.004913748376659509,0.014153505275503955,-0.03236906845373945,-0.0487346034773118,-0.0008986295900477619,-0.0025630611283322165,0.08280299192970013,0.022980494158519077,0.013244375449447426,-0.030502834075843473,0.022507855149807507,0.1178991575808298,0.04664091685358555,0.04307664744401137,0.027690036545989467,0.056981240909143985,0.079694183423836,0.01952564111127032,0.02744544892700376,-0.014100318327541335
CCL13,,,,,,,,,,,,,-0.0037159508984522557,,,,,,0.03134277637256599,,,-0.041189402023847375,,,,
EFNA3,-0.03450872184681517,-0.04492872585651997,-0.02411101382315896,-0.010650033714426703,0.016821763743065855,0.04108445855682436,0.000525953570963495,0.06615121807386344,-0.060296022916738495,0.01120858048460226,0.01597212834523395,-0.008848376601524243,-0.034727810530471956,0.09552692518405025,0.0005944105496565954,0.0253138055513931,-0.02074295352566099,0.19821764096099648,0.007942269275817973,0.04595464217222794,0.026140746232634484,0.08145958537464613,0.06568386011765258,0.12948416031601323,0.004858150596011956,0.0840880680514064
DRAXIN,-0.07605090534222018,0.10700746310328464,-0.038658833286777085,-0.11178116873594401,-0.030762981286884643,0.009078830684387314,0.033904904270962474,-0.06191960794503856,0.09705596318998629,-0.2110726905449141,0.06198174477914928,0.0528285729670703,0.07117806986578708,0.013779716622451935,0.13429688467320272,0.021890836054190906,0.04609269097310503,0.1195203080931874,0.021121277472100818,-0.08136007582284215,0.022831781388739206,-0.0562770302292474,-0.02666389409849617,0.09286536246715155,0.09053778042857254,-0.03632201844456672
RAET1L,,,-0.028859580917208194,,,,,,,,0.0031665630715748488,,,,,,,,,0.0614750279674025,,-0.0005183071478171004,,,,
NPTX2,-0.022410807173539892,0.0791420349023211,0.03386522311128393,-0.058007227093009824,0.18956057899631037,0.010564701700118357,0.021243590537860377,0.07037580580786476,-0.09167630056276922,0.2532228049948297,-0.015831073417996392,0.1274623564444013,0.043949930290479444,0.008190323232445644,0.07587179576819766,0.04861466952640532,,0.11565879941289019,0.02607074160512529,0.20122325378871045,0.02292678311622292,0.0221622602802106,-0.05341832603441606,0.04800661992142376,0.03691518182265126,0.040042342792085656
FGF11,0.015126464578562301,0.07154142802073721,-0.017659789595461897,-0.0021271865833954154,-0.025538125700001066,-0.012372787319894784,0.0067005253454922266,-0.06564127898685078,0.08412546524678431,-0.04576202504559191,0.04212792094907552,0.033152795436487,0.09685480548374421,-0.11091974127368165,-0.003247710232109998,-0.030964002400718442,0.1064226901032905,0.14258868939466185,-0.001926335504132248,0.01775679862287211,0.010454248232037923,0.043317571340232584,0.14502524643159906,0.16174534397868695,0.12618333831730233,-0.13845212083760633
CD59,-0.06090370388507261,0.13297573981395022,0.1082980631723121,-0.03382815134960369,0.03961012955702536,-0.0317518815774917,-0.054828734685942015,0.0654208821744848,-0.01643473318419036,0.1807875358455327,-0.025036954491542595,0.04177999603427814,0.06931856896061366,0.13444479246918564,0.1396896596579097,0.1219006765373842,0.0026113213406140957,0.026275200725448086,0.11229741483832435,0.10686919252430255,0.033560788455963345,0.06963568035521552,0.09924103498756465,0.005872699876189041,0.05309216289344176,-0.02685509408491077
COL9A2,0.06213882578875371,0.17733825463633837,0.029272724949781816,0.022245288742948368,0.12793186402005302,0.03355467022773517,0.031596522741391936,-0.03855899314037859,-0.01600410811572758,0.14313768174330022,0.035959792076633634,0.08362055730173922,0.10509091610793124,0.03508698789961905,0.06877176862060062,0.10809033480456369,0.009953933376351932,0.052930355880081166,0.028225628146191444,0.08481500379043788,0.07994797658808897,0.037069485886251745,-0.001267249568715057,0.12339385171497137,0.12080072767919817,0.01143465183893807
DLL3,-0.022871985986383438,0.05134221886362492,0.04655479949979405,-0.04045610968130471,0.11767233119977231,0.0026704316497378274,0.06325911745209957,-0.020474740320687787,0.12601504422152593,0.27623654691035193,-0.04208673903786217,-0.0023675901119560253,-0.008892266256625665,0.10831795407620474,-0.02097800482509335,0.06171851656873741,0.049504137826131354,-0.013829027156245696,-0.06223067355744331,0.12434011370359646,-0.011358535765880235,0.11095996138292914,0.13204822127200927,0.05100347553553023,-0.005701137848570772,-0.00071268671298488
FGF5,,,,,,,,,-0.00223949961744832,,,-0.012819246451078339,-0.0037881651708827797,,,,,,,,,,,0.0374913256165397,0.05768607466078987,
LIN7C,-0.04715000007891899,0.10227443466254914,-0.01892000116899558,-0.008372707634607686,0.08908233223280704,-0.0015089526551834923,0.07819572008310176,0.006209387993159824,-0.004774972586951006,-0.03567635792944713,0.0372613535810132,-0.015829323943210294,0.05190244515075344,0.06796918209558875,0.07448448020871408,0.0885107721072103,0.049811015669862714,0.034922653928284746,0.027805125502169306,0.02183531259593481,0.05085415984382696,-0.014994271854389432,0.09806782824504247,0.07222188096999752,0.04468096308225373,0.016592733243502897
GDF7,-0.0218207415013939,-0.0013750299868882734,0.03004947058765912,0.01511529585056548,,0.052415797741139095,,0.03355563793301729,0.02433643726178251,0.07942540249873493,0.004653264111507888,0.011025054189700309,,,,,,-0.023024726855851534,,0.03948628186677698,-0.03225878846506187,-0.008460519492354102,,0.07359355433648344,-0.023463118458395438,
PSPN,-0.022249410102001578,-0.014478007925542718,-0.008236141191088831,0.027779859192288738,0.005310315501190167,-0.04307140901695645,0.037070853940163406,-0.006630005910823364,-0.005370758633044464,0.04100281569311917,0.004531684437304467,0.05473092962680625,-0.09483327507025555,0.05722083943485242,0.07041861899161035,0.06705549498706082,0.004988482593379575,0.05239662939960401,-0.028148570535397086,0.039768163867260904,0.04532868144155388,-0.041648762432428196,0.009968182682426293,0.14538805330806878,0.007989712224253863,-0.013727557076799743
ANGPT1,0.0007131866437454212,0.09976253120135996,0.046212338607600954,-0.03351183700007289,-0.03996214069848946,0.05024701435968689,0.030488262383306895,0.03976503718270088,0.09966259997870835,0.1713563260861206,0.04349272797277224,-0.02681181961196038,0.1337226358500603,-0.00393382967230439,0.07772727463975852,-0.06770642546164538,0.1441723495479323,-0.0038242464387334175,-0.05337745483526365,0.0580719234019834,0.07027461689139722,0.034510884077565335,0.10018139400868778,0.10581940161698984,0.06929441758029413,-0.02299975544255856
PNOC,-0.023039869000898636,0.04356667044726073,0.02229707300111727,-0.012723396540687272,0.0717327701563289,0.022297614984591558,0.022893445739065585,0.177459953658945,-0.07454500485002712,0.21581810549172595,-0.07112087845951677,0.04767759409609344,-0.034718873009638926,0.07497396659667131,,,,,,-0.025846376640171715,,0.03900006338765477,0.09963663972469702,0.0688956033902673,0.047359821872694996,0.08475027978140723
L1CAM,0.02209736663937862,-0.013549243478051802,-0.02716164362750932,0.036475746311730416,0.07251630632531474,0.033934677940611085,0.01658279324076038,0.060872309843930376,-0.052658954803774985,0.12953604219578718,-0.1337579302094073,0.06536378550572791,0.0631374770260197,0.21802953747270826,0.08593485631370526,0.03477289975723924,0.01593765434170979,0.057124582204578674,0.08319642951892377,-0.048620266224528565,-0.06239872189890914,-0.01855573822123076,0.01484251246468034,-0.025442940520276798,0.16145536939034077,0.05571144686086791
APOA1,0.025723036467986234,-0.008573125641596357,0.01922779353917844,0.024454878268564302,0.030959675331852905,-0.01438494483229937,-0.028249296322696106,0.008216728599542582,0.0362955342380693,-0.027934115472656614,0.007751915554175471,-0.0186220572435487,0.03447515584044478,-0.01303837492838786,0.04061705553303567,0.07875395914170351,0.0316908141258021,0.052424927869509176,0.012880536590747305,0.054692675691335915,0.1203404668971929,0.00297351858925298,,0.06666356176190563,0.06920666152712754,-0.06579213641226714
PSEN1,-0.03705991600839557,0.013260053861125798,0.06817086725561443,0.025843930560919572,0.13872951336430148,0.06447218846461122,-0.02871651195086391,0.022363752877861177,-0.02018686981343004,-0.012263159161018302,0.009916492992970158,0.028582808941184954,0.09293656148483116,0.05046636350889546,0.06553751392043097,0.10638240835820167,-0.0723481084270812,-0.07368770013276833,0.025636091632170784,0.08513557858664181,-0.016827910432926373,-0.03972553479114857,0.006179859865244568,0.016971515652714937,0.06004626380300538,-0.0021407661782784078
CALM2,-0.0579674961166925,0.09511312933667793,0.08097587139780758,-0.023997712023746582,0.04846801414606991,-0.046643710136632405,0.08896651435463798,0.1869108545030448,-0.13457450748792865,0.2519085966180061,-0.12267817145561821,-0.05780107801587925,0.12103482231070026,0.22173556427076863,0.017365347113820914,0.14344405979684627,-0.045913089392253435,0.0024793660273066715,-0.024117527479289243,0.033715718158134234,-0.05959656810142206,0.07360238340813599,0.036779739045286516,0.09438090952422871,0.06191973773883548,0.023422863852593036
CLEC2B,-0.07548545652809414,-0.1588700741682996,0.012204062065594526,-0.022999387080153137,-0.11704417082068318,-0.04727545485392757,-0.038999156115559715,-0.02271628746148966,0.08717265178794151,-0.01898199293699205,-0.03458003297354892,0.09032877988645047,-0.004165991849498819,0.0341993893390081,0.10186512414674828,-0.09284260842022478,-0.0019430235532577598,0.10395927633459845,0.038341921484138355,0.07472009844005387,0.001861949727659762,0.0037570988487028887,0.06023890791972229,0.12729651676987921,-0.10246363258824037,-0.018357995121516892
NTNG1,0.1036247148275985,-0.022207218467592882,0.04175252891673475,0.03049664898226389,,0.010668424732413162,-0.011790059859561152,-0.004000971165557642,0.07436830837014802,0.037912029510698796,0.03206062972189334,0.07521476019601979,0.03176725675596194,0.12570473610457222,-0.011972275906790567,0.04917347111462588,-0.004001751684260536,-0.048739136265987214,0.0019338553400694417,0.14812111122775015,-0.00326994099174595,-0.027640840525535275,0.07729425030673244,0.08575513856443572,0.09229843295745802,-0.0657232705121363
LRIG1,0.04777865311886071,0.26242284903500535,0.13590446575148632,-0.0006417785583144132,0.14810730493222665,0.032197861603064454,0.02850654935774642,-0.16872063308901056,0.10260059548210863,-0.1875590649031385,0.060309784947533085,0.07137955467694965,-0.029111179297812644,-0.053331736725436625,-0.025335718036917976,0.12242651794192431,0.0824121130528398,0.10591325156593616,0.05457324683226558,0.17651483399264242,0.1353369439501222,0.033101205560078145,0.11005265563196602,0.07208108155079204,0.13288379854733567,-0.004231181605453535
CPAMD8,-0.021597535243060323,,-0.03346635365848515,,,-0.03069099526307332,-0.06204326343958302,0.02222871749182593,-0.016485551425454662,0.003924043871056715,0.08024952053328209,-0.031030464713177337,,0.08175972379866008,-0.02888595393212855,,-0.11119546009543632,0.05787533343220698,,0.009808272167438842,0.027646215543413084,,1.5759910946154798e-05,0.003923425404256594,-0.04814361645551538,0.07005797519475289
GHRL,0.028214820961461596,,0.07904535489545518,-0.005917633203876442,,-0.023254021421750756,-0.02475665902088938,-0.04660308192558468,-0.03835787984094415,-0.05151952572232751,0.003734983298680628,0.012273144957182267,,0.028528760077244596,-0.01533197053644405,0.03480031870125905,-0.07677600919199827,0.04329284083056264,,,-0.017529123453801893,0.0516595631414959,,0.03156808243207275,0.025725023736277806,
NPY,0.03555938193954517,-0.07881052091353728,0.03291020148744712,-0.0477971862029664,0.046252219685611114,0.07621655666462669,0.045076610584440804,0.09096483459511015,-0.05013200136046687,0.08083554431308966,0.010540720174856862,0.035262865680412495,,0.08948293500834655,0.020359883150462683,0.08933842810020179,,-0.05243357131063054,0.07258941963689852,0.06372424575435084,-0.0028201120130479517,-0.04607483471526864,-0.027955723357291462,-0.004064932975112579,-0.04877905264424084,0.15014635777112345
MMP2,-0.016208978324267747,0.10262518127147031,0.09414531077679725,-0.03851026530136583,0.12464702956282578,-0.048590459158651095,0.02710060089944639,-0.027414440009582243,0.0821880139216855,0.009861640274356667,0.006646545704465044,0.10695127848269677,-0.13366347903137213,-0.10482272392464657,0.16679613386457467,0.14095107146902167,-0.020047993110410996,0.007776952619671146,0.08143270343536985,0.15283076696253237,0.04997263882313592,-0.08104600776153334,0.12080701908435525,0.02023404542508752,-0.035123778262754486,0.08959066752221727
LHB,,,,,,0.007811736403386682,,,,,,,,,,,,,,,,,,,,
PPY,,,0.06080398763695628,,,0.014373154940790663,,,,0.027770683812234083,,,0.016760297168912003,,,,,,0.05378607723132422,0.04594334701000702,,0.02147255907690164,,0.06187907191634041,0.00937114068446379,
ALKAL2,0.016575313748672976,0.03862735972157984,0.01772483670731348,-0.011851516938684524,,-0.038607791056683036,,0.003442745072386804,0.051836499080152094,0.004403901348167152,0.06072578215963681,0.032141576945288165,-0.050844896923074,0.030313935486667082,-0.012818473201924033,-0.05641873247768279,,0.006530927780953698,0.03777281033701376,0.05213562704502185,0.009737800082688784,0.053149894625780916,,0.04700381461862539,0.0371886276296915,0.050542252723001196
CSF1,0.04158191377136617,0.06163565753958122,0.13743079341579398,-7.965873410424579e-05,0.1618166337959892,-0.04974771188862978,0.003931380084269305,-0.06891379451529986,0.08795619012049731,-0.02043886380411294,0.058010851455185294,0.07082420411703656,0.10912022871969913,-0.01924189063102903,0.11703644818647661,0.15602733052100443,0.14338349889441307,0.12721970670452992,0.06126794724055473,-0.005560836495655891,0.11698904451747168,-0.046021775226456445,0.0465008962780014,0.11543851558433305,0.07095464109555057,-0.09646937949067776
SEMA4C,0.04357401157606114,0.09122878162430029,0.034834610254921926,-0.0033304413377203607,-0.004572487812399855,0.020882452458329086,-0.0170534197195406,0.0013112236785491524,0.029503909530711876,0.042494706655270886,0.02192453713156913,-0.04522042252704973,0.0075426845163461985,-0.02434073869233612,0.1149776373347542,0.042906158416270476,0.00717561246021976,0.14342765074128805,-0.009715396217735409,0.08810978028250942,-0.017597501248188735,0.015074924477276767,-0.020129734905456692,0.14692334516086228,0.06628634786960688,0.05255785545878079
BMP8A,,,,,,,,,,,,,,,,,,,,,,,,-0.019379686916014386,,
ICAM2,0.008674728561283228,-0.019288447912080144,-0.007887458149445773,0.000335357380878035,0.026833404664174873,0.019589402585765057,-0.0682473294218382,-0.04003347688520493,0.10880117288748815,0.023239519991104404,0.021937107842580905,0.06236162118784171,0.030921036395805516,0.0040242692666631625,0.08730020186092807,-0.0127882258134557,-0.016032696012802272,0.0313338293750282,0.034217979539372535,0.08720157044012085,0.08802981918142229,-0.007386164746890686,-0.01613839865300188,0.07165584443925054,0.014269091619395902,0.04583647683297225
SYTL3,-0.053706902943435976,0.003505658014219896,-0.012240818051090606,-0.017230073086276363,0.002156182725788354,0.03494012166388168,0.03180656550892527,-0.004543137886150542,0.08060199452380332,-0.009319993035132174,0.032140327363647,0.042914401081270814,-0.02577454422879269,0.022932244289839285,0.13347379779582283,0.06350942450909602,0.08483574587821555,0.06941655115731415,0.035557128363794765,0.09626929297933301,0.08141475479308345,0.013165030730427307,0.07656905587454421,0.048181701481051095,-0.07669994228918195,
IL1A,0.046856996236945996,0.016667669443087764,0.0376966932760112,0.015606601080805554,-0.07122011992799405,0.05001131992197517,-0.030541552259051533,-0.06585569372122305,0.04665418057917015,-0.01737573899692524,0.001397506353623856,0.06530897575171167,,0.02410655742151479,0.05719576851154014,0.038939947733845424,0.002778422047936508,0.11366338901278407,-0.02207643268341916,0.02767325856660433,0.09046388278468638,-0.04832264707851434,-0.005861281779176581,0.05991850593611734,-0.10943189540028393,-0.011415340081596044
HLA-G,,-0.005163877242589305,-0.018522869462276395,,,0.013300061082112038,,-0.02839033966199722,,,,,,,,0.02625872379496052,0.07172585544761373,,0.06970546334091002,0.004024579776845866,,0.01826658938299612,,,,
PGF,0.016637857788150218,-0.013313484376417424,0.0320856019489112,0.015460128535416107,-0.0258281305642048,0.009154031071910878,-0.028803924329522262,-0.021749975204839123,0.1416000160195516,-0.03937026231811399,-0.0031275442820241227,0.07031438438438911,0.049205648754106004,-0.0266046245405389,0.10571293099582953,0.060032586599599445,-0.019257450097148465,0.09103458064258567,-0.011988150535470601,0.10249591943586406,0.011711011177788657,0.010965025107034329,0.0330333150403275,0.012012879182457293,0.012779498036241453,0.09290122699919884
LGALS8,-0.010646183252407345,0.0850067447788595,-0.015625666251099766,0.012812955664942345,0.13429746983088897,0.05518493750849825,0.005303170061437913,-0.005198407839060324,0.055266446709576166,-0.0014450327543247862,-0.008964054577843689,0.06574052458529775,0.0067011204880508156,0.08264266410317242,0.04000433218003242,-0.05513119247807842,0.03674509762654592,0.0777680468801457,-0.02562520458474745,0.026570389123943293,-0.0005367151601995898,0.019190485515481966,0.07837219933964627,0.1531852177417879,0.04478340765385474,0.06412750066701095
DKK3,-0.015620675445633322,0.12793397864847855,0.06140563956433403,0.003153871387886432,0.09106624796168271,0.009686009260294871,-0.021902481188080802,0.14176732738238337,-0.059704479400665096,0.08157085880188567,-0.08830276017603461,-0.029479466103913922,0.09135044544576025,0.18374786249132152,0.005407301344692882,0.05389142858263533,0.011239155832424727,0.052411734838021556,0.09698939128179986,0.12440551823500326,0.05543227344149775,0.17486618066238754,0.09363199050400207,0.11633449831444559,-0.000687742544447609,-0.03625588610023023
COL16A1,0.010299028208923849,0.1809199719455547,0.054966991102980735,-0.030990625058216738,0.16946768479673363,-0.010789516567162403,0.015452337806253685,0.01940023885786366,0.03476365519509181,-0.03496850130703179,0.029552011254473168,-0.04860110269395033,0.051026098626454006,-0.08806589527715109,0.04683049737726147,0.1306852165428804,0.04087820013319227,0.12053617503010816,0.009287045984699042,0.11826807480338133,0.10171603247375595,0.022771484298477973,0.1914209187458737,0.04650941363145963,0.14344583914251385,-0.04778350618039446
TPH1,-0.03241482282242463,0.10498856161073149,0.013909608836346829,,0.07238505814554053,-0.003784415984666655,-0.022293732412292558,0.02040077664637552,0.021547649769087858,-0.09157883192180978,,,,-0.019018601673960127,,-0.004030838362703141,-0.05180331686570292,,0.041504533433713804,0.1143109146646824,0.12001199624684515,0.049001455050201634,,0.08090869089316592,0.09837253822656782,-0.027762383537216318
TNC,0.06446322797149912,0.13607647415785826,0.1480551267130469,0.00043660591857972337,0.008413080124983143,0.07272797995010741,0.027536107022635724,-0.11514712558324702,0.18111595083019463,-0.30815205983067423,0.02435095139506391,0.0931383223750861,-0.2424081692304494,-0.0937692371435825,0.23487311118432885,0.03963014942897718,-0.06329282758271004,0.19653515845113873,0.17105321752978464,0.0315388861726274,0.14437643013597554,0.0017450959422612834,0.036282822801541534,0.07434204634777267,0.1005419091577477,0.09748308355560159
TNFSF9,-0.02247301659467257,-0.08545060944711384,-0.023780276853545838,-0.004959952700503483,0.09567434817593534,0.04644432432163254,0.04211468366110198,0.06290043920339218,-0.12122763462992014,-0.018005585166617204,-0.004065170832254919,0.00727075870653585,-0.0026145012462408645,0.06600728961148349,,,-0.03288426140629342,-0.03991695386881054,-0.02074175004205494,0.02365489740864294,0.022670951231033572,0.01663531414005481,0.08924128056070338,0.040168765256239074,0.022194728480758003,0.0462904908856071
C4A,,,,-0.036967490449891824,,0.045632209960655805,,,,-0.029181370302513804,,0.02346528374024482,0.01904137599813847,0.008048373632007373,,-0.015313690913423971,,,0.015125099097179611,,0.05984674944742789,0.0058495914593388425,0.1031637967883934,0.11322267056494122,,
CNTN2,-0.08226630019103717,0.06989100302178715,0.012352043239120154,-0.018104495176514204,0.08852663643150545,0.015413533322355876,0.08878143065942641,0.02856212504838165,-0.046208080865162766,0.1012281152252479,0.005454186599428707,0.0372012117936532,0.019506784977133276,0.07148275917954793,0.01640234249667663,0.09648999336713496,0.0016163164068261834,-0.09466427206195012,0.08242458007209515,0.1333486886235985,-0.1712991055017942,0.12694319218756087,0.12156722139136591,0.08247824734817041,0.060065185428523876,-0.037142054296465325
F7,,,-0.03562526246610199,,,,,0.018098643279636693,-0.037165249259710015,,,,0.060206915736055355,,,,,,-0.03519628642411521,,,-0.08075751105710532,,,-0.0003916980756439898,
LUM,0.06244779856209994,0.05663353286420829,0.0785193512285245,-0.017904589953821066,0.03931779826141115,-0.023603456427392873,-0.036430860287855873,-0.015189863292041441,0.12076148890174773,-0.06463525366792919,0.04005709050194573,0.13111015347937907,0.07304213681146073,-0.018610403306991506,0.06567649258630953,0.009984245745162722,0.08644614060788819,0.09595904777017919,0.007973354538325527,0.13892768740114708,0.1107139085141277,0.02377827023919107,0.02117184366050044,0.01828797087482759,-0.0040795418335068095,
IZUMO1,0.034964160381752867,,,,,,,,,,,,,,,,,,,,,,,,,
BTC,,,0.024308093118337502,-0.008982610731218674,,0.022228053528485545,0.006718666647308449,,,,0.06589016403323174,-0.015190188929651639,,,,,-0.01292528607820194,,-0.02927540098863353,0.014569060889948622,0.025977992513185725,-0.019399880941168596,,0.08147676681296687,0.06780309667981078,
APOC1,-0.05531404384526662,-0.14971705701261906,0.007965743093950485,0.050590463258833804,0.0817447569283928,0.07321997205560149,-0.04356249638549268,-0.0695780708652843,0.14005698166194416,0.1504944138924991,0.004586913099321815,0.02255802183934897,0.16915457309703297,-0.09487802133301579,0.20375908675256632,-0.003468807768177782,0.047217788621622715,-0.006186654887034794,0.04978211407253,0.11657001918550763,-0.06166344126329507,0.11041701143170864,0.13676579405776843,0.10554602442403091,0.038042538262546215,-0.07766692971523453
PKM,0.01606847547113211,0.11921785298397422,0.03249054389572346,0.04227178134411278,-0.031160217837290116,0.051332951658207095,-0.018077544816513455,0.13102833206088196,0.12466817738136433,-0.29095655467196296,-0.07776037877617782,0.05827139391167184,-0.04802690777570922,-0.07113886623750781,0.08731171206522127,0.04422033964823738,0.026100138849783967,0.18774790493728968,0.04491167567771804,-0.04187722263785026,0.13652284642569618,-0.030728241119644513,0.13037162386630272,0.07409184147324124,0.04431056579539065,0.05758050371089145
TNF,,0.026367035087275392,0.01996742072230813,-0.033116954816640114,,-0.007571484874764254,0.04021583635511991,-0.05337964998279823,0.0003617037834238961,-0.04205591407863773,0.00877736255926315,0.09637134731731382,0.01659935564003971,-0.025915885941331696,0.00930951754663167,0.0750649893887406,0.04042724931062558,-0.005217282709539028,-0.028825712281234886,-0.042320401966769276,,,,0.09082595850675376,-0.032515454284708985,-0.1163669446503629
GNAS,0.06608697030400944,0.09803311998906722,-0.04305039983383699,0.00034518118273323687,-0.06488299094555001,-0.01485700379241493,-0.006875752726065189,0.13333798172303543,-0.09958589672523643,-0.07377758850263504,-0.06500929712149957,-0.03186807293641146,-0.15867243746567808,-0.1447590903050631,0.03605303796337043,-0.139386831008806,0.053345700746913825,0.014150833219718209,-0.08002500110454336,0.028430034602046853,0.14519304829950544,-0.0014951160382281948,-0.08292740264223822,-0.05351115465811026,-0.013689083327664778,0.007922366996403857
BMP8B,0.019854151243257415,-0.0127399258448074,0.07810018078286592,-0.016388471618354893,0.05697433301484383,-0.038616840184958465,0.009515576561043545,-0.029659555505760982,-0.04201536375789664,-0.017119162055768328,0.008349989911318988,0.11611548784561432,0.07318453379151942,0.015652337073219218,0.0978717370796759,0.05700669023337288,0.041135005059789106,0.09924158742782013,0.006432525967691886,0.06277328615640411,-0.012840152549284332,-0.0037036564215123186,-0.011975616668521767,0.028518093247264828,-0.00040951073079351297,-0.053405943858232136
LIPH,,0.08789186888663035,0.05067036306853745,,0.016017165931226596,0.0059462079688095285,,,,0.012317359716330866,,,,,,-0.05381268906938816,,,-0.003104337017902749,-0.001879997227976965,,0.05638371962154374,,0.08858276952189297,0.013838702881648636,
CCL28,,-0.09940978334591422,-0.03134569620176885,,,,,-0.007939076912261863,,0.049815892512969216,0.006826312387823557,-0.048392528797280045,,-0.023394660889884303,,-0.07936981354217248,,,,,-0.06041343775643214,,,-0.032186762880104657,-0.061234984883597555,
PTPN11,0.02551368132958414,-0.09607485769390646,0.06313745814403057,0.0022346715161351747,0.17335575180195087,-0.047714261190358875,0.011902806090695318,-0.019857314162429973,-0.005784783072765542,0.02417365474937912,-0.03294532550027574,0.003881969112139584,0.058784779267344725,0.004091839842189243,-0.037424212353833,-0.12104335253266563,-0.049988710166192225,-0.10735999755920879,-0.07790733211305846,-0.09637727091502096,-0.03920860073043799,-0.0070328728037389095,0.07126144302144242,0.11541301150813071,0.009285605674076167,0.01602822043018012
ADAM12,-0.021947323732280342,0.12683096289693357,0.05024359545780297,-0.032481184784646254,0.05193103177583734,-0.025893533961975173,-0.004164010673928373,-0.019820605626296273,0.09013911050114037,-0.25536916864390863,-0.01222157985183715,0.031947821397715945,0.029407489574155316,0.01765671330889459,-0.03110632654650533,0.05279785817150931,0.023071579317592437,0.05408569697914128,0.030363750631033228,0.04520019316774037,0.10970726832005549,-0.059096081469911514,0.03977433547707453,0.0195562724078305,0.06407886818932201,
EPO,,0.02894766503129633,0.0039611569609037485,,,0.012915703484465515,-0.036661222784772185,,,-0.029710962043280744,,,0.009537573679413451,0.06273681977569832,,,-0.03877193640059628,0.06615145467071239,0.0005571619328501756,0.04383232224371918,,-0.05201996944365235,,0.03064519443853429,,
EDN3,-0.0018024527483064608,0.009919089363620107,0.02000638314283036,0.034523433763304724,-0.055994824919406126,-0.0006120229578642929,0.03161902969939032,-0.011642207129491709,0.04799201728301612,0.03390016386975274,0.011142849004517306,-0.06272913484256798,,0.02536840197294798,,,,0.013630107052591581,0.05845938036724063,0.094314070608959,0.029059320469074758,0.10552859751064808,,0.01747157236547634,0.0512586352820656,0.01763231874423938
CCL22,,,,0.06058630429203931,,,,,,0.04229068822318387,,,,,,,,,0.01743293845219918,0.08862872429092902,0.05466443575131392,-0.021534810231012922,-0.040254526790878,0.05344645983098307,,
CCL2,-0.021860197974122583,0.14248862557367598,0.15087474122018327,0.038939972019801095,-0.04710707341776751,-0.05051192979307992,-0.005844956296379617,-0.0754748751389618,0.09808474061447522,0.03781858315515454,0.0021623563644757393,0.13268993906585996,0.1983601305976942,-0.02714837231122695,0.1501305955690578,0.15476366355915291,0.036433460620062655,0.090509677552425,0.12029666889868715,0.07215644722343229,0.04849859080405228,0.0025160704319318198,-0.14468496198138758,0.10575634636843814,0.01505101108223699,-0.10024253239550643
DSCAM,-0.005250824646784505,0.03781408658136054,0.01316043147294197,-0.016851389909063295,0.07892768857486446,-0.030979025894646836,0.10683609043149947,0.0047948073478880126,0.05529518710400494,0.03904603194294252,-0.0032905240641038945,-0.007020432876328692,0.05378427794944901,-0.02172975201940621,0.06153095584579562,-0.03626813852626852,0.14327926681543837,0.024580892097885866,-0.026616807159169104,0.09088404936673228,-0.06820417524980821,0.0011553524801816782,0.09070148156121804,0.05120770133418156,0.05236246769998402,-0.01715244694779049
GPHA2,,,0.03430600020020371,,,,,,,,,,,,,,,,,,,,,,,
ANG,-0.05690464408625209,0.05296716588505489,-0.012535591754542788,0.04493991277073822,-0.06411471973713372,0.08040237985009696,-0.016211197719609792,0.012384792927952968,0.11016561920676236,-0.0819810159796989,0.04533463083539535,0.07388262327659455,0.03753337076848416,-0.013167824883495218,0.04789126900000327,-0.029034584770756506,-0.024838644733381047,0.15271914966382447,0.005000885397811588,0.034639936263561606,0.0013964152895666049,-0.07111339479887206,0.09200909897899694,0.1282624205368089,-0.007133593017740859,
FBLN2,-0.03711903315243559,0.007680754950063968,0.04208983756359497,0.014207753804147887,-0.07236867250142273,-0.029741950494622468,-0.04932924698406297,-0.0044821169480690195,0.03886088552860455,0.0980309918508415,0.009694304000457824,0.04522906537717169,0.06959421376854064,0.0947176949183484,0.06042364972518814,-0.01603820152023727,,-0.08903637362039336,0.06558281615978498,0.1891593079852476,-0.01686029344082894,-0.04259231465182286,-0.03228324638345701,0.08375828591687065,0.00029106567694197374,0.042805762178317844
VTN,,-0.04170912084042398,0.04597315632442076,,0.03775992677202702,0.01719024372807833,0.00269038671549009,-0.022933085408524383,0.01594454782860728,0.01887415613641247,-0.018136787202876984,,,-0.02144730850750848,-0.021795611435737754,0.11130877366191376,0.03213591741064119,,0.00033881594109322143,-0.007762229387598067,,-0.01996323725868829,,0.017761164171941245,0.038343097134683674,
VEGFA,0.009776894053501031,0.010305300625915318,-0.08992336087930049,0.0072932112813067435,-0.14957095888675748,0.03702544018976147,-0.02355872169099352,0.0029594103271833616,0.06286207815020929,-0.33221210515693483,-0.0044462523447791336,0.09184935905745796,-0.08309413054906283,-0.13312531692991192,0.044908281117334456,-0.0936454978992634,-0.06843742002031467,0.2318484259280463,0.017424916112268152,-0.14717709264368678,0.06083360104809972,-0.10845880702157597,0.03896118428947482,-0.11164837861852826,-0.0013931693758108014,0.029728953048054927
F10,,,,-0.001476443403607768,,,-0.0342834338897629,0.017732741795144707,-0.02120110744939282,0.04286208569259713,0.010699911384519178,0.07954664873537429,0.060058550453134456,,-0.014809299922287734,,0.0605612090802211,,,-0.03014786459143663,-0.05866408372692292,-0.0019291832230378064,0.012465666930696999,0.04395617763647293,-0.01787710725755212,
SERPINA1,0.001748707150496087,0.013359810712641336,0.025634935992506814,-0.00860438630219986,0.11352223771672229,0.0243638343227599,0.0036543072780104917,-0.04875272034949916,0.16272098524531856,0.06454832785242699,0.03072728466866468,0.07747920556351948,0.06454688027965604,0.06957197052039579,0.07520632632517933,-0.012380159191948346,-0.00971345626389472,-0.01333865014592638,0.06544379196526187,0.08181218596873921,-0.012825139535138348,0.07953636519233238,0.012969226769212768,0.1015631182880313,-0.04915005995274543,-0.036681939166133146
VWF,-0.0024312313286821547,0.09456186383294717,0.07940349010894818,-0.011605169194860867,0.08575028265930797,-0.009207498821904176,-0.016098003942894977,-0.027938351757109032,0.17189859775244332,0.006871202487315835,0.05423928594978045,0.130011944578705,-0.02407909933063495,0.06587075912172399,0.00201315479414753,0.09918294864444378,-0.06303050084310481,0.04801449364462006,0.05266769941083324,0.13349057041755621,0.1286051073109278,0.030931305374011515,-0.029970419079269693,-0.038504253790630785,0.022467954200572626,-0.005819023551828977
GDNF,,,0.016809620719200287,,0.034599989760282716,0.00707248786932313,,-0.03484739915268931,,,,,-0.06103448594319496,-0.00461502738309955,,,-0.014209883880499867,0.03108153454059819,-0.011627280451096024,0.04615261414572295,,-0.0036116513751453805,,,,-0.046263120761792745
VASP,-0.046491991972446654,0.08430843785628478,0.09411261401884188,0.03390052837796176,0.023535106614205166,0.004523396754915507,0.053235116024608085,0.02730598084115342,0.056170902559851264,-0.003106724863539998,-0.021297523581659587,0.07804495707212536,0.10128402152185594,0.020415787532223312,-0.017320127608362882,-0.006243859804982299,0.08230865214027756,0.1714918220725824,0.07611674054669482,0.025034766115395082,0.06932849879080241,-0.026187421886949794,0.006475843239411589,0.07995166128038506,-0.01570589482608586,0.08553587083024347
ADAM15,0.02593467158768656,0.09899574109050177,0.05915690334099501,0.0022516658689871135,0.1244693351905138,-0.0078026036473809735,0.01597817769388992,-0.03104977857051637,0.09122503294429697,-0.07491904492613637,-0.006649915521717601,0.023070278568878153,-0.0008057659701009556,-0.09017667466867062,0.001974059510811599,0.04794956492224161,0.08668751052019391,0.08030731205458463,0.05138276779064998,0.1279643554296933,0.049706921412622666,0.04847178420036097,0.06594444294222081,0.07114585327143766,0.08000817602627883,0.0038082989650302106
WNT2,,0.1124407160085321,-0.04980373932783483,,0.1091071190668038,,-0.008612292247147591,0.01588764281620029,-0.013563000568030337,,-0.05094448437964778,0.10164762545559317,,0.03239118205053139,,0.1112889807330824,,,0.0007317285277516315,-0.038309990942075677,,-0.01691725928666148,,0.09735511088733782,0.06482142283073764,
CALCB,,-0.09407513818255912,,-0.0006558956599776101,0.0341668573219697,,-0.05365551597061805,0.007517806798041696,-0.013423162840196661,,,0.007225219541619661,,,,,,,0.00040275022160105067,0.044296822746349204,,0.008210088838285745,,,-0.04924537914138622,
OLFM2,0.016521726132165734,0.26492642097053254,0.052271428189055384,-0.001763464381427392,0.13604340945164253,0.002777353742230099,-0.014539679937760458,-0.020710662695082024,0.0003620462473702759,-0.05895431521194732,0.07071686640357477,0.008645937754950329,-0.020259140991676507,0.0024360349823783927,-0.021911200886117595,0.036911207969885076,0.03480730499449411,0.06780043012677592,0.0005360956274365918,0.10395731481559019,0.1124285726670559,0.021343074077392107,-0.007657925239554094,0.13642052670610322,0.08333798548739002,0.008836275161134879
MFAP2,0.04592932985147692,-0.010133745965145536,0.10169206623670674,-0.02629878661324609,,-0.008544582047343702,-0.05688295417236827,-0.04410874110687347,0.0804790539948802,0.021920398538907822,0.012679825927056205,-0.0018688217768404564,0.07399776635081107,0.027891055588746962,0.1287994849864017,0.020956563717417352,0.002932731093137962,0.03299919636961414,0.01270534071582725,0.04171301131512473,0.052133183633705914,-0.08583936045540579,,0.06637930076526076,0.007376160387875185,
HLA-C,0.07139495535612472,0.18411309525389077,0.11447802120214605,0.04040121803883995,0.056949029723526924,0.06848423818432106,-0.02500066438625932,-0.08802122264931901,0.16835738213740625,0.2687616616997428,0.07681658538037356,0.16930918192041716,0.09620239859543057,-0.08429380709459636,0.05325911662822709,0.04053764215367967,0.013709358809560805,0.07807287074511494,0.10048726899668789,0.02554020685824885,0.06945602949381628,-0.004656980078539962,0.13189690234271326,0.15739391268925113,-0.04406504942805533,0.006108690896806064
THBS1,-0.043342105963192504,0.10729810469056479,0.028875323733112312,-0.027604248364272447,-0.0578968501319026,0.07352843870316722,0.013350781581043148,0.015053823512639505,0.09854652905977185,-0.1266977754145077,-0.07945698813281939,0.05846272831400383,0.0918343095430002,-0.01704537281890085,0.11697067209928878,0.017039373493956917,-0.0655912202189168,0.10714981095372315,-0.026178621731287783,0.038217911178048215,-0.00229511782611617,0.08246224099691796,-0.1042544880283422,-0.04762391080150146,0.002950923979643927,-0.02124143785590481
HSPA4,0.004789553248233408,0.016227391931563254,0.031491079689533526,-0.007454851341261874,0.008765871842146231,-0.034939975933559776,-0.01130902296277658,0.024945847617080477,0.07620808871555576,-0.0449469918372367,0.028389114658498946,-0.003913033597844908,0.002996667775264679,0.02046916793388641,-0.016553645817493304,-0.07128588328541062,-0.10017197644133166,0.12742448782439583,-0.01644059668430309,0.025560383359605393,-0.01054322083964207,0.061819097809137996,-0.041448460920522484,0.06852294676459483,0.00688639464495695,-0.05834239097507698
LMAN1,0.05202530984587093,-0.019079281812226845,-0.036838903499174576,0.04825604351633505,-0.08762495890749683,0.02050276866385157,-0.03452500385286244,-0.0004956438375115353,0.17837214627924247,-0.034631636982848366,0.04036314908508021,0.011402117542906156,0.027594874925195596,-0.04545004901325623,0.058415896444349046,0.077670381134934,-0.053488952554035886,0.2222616803543437,0.04200150600242614,-0.03341259643400702,-0.007282877844205435,0.032944035960143864,0.07591913171131222,-0.010748731463252842,-0.09126578613274366,-0.00680962139547626
LYPD3,,,0.03909512311556683,-0.010385240905340015,0.08473393447253552,-0.019448351777478588,0.07147058250882565,-0.020373007081476848,0.04204610245193619,0.0045010950755242345,0.013173160095852718,0.046779052104928935,0.0890159179346944,,0.031654605980413246,-0.029932314256384422,0.04127857640885998,0.051571705500467246,0.0025086234834451023,0.005722267658530437,,-0.01852783619557027,,-0.03683450425013493,0.07048727278443753,
APOE,0.04057578020253491,0.10933879193890124,0.07552921560382822,0.009605535475508452,0.16891089423916206,0.07764347547293021,0.025578525845440025,-0.0469573918068236,0.14307168028123582,0.20548921195496517,0.020771704347188835,0.0640121080118536,-0.005575182848117984,0.10746325825669743,0.08986967880972799,-0.007792040910471036,0.17502623281923269,-0.020781354437100875,0.09818424890825889,0.12116865718075547,0.11038753278777799,0.19853886277194727,0.14639515572416484,0.10484965165219912,-0.03880297199459417,0.031444594702437885
SOSTDC1,0.05159466240121947,-0.016007988149400774,0.005891510334195152,,,,-0.008653904892351254,0.05343117424300911,-0.04271833363132024,0.06518642180011408,-0.031158907154413797,-0.015472735037245972,,0.08219400341190362,,,,,0.0067518766890330715,0.040898459253684245,,0.042359732933737466,,-0.0227847905445332,-0.016422169315791792,0.03606960731288424
ANXA1,0.024106103020376034,0.03371834569947864,0.08920063942311628,0.05038952884470654,0.07725784051559344,0.08719205190507576,0.035191953685090024,-0.08786165562918122,0.16322032534252348,0.20292178901068655,0.22455264137089725,0.11745904217255444,0.008526401287394667,-0.06180277320202031,0.15413462482994725,0.07839604687375153,-0.03336684466328298,0.2597108119622439,0.11065626341477498,0.11422888290152816,0.06608756292169916,0.12290106369278173,0.062191553496072166,0.011644787897702957,0.02797676077526555,0.06727404449507657
WNT2B,0.04665695858160573,0.06827037283263239,-0.017625532081598987,0.017467506495175256,0.03663610977002592,-0.053551355840042794,-0.02998690445879626,0.006300701392304977,0.012977169139671488,-0.029518574272440912,0.009568687596549904,-0.016110211212775744,0.02996796607683553,0.05206597416426572,0.0694015591527098,0.025449903600424782,0.0955091301883444,0.017734075991965248,0.0607056870851308,0.056470948095959414,0.008238839936098549,0.028828247269654092,-0.011827148422668085,0.0801042515145511,0.024806892621253254,-0.05630758424432995
AMH,,-0.029161022547313557,0.016109299240638753,-0.016709913815716876,0.09790187057592756,-0.008336706124777086,0.01552537231984994,-0.020342327262279917,0.022621308259228166,0.028488019159508764,0.02145041178196706,,0.08460314587323528,-0.00950047837611737,,,-0.040934091953712594,0.0865457867400277,0.07042367414415647,0.09444839823316495,-0.03812910197646333,-0.01260321546149823,,0.03170860055184962,-0.026598312528602192,
GDF10,,0.033898920494993635,0.0530216874201689,0.003816770855843591,,,-0.036129816421923616,0.05147092429522474,0.024267908424109322,0.02760496603756335,-0.006486273697013432,0.04173446331091669,,0.08474198869267666,0.18576464127504091,0.09680857766110114,-0.046768740468601175,,-0.0029902462661800283,0.008930038815758818,-0.041450236991963416,0.04809235038703434,0.03390046863921703,0.013336827090933992,-0.03204904394638635,0.005156637805729708
EFNB3,0.01586105708379429,0.013899689382535357,0.00455415946447664,-0.015872121545269867,0.044707614668768894,0.04567821861286192,0.025398262097278985,0.0843854548151782,-0.004892515547477637,0.06565109736836844,0.054706759169241476,-0.009958866643244921,0.011912233249411102,0.08354974801479884,0.14907712491054445,0.12250391703217808,0.07968038621417121,0.04629894827754624,0.08256708768383407,0.08392341292541959,0.06524194937886861,-0.02046266528383787,0.06982802331396991,0.04575920630226412,0.0011011659280421992,0.030758158228084143
LTB,0.003987033716190015,-0.010979238140222955,0.030906117277167553,-0.020415290896189795,,-0.026762621153715194,-0.008587708284342058,0.03160476139772951,-0.010658752454137426,0.0017492661048786103,0.018300236285749748,0.00903157036911509,-0.006546491192390104,0.0775625165708747,0.08418470355064615,0.03593446970291633,-0.012794072454393525,0.026788339219917603,-0.017859699432620602,0.042307203831605585,0.05707137773820704,0.04575773479888338,,0.0737938091829405,0.006422619114173176,0.017705230819318223
ANGPT2,0.04511796945476951,0.0698447193153319,0.09074832487576269,-0.015611100903540797,0.17133177002539288,-0.019800774264931844,-0.01504165484614325,0.05995017417865539,0.151156486341458,-0.22845950578932503,0.0767139061252633,0.09157096490120262,0.011306479708092806,-0.01931672188835527,0.03986332539968358,0.03497290686226502,-0.060728645481729494,0.15466508795583725,0.050491747651552496,0.1574668671198031,0.13198664599579377,0.04927459526018045,0.02471104200034747,0.025909781613506783,0.07472110310880863,-0.04360921146736878
NRTN,,,,,,,,,,,,,,,,,,-0.008008162267898201,,,-0.006762017372071653,-0.03699886499324599,,,,0.13321895156532282
ADAM17,0.03241003944939406,-0.0033011505808840363,0.0215311266507304,0.040773120475879734,0.036815543005630856,-0.004819203494970873,0.04269648860376055,0.009621284369214313,0.1251436450950828,-0.03973828022159575,-0.014556572285700382,0.027360503819013907,0.08868843060867919,-0.0148531964896453,0.0799555436655078,-0.02158152829502234,-0.05774275089376585,0.11768415403900219,0.0275918440770635,-0.003810459684801687,0.045161558752467953,-0.014289553745485356,0.06599301230685253,0.09501684370321105,0.038431912011863925,0.049014730735077616
LRPAP1,0.0219511064074238,0.1762067089371918,0.00695115340922274,0.027032488927450075,0.18171883871355682,-0.03465378443864903,-0.0007622017315141276,0.05564058653607322,0.059541999298868914,0.10583900163794147,-0.0309831411498102,0.016878805782760353,0.01515119130674265,0.03183837449398414,-0.07920830808060751,0.16514355161440258,0.10071211484772477,0.10683889098429572,0.08354686056494974,0.05651965695458084,0.10870541627972216,0.02895421881887508,0.06476237462652551,0.108829031482427,0.03400025248698424,0.0353105943680295
NID1,0.07939766102225176,0.11974459206183406,0.1104925954817828,0.05780523029198275,0.05553478139885121,-0.03586330618171888,0.018868184959983717,-0.012872842818321326,0.1593907101989584,-0.2043711018645585,0.04756006395926223,0.08473542511985827,0.10912205568920895,-0.03500298873703148,0.03176874461860777,0.015614851310458942,0.005182358176036865,0.117935411641141,0.020789402471426445,0.07072244204974283,0.06211661899416018,0.006011873414100998,0.02554019292499947,-0.03992285281066402,0.04448903464002968,0.014911826530779233
MST1,-0.04432241472212219,0.08933741192268321,0.0012614386414768993,-0.04345317394605405,0.11590652765903837,0.01589308528980701,-0.011331870123997011,-0.030943412756841593,0.09357866347968172,-0.06802540129375555,0.026276647285135648,0.02522987437092193,0.04875117244244855,-0.09174631341687511,0.06529418260726418,0.061633380125239765,-0.11337756220120729,0.04181723439020962,0.036241676478793734,0.14360702673294296,0.043046041701306846,-0.011683469616911114,0.0529177561853748,0.17063225150002265,0.060416706345032926,0.0047417056577502385
CCL14,,,,,,,,,,,,,-0.012406298989849096,,,,,,,,,,,,,
IL13,,,,,,,,,0.0342080336377693,,,,,-0.03816218705310247,,0.012347016217079235,,,,,,,,,,
DCN,0.05847738461365311,0.06445962484032301,0.11125767429842165,0.031277752919661825,0.038934501012975874,-0.027503514997688373,0.01050864319820298,0.023829518279896905,0.11064159791602618,-0.036159132709703785,0.043752840042279,0.01977369099945796,0.12210893737039918,0.06182166997078816,0.006079577159833026,0.017525721710330944,0.06841700459779365,0.018860652781856477,0.01241287662041844,0.13359779146711198,0.0919472460900948,-0.04469569514437948,-0.022846728127446616,-0.02059000501443907,-0.003108249838813512,-0.01665082304542939
IGFL2,,,,,,,,,,0.010547078967966462,,,,,,,,,,0.002855828296271182,,,,-0.07336674444357089,,0.14189897301213292
COL7A1,-0.006634557109416073,0.10629835790795893,0.08177213062478103,-0.010049231111559741,0.09402664088094057,0.028992632605444178,0.02410447529852064,-0.022504406678272495,0.10017053385820347,-0.07073408197014523,0.036910747416247995,0.08901870783013857,0.023593251182022153,0.013076288200035662,0.14689693387950048,0.015258363087002574,0.0122640086138689,0.1221995872252342,0.0010294764326154071,0.09753587805916271,-0.0033424940098165383,-0.018231316939231197,0.09506387481024298,0.11537919103033761,0.056892356472266946,0.0750713365118962
CALR,0.07226175096160486,-0.06825177153318387,0.031072590805061622,-0.040068895335667494,-0.0048384887557166275,-0.0018224576454082112,-0.020406200445497687,-0.0425443739977515,0.10353838299331038,-0.27527721059534516,0.06384374922163155,0.13789373832870924,-0.030930362942302683,-0.16784496344700384,0.058876696961972,-0.00933952685683834,0.008550157660893183,0.03869923976835317,0.026837842801145075,-0.07001419767096745,0.08807091316066394,0.013137993200910938,0.07053618591115828,0.0041113977728711604,-0.03575300774693415,0.06623149589656344
PIGA,0.052447054720830874,0.032444824978073106,0.014037716517986928,0.0051032943237313095,0.004746743598685391,0.050767893413376904,0.039413504844091805,-0.02847061858267442,0.016177703761449152,-0.05859277641482404,0.020331787125699732,0.026754361429412444,0.07411658999827027,-0.015214919088111557,0.09758770334893058,0.04178231529060893,0.06740113700627995,-0.014707214575406977,0.045468848773057034,0.1116337798412009,0.03672466916071466,-0.04884913198201911,-0.041613313379128054,0.09619141580301709,-0.02744828065971461,0.08964262982736326
CD200,0.03244692657141731,0.004535372452234007,0.0012125502895038451,-0.0382559301860638,0.10713615415313131,0.05555767742133197,0.016344451483765364,0.12369618653392743,-0.03700458175247164,0.17579840100390057,-0.0375334276227688,-0.0022374118545836845,0.022341369991949512,0.11505541091739091,0.05788334039839377,0.0027634596577339227,0.005196455905049949,0.1103528896698413,-0.027540376994218494,0.10828718272098924,0.08437778933181216,0.004231774715271881,0.025164488025102908,0.10053764446246828,-0.026098271096625648,0.07052194779139465
GRP,,,0.016413209440682846,0.0006960404962509521,,,,-0.02476469942047073,,0.03400279165137094,-0.05211769317698033,-0.013136634126787006,,-0.0349555923492685,0.05887252626270742,,,,,0.05468545676755678,-0.014702361962151788,0.025701555560122026,,0.04556618521060312,0.00417689934860015,
CDH1,-0.02487786149745528,,-0.003973780389427397,0.008357708370500141,,-0.0003170789489554339,,-0.026505028032525354,0.07967587202980317,-0.02154790270024536,,0.02395702951868156,,0.03807400186385757,0.029035685546645675,0.020547698692166463,0.07775418022966063,0.07917102293076336,0.0775790102080118,0.06576443228613192,0.048967293280752666,-0.03210765348688475,0.02361507917385821,-0.017789326986059027,0.009588236147928607,0.0999418595901495
LPL,-0.03224912568367983,0.20579848685712604,0.05528841360972849,-0.012493869132692882,0.1268410591306516,-0.003982925326368774,0.06177982976116536,-0.06897623710719351,0.12059444001248674,-0.38399811610428725,-0.027727176508915975,-0.017246739062942232,-0.01844489434308391,-0.030150864699440345,0.14107321467152084,-0.034289193087005725,-0.08149844818133631,-0.018793128341634307,0.072008285049241,0.08839936833412733,0.12530548956511453,0.09741345334443388,0.013234444268632434,0.034241677410263155,0.09240805734361213,-0.020833048745507635
SEMA5A,0.014049464535066598,0.16508314945067232,0.059473216167604905,0.02876079222148362,0.13005595085632804,0.0212516186950475,0.014524762909344823,-0.09608305635923423,0.0608876017457602,-0.07992745475783788,0.02551097315533946,0.08326559096258321,0.010126851200897563,0.01482020299504061,0.029905020253791246,0.02144605327709406,-0.0034159057329559823,0.054699472269693676,-0.0542183377519368,0.04057668914905719,0.12298156966784,-0.012866146399561008,-0.009714047973691747,0.0030817101984055096,0.06625426239086551,0.053293827479891136
SEMA7A,0.018979652182308255,-0.021706854421398348,0.06923902326700117,0.03919598854415151,0.09950472688987638,-0.020011465123568377,0.014457595720557418,-0.014018778058180748,0.05811369609446759,-0.20796038990431162,-0.0001634646024444967,-0.024376860580596536,-0.007883558839227348,0.037121327834793647,-0.010128837215487652,0.038774072021872795,-0.04272191857272123,0.07732785672890247,-0.038420741595015254,0.04164159671538166,0.06344136153182688,0.10713090964911308,0.017236955722225254,0.09031828141793684,0.03282310501696766,-0.01842959850300332
SEMA4G,0.04904712867486512,-0.007023513561412916,0.05395497314465921,0.001270032220909411,0.05078200100591688,0.021616286810964263,-0.011351712988683772,0.009427767965831954,0.041290357958140546,0.01769828020100472,-0.035107155751382964,-0.0028406806389913272,0.04255638005772593,0.06682107826694332,0.002028188552921984,0.04529435353098046,0.060923433313000326,0.08596125882213711,0.021083719884252932,0.09278513696090013,0.02737965424940651,0.06993523445657353,0.06547309504123083,0.11555402661731268,0.05440028282635499,-0.08638460232711484
SEMA3B,0.03399445123817845,0.12036733915597164,0.059815724349202425,0.008465729372306947,0.12139074648534191,0.07265444260115637,-0.0083115916604386,-0.04623250866354282,0.06717148113240501,0.08232380016729784,0.024398882946177765,0.07345204301362532,-0.03570354929671903,-0.012132076230153128,0.0373077958597875,0.16391797341034123,0.05205890532533942,0.02338689506307232,0.06372873366835781,0.12391052665597115,-0.04979366350674267,0.17856119257838476,0.13168236054954932,0.06326809267882795,0.09719215429550729,0.0738029462737618
RPH3A,0.0672107865870942,0.09006165710251345,-0.010774226532817082,0.033343685145553664,0.09596422243627152,0.05650556414344161,-0.025367115514882455,0.09847504446910613,-0.03592355993402873,0.14198324961357353,-0.037844579682767915,-0.06141909296187232,,0.049950066912019746,0.0688963338510462,0.11277072669064776,,0.06673941609092035,0.11242582901553229,0.09708201983183465,-0.05380466835283966,-0.010896291351331902,0.029865217666017466,0.06762388804482423,0.05348623958483607,0.03803581279137278
JAG2,-0.008363171470555668,-0.03972315956847316,0.0664747141822758,0.04305164521528903,0.06605070307101717,-0.013392253057041207,-0.006682070411904511,0.0757735025447516,0.02959195588178375,0.06656960129385499,0.006711545947126211,0.036166406344851264,0.02542627870277318,0.01007997135501173,0.038925624074613994,0.0628379643422348,0.01738512260410394,0.10544852744943645,0.08541008584981816,0.07690750967875122,0.10921730034483568,0.06847727271103488,0.04948233667546406,0.01926785733823917,0.044215874132924965,0.0357030927043935
CGN,0.007926706583848758,0.058781018294164586,0.0012843011316351052,-0.01343780983604595,0.10387108914005082,0.0048491177368040015,0.03497951542170847,0.05486222924945225,0.007298368865279901,-0.025133955253624215,0.03758303920753889,-0.0026378238793117663,,0.08165653642350221,0.029763722704193103,0.013203071909931922,0.03158953233886406,0.0692434123300237,0.049902671670711156,0.03631540343558292,-0.011092980940255757,0.027251463814462563,0.048126617672591875,0.0406068699617027,0.025925749467447298,0.004736945935254515
GDF15,0.02151295758736802,-0.07355026275103548,-0.022830326752909927,0.028751480430591645,-0.04680064599380813,0.03188695949328925,-0.023168226844463936,-0.050502153743313044,0.09978982847129948,-0.223463260375287,,0.025261615763563394,0.055924310035313715,-0.017902607509480896,0.15986431722164365,-0.025211260958791143,0.0828254877006663,0.117335595657263,0.026943694031066945,0.01976459060539758,0.02416911237411774,-0.011797657896401208,0.04795190657856681,0.15722156661751946,0.08239978980007436,
SEMA4F,0.07605450908792519,0.0228141562368808,0.02102831947697692,0.007782389704223273,0.10431945866444747,0.01445448280014346,0.014661957558708682,0.054797856927011376,-0.07877426029597685,0.030512474021391515,-0.012958480406910987,0.06495815699817457,0.09502347603540176,0.1156449407086691,0.05725917774704156,0.02094251826172539,0.008146853730107827,0.13650571162621553,0.07058205404802727,0.09742655593661725,0.06027201889344608,0.06476138291980721,0.003881369989286644,0.14686871664591727,0.112963631290352,0.02831257583385902
NXPH1,-0.04539785989329826,0.024758695809375186,0.02921051861233656,0.02833303760328599,0.1502479378833056,-0.028095452061319234,0.056069548111624214,-0.024747035987430978,0.01884570470093972,0.08315635941079132,-0.09670089509088291,0.08074136863329025,,0.01792427368532803,0.07601651265825582,0.1466401732824319,0.03201360428946384,0.04710374550304914,0.012930145234151216,0.07916347705883839,0.10256455276295194,-0.057758495230501625,0.07114767602090728,0.014472040540091723,0.005375399597816273,0.06468207098396213
ARF1,0.03350736470934254,-0.09180084545930647,0.056298615559140994,0.01448583298727046,-0.033783800601745524,0.060467469309527934,-0.053315146400003274,0.05597605918812022,-0.029123325532261327,-0.15446503662523645,-0.03018443124538944,0.06318380264090538,0.04790459304339202,0.03531380706665924,0.06024241662903411,0.09755729685496208,0.0024222389423639934,0.11961913051001834,0.02865516848178428,-0.051637284596885415,0.11960735579680072,-0.022438113537305918,-0.03471642969132819,-0.012481084882156565,-0.0013543430429847527,-0.047695512717268934
DSC3,,,0.017615882588631646,,,,,,,,,,0.011455281324572818,,,,,,,,,,,-0.03665412011841663,,
EBI3,-0.0062587334560766155,0.0651633388374938,0.055198446200230046,0.02163703341678886,0.006135930056494863,-0.0006641917376308683,-0.04110923597758321,-0.02565506798958064,0.05399840329816517,0.012264343854256666,-0.0008807133697491728,0.0657427273248879,0.01618654918703934,0.03312544167360605,0.04978943532409621,0.060229207453845635,0.16236477473293842,-0.025528903619313318,0.07383995473203045,0.14558445790576083,-0.05830619022658232,0.10775584329846354,0.031178398608295188,0.11837730217636634,0.06285665659780264,0.04402026937391051
TIMP1,-0.024257065893997273,0.09325793878082765,0.06999559324636741,0.04211221593198261,-0.1426339516944509,0.022135247388620036,-0.02873828144119326,-0.029087660378157677,0.17678725959871291,-0.38012046280188794,0.00414055839938504,0.17816903565748352,-0.15020871809583283,-0.1121692055244205,0.06800037670480456,0.04181680800372278,0.029121235027836655,0.16225895279178565,0.07144402779796608,-0.05917075193783024,0.16392361915618997,0.08293918739312107,-0.003447254781735168,0.0030222876715845057,0.0009919683696140717,0.03248392593471465
SEMA3C,-0.019654342325398446,-0.01697422959590249,0.027752832721557725,0.0404255415891351,0.02966809446356217,0.03202336199400238,0.043437868602888265,0.02308332448831388,-0.0666761960499101,0.011452373448870094,0.009356330225162994,0.042613814497804645,0.11834283544251803,0.08301808757571302,0.10997697705769895,0.014892652272768024,0.1802655131222129,0.07505606701796798,0.007404950905346993,0.08485986482737523,-0.05329461589496501,0.05244662957676086,0.0672410428251911,0.0555602952940534,0.003983015448055158,-0.11056281022085901
GNRH2,,,,,,,,,,,,,,,,,,,,,,,,0.024784199773070163,,
GAS6,0.027875266209262724,0.020214295933695316,0.027922946930012845,0.020639029244054294,0.11222081866965247,0.008259453225998935,0.020536217831485886,-0.03455266740476409,0.08495095526483824,0.03452193100853461,0.10221703394008019,0.05812453995596152,-0.06229061463941269,-0.025350292367691967,0.16068559850871114,0.012900281951252772,-0.00324071834584361,0.008596786998211715,0.001101663016272393,0.07831734082731959,0.1031026625355698,0.023436856551469824,0.27269253738904936,0.06591957458705883,-0.003817048278206691,0.029432551956746305
MEPE,,-0.01982215367914302,0.0387296520948058,,0.04943461925008881,-0.03260859360669567,0.027278459436082314,0.09374492359791464,-0.036057173193806455,0.08718103081895394,0.02401085440366372,0.013948927816157867,,0.11247998820968726,0.011562461825338823,,,,0.004669298795119717,0.06121469777434717,,-0.02380275576294925,,-0.008634039510095528,-0.02025196451646475,0.01443912383907535
SERPINE1,-0.005265014211449382,0.11219414530034842,0.0491839628867171,0.004899097557736508,-0.16377416615064036,0.017307878981450038,-0.06056931904955672,0.009405627362707107,-0.03762579833883406,-0.38224304237559287,0.012341998658720172,0.05696316977944571,-0.172926867018341,0.012849443670443036,0.18799679122978613,-0.10940767302898788,0.1016662291550864,0.11515412565525468,0.04616069564098433,-0.06102919648719241,0.07683901343093098,0.022703501358644258,0.0486599920196673,-0.055662982393375346,0.022756378681423387,-0.12330110567509708
RSPO2,-0.0631130113951947,-0.08763913934921183,-0.008591032350617695,0.016566620654927252,0.032937083930275356,0.0751112102991785,-0.00854711052565343,0.05980774520737786,-0.006816164793190772,0.014413257938720326,-0.05656326719379174,0.0015677700187620009,,0.09679555848414778,,,,,0.005226351000279332,0.03000767828731051,0.07499642711303986,-0.010093451606278312,0.019345184027795524,0.03372178982459603,0.007855352097561458,0.04250016292841868
SHBG,0.026189089778454085,-0.016209390387117068,-0.005611859122965404,0.016855510318259333,,-0.07518667929922589,0.03293064617619744,-0.06963808529033241,0.08356318350904877,-0.05081329231121391,0.04369800893394957,-0.00609315986915221,,0.046710787886994815,0.06080238517588858,0.004648004563802511,0.047208529023740536,0.00908759051000494,0.06795410581078551,0.0774424110653985,0.1097585848633953,0.05404814012612906,,0.00960343240509647,0.048134612084535136,
LGALS3BP,0.0995608981490414,0.2129494609977217,0.1318024608091769,0.002704518067590406,0.13259203332598388,0.10610422155158908,0.014198880365495601,-0.08889027331139983,0.08089613095902706,0.07168178472325976,0.10965943912509148,0.11818395741647084,-0.055661482171380526,0.00018414263217499815,0.07279808056816778,0.13245954938451598,0.06691926858616526,0.068100391364999,0.13976393233407594,0.11192317446116243,0.09371150163753336,0.08280287983936443,0.13667655819377342,0.16200594641519636,0.0886554500923671,-0.046017607752045796
LAMB1,0.029682119969601062,0.09904496477256769,0.101721324410739,0.006608401116499103,0.10830349275956178,0.015268066326391007,0.03217937431085289,-0.013943751382061938,0.11253844823439173,-0.15839763589595282,-0.04549036549289896,0.03517291628651972,0.03316137303331303,0.00924123921288833,0.023149386761830554,0.04639227496850377,-0.054191406083935606,0.2225694624481753,0.0458654827549224,0.09567897313418722,0.18088370688787236,0.043597313600042105,0.09607199664208231,0.05506239217331422,-0.035664908030676463,-0.025045924786124635
SPTBN2,0.040029033381076794,-0.03818584715906653,-0.023586086930447652,0.0008305001344277081,0.12091657134971709,0.0018538757891972749,0.06294054932555151,0.01837218429226887,-0.031589692773845275,0.1610126834324417,-0.06531945577240728,-0.00837266302850737,0.020082159818177153,0.16986093776016248,0.12393000913128659,-0.045777058883225356,0.0927871442103674,0.07147817584134335,0.005697798379196792,0.09959886757354938,0.04632595474482329,0.07508169202741478,0.019213296978340746,0.10226211776551747,0.051581179151525526,0.0476497513581896
COL1A2,0.07834875320862494,0.19085760539404806,0.1214944366120815,0.03578010788158159,0.028723525142841863,-0.02546011709267606,0.011964692879831412,-0.0552159608607795,0.18092050926507316,-0.15492605846860727,0.15234177377801653,0.09443484428967003,-0.12056921862758008,0.023512789223507857,0.01778303326594114,0.038817688129741706,-0.06724816196384241,0.03040432545137614,-0.005602986292268957,0.049724757022669056,0.07720569470998823,-0.04154111651836091,0.01584685753976193,-0.07397620638785361,-0.03804430098800066,0.009665310092791379
DEFB1,,,,0.008056202799522712,,,-0.05942419408371907,,,0.0734853260830389,,,,,,,,,,,,,,0.057518798361430715,-0.0008076512855231266,
CEACAM16,,,,,,,,,,,,,,0.018438943574158723,,0.051803142993910326,,,,,,,,,,
SCT,,,,,,,,,,0.03829268261169292,,,,,,,,,,,,,,,,
WNT11,,,-0.022271556891861267,,,0.010934859656389578,,,0.025921826528488446,,0.036472266943407196,,0.0033425455488634245,,,,,,0.03807424790339934,0.06433124553672222,,-0.011709913806677399,,0.045890024540591275,0.030971987150753555,
LGALS1,-0.07653053066482214,-0.13654088178702287,-0.03291971393811866,0.019663965446011653,-0.194656800903028,0.0029241174783781842,-0.024114210261215765,0.012606717989401646,0.09565500682408978,-0.2161188527373383,0.011597318947719582,0.11156872184678109,-0.2054609518040496,-0.014545945075385456,-0.06316370855622287,-0.11869898579232242,-0.0049820491735565,0.18911747698924528,0.006474118853529015,-0.09540045038156558,0.0009737551216890452,-0.1854612003126124,0.0773051320444668,-0.037999779907438976,0.008946770520475423,-0.06500689973449836
BCAN,0.08825708697887016,0.22140531457006274,0.010251257166116707,0.01577889972702372,0.11250311624191722,-0.046234341823621544,0.04518013504861475,-0.025817367148512023,0.10854356003000228,0.36916970476057426,-0.04384598335703809,-0.022312912825539714,0.02494664690879902,-0.10116165866663229,-0.04763476640924374,0.06865703495517277,0.07493237217896062,0.030575432886613442,-0.016574582256565776,0.15323107614075857,0.10893038576860449,-0.05851178369176856,0.14405294963242674,0.08763006554976219,0.01588427510520355,0.11845641805664622
ANOS1,0.011995999272127902,0.1569372848032871,0.05272722908101581,0.03841982444931322,0.14389545619276314,-0.033596667738249444,-0.05705776531346195,-0.03505764450840943,0.12332614267120609,0.04886649845322299,0.023914129791196646,-0.014849128268956409,0.040017980130281204,-0.031974772618861995,0.052781397822911455,0.09144765390338627,0.013957784608905252,0.09901651058378154,0.061843646982641866,0.13067394482858533,0.040826773259793156,0.057673832434890625,0.013545385591906833,0.1317859531963893,0.13337342558369858,-0.040933991837509176
EDA,0.05591357153718846,-0.025775507243885123,0.019712607657466654,0.01381814850910817,0.023816132285178485,0.03006078438763546,0.02117547213854033,-0.015623024809870356,0.060973018753366706,0.07376762848221259,0.024113805240573678,0.04349349730845434,0.053994247398100506,0.0405031154309038,0.006787364798195541,0.14090592800020177,0.030879734828603046,0.06313815684877706,0.053846347659932244,-0.007762312501187222,-0.015554536596419657,-0.008932199222245158,0.08445556517016425,0.029061728831770113,0.030636538412442932,-0.022961289870526785
FGF22,,0.03191124219054934,0.020801802107100736,-0.03855772118016133,,,0.019004399714877256,0.004803985008157959,-0.01432612181557729,,-0.00871423069366042,-0.02082265052207006,,0.09806262765654405,,,,0.00476888151603026,-0.02185998848562774,0.023532863984019978,0.037135695618481686,-0.07415181880726152,0.006682863733279756,0.016506029027250624,0.050181472858737225,0.1423683897911128
SHANK1,-0.03103168347028424,,0.023573123498571616,0.01931828966753073,,-0.05999548021944748,,0.0476536083899,0.08581357559013879,0.041108145807020324,0.0032460121136693902,0.003985747074463085,,0.07361752424148743,,,,0.06226635398821769,0.022940896769524925,0.01809159157867971,,0.07693724918591191,,-0.003916376585195518,-0.012712925437498053,
NPVF,,,,,,,,,,,,,,,,,,,0.018887402741696927,0.04481507503813919,,,,,,
RAET1G,,,,,,,,,,,,,,,,,,,,,,,,-0.017588188618013246,0.024394931770819236,
TGFB1,0.009367594143144196,-0.04864065596011453,-0.0017614316864645095,-0.013302334211725997,0.02087057534789064,0.038964215943083046,-0.017707342191902595,,0.04522854394155825,-0.001244482141609674,0.04850089129058292,0.04602469727406048,0.029791679373311678,-0.01034808739546108,0.07391139468290675,-0.018843940925163744,0.07677647542763025,0.1408101853223292,0.034570956171136605,0.08864108614941936,0.08527956862638371,0.00704492519053559,0.046370673588054086,0.027707601469050616,0.06700197560033773,-0.012446509737499455
MSTN,0.0491495408573454,0.041089791964318514,0.008168749238173184,-0.0468620798218974,,-0.019528899397331167,0.09840332376766689,0.05120019595367867,0.0503507780445202,0.013416376638474701,0.047303494872791396,,,-0.02073393031090563,0.010119503574844004,0.12553054543608722,-0.035731797053442045,0.08053683315362285,0.03745524044089543,0.020584250044112035,0.09771993887006214,0.030427488234328105,,0.06179537987566172,0.03803614865467071,-0.0030829301102183867
WNT4,,-0.0006238347862401534,0.00466727504909948,-0.009239689113666733,0.048602154396610586,,0.005333560849637837,-0.025446093177002936,-0.06381902161790745,0.008535611183728411,0.022817773009976117,0.0058102158076770065,,0.05784871293461766,0.06379818043710059,,,0.0005286837395174122,0.09542438399284016,0.09323662166479696,-0.017506700320782973,0.049710814768214553,,0.00997905778627371,0.0207943679518253,0.02208929945621656
TNFSF4,0.006013846806512657,0.06731240012530092,-0.00579764741480899,0.018948210849924593,0.03910999402955412,-0.006506567206829112,-0.020332525763374795,-0.029962729222558396,-0.03635383358459466,0.05169604398265252,0.03964543312159375,0.027973344334574417,0.08652824296070027,0.02739623692109167,0.04699579251709969,0.07061031904434474,-0.056726972444001794,0.019642029851180784,0.03373969432750711,0.05336014910575293,0.06926223422921488,0.023419860808999615,,0.10732230147319623,0.10160549423596024,-0.0553291823814165
NTN1,-0.007023985638315896,0.07853342286309632,0.12146066354050944,-0.034666410276499256,0.05392044531587443,0.06139450493961322,0.03440928975926632,-0.06714864603288843,0.1275925650186469,-0.1865120261472913,0.040539547200296365,0.04981609019288822,-0.04007037675363448,0.03986701302709626,0.14543354265969569,0.11506814929928427,0.05858824023492636,0.13596480252970822,-0.017984711417663207,0.08937808805181426,0.1307751391816183,-0.028939636082532867,0.03341929189317087,0.16223428240043958,0.14022242721081865,0.016628717655209166
CXCL12,0.02289901668049938,0.08398780708840889,0.07240322719079416,0.0465789968563672,0.16489629429207345,-0.008343871967202711,-0.0023699803524635773,0.03993042716847742,0.003258324302426748,0.049350954753786334,0.10597290852154087,0.07776915879725413,0.08774808335482615,0.007482127026488212,-0.09178835611328909,0.08335253827283617,0.008973887380315135,0.04879452930804349,0.026213185712024637,0.03914314496510428,-0.03943760997149398,-0.055457825522317206,0.02903566622772402,0.04276783213704436,0.005584271914075978,0.012442256921712962
GNRH1,0.0146276255260714,0.00327844277265031,0.004578955605681202,-0.013997776715746906,-0.0449019661262955,0.04162225477677908,0.035383354531309086,-0.04035003827388206,0.011335059494046177,-0.04623144416268357,0.03903380227448545,-0.013519341572677111,-0.0010811768267306036,-0.002116644553532814,0.07661230901719308,0.09162807949335752,0.012625808171564498,0.0458245106060933,0.01332205834015647,0.04398779738437111,0.0196479684067992,0.0017523861137373692,,0.044865344210969806,-0.07250734719887733,
FGF8,,,,,,,,-0.041859484301959585,,,,,,,,,,,0.026233184112420815,-0.06914556592129957,,0.0025452252761024147,,,,
RIMS1,0.062458766354648095,-0.08072334791017183,0.048319593195214776,0.011266064868593896,0.055978324166450814,0.010678693609339518,0.022277666924804117,0.009327654609708138,-0.03788687696672041,0.10231004656629575,0.013342839193176213,-0.026007268703931344,,0.12433749926804769,-0.09845385382027691,,-0.011319561813514374,-0.021448950311989567,-0.08711762052779698,0.07549615622569762,-0.004447319673074381,-0.030212140555649938,-0.0026589905503740874,0.052157298500017844,0.02124823407530005,0.0449405592395631
FGF14,0.04006953227814255,-0.0004026693061823585,0.005586903425778139,-0.037525015322324204,0.10967388282856837,0.05211401489740711,0.041926215028704944,0.005762896254863983,0.11278998424783554,0.11179032719208616,-0.032257400096582,-0.06727470113736997,,0.14380086048377752,0.1042385915373721,0.06883947824841494,-0.05111259356872295,-0.03120098002086844,-0.06515632150990112,0.07929254368685086,0.06675064348914614,-0.03494226412524656,0.11940925635526586,0.08419505506516994,0.025129744737117286,-0.024289222226772607
IGF1,-0.04500844708366985,0.017559096754720532,0.003429414601817399,-0.02437382753530463,0.07474730855393484,0.003171636836200486,-0.012075317579877664,0.019767612417634802,-0.020623335088382794,0.033646397390486464,-0.05842144953928018,0.0712989902717087,0.12813832487706528,0.05785404205323303,0.003043815208511083,0.10772789353545384,0.06698364636049085,-0.03749178954709834,0.07614506179085263,0.09446521596005238,-0.04099411911945739,0.03599037440865255,0.008639581929151005,0.14134853831501212,0.07665909941066516,0.05248777113197458
TNFSF10,-0.05123128281207373,0.025737391529806083,0.021971637516868658,0.01412163454434032,0.033132208795404114,0.049100754560746335,-0.030825511732151638,0.02012915787567598,0.10913963940130424,0.08226341487125982,-0.05321714512522205,0.026227649938750073,0.005213249319440362,-0.00425583525656154,0.1410335266447342,0.04159772246735661,0.02501074026451231,0.028606671814250854,0.07853594281321398,0.08312859839830616,0.1049214364416748,0.045424538724872975,-0.027966964052362934,0.13911704056506508,0.02324647437109456,0.024806150293392257
GDF5,-0.03362702642584372,-0.006618855520306845,-0.006032210048709475,,,,-0.011786515394155594,0.015122405797614686,0.0028048494358728893,,0.004775292798077688,-0.04319422867595137,0.039879636116688,0.017684289298710684,,,,-0.04756308254717498,0.015435593428363762,-0.008442134055726386,0.05591893088632553,0.0817384374123744,,0.107566772674213,0.010803593149746485,
CHAD,,,,,0.0407425049403666,,0.021460117201994863,-0.008675973390185224,,,-0.08221186398919653,,,,,,,,0.009441299393306804,0.009679998785836818,-0.014417049808628544,-0.01881947712949154,0.038015582330808914,,,0.01663838360784567
RGMA,0.023987397065809938,0.2263042817991056,0.04426586472985109,0.005613538390103,0.031172055021012057,-0.0035853831150023264,0.078356774674461,-0.030267747806417777,0.1077558162036975,0.01448064017222269,0.10378093985275022,0.061571216954805164,0.10011662623180176,-0.07747339166663568,0.017285228399185133,0.1259323806772196,-0.018715422291269608,0.1613356262011211,-0.035675869212352496,0.10886315495868613,0.05696991980485195,-0.039645134024239095,0.15437163575036605,0.1441309243058713,0.09865815843391165,0.1113005653355186
CLEC3A,,,,,,,,,,,0.010631583892640264,,,,,,,,,,,,,,,
WNT16,-0.025958572210513488,0.05800959543380304,0.04949723486870421,-0.007838934450776281,0.036668265874690166,-0.014006070133650843,-0.035936637552471215,0.057790686244167784,0.06651473364188931,0.03761991049351833,0.08876574721338434,0.06789378845593333,-0.00936176668774841,,,,,,,,0.02618532205057496,0.00262886364776453,,-0.013379348199636454,0.052890896508378346,
CX3CL1,0.05256491283612087,-0.01271282388157485,0.07671640622082691,0.012779233775440116,0.07295553310255948,0.04488926332292246,0.009351148163766334,0.16371757928580447,0.03222761725451708,0.06312497741106932,-0.045396656334488236,-0.0636878572334273,0.04337097744871607,0.1347358518511197,0.1668176047083355,0.1399698049770612,0.042413494675992265,0.07489301071611781,0.06955856828818971,0.07792336308735798,0.1514500887271997,0.0593365021643394,0.024711864607013915,0.11093546198497818,-0.010482620060588891,0.0756039732693705
FGF1,-0.04799896599965807,0.17643992409155787,0.12640307928040861,0.02353102107389934,0.052168307761044634,-0.01028054458825607,-0.04507206690544467,-0.004612383576608195,0.019327494569848083,0.07799876796408797,0.049315169043724794,-0.004380817575448151,-0.011670014863686578,0.05954636313537499,-0.08066587387625211,0.0010311877871705842,-0.046427883042908936,-0.07686893861178024,0.03786675415070742,0.14105926815862146,-0.03166735584777259,0.12160942378930102,-0.023020005375070676,0.12390020599273316,0.07549379035756659,-0.03778761799341221
ALOX5AP,-0.05928810128547915,-0.12665625163520844,0.02332158410368923,0.05761113227473359,0.07384725909676186,-0.0026477718522756174,-0.049526480202091376,0.006216048728234635,0.13972076212358264,0.2757082852649677,0.022970348877533006,0.07698717432347592,0.08433857970019829,-0.04559220821669178,0.15457877740343048,0.009401140993194362,-0.046932605070039865,0.03191757816345504,0.08389179515740923,-0.041452875311346324,-0.037602016116818106,0.05156857256958391,0.11940554082747289,0.08415079907247805,0.03277861547699576,0.08499011875708727
IL1RN,-0.011716112505607607,-0.010130278282951065,-0.061626859165667916,-0.009493672853317656,0.016543072360989574,-0.03319959914189137,-0.02677378093141044,-0.018766266171894374,-0.026200848193184773,-0.11966432147943366,,0.09711985529194993,-0.06939897544014087,-0.019135460881826234,,-0.020794482304716404,-0.029610940560790756,-0.014348140121876704,-0.01275497172222912,-0.03211153506681921,,-0.02700620918373781,0.01236415898215865,-0.045750113992949835,-0.044059152031664085,
PCSK9,,,,,,,,,,,,,0.033186828908538385,,,,,,0.010921369503906524,0.06088982885547838,,-0.019182095562025908,,,,
FGF23,,,,,,,,,,,,,,,,,,,,,,,,,,0.06859460884781086
NPW,,0.00035341807205710695,,,0.014994027719990555,-0.0468905821738304,0.016610348792397124,0.054453866193546516,,0.006395941246438275,,,0.05818050539414764,0.012455542414290715,0.003640427008144158,-0.025144738659861443,0.0962642379719746,0.05943947857295658,-0.006267727412190293,0.005175693400643618,0.02243383613052065,-0.015189607704734945,,0.017337195936120788,0.07342472589312067,0.0014736286700407794
CXCL9,0.011730054265840692,0.012689673948433396,0.0007951076088092199,-0.017092488715274374,,0.018994211007050586,-0.059990770850034625,,0.021491670291639422,0.051233700648762454,0.04350725496877711,0.005085050045928583,-0.002594244696488373,,0.12005587841684365,,0.038335358770812546,0.015266995115079077,,,0.006038937139583767,,,0.0687988666543107,0.12217397256401942,
ANGPTL4,-0.04639942856082053,-0.016045046499508074,-0.017846973024988888,0.05114833096976153,-0.13414295408270863,0.008729667209258751,-0.006482294067172349,-0.071982824837042,-0.021987518171114766,-0.042136962363787396,-0.014909328581384065,-0.04041351504334202,-0.10840328504852004,-0.06550794974496374,0.029887627376628523,-0.010957198006467028,-0.037874228287968784,0.24355573058101543,0.1179250271584447,-0.02495055621456234,-0.0043952865725152244,-0.015740685334526362,-0.0640844642141458,0.09183925758181628,0.008301599518713456,-0.0385274799233736
CCL11,,,,,,,,,,,,,0.029559622701631344,,,,,,,,,,,,,
UCN2,,,,,0.016639802273277465,-0.0026432031931032567,,,-0.019265074452064712,-0.018938892561600692,,,0.0408263160963596,,,-0.06592876127864404,,,0.031468712116321594,0.01810470910351179,,-0.011846929987113489,,,,
OBP2A,,,,,,,,,,,,,0.02026064554338311,,-0.05229238500920899,-0.06620310287272581,,,,,,,,0.018119477580778868,,
COL4A3,,0.029379120384069802,0.007417908998801006,-0.0323889145557858,0.0633594641532081,0.002474000829082943,0.0703864073341513,,,0.047396048879343754,0.07154055494058037,,,0.049007579234806406,,,,,,0.01133126420214132,0.008085580059323269,-0.0322369300860295,,0.04542775472119341,0.027794296835642152,
NRG3,0.00640096906759053,-0.05151294804942582,0.0007639871694444126,0.015043268848158167,0.029293949560848936,0.04692449123145577,0.03612492065023301,0.05402619397845365,-0.0882994153115997,0.09775213111442603,0.016569311638394688,-0.018679833463430516,,0.11558292597018728,0.05833245460059009,,0.02222401019320098,0.057343226031597756,0.05604578557075601,0.05353040072705273,-0.05198450523048327,0.06781669103881137,0.08970192494309356,0.10511858050334609,-0.02523882679130644,0.022639856511920086
IL23A,,0.020688478555423422,-0.04313072783681256,0.057225137138087495,-0.023622812660723767,-0.006276835658401826,-0.026798850118742397,,-0.006329238311205702,,,,,-0.02263055822426328,0.11428381053442165,0.02817319226135887,0.03000830887975435,,0.06267541434817929,0.04757780226543783,,,,0.023953213530213555,-0.06506922747189536,
COLQ,-0.012678294842414227,0.004857896742741296,0.01685449564682877,-0.0302539843382632,0.03797531774422731,-0.06070091308784135,0.029595993745110523,-0.014870862675946414,0.03442093987044499,0.0019105745919170652,-0.006466430954821361,-0.005687475883802921,0.06409643107277142,0.040899685056963814,0.04977237815466189,0.08993711238155473,-0.031972079266668695,0.09208697622298626,0.03332855582926315,0.11152706727711886,0.013703353340525795,0.03708817598120071,,0.08846529961707018,0.05518802337741535,0.05579202429840667
SCGB1A1,,,,0.015779309984108564,,,,,,,,,,,,,,,,-0.015479473551093336,,-0.03207632810838043,,,,
TNFSF12,0.024694287433628934,-0.03857153598619432,0.006005486478963981,-0.000525119898557968,0.07316884322399209,0.008743334105900837,-0.011725825090146542,0.041224493977035016,0.14667402931764104,-0.030225612041752784,0.03554610333704356,0.029444000500041846,0.08291022618550235,0.0949529041886409,0.0942163674601286,0.04264021028409417,-0.02567409286443007,0.056032767898725376,0.00631008137987611,0.05432762890577921,0.0755113626477189,0.06883544438309791,0.041830104263479516,0.09738895752458916,0.08041069338654247,0.023373926502064046
DKK2,,0.08303675997364789,-0.008372904586216725,0.002046042905724933,,0.04636403909381969,-0.0037660386563034484,0.000177779912259147,0.012357186988433154,0.010645666003247815,0.010533952555184993,0.016992325354947418,0.09537325101416029,,,,,0.07259120223199529,-0.006221298174330749,,,-0.008514215798441306,-0.010450472771374012,0.02312228010119586,0.04359929983152435,
FYN,0.020174137781704477,0.25328154182009704,0.05622377530040331,0.0021532466571433477,0.1484021156241306,0.006180122070702276,0.03060994675306813,-0.05152577302035624,0.07496946156919303,-0.03741658784352144,0.0566064268874631,0.051030991138699,0.1016409931629392,0.027101155849178063,0.09222950882378524,0.09000967702654583,0.04856649811865057,0.0832587827293332,0.01299858075475073,0.08623928591411242,0.11407538403619392,0.028574958627164616,0.08231389448848132,0.11959614244362185,0.11738463409399477,-0.07225428108528215
ACE,-0.002739939430078267,0.039898777449311806,0.05600156308242657,0.004757843206904069,0.04324071934852421,-0.030016301696662598,-0.010445841359670362,0.06458052679293741,0.05011586733046899,-0.10232493574715595,-0.02736782053851804,0.009763837206287467,0.016076379807452267,0.024808680626036746,0.02946564603392566,0.008945255893398462,0.0054305645779224605,0.09233550464050262,0.023203147891412,0.09969762199027948,0.14426225068434073,0.025192388798955426,,0.04488831035467247,0.0425068472130093,-0.03939502140279613
IL18,-0.053083546352746,-0.020801823593917947,0.05639012682234782,-0.015691218047121015,0.1278473570037928,0.0461141540793114,0.0481881846364653,-0.03047826481101766,0.12030544971808022,0.05244388891959582,0.01724884561631227,0.08528822597329863,0.05596692944793728,0.052294671556164594,0.02895648346587263,-0.0052292094024223475,-0.036439201693413845,0.02956921254965418,0.04609668573276584,0.06881555836575454,-0.05477285176041871,0.04499328839782514,0.0965252979715146,0.14530555449894939,0.04309430856908508,-0.03425103319564769
PPBP,,,,,,,0.0017492772885229367,,,,,,-0.041418078048912184,,,,,,-0.07046932076214435,-0.057749604550759094,0.09801981501631953,,,,0.018945494812763673,
CCL27,0.029803712404476573,-0.0075361054027930615,-0.04574314956343497,,0.01409713988646653,-0.04130856187546757,-0.0018413850699442625,,-0.02353212882246307,-0.03826720208842008,-0.012359379989576053,0.10357852387045494,,-0.028612087581237334,0.009816112200695604,0.030379985322890445,-0.005798511426755799,0.08007214142810622,0.031808193809680654,-0.002791801603944896,-0.027175158969902077,0.03410858296328096,,0.0703224446963344,0.04200330675357331,
SERPING1,0.05957668364685745,0.1485374255534585,0.12631217103557904,-0.0015828837222451808,0.05121897131039968,0.09521050222166776,0.03158815119178386,0.0011278183196345563,0.19312788059533592,0.3294143457304586,0.08439884610132493,0.12841489812922796,0.09390583668047367,0.07248712201394898,0.1437677493925211,0.09914259768784581,0.026601746894138842,0.130870419705536,0.10952918464451263,0.0900335813438426,0.09468530241764518,0.03322877685905768,0.048010179654816645,0.20777615858404072,0.1015016604774231,-0.019121937372964783
AZGP1,-0.04213358730523483,0.06302914709472154,0.08920181360473771,0.00963663191875059,0.03606161651400507,0.06889168642468071,0.08584902213593938,-0.0321535475815856,-0.014990842027703902,0.12724948004031786,-0.0012777160243995288,0.016551993456958847,,0.047162194425108175,0.054826483380821904,0.012589180772237599,,0.052837278097781853,-0.01885910189116698,0.08978904230116741,0.143530972593718,0.12175567567457578,0.11919980894124506,0.15389970667783126,-0.0006407826765080132,0.07616711754768739
INHA,0.034040938048744245,0.052918635918341825,0.033997809252585005,-0.05672353330043035,-0.024730960319735124,0.08740891252822194,-0.005481835051129028,0.02784816525873421,0.03464604294554372,-0.0866774966783795,0.017147519468440595,-0.0016483306928027014,0.04268485150793411,-0.03386436951067378,,0.016934323961004704,-0.04842316426358053,-0.05940670862975331,0.034446205234387184,0.05474519502288393,-0.005974197020720854,-0.008956638202129212,,0.0869178299955937,0.02057077282156943,-0.010604256100090095
SEMA3G,0.09680507669952669,0.051698819470454314,0.07181836793824269,0.033923747308500375,,-0.0020520185921891676,0.040731719764330584,0.027249858546974776,0.008244036088490886,0.06454571420481613,-0.04418560160270773,0.05375517700398064,0.030589460908316532,-0.01133918926175934,-0.007752262836321895,0.016912500204495754,-0.03701296769265328,0.010896283823775306,,,0.0312749960524528,-0.006213897384837333,,0.024605728418016243,-0.017779172249992856,
OXT,,,,,,,,,,,,,,,,,,,,,,0.03726304948718459,,,,
COL6A1,-0.020387759301817746,0.1746376456726237,0.15061613186090173,0.03460322347457896,0.005819035625246854,-0.012220800920413099,-0.02816581063734541,0.000748168282109628,0.17919971324837494,-0.32913741987420225,0.15137442327964426,0.10998817402871865,-0.19694228206799574,-0.11266448132430608,0.09430962760660658,0.08788811464190667,-0.05236409809392681,0.09869022784593814,0.07201034084943887,0.003520897079820046,0.12298470170739706,-0.06462437202463431,0.11844223087708569,-0.03015684601304261,0.026376495430427794,0.032208466232415696
FGF17,,0.005449713150273346,0.024077353447879056,-0.031348149743483204,0.010939755589562825,-0.03624387014121333,0.010269422983386236,0.0654267458003309,0.022840977100243746,0.041397803896070215,-0.07398230953202992,-0.061774688891982815,-0.024026090988661635,0.021854567662089226,,,,,0.05650390119497168,0.048927392218564285,,-0.015508005429417356,,0.022147048381815287,0.006033535346974032,-0.004537034640728108
TNFSF8,-0.018534072185018426,0.02325277883467807,,0.025362323258572027,,-0.024663541174235828,-0.02677072510215094,,0.03870057245208972,-0.023328889834652977,,,,,0.017354965430427794,0.00520590070864446,,,-0.06413704065106866,-0.021072070081075225,0.06606456415700522,0.024669404495083452,,0.03039717203432337,-0.010822722086778742,
FGF20,0.026152806271404393,,0.04861792687011132,0.020644764306831178,,0.0845525087878229,0.07149012897806375,0.008747338991545603,-0.004700600224458992,0.027316109747188386,0.028426410910900746,0.10794920447060602,,-0.04117721668788928,0.02136612713731614,,0.008826336537416345,0.07882439547222474,0.017080210933527813,0.00938872931398571,-0.013776405949353776,0.065818399792977,,0.060034174707441226,0.05124855330035688,
ICAM3,-0.033220145547313056,0.02339684505565825,0.05193987652945406,-0.0080644877586353,0.012226611660817514,0.027988480559832475,0.041177816845056836,0.014514096475856442,0.10890984051096418,0.024025899523929792,0.04282350173799,0.05308817854767473,-0.022573671830221693,-0.02031667321669569,0.050598340637653276,0.05936940157518754,0.1251424977563267,0.11129897622319622,0.024734538964168266,0.10789049727701656,-0.06130543454504865,0.07087544340438476,-0.05753644757265374,0.1726470768246361,0.05152114112401893,0.10125798714967789
LAMA4,0.05725955811349034,0.11653422317518695,0.11625354409771424,0.014994967438340641,0.04536112380270073,-0.06920073721174419,0.014948688067312255,-0.020052236189839326,0.1559017001339047,-0.09762938284141545,0.03989822410443236,0.06325904041316052,-0.015194081874678744,0.04579496161193658,-0.0013388779037345024,0.05740114232363765,-0.03058010419552077,0.0855187751413885,-0.031866448508604386,0.04826361591565755,0.11249174614405362,0.05933278952247116,0.09369026458696382,-0.044559989642087225,0.06149580905059195,0.023984120807453567
INHBE,,-0.07633243223385879,,,,,,,,,,,-0.012284730213990857,,,,,,,,,,,,,
DLL4,0.02602906117705813,0.038353716787455965,0.06809015667122895,0.03280574289665183,0.06116544079607338,-0.039272315576292356,0.007018364886207145,-0.030647519717831057,0.12222733452595408,-0.01362441766421044,0.05484599942671078,0.044727511821851085,0.015210408633449496,-0.003804254515088641,0.12540605803225982,-0.0246549472556186,-0.06452310735297369,0.11672889972770663,0.059157593401516516,0.11852009205508492,0.06608044561761246,-0.010588308900266167,-0.008973043392934688,0.1301893921992176,0.024127769635736936,-0.016187615459037123
SEMA3A,-0.013290352524547905,0.050435039542773584,0.04307334633383651,-0.042391076819273975,0.12010469709064357,0.006680440788519157,0.037700169508406066,-0.006189229795006819,-0.051805607749255314,-0.09215900707515148,0.019488229127621375,-0.0809986110635249,0.013375004621866183,0.09786931332532174,0.07002479752198615,-0.025328877859696782,,,0.0439708917391622,0.03056278326998695,-0.017673221208052575,0.10476575696545103,0.016219342632188848,0.11025900761518119,0.09795547016901028,0.030114225676496572
RLN2,,,,0.03446385572506912,0.05648912182216554,-0.06643685100076865,-0.06217104336332495,-0.015636590216373713,0.011237260293358869,-0.06160279078051627,-0.013436753500698723,-0.011071327884779578,,-0.001978616403471155,,0.048431549753084786,,,0.053132918892678335,,0.11168435393607182,-0.008989756538954258,,-0.006443959858781588,0.04220624792267797,
C5,0.04614969181769547,0.07886985174583436,0.0495518037110703,-0.07103210004984098,0.052722072622002576,0.013996589175858144,0.0008918150681290521,-0.04792063087343063,0.12367518863250739,-0.03656993568702573,-0.016018890250240343,0.03847221786314416,0.03174799152188074,0.030891910000729886,0.13058016979974318,0.03015006626366899,0.10714420757437487,0.029660716043609623,0.05782203738964627,0.04572845961283917,0.1201951960514525,-0.03421633396950247,-0.009858323465263275,0.08568179432923866,0.04021046167188151,0.06004436449874016
COMP,,,,,,,,,,,,,0.1369596519078871,,,,,,,,-0.05896881743260079,,,0.014014328554548905,,
EDN2,,-0.017173066324286643,-0.07657838036606865,,,,0.004470763165635833,,0.06289900821501884,-0.12883827396039643,,,0.035832999018553954,-0.04567356959861062,,,,,,,,,,,,
C1QA,-0.11862297124284787,-0.0997983991973449,0.12360667286148798,0.026845102802045096,0.12046464532183301,0.0010759798579871665,-0.01503304360710297,-0.10485209342420643,0.13664179540445337,0.15633400474776227,-0.009237019376065322,0.10340253393534501,0.12180311613158526,-0.031660348439178636,0.07482597854352654,0.04421538827179681,0.04291300119723271,-0.048461794966324453,0.09964570156873635,0.11751590304490744,0.056345629660119585,0.0974731893944149,0.08001309666918009,0.04188964229534109,0.13000030871655838,0.017730074694646443
UTS2B,0.0010261873315341491,0.05871993152435611,0.005380478557221215,-0.011705043151865362,,0.01730839785170389,0.015664478539117854,0.06479853810648857,,0.004772675333130559,0.03888974740151097,,,,,,0.1139600811389723,,,,,,,0.046540448089774714,,
COL9A3,0.0011667615385288663,0.17097366579055578,0.028254977938435562,0.02588452397225632,0.18356998957888815,0.005679845521405488,0.048810154885959946,-0.03361632880735194,0.13382959251976284,-0.32580826325838685,-0.018048527525840897,0.04679988524302774,0.12295962280786488,-0.06912327064415312,0.021186769033930093,0.11221486704817725,0.02962709784229357,-0.13949435264602142,0.07342489397722829,0.07262328178638744,-0.023255510187867458,-0.036774505451496825,0.15008142929888743,0.12423982212470416,0.05850589195098715,0.14022544855144153
DLK1,,,,,,0.0211356708401067,-0.05077002538022568,0.06529137258979434,,0.09597544981875418,,,0.0967385305139788,,0.18601606018059655,0.112177346220631,,,,,,,,,-0.016542612871399548,
HGF,0.02525269463667538,-0.0169324822359714,0.017650402874524858,-0.011763342876047059,0.1367076727324196,0.03573449763332318,0.02126016567241111,0.015384891133048157,0.014850538361689565,0.0808487661022243,0.010990386373336441,0.0007056980215540357,-0.06940067269391399,0.04360680359896081,0.1351501771359707,-0.08057435557344682,0.07656154530618087,-0.03315134410596715,0.08115541853026338,0.08818414046772427,0.04919334517207773,0.001695436867604319,0.013159640078604524,0.09036824724605598,0.03519183614400045,-0.08920558517905681
GIP,,,,,,,,,,,,,-0.024610437552141932,,,,,,,,,,,,,
P4HB,0.0009305979746685738,-0.08547671866123338,0.0022168920771819746,-0.00884700978275266,-0.12232269563003124,0.001478254937348986,-0.0676210225639587,-0.04825331104558422,0.12585743025292845,-0.328743748929046,0.08289404343541115,0.09493468244474866,-0.039782154617485896,-0.04367396312214277,0.052358316441507465,0.08412473413523447,0.13517046409501268,0.009743134005779995,0.06494411696888336,-0.048696463921987246,0.1511737766214229,-0.07149051831562057,-0.07369365763871011,-0.04813921487966736,-0.030447779361597854,-0.01373070565856532
ADCYAP1,0.009678096163937366,,-0.0011976758325503668,-0.005709119581965765,0.06307108773909718,-0.01824575349559933,0.022366656280252927,0.011835365715860288,-0.044062410781470704,0.029892018731391586,-0.04568380106824801,0.006172212304413888,,0.11941550773239322,0.07034609464975115,,0.00692166386969443,0.07574077481105466,0.08031216177782341,0.12054159257067293,0.10099251622832191,0.04059014556485361,,0.03180463111597672,0.017160992630256732,0.07305511137657279
GREM1,-0.02590445865647264,-0.01324844971098495,0.05578272776979285,0.03909747675549258,,0.015812691419388528,0.004003123276086433,-0.0036680580066861847,0.06504197994986836,0.08231553001443512,0.03145315014785659,0.07570681717479613,-0.04457965043642273,0.06383131931345534,-0.009398178459338696,-0.008242315914147222,0.06939244531397692,-0.038133427944602304,0.0035100756090959283,0.010703763845283673,-0.06464471701342533,0.03428763154327093,0.08084113840516888,0.02206411843178031,0.03236394340255168,0.01930639759899553
EGF,-0.001185691473379821,0.09132497667159266,0.024595359264535863,0.017001799356766597,,0.08289433801850787,-0.0018563754907559916,-0.015005632810782097,0.09953819710451192,0.058472915833515667,0.04403313940128048,0.02319509186670515,0.08027371421842999,0.035331493695731186,0.08122588474599682,-0.005123577811793322,0.048208056525880526,0.04505143411920917,0.020140924839577475,0.030965464338939427,-0.0002556005918779992,0.011190981115411442,,0.024117964688145015,0.10236642921848949,0.11026585380007269
VEGFB,-0.016967821449798,0.0018553024473905231,-0.032485134711787704,0.02461475758762211,0.022136235552132136,0.05138716666217135,0.01763225600664576,-0.04851145284963762,0.03205438041415152,-0.09789347568674095,0.023402488652998883,-0.017700846659606837,-0.058608868634547465,-0.09379627414880766,0.05832105797284619,0.011869906352647437,-0.019683404897990055,-0.053864769257293,-0.0009403249292653727,0.04158805535936195,0.08084969468273459,0.027701074327408263,0.07892907916467343,0.05263600521252541,-0.0052960852190719054,0.014393008380097723
FARP2,0.0680839764581948,0.11374376770167233,-0.02603242886050908,-0.0009720916785170927,0.008719558571273675,-0.027710624694646146,0.032461404633434526,-0.02293631175860205,0.05550650575712181,0.035190274548286576,0.0014476444221333058,-0.020179874553144246,0.08285223258629865,0.03765016721895272,0.09900740480008174,0.10248090169854773,-0.010473219130813718,0.10691787320568984,0.037666432384775364,-0.008973311392455165,-0.02441113334440084,0.02669954240790049,0.09612439318950033,0.13882857260916914,0.07005748104190948,0.01185660535109995
BMP3,,,,,,,,-0.026785004273151364,,,0.026726615016085274,0.03365732592489186,,,,,,,,,,,,,,
IHH,,,,,,,,,,,0.05774801623660291,,,,,,,,0.007628511673460579,-0.044047878563476583,,-0.00816893583860024,,,,
LAMA2,0.04409861651783888,0.08882084522263455,0.058720422188130145,0.02654693017823865,0.1333978937182481,-0.016439107728669206,0.038409456695665235,0.03065665120217095,0.10927399174243421,-0.15591280528846763,0.031176955945943583,0.05080658194186038,0.13864491711792812,0.012897677628784696,0.07406710914540703,0.05354572832943637,-0.027985964091231746,0.10605532256405296,0.07105758438333395,0.16866194312777566,0.11853660921475515,-0.02885766272664942,0.06634243962796349,0.0006971715443652805,0.033777472062900764,0.04223487351403482
SERPINC1,,,,,,,,,,-0.05645761784485145,,,,,,,,,,0.047360140308531494,,-0.0009189459009427586,,,,
NRG1,,-0.03766521077621812,0.04761039573156826,0.0075755222752733505,0.034547508886928556,0.01573683862649662,0.03603905250745685,0.0239777004656451,0.05874478954656635,0.07824923253198975,0.007868471979732984,0.05906998139564098,-0.05130846037216761,0.11434124747135525,0.06437064947253075,-0.032512490831505536,0.07795604170312152,0.05224482948447156,-0.05483728178325962,0.03333683611090122,,0.051621544917536635,,0.12542397587215506,-0.04595209686094527,
SPINK1,,-0.07614377365725686,-0.021134829687790402,,-0.09106229267510811,-0.045572640356319444,0.025519792400151158,,,,,,0.006582616739105259,-0.037224306250442436,,,,0.04364026105865752,-0.021933209809539563,0.05649275009434549,,0.0013985009343920737,,-0.06226830342028056,-0.0702654021871806,
EFEMP2,-0.01564275628529023,0.2018079462223216,0.1167843654580394,-0.022727816098093698,0.07649987056918962,-0.019828799907571547,0.00038502047583648656,-0.030097511155319556,0.17192668499427172,-0.18513944568644888,0.015465478055651705,0.08485743243365844,0.03555107917472623,-0.0465879611227138,0.009439655257608792,0.05748138686111371,0.06563616171238322,0.07865863636760757,0.021920638116615737,0.05798205590958877,0.07453489701332348,-0.030808133626803052,0.18951785771294435,0.11863787076700046,0.04875951602086123,0.10195638989363207
SELPLG,0.11410804792770554,-0.04099612635473137,0.0878848200792997,0.0019762311743240935,0.09577718387018698,-0.01574683207703625,0.045399705689090984,0.02044864531213254,0.11154312185098865,0.11396216975326091,0.028032894706095945,0.01019156345798257,0.05607373685813888,0.035013555023513325,-0.047846925315056514,-0.06283031428548673,0.01622030990257071,0.11418522529516922,0.08199480352989826,0.11786607361020264,-0.010964072919288298,0.1014475429054704,0.16933388320293583,0.19514260046483106,0.07299157655005879,0.008674798783037544
GDF6,,0.014358174811438498,0.05345846860073624,,0.09850978164887737,0.0137035062435961,,-0.06607289924787653,0.03549736907299589,,,,,,,,,,0.04960397947329764,0.0022732606825290975,,-0.00551445839783592,,,,
HLA-E,0.04838992461443035,-0.06941897195883785,0.07176410584782625,0.002967424157917505,0.062237942440034784,0.06539281205416264,-0.007491771680927214,-0.07417423683853763,0.1490113283887796,0.1757910150899274,0.033127216896254606,0.0748740221696542,-0.004238781782615486,-0.09447552221869408,-0.03304870877164463,0.06576199154543906,-0.030262874897439566,0.11722888036900277,0.04694284669237233,0.06650822478399286,0.06655286129366829,0.042173884800840195,0.0429788236111514,0.019169582981122025,-0.062086847951999216,-0.05552109281227998
PTN,0.08632043521437271,0.25179490239931906,0.07828225679136497,0.0028004189285544784,0.23732154937263228,-0.06437348800506205,0.006323819737836892,-0.14750890435405878,0.12186336882074507,-0.40165203465927896,0.05455457928087479,0.0972623939988716,-0.02647563856456872,-0.09968510782298139,0.2143536545327013,0.2119904284474226,0.004687497992958197,0.14476486027040839,0.05849709091970571,0.12175597813912456,0.18666379969490854,-0.1988954210697953,0.15292935534121158,0.09476984525153224,0.1384095661823248,-0.07397363099814172
CD274,-0.0067249162381561286,0.013642149319030366,-0.011232354967153722,0.043038255904729296,-0.005833460850095534,0.036397934222039796,0.021045866692653,0.00984345569767448,0.052709872267058644,-0.010947407664084256,0.021508023802139162,0.05586388777293322,-0.07859962607478643,0.0186498571714429,0.09222922964905249,-0.009161467928184893,0.028570468478950835,0.04299566763703532,0.1079487323043577,0.058386020741123736,0.0042967364114444295,-0.025491219052312247,0.08425966290048262,0.09275137123136655,0.07424753656752164,
FGF10,,,,,,,,,,,0.02709398471533396,,,,,0.07781115085231503,,,,,,,,,,
CD14,0.012086740062926555,-0.011491658793226226,0.06634223473531344,0.02296608109941479,0.15314814300972313,0.011186818531684007,-0.0022459248148207446,-0.11874346573002188,0.13176724687942942,-0.08553935676428796,-0.017720919102884036,0.10865648879786972,0.09464170603737343,-0.062140593680724714,0.06153470686502169,0.15506325043702032,0.05797015014425231,0.008183173218561005,0.1424763688556652,0.03147179269878741,-0.007347948710489604,0.049472273779413566,0.045108077379266094,0.10336569849897786,0.010013667005890924,-0.14322975452756279
SFTPD,,0.028493877343369396,0.031170024532481876,-3.486036350676564e-05,,,0.014537892091536503,0.002740970354565596,,0.05697770206468575,-0.01610836389247594,,,0.01772952657241104,0.04890506881581624,0.05969339537854646,-0.0013612453822727697,0.09280903512954154,-0.029081137355444726,0.04623259234489788,-0.02424236068301951,0.03479263279835123,0.03985261598856378,0.06963869764515859,0.07208176240092395,-0.031737392713495044
SLIT1,0.001470815855881773,0.05511104933070111,-0.01177045760489074,-0.003089641520300759,0.09916730484247467,0.0045089149925805865,0.06908029829022275,0.09429223788741065,0.08849410936908655,0.07523100680848607,-0.026810914942654973,0.014929297552873049,-0.01097124363307113,0.10127794160746902,0.06341251654159168,0.08176751887189095,0.05054176519984114,0.14995459356541138,0.112289711695275,0.13172569737190795,0.1027690192227335,0.026711864301948184,0.06493532929803286,0.036816029038736035,0.11154660619725089,0.060189684872370496
LPA,,,,,,,,0.06815154036819626,,,,,,,,,,,,,,,,,,
CNTF,-0.03034094859129213,,,,,-0.11182561454146632,-0.05789785394667462,,0.05424572036671329,-0.04657354935718567,-0.003943834387257772,0.04680988753608393,,-0.024855063015435247,,,,,,,-0.013858659623996657,-0.01570398466696448,,,,-0.08182111499731286
BST1,0.08999261026431755,-0.010659872387054353,0.05185997022841794,-0.0094715644753343,0.10883118597812433,0.002826555247146659,-0.027739580186072067,0.02444213055435154,0.08086068931914957,0.047790359102807496,0.0029545349112997514,0.06359069282823351,0.06645365264192196,-0.01914970002504468,0.07908603004098377,0.05223507029595808,-0.025726015446515267,0.08300080028003766,0.0973591206986941,0.09116119862581835,-0.005290235374120997,0.00733636384635828,0.008035106088010108,0.10357283371930126,0.10866637585671987,0.08042152111674032
AGTRAP,0.005032409039325777,0.07940351543263617,0.03709787154344313,0.0592670173905285,0.036134261549478935,0.03881582875522205,0.022373736844063054,-0.009314622895587751,0.11414745773692066,0.06624105114064562,0.02313134626398869,0.0465741200470636,0.06435737741508915,-0.027924685089085757,0.06398341332965367,0.15350000431504074,0.01417090600796688,0.13024988262396922,0.06997774617432982,0.08944536863923493,0.018912332713258085,0.07705154621809879,0.05552397857982187,0.05377593143562843,0.03543327099555405,0.06315051213954735
LAMC1,0.1074568405235234,0.09897325717827311,0.13545943178535694,0.044374991758010726,-0.023798457490020245,0.02254733112717043,-0.02082075538302616,-0.027866676621976103,0.09838482294011883,-0.24961339421306372,0.00811666413134449,0.09746980099966274,0.12157599421011986,-0.052327737007280856,-0.0262461737285076,0.08148045131528193,-0.021523936380267356,0.19273550024775551,0.01060479300108789,0.03130711825341189,0.11548907023535765,0.07300626743405127,0.09717804065443235,0.02047493799506702,0.042369079216209,0.09536362677546094
COL6A3,-0.05156226288901297,0.0718670835087894,0.07734195523991275,-0.01840485879757307,-0.07587009830009701,-0.022653433843497404,-0.03459323037349309,-0.020602623010857034,0.02105141764290705,-0.10069157978620631,-0.03289127341205253,0.09923411917739794,-0.09732027502465941,0.016775275588086256,0.14674682466889746,0.033882842604562646,-0.07167340182707843,0.1205809996170676,0.0003494927416121844,0.06415569731023238,0.07042168077850049,-0.04116428769158296,-0.0010389920810589567,-0.0369340113819675,0.04366227906743768,-0.055643915156168317
FN1,0.03232207094719865,0.026280166038019095,0.11448093429169608,0.025433437697069745,-0.13425317676510226,-0.10083277810695941,-0.019628746433054876,-0.022936114356633713,0.17235056581676816,-0.2086684677038813,0.014082231105010758,0.07248627068951381,-0.18709077134035043,-0.052481455924735514,0.014638117238354073,0.05232057592541211,-0.05408060501870737,0.1509677170787637,0.012719716605761693,-0.018545789083787845,0.08258442432218088,-0.051700338898618,0.13476786393977055,-0.10551708899272874,-0.05511582894051015,-0.032503310914780856
MIF,-0.032478289876306236,-0.07320230158705794,-0.06070423604925225,-0.011776665483441823,-0.18634335664328303,0.0640228640126822,-0.026677472867438302,-0.0036203461419775248,-0.023466955911856963,-0.0990180017814994,-0.08834677767395883,0.17161268116752873,-0.14007247664407724,0.024823775688404198,0.0432534900173647,-0.0904729272497508,0.0074732761163535605,0.18127388630252547,0.02195285164475,-0.07313237661299554,-0.033647997117559975,-0.007224243888931471,0.13659827969480895,0.05398549149715218,-0.02331285637009181,0.008864471364793293
JAG1,0.10294279591666969,0.05155712171701961,0.030906474913672707,-0.015731283281609356,0.01662721130684957,-0.04828512281506438,-0.03931136680324988,-0.0050264652361507855,0.12681064160066066,-0.20767608915831842,0.037902612684444684,-3.3355603457968344e-05,0.11239970166009339,-0.06362490519287609,0.01325908059693769,-0.007809996631404229,0.12937301690108713,0.06081243310812221,0.04824419738861121,-0.015591871591432478,0.006221696223071094,0.057761480020083585,-0.11078511066934946,-0.05620619005900533,-0.014472805923518376,0.02266799980792209
NID2,-0.015890279685446623,0.024832935457150776,0.049686474071781804,-0.005986145477715009,-0.02110531253243724,-0.009609383079357782,0.022425721221070925,-0.06811453431027427,0.13450484491442874,-0.026115469763319,-0.011911367637398513,0.0648737139654919,0.033680088353253444,0.041155023966651105,0.10444363799910356,-0.09000870655500488,-0.07972665740578579,0.14153228456831177,-0.01024952389431851,0.1648544211542963,0.0981333273500895,0.009877361408631503,-0.013926382472212825,0.07328931936173172,-0.01596060720780351,0.06642757841052462
EFNB1,-0.0022507025827355905,0.060421676068150826,0.07689475544482006,0.0453976098188505,0.05428773599975549,0.0048520394599634795,0.08230666188125856,-0.09070332501892156,0.06993387297121494,0.019441763169189732,0.021990885819140882,-0.002255321020099629,-0.021814442666597062,-0.03362288512282626,0.013519695013300243,0.10396240541608137,-0.08313513272015961,0.12452989347534481,0.03829286171449952,0.08880412555004766,0.08071189945040597,0.003878381695125225,0.057109473423764726,0.0686819156470172,0.0234570953599287,-0.030463293555005693
COL4A2,0.029809936475176504,0.09405677044448922,0.1196252373126559,0.015321519095952467,-0.03507692384848695,-0.10053679048531045,-0.01164414653520945,-0.012515866435115791,0.1596817811350226,-0.3529636651539253,0.1037739883282597,0.12817989764910484,0.014410042733547299,-0.02270424691566906,-0.0006765146792898718,-0.06603352424444758,-0.04598371681076193,0.12939721337675675,-0.013559433845405054,0.04124889590883407,0.10260258930017148,-0.023549626738077693,0.07571757326929415,-0.0709921021325446,0.01257856415285226,0.037026048196643936
SPP1,-0.08547828395800375,-0.15931368171496105,-0.01959219008287088,0.04946979971625125,0.12217905636869637,0.09986316178822421,-0.041149900625331595,-0.09094048139983685,0.14000996282101572,-0.045446253398819345,0.0493799286384558,0.058498959291276006,-0.10814459844503486,-0.10619810426787157,0.19891496314738272,0.05092825165199694,-0.009135151315099154,-0.038591486315231266,0.14319213398041053,-0.06793635188611241,0.07548258930390096,0.06588528989888923,-0.017274163120876818,-0.07650789196649818,0.06176902863079749,-0.0259662372276262
PODXL2,-0.005933171438494488,0.0459955466823105,0.03020455247085601,0.024330396206655995,0.06208699335008202,0.008801264122135295,0.06073992249874196,0.03813938746586005,0.031181945266008627,-0.012449363351507267,0.04956888143531113,-0.04728197868063831,0.010214765587912941,0.007813175941809263,0.06717268049685576,0.13156866109090878,-0.04295984393862736,0.03791254795401925,0.025813992020692175,0.10830463326005238,0.00011618857058866218,0.010880930303304498,0.20167106512220057,0.13207530269961415,0.09191030409774364,0.06186720476756341
IFNE,,,,,,,,,,,0.016800599743732967,,,,,,,,,,,,,,,
FGF9,0.010678773419448832,-0.042551509766444444,-0.04362577613831014,0.03165741933170431,0.037331049672748674,0.013572375017914586,0.014110467731394474,-0.04223913633227416,-0.02793253015625773,0.09971601729901174,-0.033311040000502994,0.008196343468894751,,0.036414492263013014,,,,,0.14394407776910445,0.06897840095921774,,0.0361270227048148,,0.05740654707608205,-0.0453224325301715,0.0035240654856245842
ITIH2,0.04020322769936242,0.005930636773679359,-0.002127724687212199,,,-0.0555322992705501,-0.07337450277145312,0.005794879568465722,0.05872357721162181,,-0.060908361248471536,-0.026742884057542007,,0.013903725598862016,,,0.006858656464587282,-0.11865567346565423,0.06553530213299401,0.09803009850192707,0.1334595426897565,-0.0045732077660306765,-0.05853636906102881,0.09568103108615598,0.033906119672011056,
ADAM10,0.04203793355443087,0.08656841982941708,0.04110349014619113,0.09053179055011949,0.06311826601405428,-0.05694383616811777,-0.0005948085591711511,0.04250395907656934,-0.020920854321961106,-0.050389869947452495,0.041414890501295376,0.022120191496327997,0.09411847060435152,0.0016414974385163261,0.05898300322572816,0.11049338874258846,0.0182958820909332,0.09315423522512044,0.07045479088688501,0.04059879847679269,0.03798582199959716,-0.0027214765129959743,-0.018587287676681222,0.010528974931956498,0.11835432436925543,0.09814544074926376
CFH,0.0311927209338648,0.08086791449933103,0.10784584771478072,-0.05350313929635725,-0.0021129492790847443,0.05499516221486014,-0.008332291603099597,-0.0029325321045197373,0.10107503131749625,-0.10741465008332846,0.019415030462196062,0.10005284545470484,0.08074603625666554,0.005375761841882511,0.05994645650399147,0.05274791117752099,0.01933466023931866,0.23324185440280493,0.06572069258461745,0.14307186093639773,0.06685422059059437,-0.017396022845936405,0.004539066536554566,0.1308393458971319,0.048814631810290096,0.06778177805248581
COL4A5,-0.011854135623855587,0.2446415613529459,0.035733800712027884,0.09264768741209262,0.13898029617730873,-0.027082631252947,0.034975659574490364,-0.057269825205191596,0.06512622547528547,-0.11472641458772737,0.019876342905069334,-0.015246258154661619,0.11950295404136484,-0.0271064306919202,0.012806103450999102,0.0718061722994578,-0.02440624058699961,0.03940340383248145,0.1296229873043297,0.12402952380119889,0.13508574208809065,0.14730088293484014,0.04194414874794484,0.1777523690400134,0.2020774078216923,0.023729329494981476
LTBP3,0.0136437991108511,0.17776290694643018,0.10962630112055205,0.02728359659765471,0.053485530859102626,-0.015298747959392348,0.03756359564773816,-0.04754021921726868,-0.01615435526426354,-0.10291434080675722,0.07120402995408899,0.04232762924787194,0.09621865951034737,-0.010815743686836136,-0.06228674111446418,-0.07345433110668827,-0.11040997069744819,0.07576594375359262,-0.003948313826102593,0.04626639894441294,0.15054245447998382,0.009388716516554,0.02235722044769337,0.06391922879205647,0.0667285754807724,0.09219117396546411
GNB3,0.06551431914028558,0.043115264237499146,0.03414671069879448,-0.019136317830518508,0.09349570687823056,0.06792247497598289,-0.032081780016519505,-0.036253499515912474,0.06875418396962919,-0.06480993099667179,-0.04141671000382369,-0.011913974441808852,-0.0005601233110153552,-0.010350699801208913,-0.0025523761583475376,0.10093369595689841,-0.07225221832320165,0.08454592104109401,0.0636065211501331,0.13743734053536558,0.022759026094460833,0.006294189150120495,,0.1092492741843433,0.010177922762246987,
COL6A2,0.035906826880461096,0.11219577641979288,0.06511266784733462,0.08010455935967158,-0.05538910034072969,-0.02534391298289308,0.027239797318099356,-0.001641227678003257,0.12170375207037552,-0.2193936010466252,0.10061188528650643,0.05817764457273012,-0.2387322872298257,0.04586488674416303,0.12213736203290017,0.024684142162535064,-0.008985386122885275,0.14498267494511438,-0.008946395437179495,0.044027655346818025,0.06124949209750109,-0.07273748853837719,-0.02549122747581422,-0.04719458461673725,-0.0040885681223577185,0.02696827510221823
PLG,,,,,,,,,,,,,,-0.02467051318539959,,,,,,,,,,,,
GDF9,0.015733087614345078,-0.06082171620244112,0.028658677217962475,-0.030484451568196434,0.06377770468477212,-0.016559512548042006,-0.0007566660594450276,-0.04965658497412733,0.03236510537418067,-0.02208978555709035,0.010804545754288776,,0.0045019553755310335,-0.02223237349787188,0.08603103251201077,-0.008971734929939546,-0.029898795827578147,0.09593998148872818,0.051679809966005456,0.05388862095490595,0.02848105650234257,0.05038306695910608,,0.06737358193651947,0.011670868551306278,0.08180310683265896
NCAM1,0.08050393137593341,0.17482975902470368,-0.01611467437311734,-0.032892534749700726,0.12218966218248739,0.02454864486938311,-0.004390318478031864,0.03398925260788805,-0.05791185795514455,0.24942630667207685,-0.006636148392840351,0.019612969304892595,0.14309668056992583,-0.0006343842365255684,-0.10240663609316125,0.10871986898141142,-0.017804952050438645,-0.09842361308788346,0.03830113739371757,0.008344750413838947,-0.14475022121925496,0.03388429144627,0.07875315100252539,0.061589923900926616,0.05621877516035321,0.10326698067896783
APOC2,-0.0044075886744962735,-0.0867956325888546,0.02525282616402647,-0.012100330115653441,0.1489320794544162,-0.02460097541591477,0.03803723840453249,-0.01967723265919661,0.055565445088573355,0.05290233095484326,0.028567793627789995,0.05036250671185577,0.07902267529342258,-0.02096293324806189,0.08639050168310763,0.0442189095086999,-0.01889186149497729,0.10292973320470267,0.08898714422982193,0.1289256914135577,-0.03468792183932504,0.010736784189447623,0.014595520417099566,0.14027272684613593,0.10580592060591097,-0.017354450262106743
BST2,0.055535185975383074,0.20987288649047167,0.1315182784074201,0.014733851016118071,0.07885866838310406,0.04079408108003935,0.016405587415871288,0.027403558703145717,0.16192726984079678,0.20602064174018814,-0.020812886230614818,0.09106024370436379,0.15650069238121112,-0.11688380289227754,0.049564163984030886,0.17095860832658066,-0.0354684614861235,0.16010442437382083,0.0996197754818156,0.15909073265839374,0.08459859152002523,0.08006982067747083,0.15415822496792791,0.15474320924369508,0.001000865248221784,-0.0542300478138011
COL5A1,0.03602110024805581,-0.005112963702051909,0.12824876566512614,0.02150665574599674,-0.0026386621988692804,-0.03361245778263303,-0.045370478209791454,-0.04625807779192193,0.097063799552363,-0.26452650041072484,0.010736309796854596,0.13934262224549776,-0.14213337085525257,-0.03417312067127291,0.03976724036653165,0.05434050745477855,0.022705391664272385,0.11272933268398404,0.07600372300144716,0.026326373164094148,0.09057371563687941,-0.06107200803028731,-0.011889326840226078,-0.006091310592527046,0.006631389695121557,0.09485178409260435
CALM3,0.0068024144245586865,0.024296841619759268,0.03661605498341758,0.0018933728716622417,0.04765538843751336,0.003332810725601386,0.027436302917345355,0.1357018011721931,-0.11006818826275386,0.2681912214803355,-0.12061187180210067,-0.05234855595965098,0.0573325364343536,0.1580983225473365,-0.07545590646118185,0.06088675619734926,0.12722327458164853,0.06398363491377669,-0.034576948855183844,0.07461634013878223,0.0314657461966482,0.05341516412531117,0.030682782960951473,0.026276363925245207,0.07010393633671023,-0.028733529240658348
THBS2,0.08994393824075524,0.13962324992688988,0.09043295807201143,0.019328739335670666,0.1253461838952257,0.1294414732437825,0.02708154918860387,-0.03339048046686366,0.03706663920904101,-0.07106564348334726,0.01311917663628576,0.08380715282662066,-0.1477576632930358,-0.13704581026884244,0.07965016953522026,-0.07742146465001537,0.07341762871699549,0.11599846323984175,0.04228934700355343,0.08449105634239777,0.024689995319612378,-0.01562746898348618,0.06331176222190865,0.01294147174252621,0.041068044565367105,0.07894803456104288
SERPINE2,0.08403999495542405,0.08224627351057541,-0.01810545600498171,0.013644054860153907,0.003924009650261961,-0.011451375545406718,0.009166247629041254,-0.02979097016642326,-0.0019636144251863183,0.007905615962261858,0.07518019675830821,-0.09327367969958965,0.046888845829356166,0.030705919937354442,0.10485489785262693,0.022300334929199955,-0.049727227606112735,0.14248004011773946,0.009085409305981474,0.042670967442923716,0.0930402265411176,0.0698542083709192,0.020653605107068342,0.04620826811693556,-0.04762812203135781,0.04887461794141482
EFNB2,0.05257131194901184,0.09643942086152825,0.10685236162483157,-0.012880080666230713,0.08043940969452969,0.03792265139871374,0.04960612960682975,0.05312233915902151,0.04736743972977422,-0.11962357777375367,0.0274373507315526,-0.0059982389941645505,0.09289823760766522,0.038623250093218674,0.0951704708356267,0.08201285888492345,0.023659449769539403,0.08830920756763258,0.07657094086213803,0.054316591718898126,0.11138910134919518,0.026632581810638947,-0.03150818502519199,0.03550237774592009,0.03073590641724281,0.05932184706585839
PROK1,,,0.037418541687283355,0.00534595651939271,0.05458818456214756,0.05011597208004315,-0.007421338003002953,0.04836819106156502,,0.05143805631560737,,,,,,,,,0.016510185778837522,0.08465966474628339,-0.040896257060164726,-0.01006458233087929,,,0.021196540281398855,
LACRT,,,,,,,,,,,0.012421639079954631,,,,,,,,,,,,,,,
MMP9,0.011683355947898143,0.04354898279303982,0.061774863597201406,-0.006510724625191369,-0.06633518845040287,-0.09636731105778672,-0.003852725798353221,-0.006613400918303642,0.08829622290772239,-0.06459187529174928,,0.02726368286455137,0.0484137846071572,0.06622661442748493,-0.024772330600976278,0.008308610314768773,-0.03872671346493668,0.17924371051421098,0.06367039153677934,-0.0024806765267627305,0.06123251665475465,0.053113224724217784,,-0.04607797945535647,-0.03297000638729207,
DMP1,,,0.05983990854544862,,,,,,,,,,,,0.06272520973866136,,,,,,,,,,0.03823773840448959,
NPPA,-0.007356258021670874,0.011979449659325686,-0.005329668945298535,0.005145913767144147,0.023086213750728123,0.07996243126311998,0.07314869179035871,0.10507532760951092,-0.02480758552881157,0.21098833641783282,0.015066473803051624,-0.014815441709427437,,0.011954101287033787,-0.032279996961787766,0.09624708553606154,0.11083345302251245,0.039693725031353926,0.06375452220055465,0.07144464729611978,-0.061025418468438584,0.033719108437807094,0.07476572501470082,0.021176897998952768,0.06345619990050472,
APOB,,,,0.005948384584939341,,,-0.021028611434080337,,-0.0011319857041153204,0.03608129860205506,0.0005623746140401376,,,,,,,-0.04191489062397185,,,0.06542024285228407,,,0.03666551074361027,-0.03619030707338757,
C4B,,-0.01395149354356258,,0.0043175050055406965,,0.00340747648407789,,,,0.060014281341321585,,,0.025397571939788092,0.06154568199411499,0.05340754754457925,0.05228678597189762,,,,,-0.006102871411515744,0.008991257194123267,0.07482502157464195,0.005197940010356808,,
NTNG2,0.03347273540965755,0.08226916909689524,0.02414677985101282,0.04633231339626681,-0.04170906520541466,0.06758296356448289,0.005969464415728634,0.01805151543820244,0.059752402386540726,-0.06734993903654186,-0.05019173311347144,0.03485383765537466,0.024453466130501818,0.07900456379410539,-0.022270281476946284,0.061816993447869444,0.010396621178994475,0.022782013551780767,0.08061512792720513,0.1555443114745318,-0.011270379049759315,-0.04391964799638632,0.0631402034237964,0.07643303078229069,-0.04170721388607827,0.0794406850576322
LAMA1,0.05267169007034376,0.0721769491748791,0.011988320430986523,0.02555332384594901,-0.019295747011938594,0.06909770240844182,-0.015244832659789745,-0.048193831642597246,0.14326385285547275,0.029628528955292516,0.12629424703104436,-0.02369780370135928,0.055269222967151255,0.03454884332044579,-0.0030269297183035436,,-0.032760470713063476,0.0871025414158505,0.058635717123149536,0.10190730203925932,-0.014256583866981833,0.0005620121278251997,,0.14618660946301504,0.05629475092209017,0.03171346631246511
UCN,-0.05558125671386784,0.027673323735283913,-0.006752736038801337,0.02794604624933077,0.016894473488338172,0.11515874599915737,0.0822710695075014,-0.0428539875017241,0.009724462036665781,-0.02275970649439201,0.042327339864440275,-0.04017851009312057,0.10532674341481407,-0.0261982756918485,0.08474855136350774,0.03678230753916996,-0.0022062835819321486,0.05603149868831754,0.02069984212908613,0.04733865477830114,-0.009083099437862367,0.10790846674182154,0.03048398763226194,0.12054046888067542,0.07460948898984279,0.03157477269029483
ARTN,,0.0008006879661343499,0.05303953115285499,,0.03805818953827291,0.023035962812724617,0.00453287167493501,-0.020010041393759566,0.011369182540795155,-0.014160494497127325,,-0.028370272026781107,0.0529173601604815,-0.011764191062021008,,,0.008921312332036356,-0.030656568470804824,0.019603587962390298,0.09360621109177611,0.04728783229355134,0.06871795266352101,,0.08572429093245673,0.04886945441745155,
PDGFD,0.025439793251341488,0.08628495111242755,0.09278709513405203,0.015496490398250636,0.03760346193380034,-0.018244822423935343,-0.015528765088037506,0.019571896367319395,0.016667612619769803,0.017221485261829483,-0.06554674585393688,0.04004090918806901,0.07379086601945448,0.0007546174219045241,0.08324702181372551,0.09577170764806928,-0.07557067894370435,0.05484989569045946,0.0028878299881115576,0.10746660165748723,0.1193840525028795,0.12683632041823875,0.06895140939950772,0.14610976254356428,-0.023836263730121862,0.04043737346858904
EDN1,0.03910459353885397,0.10324907865971582,0.03075826194024964,-0.015221319810339164,0.007989312863992732,0.02170357624688887,0.010808239269659068,-0.027123774882956125,0.11267710675260179,-0.09323835175032683,0.03063056152151536,0.05281802884318532,0.013202438318544795,0.04685756809372878,0.11860860311517711,-0.005790785111185922,-0.1280447805571029,0.14044950059303235,0.05542752784539402,0.08479248449683817,0.016859663259179616,0.032064546844969934,-0.009306553312568158,0.030461562483616415,0.03724178379589044,0.0805654104150172
ARPC5,0.019914722246285883,0.06007037932019664,0.08430095320801641,0.06985677679461669,-0.003735330308058906,0.0696632470292447,-0.015048469279921109,-0.014972704217828883,0.02990413064803495,-0.03594316406303341,-0.032118276954520054,0.10358366437251042,0.12303728654747591,-0.0891693057857984,-0.017504639145854158,-0.035349253336922924,0.033636629226796416,0.05110925873870031,-0.011736650385663605,0.03390942596631729,0.07497228342106899,-0.028893034090075136,0.13409104238083902,0.038512623533338654,0.010257007342426886,-0.06616712694713828
GSTO1,-0.015905398796895436,-0.1497255360325109,-0.08283619773376917,0.002709563939719198,0.009383956000977002,-0.00527310461011543,-0.04227916219682399,0.0647326114461374,-0.10604384031139837,-0.09037090848704311,-0.07848552907105473,0.050692002556244876,-0.054706087300815984,0.12088448664450298,0.020808287065618394,0.11098307268051875,0.04529445710067702,0.006156008240026028,0.020434805338261888,0.04937251337653996,-0.07847885699234931,0.01242534125176419,0.18078504508725995,0.001108290214480653,-0.005003962403612633,-0.020781134237033264
PROK2,,,,,,,,,,,0.053203955948948264,,,,,,,,0.024620630933152178,-0.0009847591716655674,,,,-0.027311058984507912,,
SYK,-0.05069469649174176,-0.06278999603707949,0.03688387643550417,0.046143730349885115,0.020467811103579744,0.01357973637895359,0.0014018417253070616,0.0066194364764412955,0.06543381642681118,0.08275449432069264,-0.04246878788019279,0.024485353965463686,0.045419055834006294,0.03217374824572906,0.08968541677595447,-0.09116543229901046,0.033333948231294534,0.032784566441739056,0.05065908993216523,0.04075656673353938,-0.04052987026252216,-0.021759203491586658,0.10096825067486907,0.14506176439002721,0.02487050370876193,-0.046629524097634954
CD40LG,,,,,,,,,,,,,,,,,,,,,,,,0.012345925204466382,,
ST6GAL1,-0.022534967847064952,-0.0004658803565185542,0.022163592858252507,0.039439839663762195,0.10057454809695544,-0.000480880884428597,0.03582905152661072,-0.021336872877369645,0.06015700588943442,0.20066207742299028,0.051283818675192765,0.0968492899343611,0.07607819141114817,0.0973878414584648,0.009756225337259589,-0.01894041181137965,-0.006393318047534107,-0.08329557610312632,0.025975533638797073,0.11058052219773275,0.024610586069450047,0.029732413966568054,0.09941305852099565,0.19551022574177013,0.0028616294453499267,-0.08893096645657686
WNT3,0.06147198088074674,0.07063621822076845,0.015429046147724782,-0.030406016711262873,0.04578248659893933,0.06628884107850769,0.03079892491709,0.035245414772904715,0.018131941109593125,0.08681964361920697,-0.016426298718663922,-0.019893358562416297,0.0638109182842662,0.1447605355812703,0.01192872639029668,-0.009248391218053004,0.023445859265492294,-0.05318725531985368,-0.051678044296367354,0.06663968281122279,0.016736215061763926,0.014301230727847312,-0.00588076312403949,0.08476391807297934,0.06466677511710141,-0.002799357705448174
HSP90B1,0.06188099338513145,-0.1350090550804008,-0.03808873373812883,0.0347729676747719,-0.062292522170434385,0.0013046753396070113,-0.03713306223910577,-0.11071718009582014,0.08895025948260295,-0.27433404926442956,0.013119385955731085,0.04549869192246671,0.042937794860549446,-0.15550715178241087,0.04421700067196523,0.046272865991542476,0.007334965777496497,0.021752102980521416,0.03146155993226929,-0.0491588656177149,-0.0471454955149992,-0.005286314445999458,-0.02049310926871984,-0.14121949929901217,-0.04403086187006345,0.0525771527342857
ZP3,0.020736586737295136,0.005205703869718601,-0.015762292817675168,0.040778320707726426,0.04041149817513747,0.02568855395273827,0.08904684811845645,-0.00660437429574296,0.08052148405209009,0.02068367444240393,0.05566384388811566,0.0253242433085304,0.03273111126992674,-0.024807788188908504,0.02702974807050864,0.04438976171406015,-0.03701208789232634,0.0677694575452476,-0.008676251579391257,-0.0009058502350946372,0.0663675187882367,0.0036035503661408807,0.11163150339294128,0.12816155562251388,0.001959723222539655,0.05900426376700884
ANGPT4,,,0.035065060069195096,0.04245560458456862,,,,,,,,,,,,,,,,,-0.02531805743029841,,,,,
NRG2,-0.002456328560809346,0.08865013128369287,-0.04263265571330133,0.05918597966619436,0.05521137074769218,-0.029178529396583643,0.015005834416507128,-0.06000258782673764,0.042540001340510475,0.01730231433504448,0.07024680961630872,0.007110182157005682,,-0.0003094648862115173,-0.024935173863262636,-0.07157105090322612,0.016383946314142542,0.058812300127732066,-0.001094326196769756,0.036359277114032494,0.07265364638684761,0.0024623770188977943,0.031978141961074916,0.11810445827672361,0.04281126652030649,0.007359913243901387
MELTF,0.017300565305768827,0.07504498766214954,0.03136712421404144,0.05015119873032428,0.11073574738831743,0.07541774952058994,0.029789932557229185,-0.009710375829413686,0.09921274603029588,-0.004515059441911856,0.021146610900600427,0.04548442002035893,0.06158375628125995,-0.006773046487067442,0.13269418584598272,0.06730936368312639,-0.05620198849426752,0.06051629934054779,0.04887798217630064,0.10314270830540637,0.04257747562589128,0.03239457169603815,0.09787788551456697,0.1506311065946733,0.03470672348215789,-0.015392166262827597
NLGN1,0.05138085598720256,0.13156648450726166,-0.01659640433598038,0.009302823688610778,0.16981813275697302,0.05393447026874682,0.08617749558565457,-0.02799260687715678,0.11107885745739982,-0.011563336567936401,0.05348093066039001,-0.037703365619206085,0.10820660875834999,0.015333995260675106,0.037984955929711364,0.06742361194897496,0.02899438568413645,0.11527008449293198,0.053387336837405715,0.049040199692218046,0.04571110129556985,-0.013922996392567014,0.06502557231763684,0.16158433350141915,0.09381173480402223,0.08413250023469906
SLIT3,0.0219069413016717,-0.0035278783046268553,0.05109124316284287,-0.07057242333686671,-0.02799029131669962,0.008442579085767907,-0.04485081573603869,0.05256338438846913,-0.10565346669908422,0.14689803741666468,0.005107239355870676,0.03372552188424492,0.009227245865845888,0.123110707741349,0.025445863056968214,0.03140775776507104,-0.0916480806419853,-0.02794768849099143,-0.006515397392066808,0.06350100353577987,0.006803965962907077,0.034093501223361404,-0.04137819330645464,0.036604962840896274,0.026712426814659348,0.07072637839709871
CCL8,,-0.02981644748200696,0.011748327304031124,0.06436224010189288,-0.047345723418789586,0.0018404452403144298,-0.004224234991662685,-0.10261617078438531,-0.010720273031760593,0.049340291035948364,0.03866424988526498,0.11150286151998888,0.018163135685664057,0.046610859918487575,-0.019077493082826597,-0.04013760269024004,0.07682512310489027,-0.05995993797312474,0.00261408556782598,0.07026875510201605,,-0.022223670605164527,-0.04837785887232937,0.04540519142684344,0.004116607005763575,-0.13755040183973116
S100A4,-0.015258327729453345,-0.18857640267426126,0.08688350765603645,0.0066863693126701,0.029217874452857315,-0.04601563742698612,0.04702183118375772,-0.07091991308227912,0.11069627394714944,0.11433410484121723,0.10790469627109038,0.08169233955255777,-0.11060478974609782,-0.06727843771149707,0.07661813968688905,-0.047497222999814556,-0.050064867531704485,0.09961994158192365,0.04076250815920708,0.07115372358616134,0.010832355583849821,-0.09285097329602417,0.044288703690956444,0.07625795815305558,0.017514940700130474,0.1258919919993003
TNFSF13B,-0.0194661603567673,0.06261189805584118,0.002964052145531281,0.008387560226457659,0.0749039212698973,-0.015323918272481937,-0.05259833715908426,0.0038419227119239944,0.10316952531350292,0.1835862491338629,0.017076503674063926,0.05049990611094241,0.06877561610991015,-0.0362755187184535,0.11288951721081361,0.0462430671984768,0.06439209965619874,0.09969865839062926,-0.01770899274758146,0.06989639744037643,0.0744495497233801,0.1185858767626917,0.07181235186301864,0.09197606560533561,0.010328490348833295,0.05986073417470177
HSPG2,0.007517920482938046,0.14168138775372885,0.10818122233953302,-0.016310670868863848,0.0026810923212563027,0.008377151114570332,-0.05331315593126706,-0.032909917248790145,0.1559991491220327,-0.15646343854931546,0.01553551618872912,0.05487484933594791,-0.16837359471685193,0.014248976135437439,0.039954246679464046,0.00947670019271006,-0.024291110784437256,0.07530584968613008,-0.013545337747081098,0.19313275689625198,0.1257003784872602,-0.011347379833163565,0.00939447127608476,0.019352787649184484,0.04632291567932773,0.06509091510391082
FAM3C,0.07750944745485955,0.10302032023040453,-0.05488689968488272,-0.003392509923801634,-0.029954065463671325,0.02454476487963018,0.03795837868368316,0.09078363880077138,0.05215889638678009,-0.05639569044906907,-0.019075155483525074,-0.010840245318009232,0.02225199236540356,0.07680601628637304,0.050220625286966546,0.02617650913457732,-0.06238377888073502,0.14221367753065106,0.07390574766545487,-0.008061655032227569,0.039101598051833546,0.060378074886810205,-0.060597444413993555,0.04899992897248599,0.0839207069133896,0.05891081394728673
FLT3LG,0.06560783210083505,0.08397304981122931,0.021783076119789635,-0.010645312720666732,-0.0019490586288813767,0.007019290599235028,-0.015162816594575435,-0.03405801996844234,0.027567821483227496,0.046221692429423825,-0.05198545517194453,0.05286617212533321,-0.08108866386475817,0.004189453997609461,0.05123100108612967,0.00028382023840684266,-0.07090706551905886,0.07853378679939597,0.04084690723376878,0.06043174163705386,0.03240178746583811,0.006722002536318139,0.05644552296563959,0.07909051574910961,0.05327633805787824,
A2M,-0.06570441898794178,0.17474878661332527,0.13405549588394783,0.08708556146519798,0.07725321992789697,-0.024821133031679793,0.022349297910313735,-0.04695450491747081,0.11669751648755865,-0.1766445218949625,0.0330127246532186,0.07746674983103816,0.12758990332324072,0.012344882206593955,0.019087682561882494,0.05273670712601192,-0.04127560449239396,-0.032706562918226975,0.11169072163721021,0.15765487349427015,0.15151069311833235,0.07412919281574527,0.062217424562835716,0.10777267392608673,0.15951927768495208,-0.0008741721090436431
VCL,0.0019093576847325035,0.08155495961192724,0.05263419856396329,-0.043019539415373835,0.016252701724330024,0.008461577108036368,0.04690890434711322,-0.02787419692785618,0.02900010509402492,-0.012994126447567386,0.0447114096974016,0.043468847442242005,-0.04668991971010028,-0.005226951824889022,-0.0029323814897866617,-0.015768380128789974,0.0043088094659421965,0.08646759174885346,0.04734150440866301,0.031467241301086864,0.09587596531972632,0.014624525273065127,-0.07886604064028213,-0.021015349148772282,0.050671505422310636,0.06620398513934152
FGF2,0.033850418823432475,0.14741298450494164,0.029812348835914135,-0.03712457604471799,0.04126578807784055,0.015694526908776166,-0.030080239721627287,0.004564452637789119,0.09191638479203644,0.03263822579310257,0.08554878322848779,-0.020793198909181132,0.061895878399795365,-0.008483989109883563,-0.048847313457759535,-0.06793227468287738,-0.027339696767876932,0.07370200806654165,0.06882966832241294,0.11550709924674588,-0.038270875547853724,0.06337583200703138,0.10993663228123135,0.07211512265146516,0.04787652077749037,-0.04640921831286412
AGRP,3.9751791321451595e-05,,,,,-0.03054729258025717,0.029386934586160367,0.026126342077797397,,-0.03942336028920732,,0.021051957222207686,-0.026209542028304847,,-0.007648804959876476,-0.04543965316970551,0.0381308688267511,0.039239172582401824,-0.015635411034997805,0.013976471018830372,,0.019153382130746733,,,0.00784074288153791,
CNTN3,,-0.05003863378917874,0.05931906189876344,0.003964652667065415,,-0.010818472514142616,-0.002119643807688744,0.03769230333089126,-0.0758949863910569,0.107249688965174,0.04733789557239788,-0.05112653274919615,,0.13535293851309263,,,0.062161251388022754,,-0.02446365055175296,0.0853875208211683,-0.004094221717415525,0.03547209764504425,-0.07037374085042335,,-0.03512941303143759,-0.006243106088365626
RNASE2,-0.0352755519646623,0.05482402838175026,0.04200515297033422,-0.009578272910652172,0.04857001223324804,0.11916088208131584,0.03682782986491523,-0.03850737268995923,0.1313447464591132,0.034719968185979146,0.05907788864930124,0.07826531916274529,-0.02053989327125428,0.06882614007812025,0.08698465179294494,0.056942060391781804,-0.0349073882794543,0.049975778553584815,0.05051625530125228,0.11048501668273646,0.04573915711887812,0.04045436862489054,0.13659627055663573,0.14397573462135546,0.08913916317194583,0.02968877707157282
ADM2,,-0.10494383303815481,0.007711651506337917,0.00765455888754782,,0.024567490657800974,,,,,,,0.028127843884913115,,,,0.0637648708789462,,,,,-0.06818322278690599,,0.02258129864890627,0.027818196967228568,
GAL,,-0.08277678907005476,0.05316899222838832,0.014959187740853551,0.0025965213842931226,0.0017688345743352189,-0.04103483508209205,-0.04356032884833671,-0.049006850239574164,0.0705908939658779,-0.011167356672971073,-0.046690194522974515,0.040855976431818423,0.05940520596261755,0.03352065853046971,-0.16610664593277427,0.054869433373703765,0.01801656520162063,0.07372138568481396,-0.02137975392063343,,0.0030355871275998406,,0.024209190521878466,0.05545537819578511,
IL36B,,,,,,,,,,,,,,,,,,,,,,,,,-0.10188277470752449,
CXCL6,,0.11516698467634287,0.010419104251230629,,,,-0.009758716031206587,,,,-0.016262191958690726,0.053251596261273744,,,,,,,0.016661936893819132,0.0939091684964869,,-0.05833485657792852,,0.02509109888164962,-0.0207656646335575,
PDGFC,0.06963770389253837,0.13491448336742354,0.03478895093846023,0.04568189040687288,0.011740111480598357,-0.04412638813292422,0.07461041194266498,-0.0332636551685214,0.1292982355340787,-0.07006946109692933,0.046200866553948,0.056915815958534316,0.004401654839791592,-0.01398587820422911,0.1506824526519509,0.06701554892380175,-0.0008111598568267734,0.036433474440015254,0.029623988724633097,0.04514205584949145,0.06254067636489032,0.05523425668608768,0.048130995301829196,0.07062101265668876,0.0010533384445534646,-0.0992452329268043
COL8A2,-0.02449833075968725,0.13463384673115164,0.011897004560085278,-0.01856364312626582,0.026299401167967154,0.06221657207392991,0.0771718031415465,-0.005721040589842323,0.06247194770516537,0.07966671294379872,0.03041630991988525,0.013907615561975381,0.08386515984121773,0.01565547417894226,0.0937992888175189,0.061426124390889396,-0.016430998425865047,0.06779775234005046,0.017297818768133837,0.1406897485137785,0.028625913895222677,0.01193525070476415,0.08022251265236015,0.14295623572951333,0.1460837844800404,0.014828027261597645
SPON2,0.07459734569507821,0.03062604289388496,0.04180519686981887,0.009806420445865315,-0.08151616225480532,-0.009035144466636362,0.048436644908937544,0.03176664145157005,0.09682418552324008,0.016460965034225464,0.023493640505016823,0.07195492198800024,0.11381046259759275,0.012854245364625316,-0.039675460291420286,0.03926058782279111,0.006904727740468771,0.06208392155144875,0.03260794660135836,0.11743998680003698,0.09931296865502733,0.02304788182495695,-0.04193680058144658,0.026454244072326463,-0.04946635959853577,
LCN2,,-0.09171882069330936,,,,-0.007014208606019729,,,,,,,,,,,,,0.040179821829924675,0.036553672644787316,,,,,,
SEMA3D,-0.03523156081236072,,-0.03470981147984625,0.07293023913681311,0.095599131991556,-0.027099609056660163,0.038420821609025005,-0.05267333551189852,0.013920483645553199,0.12606514111745398,0.06369672882514431,-0.017215530639081218,0.023675816887850202,0.0581584314218388,0.001711403340299889,,0.016255082255723054,0.07866115211923301,,,-0.04569844458353577,,-0.08122163430288389,,0.11106712368044394,-0.02230406218456241
BMP6,,,0.006181851939141101,0.06393690148534949,,-0.03443615522622669,-0.06553456848185353,0.01109757929518337,0.07076504418826889,-0.06324022874278129,-0.0006985707956161449,,,,,,,,0.0656612846770866,-0.005322769694233163,0.08161813030107186,-0.009452079390284638,,0.03554460030994365,0.007376664014258919,
TIMP2,0.09369960650812822,0.13568227358417753,0.10811837223096672,0.015166608695726187,0.13763767734863075,0.11095312669287048,0.06250612835022304,-0.04673705204562734,0.1089229038559312,0.22235440230151923,0.033202625287131256,0.06655954714126178,-0.07874282997799752,0.05643291686810445,0.036478526898481904,0.03974211868750184,-0.06178765306169479,0.09083307358620234,0.07168761039919548,0.0014730732870080192,0.11164818239680281,0.10625710756912778,0.042528244370778956,0.12871861070453094,0.03339690373276341,0.04350850238367701
EFNA1,0.0804637830758948,0.0039767559310926025,0.10222109787809217,-0.04023616800481166,0.16993298309032676,0.05625518222875645,-0.032703709193595595,-0.04033835159739222,0.05919876117332472,-0.020434097602434476,0.011991708390244295,0.0788599563599636,0.022891892574107474,0.03458698519439005,0.1213051066754308,0.160920000883784,0.052244858326113953,0.1663317944715042,0.06803053498336188,0.10746700588104936,-0.026410686797374995,0.018692614799703865,0.07683758946680382,0.09240199395956547,0.10133823134103742,-0.0409095418869919
S100A12,,,-0.021489520422947335,,,0.015342184901805373,,,,,,,-0.006941775967542471,,,,,,-0.030997466490190185,,0.08214592035220142,,,0.040739552242892406,-0.06304719245942571,-0.04594920109402931
TFPI,0.0606086520637298,0.11348346201770843,0.02231581387324607,0.0329991883673139,0.059997871894968094,0.002499321965551046,0.025380815549897438,-0.050711285264574496,0.11129157943113122,-0.027146646788537374,-0.029523706323886987,-0.0579544165137127,0.10434057008814583,-0.08936312527401014,0.023267019192613644,-0.09033584284809482,0.01872308715335005,0.06228473559483774,0.0007411115878366393,0.08025824723467918,0.08752891923224572,0.0032737994230357635,-0.004210563037938703,0.030718929138629142,-0.0021787814437314794,-0.1684492557055106
GPC3,0.02889425078725234,0.03337488970711103,0.06705942035509743,-0.012376543696390387,0.033804592296276845,-0.026771728891810006,0.011927670060694902,-0.03281567136984254,0.02754932691048602,0.01791263800193107,0.0501870291201103,0.04879220329568614,0.08271982173203725,,0.0721009678209321,,0.043110221278712293,0.05917740839332455,-0.0152048817969065,0.13594382187225854,0.05756356346362371,-0.005601445494600986,,0.1040652271030161,-0.02247925683522751,
NMU,-0.0038343630454343598,0.04586458329512513,0.01616483008659097,,-0.09412203893655786,,0.003453972451793579,-0.061116320381705044,0.0827206101976712,,-0.017067269559714,-0.0891727629746904,0.08022312480936884,0.04883166781920805,-0.03843964028179444,0.07427694598263251,0.050611456856570765,0.06611614756751272,0.0284463051139239,0.053935566867633046,,-0.03187255479739262,,0.03515251051980318,0.00522588404097957,
SCGB3A2,,,0.007668552047605515,,,,,,,,,,,-0.018756039872945385,0.014201793197330495,,,,0.03862446450557497,0.03813489648080105,,-0.05268667261021282,,0.03827982199367561,0.018809721552664672,
LAMB3,0.03196799873428343,-0.037656461576874536,0.059666666784225005,0.0008663130429600817,-0.0055456721000745075,-0.011910611359936709,-0.011116809907049033,0.038478600238784036,-0.08367644903143064,0.10353462106126649,-0.028197041248748844,0.009837783515245602,0.1454621636684352,0.08119583878764616,-0.03544664235510557,0.10952959332533357,0.042568562917173584,0.06855674361947957,0.060850349777486,0.08870803543597226,0.0740628994709179,-0.04685301856461997,0.03712813122419249,0.14116877401287214,-0.029850449659860535,0.09680675896533375
LGALS9,-0.09462452123323684,-0.014905398440836135,0.04189303719683708,0.03597619306886292,0.058827711125362545,0.044488368888582555,0.03421599042640282,-0.0282065663118135,0.1055612436065575,0.15189016295102112,0.030462522979889738,0.06505626460412817,0.13817127134384327,-0.02361108825506604,0.17970824086093384,0.10501629987249711,-0.09357262644236573,-0.03397815274705552,0.07167804780625628,0.14508450780152876,0.023849506864732615,0.08491704722884068,0.06138340812340558,0.15936401389926372,0.1337750370069369,0.021152946402567437
VIM,0.06278425476396939,0.025748070564667477,0.05752081188810116,0.03075723154206135,-0.11199236501692202,0.06430669865335051,-0.067498840396144,-0.11976405449472376,0.17426109489723804,-0.3743097985792569,0.23280266212613743,0.13086171764308396,-0.17386930204773046,-0.09770475182845702,0.22005561678299104,-0.07068622559126994,0.00865023151028281,0.2994110865356082,0.024314366244163516,-0.08371404241011111,0.16392793060646874,-0.07249942781899936,0.08750462615643131,0.1812930896929947,0.0653724692186273,-0.08412299491475649
PLAU,0.0357741170368769,0.12581266279384162,0.18098542427201114,0.034541464058346204,0.08083649734848694,0.036253065005326345,0.006048709844994438,0.011895433749438817,0.10007538077732712,-0.20272992052418037,0.031012522798419165,0.042371919435616315,-0.011917803363000315,-0.05025599738977265,0.07310210115246599,0.14174293711442204,0.05212629927628607,0.07308331837358872,0.059690905548702364,0.06666024111556627,0.09057455161802284,0.027854368334399544,0.07398857331147968,0.06924891038901977,0.09263065107001366,0.01796452772638441
TGFB3,0.03320685501803552,0.08283944016733925,0.12432436200022445,0.02752441797314229,0.03448035217249239,-0.006033509836282896,-0.0002469784946058987,-0.030890530609578963,0.10274081598610109,0.0027567895813172317,-0.018778406864886972,0.04425864112960863,0.0502459707805079,0.022331356580617523,0.08718716614253473,0.03745064765387164,-0.046103062984155715,0.06653059819281075,0.058410519332974906,0.05391069076682075,0.04152032724823808,0.08773587761940803,0.02111901073962752,0.03326449169914166,0.07680442174867268,-0.009762946596251876
APLN,0.019741904128344694,0.1060270770901718,0.01641822592036968,0.011834153277270392,-0.060250967035196105,0.07765059784361208,-0.012488424631519545,-0.012031745510614585,0.1611410919989854,-0.12407670342472982,0.07435527755644435,0.009907992242097256,-0.029431343929231295,-0.09511867314098833,-0.016307808010893852,0.04778433049437655,-0.05586115383679494,0.1916619223012705,0.0407888886700763,-0.0014791547455928367,0.12823034083702622,-0.03218294825319726,0.05084252813913869,-0.060597100904280256,0.008364723849435833,-0.05345492959696397
SHANK2,0.020808016313849428,-0.051549416991295616,-0.014973296445769425,-0.04715621926967123,0.028259719673620176,-0.023863407922288794,-0.00942305894109765,0.04396606184180203,-0.05913512758519537,0.09315563387854366,0.06726619037899642,0.014481047962441927,,0.08365835802292676,,0.046537660616874095,,,-0.00016165717991131106,0.023895123871210327,0.04096904555573394,0.10141547132655615,0.04509120462136861,0.03910138363134035,-0.03438830238976593,0.08348438312173997
LTF,,0.1484844062372618,0.037755028198828235,,0.08352400067197634,0.02956867245585146,-0.007192123812907346,-0.05294828416439294,0.1772614756302428,0.0687180558655006,0.0355241469079314,0.1178593523749024,,0.01249703472154136,-0.01979120774253328,-0.031105766594449594,-0.02523591356448683,0.04932296950731637,0.12589875524434294,0.11395253904006716,0.04961511192293781,0.0743604811205089,0.12360487535294999,0.06953499910089898,0.05408861397572505,-0.062286433847309974
PYY,,,,,,,,,,-0.0911016751708925,,,0.027022213764833894,-0.019186188228439635,,,,,0.035195424056337875,-0.004084370210897606,,,,0.020438054448838092,0.026679432475555733,
PENK,0.006908634392304561,-0.02263365490882222,-0.04101667658369158,0.020067293425805828,,0.05747979650481732,0.054881578363774754,0.057902863039584314,-0.05369010295398529,0.08364559257805,-0.056803096022762734,0.0996776010381226,,0.02533090814524228,0.13520699498935324,,,,,,-0.027928797954820093,0.03059207849018685,-0.027532995091449863,0.00899781419995416,-0.019657050264442828,0.05428980716293764
CTF1,-0.016834825038060122,0.06005287835040547,0.008453088477632738,-0.05048833244285205,0.06017562270903578,0.020674590477110167,-0.041121607202514954,-0.01480427436663896,0.09079506285469927,0.027933747040967103,0.03163965787626462,-0.010316011074276042,0.005207391883212302,0.01973887887790414,0.00487938163832918,0.12046699084628994,0.05461326969568255,0.06472630964855365,-0.012084628956589927,0.06636889380120475,-0.010490510825199214,-0.003552982286157555,0.07492579969724045,0.1534089599495756,0.10216549969529062,-0.05992541756255798
COL3A1,0.02556235857794509,0.08049486390376251,0.10844933442828644,-0.013580356933906452,-0.01121705707725141,-0.019885825531430017,-0.007307799455067962,-0.05234387689952856,0.1609227989579354,-0.20506996472111888,0.0579024538664001,0.12053034952918162,-0.1221190129652544,0.018333850069067917,0.079207118074414,0.03413336356595646,-0.021104218943760925,0.04008456159983952,0.0160752206676059,0.10059635925200788,0.07656556685471723,-0.010428606941576426,0.11960480240750218,-0.053403954296424375,0.013254315150853785,0.011359848055490302
S100A10,-0.04463413272331788,-0.05407243042806056,0.040020693993077505,0.014694014575365181,-0.04571507588004226,-0.05234608718213238,-0.02652004935142422,-0.09523098516823549,0.18825812917813586,-0.2747963830222527,0.15652752263699085,0.10703793661041945,-0.16827759037547338,-0.15771139890836725,0.10002955657279664,-0.060038958157149325,-0.06370235217434389,0.30264816721912624,-0.005167426784218849,-0.15796691047760422,-0.017711786140934573,-0.15261578117969152,0.056030740153212355,-0.06008426578466033,0.01708220051045942,-0.047256191972711706
FGF13,0.015237737077860946,-0.04098755976241099,0.026904262343029582,-0.017523217049404387,0.06845556789780731,-0.01510035147167022,0.04975055803595091,0.05617674892430227,-0.06691862016364881,0.1810803083012473,-0.062204941463600096,-0.024514908176914093,0.0647544411489618,0.1564515829540366,0.09662930591703521,,,,-0.008230399399930187,0.0826565447285121,-0.03182316728064449,0.1083904189596309,0.021543431011630712,0.00858711119862262,0.06415434377231558,0.08400318617073026
SEMA4A,0.04274460386534346,0.03160389969986456,-0.0051993310692522755,0.014488589352263579,0.018737337699547142,0.000779895158525388,-0.007834892699955862,0.09164341849461312,-0.0740735016160567,0.08809887420056761,-0.08925288119617984,0.011167216913979356,0.03004805251015858,0.10545436642781503,-0.02822405536127573,0.010495388976546437,0.06326443712834781,0.03689605044138022,0.03202825435474526,0.060370327375529546,-0.03387766221647216,0.004170426647747184,0.10852414029211266,0.09973114893464728,0.027614319787767672,0.044402372079653675
EFNA4,-0.006300334063395627,0.10541705337011772,0.030216952811121356,-0.013185007881622786,-0.0046134618746468065,0.11013143231715092,0.09472270583641426,0.029636510223149646,0.03648307104237337,0.024290686790108897,0.03781287821303789,0.017129557018298453,0.09605696269566848,0.024424736290285947,0.10289634476774692,0.170348158878977,0.041340252163570484,0.07080178677741157,0.062021932046251615,0.07674925170920585,0.0687414806295339,0.022509615073609872,0.018598381559901934,0.14737642434786707,0.06120293774251226,-0.0021301577630887755
HSPA8,-0.010943610343934205,0.10401844848723432,0.04545144885075523,-0.034343254564279974,0.021529510271266844,-0.017426876147231273,0.04168927010315991,0.13338794232007756,-0.07424487425015573,0.3435848404034033,-0.1337175017516106,0.06802116126030022,0.14372877028432923,0.1763536991330244,0.03899938788983125,0.10203213112984572,-0.02215403811739681,-0.04181410279893649,0.038385273383352125,0.047183495449942645,-0.07927503886509919,0.0777567954053179,-0.028191188472274777,0.04056868850215614,-0.027387509720489398,-0.022588776360941514
NPB,0.03399652380809216,0.02759223259363492,-0.04147320917314455,0.01724283516673007,-0.050926726298642984,-0.010444398810173654,,0.028041466112335284,,0.0014335524573449007,0.01362605357529987,0.004892184931673201,,0.05674915428680457,-0.003697144065358357,-0.02329820423626079,-0.039893008501630016,0.04556325627161848,0.057372105183933604,0.08536699535156532,0.048288135615028364,0.08711673068976272,-0.02806319665837157,0.11826622414886888,0.07231973673584857,0.07259831253100058
ULBP1,,0.013038474157715427,0.0027009730349426835,-0.04161756699199256,,-0.007698468233654131,0.03985431996464107,-0.006325330730082248,0.005752354051830711,0.036217618232910254,,,0.030252722966031074,-0.00735250823909427,,0.04695938310816182,-0.08045918685230535,,0.07626523056333034,0.007348921820942525,,-0.0496119720676511,,0.018617105240652656,0.005890828468484001,
SEMA3E,-0.02543615644445018,0.1800459188951991,0.08774426454324039,-0.023620837904125502,0.13478143161640505,-0.0020528205060853988,0.009759576626718726,-0.019374151828976092,-0.02542952702123307,-0.06296874039047515,0.10029840495307805,-0.01309332211237447,0.045735436704311024,0.19819779585975453,0.05161760058323604,0.07434500318818668,0.05333044912935152,-0.07345741235700771,0.007900365985448198,0.1214793217415952,0.07191345537671069,0.08770370724171074,-0.038348273764189596,0.04633347831025662,0.11245247903150433,-0.006887688800129491
FGF3,,,,,,,,,,,,,,,,,,,-0.008266349803568619,0.11578513913499304,,-0.04912358203506133,,,,
ADAM9,-0.11600815003689689,0.1575576954947287,0.08818777059891338,0.012723846050809898,0.03493262608118687,-0.04556168156124811,-0.0394958708802753,-0.03914291841374669,0.14010245027540466,-0.17953527333626876,0.04600877072234193,0.11513243140165702,0.13873900693201388,-0.053719958893763145,0.13647306388986263,0.044472818276258104,-0.02187887749111461,0.1524707919855515,0.07835491377473514,0.006073326244911161,0.06617605349032102,-0.0588540215205137,0.16743106709133576,0.07910375646253401,0.14092265152307507,-0.049236473132662065
ASIP,0.06622938336799651,0.016992702215070873,,,0.006535092232449338,0.019369366986780184,-0.006405142557290859,,,-0.0010743497449232995,-0.035883830613364254,0.05555589847417262,0.016884049334889125,0.016833426099905142,0.07810287572138151,-0.01617066807662887,0.04815197662645972,0.05586776583751088,0.05555835904187125,0.1270724760119478,0.0367475239223987,0.027674687675230084,0.16704488552639632,0.13730761937860286,0.06853100950204448,
IBSP,,0.0028196858793951562,0.11836958770032527,,0.027693362150361642,-0.060432130110380226,0.05764338654562553,0.051539038212336505,0.10314689609199622,,,0.1498718545646399,-0.0691419965604261,0.06620631455862791,0.012129543205638783,0.030639462787168312,-0.07589874297816263,0.013142854733208439,0.0638936470476715,-0.009189851191897573,0.07213425523291257,0.011092808297027605,,0.0047575614302776134,0.08817906574998506,
MMP12,,,-0.01756267574749741,,,,,,,,,,0.018689206751196372,,,,,,,,,0.01070582077884349,,,,
FAT4,-0.04844941369238957,0.1119157856094742,0.004466940958568861,0.023230003191004482,0.016884477297647405,0.0013208524145087229,-0.01539458556945851,-0.06258223555064514,0.05743271514515922,0.025864119474633938,0.035422150609845764,0.024956843033989564,0.07032213652121048,0.026545960090706193,-0.0043912530533142796,0.020375513736757413,0.08072534546418288,0.06401988677330285,-0.006805375525406827,0.05429418905502662,0.018077601327497975,0.006569854244990887,0.12790702757424013,0.043117113064817456,0.11119885356644203,-0.04354676877769277
MDK,-0.055466217450795975,0.2358309815128157,0.11607864209884541,5.102742045229272e-05,0.0205223770594659,-0.00035570408518644084,0.008995278914887616,-0.08650720362342451,0.17486526565335744,-0.1841706521074734,-0.04532994959805211,0.1331342521506456,0.16368821719137588,-0.06473962309842456,0.012143372215493537,0.07679031306559418,0.006844210631100993,0.04667449092624185,0.11657841788561096,0.1132712972069753,0.061492111789240175,0.0752022218341092,0.12870797149850366,0.14855305739502453,0.10876914234119126,0.02761025504160256
BMP5,,,,,,0.006704566727957047,,,,,,,,,0.004193286196506883,,,,-0.03478161747521548,0.0018007207054527195,,-0.05555000613952435,,0.054073029883272124,-0.004372566773006869,
CAMP,,,,0.002741214373533333,,0.05946792109131525,0.06861555002133407,,,,,,,,,,,,0.07130588782802227,0.05996608667301938,,0.011179192292263978,,-0.0340554520737073,-0.016024676906276594,
HSPA1A,-0.036452401931740146,-0.17055543202086118,-0.0030712696904063043,0.008823194302150969,-0.06856747803087017,-0.055291126363076044,-0.032950661041214344,-0.059617910239840824,0.09260830928876884,-0.06576080207580887,-0.03438574582231187,-0.03577903221425759,0.015804858955985365,0.12287937315602698,0.10540837724401415,-0.007819272743466997,-0.03867908340269649,0.0963109791508136,0.04531220230206918,-0.05825615131896114,0.010080292931928539,-0.025445447037877905,0.08294192095279333,0.047347156539085826,-0.050071767515870766,-0.010954456421033737
SOST,,-0.012061810056495667,0.0031571547356322453,,,,,,,,,,,0.022993034854273724,,,0.026395363611296765,,,,,,,,,
SEMA3F,-0.013748152943546607,0.05732748904426855,0.09035717031124288,-0.009487729536348043,0.041927834570302955,-0.02253782078597205,-0.00723860204297937,-0.034008546606942476,0.07936490257818148,-0.04084494486858786,-0.017167757085066966,0.02356591594079391,0.006138918640133698,-0.03312250520752782,0.04632369862161692,0.026456305085029816,0.008625520215968496,0.14547808839850004,0.009283156898056153,0.17255913492815134,0.14380403378830892,0.043529588026866205,,0.1176482413072782,0.053379356092821406,
ARF6,0.018666446271030313,0.04313769868883223,0.11913141809389155,-0.0004742286786869469,-0.04017594930044283,-0.016269783409017254,0.02444678396336995,-0.008396645338372661,0.03086769957901461,-0.05491483526412377,0.03387791242068393,0.06034573319885617,0.07837157278342338,0.020848157935944536,0.0852967441220756,0.005435521719524516,-0.00822360365537481,-0.06436053472515857,-0.038271762345792694,0.0012423209416002738,0.047322827718778986,-0.029256822192052938,0.01731477973096153,-0.055266628975606864,0.018442277108180687,-0.05870118773178451
IL6,0.017330227340974513,0.14329164504511907,0.13090123264617706,0.010309420038925838,-0.05908555504448133,0.02051569541443604,-0.021780475684343867,-0.06044515273559255,0.07278227108066886,0.005725148626549697,,0.08499296271364476,0.0023196896507815677,0.015290281916161904,0.06152749651550576,-0.04053936323518724,0.05499584038989945,,0.05104055947387483,0.017133877046792444,,-0.0007144683713196716,0.09175837130119929,0.155261942317691,0.06013339649172213,
CALM1,0.02339084634069172,0.12076642234762029,0.014585700792041011,0.008799732137942416,0.003959846967357027,-0.06398599456309632,0.020254604362872634,0.08123144757283497,-0.12286792591415718,-0.10599819893671396,-0.005592323838852541,-0.07143895244297584,0.05880950933952312,0.18235475095856019,-0.0179577645035989,-0.041015700330688534,-0.10094292889902591,0.030703081067215112,-0.03246734032644617,-0.04282858553870925,-0.0874415834761226,0.004936737466222633,-0.057252300967041134,0.04226967005682734,0.02394112384335818,0.009708099038152774
VIP,,-0.07582707948478713,0.06423848255479918,0.009277045223444726,,-0.06668103314918711,-0.023685180259215052,0.013745491784768488,0.027834250240421708,0.06603938857420874,-0.06761891956526073,0.022178713352725945,,0.09832333428583723,0.07234408792466324,,,,,,,,0.053485955117715867,0.008018505661083131,0.06689425501539088,-0.02635810943870066
NMB,0.015789771704939483,0.2322608185993392,-0.030729833429828185,0.01962713050917918,0.03316208057916925,-0.0022077320853053175,0.013146733090987739,0.06501161810753611,0.1792609068559503,-0.030742934256991386,0.08533201370364271,0.031090463517499726,-0.06249728226515187,-0.11536620350860778,0.1547942151042258,0.08753368727276062,0.07060596970348222,0.14644955459879705,-0.033192812043596004,0.01148706904249761,0.03816692349531068,0.08953864903108365,0.012831110245786197,0.027521481699354467,0.11131034217436023,-0.008638909876896727
CCL26,-0.008595904422966002,0.09585754352663704,-0.018619010493354692,-0.03938022657505929,-0.03534621442194207,0.029969177593505186,0.015531846206268986,-0.04476013849157783,0.030161809685192213,-0.0358162004178985,,,-0.0777766662265034,-0.006339015409686521,0.08056332135642169,-0.0255334151510164,-0.023160368843898365,0.06897265048735374,0.021966629237607508,0.02734365280173169,0.016314400499838302,-0.021025356046695625,,0.055434862723637304,-0.00573728770298538,
FBLN1,-0.023763640156610845,0.021994157777859038,0.11948698429186935,0.028828571652507056,0.11925304057710817,-0.01085345810784572,0.029832008022131356,-0.05512456777995211,0.10974552378804173,0.0399865749305542,-0.07604487660178381,0.06105342351206456,-0.05428518525622777,0.06252923387968858,0.012976741315506638,-0.021002100902280513,-0.025530495933390716,0.06794954639040526,0.06358145109325664,0.18992495479210456,0.00613903919005192,-0.00939368453973609,0.04567776856145634,0.0438375514152536,0.061811361673923024,0.07483657816528987
SAA1,0.03851989068165939,0.06206537522868865,-0.008211703902612407,,-0.07613046290563806,0.0642666013815764,-0.00020323508641115716,,0.1277588270350134,0.04409246662201718,0.03172183796086275,0.05606888653537294,0.09667814851163416,,0.165780135612327,0.1169981493980017,-0.024941766368208378,0.06402543608844213,0.1172895962017404,-0.008381950454755933,-0.01728610252654665,0.0740569866572458,,0.06292039382518404,0.09033822805748792,
MICB,0.03885543342660961,-0.04684524647506269,-0.031370697701064675,-0.014010485727786733,0.07439748179673818,-0.02405140337098404,0.04999717143779468,-0.06331327788051332,0.07122379826455229,-0.0058099797838928775,-0.0006370705959948006,0.02522011032544163,0.008198615095510646,-0.011414424678121416,0.04301166421688308,-0.046300670706333105,-0.01035743870991949,0.017093836787888332,0.054540253669153764,0.06575749613858006,0.017563875988862703,0.02640875653383209,,0.08166249719520258,0.015493619836083442,0.014425532649266106
MMP13,,,0.04719616192710476,,,,,0.011892335518035379,,,,,-0.12571053177088493,-0.006506231614861914,0.004348422902315506,,-0.00760294935753782,0.06096221566493116,,,,,,0.022181647226381582,,
F13A1,0.04733678033009617,0.03713340115164173,0.035836404332171376,0.029955097735767752,0.13424270721659717,-0.0006814860457667899,-0.031128062646646793,-0.031660161889369424,0.09752059927147276,0.001041126893084002,0.04537522507632673,0.2090112080365196,0.0889734397427805,-0.0010733276263001725,0.17113127538500605,-0.027024112425141952,,0.043776879680932516,0.13385578661304154,-0.03530262774031263,0.019136867891164366,-0.016969075760178545,,0.0456841859193684,-0.02455359160417869,-0.05335907753017286
CXCL11,0.06465280233221246,0.04261389874291621,0.07247176478629064,0.09255023728766165,,0.02780414264047327,-0.03410927648652836,0.009709794507704166,0.09986325542165693,0.07502242499908836,0.035068683772912335,0.03429002588273238,,-0.016630229291109647,,-0.025782183161350305,0.01957178618353164,,,,,,,0.06573109567603459,0.033751076207505434,
COL5A2,-0.02201623006814588,0.23462039010606814,0.15445536377998978,-0.023167420248477576,0.10414736076211241,-0.02209100105530463,-2.6041263180762038e-05,-0.029924908512003325,0.17582885505942408,-0.25079628841932605,0.09387680378101353,0.10145406196734466,-0.11579445896622786,-0.11177221000802261,0.01326116204349817,0.023040319669106694,-0.005187462801706408,0.23009195212236866,0.011919306980155189,0.10619830201522579,0.11538816883680986,0.04513192691742752,-0.024881813224793922,0.012501422123474435,0.03772942560455539,0.07681044320084415
EFNA5,0.04343525691725619,0.052953487145735285,0.02253959751867175,0.01977235263464762,0.033136815942746776,-0.025273490556136036,-0.05687133759001629,0.011026290548361172,-0.005390345987485078,-0.005262492598485983,0.014777775266883798,-0.03472993004105614,0.023405538294557073,0.14005576551079169,-0.0015179967270824704,-0.016607414269542414,0.05285771714416079,0.022914063114406677,0.05236214744243097,-0.023141636813863685,0.028875775288195984,0.0209579434243246,-0.008335851284557837,0.12384269116797658,0.034914080275358125,0.09588925298272263
AREG,,-0.001298557209792937,0.0027170749083790372,0.010391041359003723,0.03535206429804656,0.00010706338215872081,0.02196318850743443,,-0.0014603950915022894,0.021273863811300746,,0.043698932287890735,0.05036625647396556,,,,,,0.015682082148062236,0.06820695185160087,-0.03066072119798942,0.001731342960953483,0.004423621334754812,0.08451330465410224,0.09325358288830805,
EDIL3,-0.09937617197798579,-0.05272050126284442,0.02302875222595525,0.0724443139864652,0.13987886534899413,0.006442133711891496,-0.006800074615614207,0.03994726369636262,-0.12180051758345077,0.14980345526739638,-0.08429063087263419,0.025837840415324647,-0.08911600639422353,0.06427850373806944,0.012440139984132587,0.08615336789468474,-0.046518847199059264,-0.13651063888201467,0.06421070419881415,0.1515179378177549,-0.1318672848411824,0.014689764833467763,-0.06082708056209838,0.08797965433417906,-0.005288404063050171,-0.02859508650620991
CD86,-0.015598786893917128,-0.05287561098694012,0.054650079087045514,-0.011935640628080604,-0.008396930148625196,0.043814364482178,0.008814977974405816,-0.019144024864245584,0.06931444112892997,-0.006328583366043664,-0.01659629035272982,0.05867151281625231,0.07513411751826223,-0.04112026807737785,0.054699418741088135,-0.008107357725792822,-0.005245262286189151,0.12575037058405492,0.014877709509417827,0.08968599574624767,0.0362725538841919,-0.03826729037282511,-0.0008845584836385494,0.06365543429608009,-0.01048832513075046,0.07360945942659317
AHSG,,,,,,,-0.05505590166554777,,,,,,,,-0.04687095128855387,0.0209165739578781,,,,0.005282353927814055,,,,,,
WNT9B,,0.04936987273744248,,,,0.04295352177603441,,,,0.031378060704076526,-0.012520658531490833,,,,,,,,,,,,,,,
HRAS,0.0218881997210899,-0.017608827276410215,-0.002921477555750981,-0.01715460965101043,0.020931019826498976,0.02299694034228409,0.012775365523223434,0.054585697312051415,-0.07445039234168375,-0.008715722693760825,3.542634674249282e-05,0.06331776517305553,0.018827233098736816,0.06478587723713737,0.016819887749634933,-0.10270793521312511,0.04303397884234694,-0.005397725503353294,-0.046212464165000376,0.04000841971322071,0.02901245658099189,0.019684641843220867,-0.005401536297336188,0.17488487625215493,0.018517269832839668,0.11029931040090249
C1QTNF5,0.04939843324563658,,,,,,,,,,,,,,,0.005495683206691051,0.047613144640430025,0.0035797143751345696,0.06209451068123908,0.05221913395984562,0.04040881245835935,-0.0053549917029442635,0.05893282964677954,0.024179146415983666,0.024863480392024222,
RLN1,-0.014049902173125147,,0.03352766248397216,,,,,,0.027903851344307614,,0.004827070656334857,,,,,0.03250960716385087,,,0.012928536149904492,0.05409504827221203,0.024423095179806155,,,0.07614995733861209,,
COL4A1,0.0013292449222892249,0.15853873956652856,0.09274057234748871,0.021658750286194302,0.05466136195313238,-0.040375287468458435,0.021152075054290197,0.010989945970660562,0.16308405380931734,-0.35261217526425137,0.043617510421943666,0.11515105564619472,0.008374773448534555,0.013681000679662292,0.011627081485942391,-0.006530844662566153,-0.06071912479771133,0.13002897976597766,0.005373124394799269,0.13418579803133845,0.14008702344730198,-0.047403527096890705,0.06544557956099915,-0.0794519101261818,0.0026810463550079274,-0.03113406028715664
CCL3,0.03845921066558762,-0.024137712307465434,0.07666214811893629,0.007049172043660577,-0.06823163781296433,0.04130738802252581,-0.024143171897269035,-0.09751739910325274,0.05918307726515595,-0.05724247422020767,-0.07491215842241969,0.13104093922842994,0.08276788175575979,-0.019811356708122386,0.060920659850991654,0.002313558375819182,0.09057356280882994,-0.07098067174630189,0.060623677298288436,0.04626337705075807,0.02256194025005058,-0.009689309123553596,-0.10186658115341257,0.07525600531045408,-0.017052743615029512,-0.1117874174825567
BGN,0.07143881747548585,0.21272554136551264,0.11076125957643074,0.025850133161019504,5.762293025809875e-05,-0.05345009779493273,-0.0012943725385215258,0.011950981024154496,0.06111911750308335,0.08314722701621273,0.00928948419459407,0.0450082912896738,-0.2290414839925005,0.006520786624273978,-0.02990087200256817,0.05654771449493926,-0.005130811809142634,-0.04354479130970252,0.001094675942499202,0.11001149637597978,0.11679896924483661,-0.033232017933987154,0.0906043086423948,-0.028253208592572066,-0.025319705031465183,0.07704470416989095
RETN,,,-0.018111849969026515,-0.00718859463562572,0.02860032063893947,-0.03193546848982079,-0.02143755635353284,,,,-0.028471713263297588,0.07645399445181614,0.0010789447547952045,,0.12471466914020074,-0.02249185191602039,0.0484899726323782,,0.021820053395379995,0.0781238866088135,,0.00558512516652929,,0.026024063736187993,0.028706545932884363,
S100A9,-0.07393328069334487,-0.04483740379121152,0.05555391236789592,0.0629793187550958,0.10003357509303827,0.02546290514122825,0.026859256065217472,-0.025378704892881427,0.15159716403477277,-0.13924415588826267,0.018411119997025528,0.13777834420152205,0.10366756627677214,-0.0019295298930537225,0.09308118484151494,-0.006925834674530333,0.0047111467355031664,0.022909523963851285,0.030742373568770576,0.005988242430793708,0.01876631833011904,0.07030337514073513,-0.11406323794194274,-0.015608299552090022,-0.014573156596206716,-0.04393402172445427
HCRT,0.04742893601253946,-0.009371494380324249,,-0.0004615473234454426,-0.031088881687665285,0.0063956320685218514,0.028967544630154628,-0.019342002008447816,0.009429743725731311,-0.031060861987682833,-0.012385441536882164,-0.056346710535370194,,0.0420006845953529,0.061050942645917046,0.09340031824676943,0.040048752537455344,0.06815087652007915,-0.017286166435284148,0.08505787812903406,0.03270623208690472,-0.0027775083390293234,0.050899339331488616,0.08077547035971076,0.06093504574434042,-0.0070430305316417155
FADD,0.038809495581341426,0.12923137189142372,0.054042005413656634,-0.013580746799415667,0.027299810437802812,-0.009941866956946788,0.022982367134496907,-0.05144080581692697,0.16880570444505275,0.009706566184824421,0.032410658418889224,0.005895329595219517,0.020420656679927623,0.015717683796204522,0.029947745210981497,0.044319085279133585,0.08476914199114474,0.12648400458448508,0.07358789754815796,0.08136906759149354,0.03532576663600264,0.04320187385011599,0.0722389014785754,0.22375430625504625,0.09362559915196574,0.038628744029453314
ACTR2,-0.002522071052697892,0.02986907574737933,0.08190608216690375,0.026348890729270755,-0.010406062661136448,-0.03330046572265398,-0.009803935412838067,0.022024292434848276,0.005536720476622755,-0.01888361306561025,0.05256546142629596,-0.011916899270821612,0.10695993968192463,0.05832910709241255,-0.08460195934083546,0.0035252374895001866,0.05722665409059548,-0.03534869369324159,-0.026133069296373213,-0.022972445561352833,0.11622420567363036,-0.0007454263473286246,0.04547715417964239,-0.06802350091630283,-0.03186376589881794,-0.13801749264731852
BMP2,0.011094239770899237,0.010508406808647622,0.03894674195014549,0.009005639098608548,-0.08003023064041721,0.03701127383200712,0.00331569667907411,-0.08166107410308514,0.06616114078851726,0.08435426606956142,0.06527145467257493,0.00969554578069518,0.05943940623343668,0.026458922890829774,0.07544207732416275,0.012666224937807682,0.10219181293509283,0.1070929875755889,-0.00878906094050863,0.09334902630697096,0.00149761978477062,0.07369810003191332,0.04708740700914336,0.07193693296018377,-0.007541199583454483,0.02368972981344938
PDYN,,-0.014672223036598916,-0.026817727261089365,-0.04036309188376622,-0.014677299680248048,0.02408686336773297,-0.00799664154136687,0.06212269177948905,-0.042808451282384856,0.1718616693867662,-0.09455260173192598,-0.010716411382325798,,0.02054811076147077,,,,,-0.003192518263716427,0.00761373633319509,,-0.04670025856734789,0.17447861609796256,,0.07739703326415602,0.005066194623897119
CD55,-0.05038092291567828,-0.0002732023907026326,0.04167210130130051,0.011268397805894656,0.02459578728679957,-0.0009656495495422458,-0.022637943324998678,0.06504193798080138,-0.0006334232423707124,0.033194387348406754,0.06450202995631689,0.021525343790179206,0.11838947221678228,0.057953828015973465,0.0062643445188456754,0.035103764429727194,0.04554743136336492,0.0265979845279263,0.010003564039347754,0.0612664261215235,-0.019162347077177302,0.09492286648684105,-0.07108958387102786,0.05354857602687519,0.01293627145476363,0.05826248512340361
OSTN,,,,,0.022771611139078416,-0.002392093144759768,0.05100210505074896,,-0.014285536875976139,0.016209487477449314,0.014357938575614852,,,,,,,,,,-0.012945951387974601,,,,-0.009219171571850508,
PDX1,,,,,,,,0.006582317843331272,,-0.06958862329283816,,,,,,,,,-0.027487675678980538,0.024673438754643468,,0.061869915600584004,,,,
CD6,-0.0674447145609654,,0.01968278000916038,0.02222548114474035,,-0.01328193198982667,-0.02931216157138313,-0.0033396639313022177,0.012105234564299298,0.014206818502671833,-0.018990892801062365,-0.019891786559147535,0.07439707546846004,0.033265752938910945,0.02171773564899526,0.03893703847757783,-0.02954278799342316,0.031933031427532836,0.03253273128371913,,0.01754889958743833,0.02542935695616038,,0.04115764609680417,0.0037064077186777203,
IL16,-0.00760485449706903,-0.04178760227962708,0.06745445614010413,0.019329766249033348,0.09215041641888645,-0.022474851801239384,0.00787900494726791,-0.011502575579133086,0.0794719223073872,0.12166590691012351,-0.02247273664756288,0.04467670204346899,0.05986939611847456,-0.045912043376309684,0.0694337775292106,0.025123800969887512,0.015034936900506005,0.00032672373874711395,0.04921802799626554,0.05056178318846029,-0.005289844676128798,0.03551608293662196,,0.12093272209854233,0.04131138761180627,-0.053218619288160185
LAMA5,0.046901814040670425,0.023770046110348584,0.0778632905830897,-0.009094656326926921,-0.02536013082085785,-0.006704905028888414,0.05748079656918457,0.02101301909248045,0.08678352974637021,-0.24402049535801384,-0.042819407616391816,0.043437614201349235,0.19579587406522408,-0.1221185890454341,0.05055582898656739,0.06354425738215976,0.022172680899273208,0.09241592135539553,-0.011163948621774826,0.034945156542797985,0.16143441773367678,-0.015556623766930625,0.07456971152594391,0.05861122504119528,0.08213796242102724,0.04452697808915057
RGMB,0.011488634015894715,0.036408681045293996,0.05471783531253532,-0.05267612472704286,0.05579189966548207,0.018482817525313965,-0.0063352102995852776,-0.0019506157570211595,0.053347651267582535,0.10651179213290306,-0.0038736071440271507,0.03141814854699557,0.08806059379936708,0.06261457840091735,0.13099524073757143,0.043573698615005485,0.03882677743455164,0.11635016354719677,0.01606076852888109,0.020422730325895817,0.07692962756875824,0.00432187326910501,0.02268926055458636,0.08447925043434674,0.13344849233716527,0.050777997348584084
INSL5,-0.002965031517095356,,,,,0.02940752534466338,-0.009831139772493044,,0.046386479967406136,0.017869363502843502,0.04499769484011011,,,,-0.07112793048542117,,0.06433369497438823,0.13931143763952866,,,,,,0.08862038590647134,,
IL12A,0.03888518923409022,-0.005444213757572572,0.02584074453318107,0.020619275285707082,,0.09055523586920566,0.04990007784798474,-0.006794956064521862,0.07063140039003869,0.004230390149201973,0.0275732087846632,-0.03463315528836163,,-0.008766678549353025,-0.04111042675024592,0.06327306930637897,-0.10522827137407648,,0.04753591415055383,0.03236763513429548,-0.027936122557451346,0.001812445106077305,0.03250152142274773,0.029599557919711673,0.07691218969672294,0.0727034554164509
S100A8,-0.05665432969646165,-0.007300886503583506,0.0481450450654448,0.039070633107932316,0.08713018629401464,0.04612879750808256,0.02720802960691988,-0.057385795736515526,0.14195186150193242,-0.30818554476800586,-0.013317173302396483,0.1163288096287,0.025102721224103966,-0.08852053794757583,0.18635190911041385,0.05344399560620711,-0.06621202724488184,0.10745549217003042,0.13590971653618636,-0.02037781428582232,0.10753245677612991,0.024828220515535453,-0.061998924403741204,0.0644067686564927,0.0666294379662028,-0.04000511856012695
TAC3,,0.014773857215642556,0.030137134945285648,0.01803610010257003,0.029452210406538098,-0.015272116438203014,-0.021668913167141552,0.09703448996640719,-0.038250268899076165,0.12307789295817737,-0.06168082921025031,-0.026931451092113912,,0.16897086998491798,,,,,0.008274777004040921,0.03405562268570041,,-0.034066150719653,-0.031250880008012814,-0.014829290840485735,0.006292942186420219,-0.03961234041562073
TAC4,,,0.03493817847117665,,0.0588250844386176,-0.010687377195068924,,-0.00973966925307049,0.08168812942608392,,,,,,,,0.03996108799213101,0.06266469008227774,,,,,,,,
MFAP5,0.04311590078881621,,0.07136444286766766,0.012799723883178968,,,,,,,-0.02572485932105896,0.052415050691862884,-0.1509210349658001,,0.038580430241790045,,-0.00650909753347832,0.026076898422104387,0.027014604396263898,0.04597367349312847,0.015309746707837243,0.04264988892538322,0.005762251670213048,0.03914493509405813,0.03988022546599322,
CXCL16,0.038384081168377264,-0.023880039536242712,0.04000853343478952,0.03358188563507662,0.08964334205337539,0.07022623438638827,0.03732173586449328,-0.06997137465281508,0.07954573726572137,-0.10282364893065897,0.12428359061207901,0.02496004282956862,0.08496454023140727,0.036795860364164365,0.047907563143579704,-0.035117496485103816,0.013254519016470378,0.06385349061529161,0.008519226878013987,0.13499897238985606,0.003762656476930255,0.0018333096930164773,0.001625779770293501,0.10995104873036393,-0.010661636996865656,-0.004991013570254506
AGRN,0.007013764756796815,0.1680212204972444,0.07546433982660418,0.008389039298853877,0.13951004715638052,-0.06813366246010377,0.008610480966613234,-0.04052501072916071,0.17057407452586232,-0.24149496331696446,0.040641362430735614,0.05405933482653877,0.09086099923250837,-0.0009654505052600854,-0.01589412626651922,0.10871173154073054,0.02921387701386072,0.1339689476368763,0.037143623683847264,0.10174139592035228,0.10963879858937338,-0.0011951001704663983,0.08727519132399043,0.05007793391002876,0.07171486683342168,0.029629177261008582
COL4A6,0.0021076393710007134,0.1730455202463422,0.019578500434792374,0.02369318323332474,0.05202226146981524,-0.026570133283602256,0.11826014932770473,,0.05099749689584992,-0.05836342708634209,0.0668849006110821,,,-0.0030954204434966675,0.0430857627551156,0.08738867299552719,0.04906323647844613,-0.036023531692456624,0.1128835243473119,0.13117782283450413,0.1138293673246948,0.11024078425475074,0.1178205301857742,0.14207442540668022,0.05272532573429266,
FST,,0.01371168313398996,0.012100017980102086,0.05989308131244192,0.11278529313894574,-0.02873386594825018,0.03493916984192679,0.031015138106196608,-0.015745084245612648,-0.04590148584406144,-0.017689289030736226,-0.06035248102278133,0.06531096924938823,,0.1622545367249459,0.10118637977244574,-0.0930454232894311,0.07524491302575767,0.018506690680344186,0.10800979930856355,0.030306014950733935,0.13954068795946295,0.014581588899947038,0.15192826960419026,0.08800535545428054,
MEGF10,0.023652720529904858,0.04520651485081185,0.05735565496093735,-0.010225561352579666,0.04475558528817842,0.010510187724034796,0.0722875437818238,0.04522676769938528,-0.018676931630894032,0.03670063571756232,0.06634010050190392,0.03440632314181876,0.058531157742042636,0.026377524874434802,0.02948353440728818,0.02844025319926481,-0.02348993074135194,0.01860903706801937,0.05701236153991695,0.07954139428761398,-0.010225996859591486,0.03146965586479732,-0.04011680972743348,0.06792017128352448,0.09109594276167376,-0.041386146219155526
C1QB,-0.06948879680838962,-0.013143633125333369,0.12426906582644338,0.03149397895007569,0.18085909977638737,0.03248869981495916,0.03928703982030991,-0.07990366971916786,0.1420292976265658,0.018794056449797123,0.05329238938839385,0.09877321385980856,0.14630423523159283,-0.06922807312021857,0.07169418504350891,0.09872562697788476,0.076641695633648,-0.06518403648755826,0.08785494315469723,0.11272198725370709,0.02097138731187052,0.07629192878972119,0.12426045493132218,0.13384298849152362,0.11213654732504111,0.02981164670503409
HLA-B,0.06560677031864756,0.16059986052513814,0.08129646870952809,0.02882989959579458,0.08088265896432116,0.10149124443611875,-0.023793316336440475,-0.03652663973959047,0.16912856958099642,0.26967913111968633,0.07616948958783215,0.13001240580486123,0.07065291185703562,-0.05367541375551439,0.19239965920970797,-0.004414138188404329,0.12214701548420401,0.1556386176330286,0.1352301252841002,0.08202587917166683,0.15416734349503025,-0.008705363199830448,0.1061428461969508,0.08058772569252687,-0.014621823002682062,-0.02946989073018601
PDGFA,0.03697626446436912,0.20497888269421302,0.03017078995971001,-0.058428463125693234,0.06638196536616896,-0.04512698980779686,0.08733632085180594,-0.0004016401936118357,0.017496056519737724,-0.07672245300530066,0.027042700952928538,0.0705297367118908,0.004954475047638425,-0.02091140266982483,-0.08984248385122606,0.0811818690686521,-0.014881045252149635,0.022013297457699435,0.016658023498955895,-0.07116648990105494,0.006701275737371067,-0.1608657841035142,-0.10450196831825022,-0.025272302096149318,-0.020051599994656315,-0.0078221298366557
LAMA3,,-0.0874760960865835,-0.03354753767928932,-0.007113275375149798,-0.06819252879349029,0.05578640214094603,0.05132903748889691,0.009025585803665078,0.03084759500213295,-0.057944189092187966,0.0013452047383398264,0.006878071207136717,0.049191767055443675,0.04369833672596215,,,0.10383727017026446,0.03007219052551687,,-0.03412860334159284,0.060002642958810956,-0.01248717138038582,,-0.01328418407669155,-0.008821121889311691,
DKK1,0.0043249457977721124,,-0.003298643396314361,,,,-0.025693739124062292,-0.004475735010446937,0.005278976753547315,-0.11177371438610487,-0.014134380372319094,0.07663205642830859,,,0.07713564382260697,0.012632950662832893,0.059690436009031435,-0.009351918137219323,0.037547099098903615,0.09762921153436009,0.06541484367271896,0.05928320567881287,,0.16510384551189233,0.07827583098060147,-0.06208150826260833
INHBA,0.02376026587937695,0.0974834367208428,0.01561469932563227,0.023053961610888116,0.004197953912929498,-0.006679061973940045,-0.06281667649890244,0.054469614049004585,-0.031080664036373523,0.0724586136176757,-0.01928428684445423,0.09776049348665465,-0.03482477745552476,-0.033492354316039814,0.07596283880680407,0.050333387357438,-0.057707573170664064,0.032864035622011914,0.018771508677950372,0.04449017576348069,-0.03758379361070856,-0.08293576005827848,0.010743863549835024,-0.0006934527289360751,0.006192191146635228,0.11209511413661584
LEP,,,,,,,,,,,,,,,,,,,,,,,,0.04378857953938356,,
IL7,-0.03037419169302927,0.02226694446551508,0.033912880971026786,0.051854248155779076,,0.011363765885694715,-0.02549915863559796,,0.018921844482929415,0.07333832584918373,0.05856695070448937,-0.006272394498604033,0.06952888882613181,0.017925774405045364,0.02535475646122893,,0.013290216667249645,0.03313160747271457,-0.02267217099361579,0.09106424080913422,-0.0313083963365967,-0.006498650806697568,,0.030762716702265595,0.026247835067627734,
FABP5,-0.0327187810788117,0.24770949639734868,0.1062331515268563,-0.04707627764691584,0.18640694483295123,0.021528553355704565,0.014518179072784949,-0.11894759066638327,0.03443665148191223,0.04373258993076264,-0.03344224530319555,0.1088588955130051,0.09548231789155755,-0.1529012254149306,0.1552608336612808,0.21633827243413042,0.01839780720709929,0.08929579902307022,0.06802878260975569,-0.002599048855384303,0.08983170622001993,-0.1531693852826418,0.05521812231042684,0.14930829012469876,0.0770522938908038,-0.02845091391687631
CCL4,0.02653116019923071,0.11463642974139804,0.04226148671284903,0.08072670796366208,0.05427344106576358,0.0520679640315852,0.012666395948672372,-0.09337097681687222,0.04815015257153851,-0.039184190367119905,-0.03926631518506322,0.15941903282737488,0.11700542011027783,-0.06930703127107886,0.1241425580033851,0.009233559310561815,0.057751665752814395,-0.04965192119071487,0.04150530849514797,0.04504702899827484,-0.040602577801474984,0.05461254050279576,-0.060877235416908385,0.11086950720777862,0.04132225445118166,-0.14129056706370505
FBN1,0.025965446001076996,0.042548132195756164,0.06709223869538367,-0.0033176818668884745,0.05265693992674855,-0.013635560472079714,0.07719026859525688,-0.07275418481001972,0.11441673971618803,-0.046612943453927684,0.0007583544881309739,0.04255827795013407,-0.03322198479966918,-0.024380884529237784,0.11488944770368424,-0.018802007491735686,0.044809819029356296,0.06630945463776537,0.02767277813201466,0.11181160999648741,0.01107709502468579,-0.05710049648115026,-0.07629809631743367,-0.016273052218752002,0.06423736491940718,0.02911245972496715
TCTN1,0.05731686221982137,0.13482175687438144,0.11222185392058893,-0.01285284130795797,0.13179836191433544,0.0465494968518409,0.005922033975251994,-0.054633831760413115,0.1560577495734866,0.04466653637774755,0.12870725146239098,0.13600161266622932,0.0867519403954263,-0.0669914212616904,0.14875852609813886,0.09819350110522412,0.057209352375590876,0.11433800127059862,0.049909580313019015,0.048143341769656,0.06897860213957001,0.004485480413187685,0.1239758349461937,0.11246187695841138,0.09417709607601159,0.03602558989808102
NCR3LG1,0.07425516569039264,,,,,,,,,,,,,,,,,,0.004244219565364373,0.04524837079387909,0.025842450760301987,0.014400315426740144,,,-0.012180483697213352,
BMP7,-0.0030772119635587496,0.132620101413257,-0.03666380287753876,0.05892281131737966,-0.003052744361365229,0.008493797807783945,0.08395826701971368,-0.022299257944152807,-0.02506114023472181,-0.15069664559365245,-0.00019859737103510193,-0.00969975595989039,-0.05883553335996947,-0.09646348888515947,0.09906490211349969,0.0671746561141721,-0.09614762969065173,0.080420290748676,0.05430211786573341,0.052185081272253055,0.10373411903643982,0.0670507137803226,0.12149354397740614,0.05261487227325241,0.05199280412956499,-0.01101595163172089
NLGN2,0.07275092464180002,0.09716495136675771,0.061380327536980736,-0.06505439606509594,0.08707255008973636,0.011687385165164323,0.014363211537854319,-0.026504915656302124,0.04961212366326371,-0.1149408241210622,-0.04634546253527304,0.00799918648597906,0.08251537065293248,0.05676498885193241,0.09312799811011059,0.02908867638518308,0.004878291497553742,0.10010326485312265,0.05560284462974454,0.11262381981282726,0.059682066458947365,-0.011365904745038718,0.012741453981205483,0.07503702792892934,-0.019194886808934688,-0.022559935877115207
CCL25,0.07645987029343737,,-0.02432311573338272,,,-0.026569647109411378,,,0.07971534307194111,,,,,-0.009895889965055985,0.03978554839158277,0.1421773590743656,,,-0.004221161236535684,0.05732480811333564,,0.0982625467527564,,0.02827147617075865,0.01865915170437909,
NPNT,0.056086690398929134,0.2291991514210857,0.06216758533052983,0.019699612434260223,-0.06476705722182831,0.038995001382869064,0.04562815803912179,-0.008484089060152428,0.11707145366750704,-0.27785994373819856,0.005385140198026029,0.02914650572654921,0.08951707050587764,-0.10857193691590536,0.009923067323058176,0.06023995815003802,0.04463295120661275,0.14489531232443914,0.07225400583031585,0.06252170883190382,0.15805942086727118,0.023486607990635504,0.023404550122686538,0.08383420117436399,0.12222429702014512,0.07223792197792354
KITLG,-0.007547422576489319,0.09372399289129045,0.018414556489694034,0.03113976197353706,0.11403256892627608,-0.015302032523228107,0.017873770800787833,-0.04097493393642589,0.007611336199725433,0.021055902898264443,0.07941431823608028,0.015784399965893807,0.12631982496554556,0.06937724323765086,0.10272680983994867,0.12434542735145519,0.03202532832533117,0.09801038232430877,-0.0015988690429368044,0.07411992031855508,0.12194891038455515,-0.009955611566964931,0.06969094947654719,0.12749602049243897,-0.0140980839405298,-0.03453275495871112
MADCAM1,-0.013327931986262751,-0.058966272870643294,-0.06397110194014967,0.05407942802638646,0.03064480834040007,-0.005718872834481355,0.001350474487398746,0.004852794176623037,-0.06260546350454203,0.010236925449946605,-0.023554410805440833,-0.0037143454662946856,,-0.002105093538826485,-0.03895873194810718,-0.018710921988292818,-0.04509824312333919,0.06805220261541683,-0.020389082101924073,0.03260599559828962,0.024851135823636836,-0.01670178321121872,,0.109405418504126,0.026976014128203156,
F12,-0.06270501114117245,-0.05820293131491244,0.03620389523589529,0.0006206397887446422,0.10783288338178601,0.038978305570694614,-0.04537565442086314,0.07082883758978924,0.02975715295762476,0.07617313488422338,-0.004227749787930517,-0.03360232927417233,0.12906374269533213,0.07600201423747495,0.09106245501877684,0.18424662923132645,0.030728746242329935,0.12436583445751277,0.03696054337114519,0.12325385154673323,0.09613600536611874,0.02549796535174323,-0.09125673485764253,0.09171891513045392,0.09700430776596612,0.11771510870654543
S100B,0.10478360375563271,0.17947440095015493,0.006648114069536049,0.016929058400042992,0.18729435859120877,-0.11749440350199421,0.03977608272204837,-0.11868150485592185,-0.028925047095439325,-0.02609483673652067,-0.006502498783585938,-0.0575813708377766,0.07270637345002633,0.143446774901996,-0.11592614120243723,0.08293430362701948,-0.02581990661382974,-0.008836228900905478,-0.007917301638216412,0.13298434273669957,-0.16585777573194496,0.11693587642339302,-0.010562258834979625,0.0886313025821957,0.04956560649166354,-0.03674590021845874
IL27,,,-0.037944801404418915,,,-0.04614880750459463,-0.004382577412530688,,,0.04298253255246555,,,,,0.0672510515727979,0.03889242473717345,,,,-0.0025223100167578475,,-0.021055760434771514,,0.010302643873706576,0.01860586609489675,
CD99,0.09521626931319462,0.2711989232963493,0.12254389380328812,-0.002480838159476877,-0.008955170649034012,0.02954724386397597,0.027493492719957536,-0.08632615765622231,0.14816789250176662,-0.07784499734448205,0.16273078059551174,0.12611751973375704,-0.0487291684330767,-0.17078811935183014,0.20761286357191888,0.195993838553866,0.037486184142991465,0.29070254727426365,0.16658803238891867,0.12609006552848953,0.13478921745479824,0.09989109388736303,0.16752281124697196,0.12150604724107988,0.17060221107302587,0.020490417836646114
PDGFB,-0.013985642765128882,0.009229492404584412,-0.003151825100369038,0.01524565743301923,0.08161841733001181,-0.014584545200674056,0.0030557038914851287,0.007022527600210834,0.07166564821771995,-0.031909356791879874,0.012012136434862888,0.021668676369419465,0.004438941669995021,0.08384563481669208,-0.05576189803817258,0.041444359156444184,-0.03874296321659581,0.01231061946697291,0.00044194048943186254,0.0073619526401528575,0.04962404123864323,-0.00013327180087180468,0.08841630843058804,0.0481597563189324,0.069679426202207,0.0557307025045253
CLEC2D,0.03598564192633018,0.02908146191835892,-0.0047407898306165335,0.058137931380359276,0.05034685018601397,0.002572689824469168,-0.03638172617058749,-0.04049364466136118,0.16578134425674154,0.008489831886526845,0.010846411558944733,0.016017238791074688,0.08579767861740434,-0.10010947955002988,0.06203047343184231,0.03716961813272586,-0.0037638176142264436,-0.01814103402769982,0.06953957198609666,0.11827179952845096,-0.03165115343896626,-0.016605326104300353,0.03448557728092971,0.0848618414632322,0.007594768361596422,-0.05060928440542302
F8,0.056057923373387025,0.03768617198144748,0.010891516394270379,-0.0246541716678939,0.08070051336352513,0.02927759821501541,0.046141708229063376,-0.07192620561309193,0.08170780727821585,0.0643668376624901,0.031123310333613957,0.023176266154841,0.021559109731318974,0.09041276682527773,0.12910183846201753,0.03204460728601335,-0.013317791479812937,0.16347294319496652,0.010489124061065455,0.05932022601251077,0.014929474722547218,0.10926656995295446,0.13789274337172291,0.19781434306275988,-0.004445152083318094,0.048152864773664115
C3,-0.03801998695148381,0.19881664985527042,0.14218239871445076,0.029618928707129656,0.10206910662322281,0.038651602490313776,0.057849259574213954,-0.06047629390475375,0.1507881284244493,0.35902050679541764,0.1470721345510152,0.13530101492069435,0.06941353907004716,-0.07077971996316207,-0.022624706102237838,0.08953732572789552,0.041264967241129456,0.0470742850677468,0.07994313189263197,0.15233141044592527,0.1028504417142231,0.2031197332634298,0.1627021534204689,0.13463343858860113,0.10347144458041004,-0.019387985679240816
DLK2,,-0.022492090313363737,-0.03709361621095994,0.027223377353918318,-0.05764196521185343,0.002488137121168559,0.002678401486248721,0.030908587959991747,0.04475021448273793,0.07085411389068617,-0.012055571878315144,0.038567022934546266,-0.01564668823731121,0.12774974274699424,-0.05762599461470819,0.01344929050482192,-0.0011387578123407225,-0.04439716279649796,-0.021688682159614475,0.025718773166787803,-0.07248250540387803,0.057098634802061905,-0.022494851660527244,0.021507427040612277,0.03774888365264625,-0.03779674265974978
TSLP,-0.006515977529417544,-0.020229573604018045,-0.010679111309692698,0.022151563060234473,-0.01994411774363018,0.025957586654824717,0.010094399633726475,0.014716740428703879,0.11722990609301398,0.06698443848693156,0.040061194643389045,0.03069138102839865,0.04430844147908558,-0.017740184039561843,0.02750869199643081,0.012155907512284014,,,0.037310765143537324,0.009116582884866982,0.06100807430237545,0.11194366966083961,,0.04961075603454756,0.005780256261972443,0.016044135147104312
OSM,-0.026788447266204225,-0.0009705527122906213,0.10179838969422583,0.05211119450969196,0.07907849919296062,0.007635256660232282,0.004625887170611348,-0.04415781085173698,0.13073772583830073,-0.050302327592544466,,0.1557099432414901,0.03199717362046772,-0.041337494617348765,0.0836571107429992,0.042609982331352804,-0.039349190618691354,0.030694606680874443,0.0962679204730603,0.06967074598962748,-0.06910146332181288,0.05379772289125369,0.09806572555752899,0.11902840157808703,0.021086511553431875,-0.11100490019730364
PRND,-0.022040000805801624,,0.003251773164622774,,,,,,0.00869359944118688,,,,0.005921409036565199,,,,0.02479380355760625,-0.022602374913951916,,,,,,0.017917709161841665,,
SLPI,0.036251812290199595,-0.004232698845027064,0.03704388000972694,0.019844501683856635,-0.05304969296951427,0.13192564982885518,0.08541456156660378,-0.03445553592693641,0.1414266617044115,0.1539460409991634,0.01322924735568964,0.0828295549555304,0.014919758529844203,-0.03880375472132644,0.12361913462955991,0.12286807475860342,-0.010703684686032743,0.12362955830507485,0.10246903282372874,-0.09058683019938459,0.03265204929132957,0.06142834487072105,,0.09780473658132219,0.06586112624315692,
AFDN,0.054570493494319715,0.03188107840163344,-0.011958958336232417,-0.008983048867837344,0.10630615679804668,0.022436819849448276,0.015545073236917803,0.030701946807570088,0.060752702574972714,-0.039743483741055054,0.10531671794107646,0.0593044516717243,0.0631217329578817,-0.04503343146648667,0.11926895532902698,0.034886459408680785,-0.09178655010229204,0.07304824796420989,0.038489675624024985,0.019797991713001225,0.04939170919969215,0.008589735330205878,0.1115440138306122,0.03158240710432378,0.036165382379881955,0.047200935890490486
KISS1,,,,-0.030930527016003618,,-0.007191913413707933,,,,,,,,-0.0121392251917727,,-0.04626833536706375,,,0.03626435745781298,0.039103396545319545,,-0.026591867537206403,,,,
ULBP2,-0.020289708064819553,0.04620840755506488,0.015668456592486942,0.04359131483910979,-0.0034090325149801533,-0.017105760655380952,-0.03470042123849456,-0.03931370694515286,0.06389411630967336,-0.08275559492219513,-0.05040059041437414,-0.008597938112781747,0.09716462735174203,-0.004156416072873325,0.10835461427206132,0.03478285182049093,-0.03757275330517832,0.08753693306909965,0.001617693309674403,0.10768227168523706,-0.043970107405430565,0.03436244411617675,,0.09507895300186281,-0.0007186489498419623,
ICAM4,,,-0.03382296373578937,-0.017665980881046185,,0.03097805972619921,-0.0017267838208931208,,,-0.05351172092802761,,,,,,,0.005693462492246858,,,0.04021055489621932,,,,0.0019004633400954553,0.017286885708110867,
TDGF1,,,,,,,,-0.008360750198758357,,0.0296874326360479,0.003482336399584958,0.026284030097406142,,,,,,,,,,,,,,
ANGPTL1,-0.012615702785250505,-0.021129686205448025,0.05927030268622595,0.020637043321636028,,0.02141711880409268,-0.02953448489077029,0.008331776235128256,0.0874945144519825,-0.09433890504079698,0.11455681422586651,0.037437920547708364,0.12219354823896315,0.06496539942189575,0.023310824609290917,,0.06072517771258485,0.13163041420539123,-0.010290564110920511,0.025919287838749805,-0.03157013926824909,0.04137666023532887,,-0.031760948835788734,0.012217645689048467,-0.06558572470325742
LTBP1,-0.04394057089586682,0.11001205477129075,0.011595523107817573,0.012999883029800877,-0.03842002656702245,-0.043443611918463805,0.007603390129547931,-0.005967235714871949,0.045665594828718965,0.06191680255925126,0.04914165040423886,0.07365457473107123,0.007703052718954725,-0.06529030501207435,0.1610847855073891,-0.05034025245921955,-0.1283538406846337,0.15161181694038608,0.027992396289426725,0.08349266075027546,0.02839225795958303,-0.012173668776816608,0.11146643633185244,0.06011181835257205,0.045538178953006464,-0.05062298788120038
CD160,,,,-0.013063756740815922,,,,,,,,,,,,,,,,,,,,,,
NTN4,0.04653066656344834,-0.028810064799414073,0.02073113898967721,-0.05674616084246451,0.07304249575761187,0.01234173153516976,0.0023410822637464483,0.06055567550555884,0.04278244470156458,0.10040453074813872,0.004716068801345838,-0.029456601898821395,0.06378167180227869,0.06228976997745856,0.00048353834272331033,-0.034290363999379875,0.05230369846088548,0.07902913864650636,0.032401160172404936,0.12020753372550817,0.03749926605755108,-0.04987039544664405,0.052788797884881035,0.1065931764498916,-0.05845554058494614,-0.02927546306713241
APP,0.06903145437340359,0.20931666027210963,0.12286548838811709,0.004186704071751585,0.17286343864747428,0.057945022533046,0.025512923242362453,0.13238855654540427,-0.12019447484725118,0.1664241642629712,0.020038706185913555,-0.053750983396567684,0.024026351475257397,0.1043253745391382,0.10408390909603336,0.05221905880001971,-0.0030928269876771665,0.1929404530915145,0.13337829758413322,0.12794230477639798,0.12065792432542019,0.04503687529571641,-0.019670122719156847,-0.033196368921572766,0.04552332397266347,-0.09475824813337753
RIMS2,0.044312297584802776,-0.0241420752049805,-0.013836217226288658,-0.044859945550909996,0.08064438576865299,-0.00015670264604713508,-0.0300508701043786,0.09718506304552513,-0.03230771280460953,0.16363146560110167,-0.04367203060002564,0.01464167328719648,0.03888889937335791,0.1261724901149451,0.048375563159256764,0.09023988290073195,,0.043524276759816224,-0.038689690782505615,0.02020698040173812,0.022576516890801528,-0.06736364358214321,-0.08000602069403477,0.023773922290282096,0.06920957532802473,0.03444899004186954
WNT7A,0.019003482224635604,0.12624549165037885,-0.059000570836603976,-0.02424080626586941,0.036732327680302275,0.0031839130449077186,0.06208370570640513,0.00587439970679021,0.03897039561470717,-0.1744333459157966,-0.028531850262484,-0.01909951412408806,,0.021307077785740692,0.09434068588436426,0.10851940915650532,-0.08805279298401626,0.027651181190599203,0.022729839305633125,0.10051439250561861,0.06221600870690699,0.021385112777345516,0.055545711549025795,0.07541947642520093,0.03990481544746654,-0.0480710309907201
GAST,,,,,,,,,,,,,,,,,,,,0.027289632222854292,0.08812683613411196,,,-0.0026832563266447882,0.05669833169210421,
GPI,0.044154858331012105,-0.047413469447247295,-0.06504555168261694,0.031178232544795858,-0.09340310070609519,0.021020542597255894,-0.05495803552237935,0.14973808822137782,-0.032119695275668644,-0.08968861429076122,-0.028234891955076943,-0.05779985764903894,-0.03286049636233335,0.07367237129889972,0.098915787054816,-0.04428223579274925,0.030464364304604415,0.1254206590081975,0.02920184603099439,-0.053454368556332794,0.07115725727429303,0.021681417445540214,-0.030236855467358027,-0.07965974485184617,-0.11005840937075757,0.11614326487717277
IL1B,0.03252446089683432,0.03876198716430138,0.07512677107456589,-0.032515407259125884,-0.0361448243972088,0.024368566841189848,-0.025259917259216034,-0.1274361239457806,0.015258053641726521,-0.020793958524303244,-0.01201840811432281,0.08936621339138276,0.05121832558112117,0.019918974518483488,0.1541135920958717,-0.026110018458446668,0.036179636563715686,-0.020804526452169136,0.04306172968884636,-0.03417241358778462,0.009044788414687066,-0.01309750572201865,-0.09628272373802549,0.09946876909012264,0.002081831907435066,-0.027804810058665832
SFTPA2,,,,,,,,,,,,,,-0.05204023489064381,,,,,0.005716348267123508,-0.015583885173059022,,0.031634600366326905,,,-0.001504883805413659,
HAS2,0.039368079945668044,0.1821024952575223,0.09191880830011906,-0.008522215991628774,0.14870645235126698,0.043590558598239036,0.0514593374959,-0.0623252895587063,0.10775343744890956,-0.05188874909291049,0.06159405550291012,0.016231410510216822,0.0038574930240592633,0.042742885199496414,0.036870592162761694,0.0950039403087201,0.0033387404110357052,0.04064611858514568,0.03316388283148093,-0.02257040272916024,0.0013801561328207394,-0.16840131522627386,0.021740103802012974,0.06503377018991115,0.07145338968935937,
IL11,,,0.036714645065897375,,-0.050382532991427906,0.05287788717080829,0.010365551995929333,0.007635767911380494,0.0002492647878796624,-0.04729788219339312,,-0.020808509059517987,-0.00246410205008634,0.02820981152719719,0.04688168804488937,-0.10937306019930038,0.02092437253183074,,0.04023902640302882,-0.003755667737449972,-0.0515881459420497,4.450034855583747e-05,0.04295441012695781,0.06588292106462688,-0.004913122809696028,
SEMA4B,-0.015878339428888277,0.12614318266418392,0.12452652491850269,-0.011664892796218218,0.1750388490297998,-0.027880726687162377,-0.009284574564572769,-0.01627641164940536,0.14022780551408465,-0.06565961902338609,0.03634342657287029,0.003439118768643913,0.0349309905824629,-0.005963863843282094,0.0651285102879741,0.01839117576829275,0.0843529758272493,0.09711331962765957,0.11487071441871738,-0.017609295874311016,0.07395693533745426,0.022450448028911843,0.03406133176064211,0.13707190866274466,0.09986764329171632,-0.06598313125314433
FGF12,0.07553392256851926,0.04622582940720561,0.06417389958671853,0.03771739844997209,0.1448573953830404,-0.049059070916741,0.0008638373994515826,-0.015138697689495549,-0.04805561267823752,0.1810564566830983,-0.04551540844514951,0.03329774133139664,0.04312419922024757,0.14302938043844926,0.07623673543373789,-0.0544562684326575,0.029468253401387534,0.08458796315027704,0.07898131939146398,0.0774373553841587,0.029631178096356382,0.08142425373430245,0.030386325508809903,0.13869990267186103,0.02654224249325471,0.04174496163482112
CP,-0.0015455968190868617,0.07973584103535232,0.05671619607611709,-0.018348762837059482,0.16187672799122477,0.0690447042051587,0.011851900883702863,-0.08175004036839292,0.09851022097172002,0.3028256496184712,0.08347568380596987,0.08246283253094065,0.12342459871204498,0.01269288900978339,0.09655638897311405,-0.012984226457415005,-0.07400371333257938,0.11918229489529149,0.09316982065495742,0.03443965552340251,-0.0449196700258941,0.04048864269134821,0.016265295483017524,0.0840086400416644,0.05877670667129172,-0.021292099470616478
NLGN3,0.05995941391888463,0.14592452498411793,0.035136649313445435,0.010712571385137966,0.1121410755717741,0.0057961164999715134,0.006514826800419796,-0.0563655202774731,0.05077936925300579,-0.08319128217848566,0.025121490751672422,-0.04395934875606816,-0.005000227320640235,-0.018123247808169794,-0.05832686077724799,0.1630679174968327,0.019858745781073488,0.006646050089941418,0.07516525735224273,0.08136201266661948,0.05017876353647475,-0.02680248010679224,0.02060805708167405,0.12409689616727232,0.07834050617446715,0.06727229068586922
GZMB,0.036419260291839645,,0.02669880614162799,0.017991455995963437,-0.03794664488292431,-0.016475674208585214,0.050208220343504494,0.12084619689422052,,0.030915001339429052,0.04705733510675691,-0.002572920268907893,0.051383973825082245,,,,,,0.0067492026713666985,0.09255127103420113,,0.07284717305998725,,0.0339090945096125,0.08362272499465687,
PROC,-0.002486249627642924,0.0030716296428793754,-0.03130990266369384,-0.008088273702149814,,0.00995749458339686,-0.009697383935821502,-0.013086001800647992,0.05016072974389982,-0.04549421927744126,0.015886407595891584,0.004521474367277535,,-0.03676729204516895,0.10831201911361023,-0.012508198868235213,-0.10625550618805364,0.13965737639131964,-0.009143962198022031,0.03457865530332756,0.0243198445679101,-0.0363264607507888,0.01478949031693326,0.0049179299088838715,-0.061951225169554154,
TNFSF11,,,0.018339666501525027,,,,,,,,,,-0.03304002952846575,,0.031273074766595056,,,,0.041912460650044454,0.034289217765249624,,,,0.042548625685372925,0.02545792757695062,
AGT,0.08677599479828553,0.21553330312031302,0.06522583925608615,-0.05060086792962141,0.08186671936571767,-0.0013748863871768445,0.09962883780757982,-0.024231884575207314,0.16747497980733436,0.32804724038556804,0.11044912732399266,-0.10728060963987827,0.050049569237646294,-0.09187209279806915,0.1707186808579297,0.17526643100512068,0.07721918874945174,0.00743506827816706,0.16370201773077483,0.007097172723198378,0.014024856480041835,0.0998988388530629,0.08136894219030485,0.04630037498591193,0.030981183239847526,-0.028530801275328237
PTHLH,-0.00045515762079544053,0.10636637693803212,0.05063722122208256,-0.09139258945296427,0.09914171230093761,0.015100656082267433,0.013008177921330136,0.07967946273959503,0.010271451314560821,0.004863758753386175,0.015615200485922286,-0.016142860140973582,0.02706571418762508,0.03197263367610185,0.09461714267956306,0.03281250549599417,-0.03830514417206085,0.0688713665664509,0.07795950409224045,0.12992003027703977,0.004250878861244765,0.06074165058010175,0.09497603582360353,0.11469219095524268,0.025077583828432413,0.03858755067501824
COL1A1,-0.004320671660421604,0.06282994878240149,0.09590475307280455,-0.03526587855610711,0.012128884794410448,-0.026006096516579747,-0.032117508287549425,-0.054864712253901854,0.11342393970805331,-0.17781547131438236,-0.024050937802542673,0.1044685887736901,-0.16651974592620508,-0.018737702839256763,0.14430155877745332,-0.0003983838933490737,0.032042281705132826,0.13654059745801628,0.0058952584546399294,0.08483163938993946,0.06972656047215472,-0.023559599049344435,0.03877704457857944,-0.08490711663776959,-0.01973714794235065,0.05925881740271233
LAMB2,-0.017289780969344703,0.12951249224249164,0.14710953136966526,-0.04315402557157008,0.04956736474860552,0.07202308192683982,0.026950403007272035,-0.0715881018681561,0.16781845559645955,-0.16411421421155936,0.017180181827087287,0.08377680746723982,0.009918366807023063,-0.10802640793533505,0.12419986732475333,0.07669036303069626,0.025804492307257756,0.12403271193729246,0.05098591557846604,0.05011263764600874,0.15030089512938652,-0.010980354209225458,0.05923375072551867,0.011407508836289671,0.05169407177766092,0.03002917956378797
DSC2,0.03543249578020912,-0.02806891833795095,0.029594527482874847,-0.013581303955794577,0.03901981903154544,-0.000692765208714286,-0.025894035351790686,0.031115365502447957,0.037377135085072295,0.020938390519753526,0.05147858029535428,-0.012012745160206985,0.012452389747408905,0.0018523990514684814,0.015702326001459512,-0.04089869648129166,0.0010804239079742017,0.09404929506238041,0.03153737057179195,0.09893440315156823,0.08370846895338314,0.013688442653360843,-0.06490209697291253,0.0784024092245734,-0.022866914404664738,0.05956518506528336
WNT5B,0.049493873565854295,0.011757371980806694,-0.006711494252426098,0.0092202699935774,-0.0004896911834603913,-0.005621302043359643,-0.0027234080021357,-0.0376698708017462,-0.014118155011838584,-0.0349787060845241,-0.049219659674279825,0.04174033524887102,-0.03665984040307486,0.04135229599554296,-0.015933412383667897,-0.050175216890175296,-0.0723666792634172,0.06951023655271092,0.06434549244401024,0.09721960923573979,0.07154283445268825,0.011461659287894835,,0.03319645495208492,-0.005508916796134407,-0.059325530298141284
LEFTY1,0.025955446325433743,,-0.01828992015719457,-0.009361012001997675,-0.044821612491659,-0.06296263058125567,-0.021246454589685573,0.025754789936482145,0.024241197415242683,0.0018328311490552356,-0.009944737162737163,0.0257855034469396,,-0.0010676178075477646,0.05358871665006727,0.0730316777317636,0.14243190392237223,0.08021127911365995,0.06299484544730702,0.04159742132644577,0.02339025954444279,0.042816041341041305,0.040091784994206174,0.04425249820355508,-0.02906882523646808,
FGL1,,,0.026191642282212994,,,-0.022847319346651327,0.02100107256420463,0.015438973812725618,0.034665367254053225,,,0.005351794170501135,,0.06625691413336887,,,,,0.0003387426565426922,0.09257924314105835,0.012901113284359732,0.022873265509243436,,,0.058759158997600265,0.10980826959216237
CXCL5,0.013867114140421896,0.059300629689495614,0.009123109555016221,-0.07472218194364498,,0.0022432446974301663,0.03168366072897807,-0.00241607407783661,-0.06700575592742329,0.030530498105950737,0.013669415749208902,-0.03505566213844541,0.031649069246994094,,0.07887079055670274,0.09253196261009032,,,0.058681748720508575,0.05189110157642765,-0.015438683586013253,-0.0035728294888468155,,0.03780792080428364,0.022599700306663494,-0.05056632528937387
S100A1,-0.03229411348144751,0.06112940236776337,-0.015327520569117578,-0.018210565831193452,0.17585270957175328,0.02457009742736518,0.005189380492927485,0.03837926582919195,-0.10394036562581334,0.1995792135898846,-0.09487142721143123,-0.030833495487646485,0.08612449794234668,0.14083327255663022,-0.13820411244419964,0.015689513765506088,0.06491101059300299,-0.05587770863364392,0.035386295500475395,0.11399507587851129,-0.14075441314870146,0.1627539266520036,-0.061103866819356305,0.10966202840919356,0.0669417612532115,0.010772785767103549
C4BPA,,,,,,-0.016820671285795757,,,,-0.0017034071312208013,,,,,-0.07057490345655554,,,,,,,,,0.042943816591427625,,
NPTX1,0.0544072124674583,-0.009929675342156852,-0.04649425453505373,-0.03177909866355982,0.04049417269756007,0.030069596753473433,-0.0019147964411893115,0.10485682733195224,-0.056810762773367864,0.12992242747780602,-0.055348136404828135,0.007832280378507925,-0.03437693494675991,0.11518067945284155,-0.032739864117662804,-0.1453627001209218,-0.004636362523988082,0.056073783769486386,0.011362087392446091,0.01137539942961661,-0.0018903101192014637,-0.09362234769200685,-0.006326117491549925,,0.032918845503817976,-0.02354293252223435
TGS1,-0.011448142948418746,0.0020411030513788285,0.0037664056567736095,0.005140128201579678,0.08426553421789038,0.032873586016016414,-0.029407726192491827,0.021515528309304293,-0.007529107191860452,0.04599137715399756,0.04404875902292668,0.06113504067447098,0.054844792903493415,-0.06535847617320291,0.10230855813589612,0.050182386037421894,0.09709451582225984,0.0794990409115402,0.030572182725865503,0.10607057643465347,0.04153578348744854,0.05536751116915916,-0.007929930222255337,0.10290889377973764,0.08835374675678255,-0.04915488128217341
SST,0.0055145445105931135,-0.028893606754119314,0.025283142572998935,0.06834964077440213,-0.057558080512624586,0.014707412950191047,-0.034618564181825316,0.016223639566859765,-0.09386359340076864,0.14380916699561372,-0.04355658415103843,-0.00606483521808121,,0.1584130470534736,,,,,0.04476735486083359,0.049029710316643375,-0.05792497487126476,0.10990462296600266,0.0032908790785219754,,0.0002214782268345751,0.10398689728665746
IL34,-0.015342720210965114,0.06677673543748588,-0.0003250650050937152,-0.027966555662611886,0.017271773081506386,0.004529697864527014,0.00891115281419753,0.10862434970155242,-0.005144880737096756,0.16777801258992892,0.0051968748359940585,0.058076089715934205,0.04035340618956049,0.12453696682091339,0.08761081662929271,-0.05312051256610005,0.009065058562545705,-0.014575838481545275,0.028944619913106328,0.019764085174461155,0.03019140401990471,0.19639779538047444,-0.003208216121847968,0.059079219208704965,0.0017787215303736847,0.001154702552546068
DHH,,,,,0.09638762820966629,,,,,,,0.010745792014761254,,,0.09714625300694196,,,,0.021790236942716087,0.05686566064786646,0.08708811912512374,0.12832118334351347,,0.005353049040034811,,
XCL2,-0.017196701967912058,,-8.404826810614385e-05,,,,-0.006874332666545342,,,-0.01515478966753692,,,0.04124039021402562,,,,,,,,,,,0.020161876712767358,0.0117238793853097,
RSPO1,,,,,,,,,,,,,,-0.01098758280160722,,,,,,,,,,,,
TF,-0.04641030299367626,0.01770218983369628,-0.007755469250846619,0.00788498818907856,0.0884115140564867,0.029274741929736444,0.03583400512351632,-0.014763896944825838,-0.14847985838931108,0.17100708066699216,0.06150660997674371,0.054525455156474986,-0.011157910885147592,0.06301461101626546,0.038002666031133246,0.08189021379079992,-0.02619336598536273,-0.06913219881761928,-0.040341946089514996,0.17498722128919578,-0.14376899174161822,0.1256795074859756,0.06045177760974531,-0.0011535439080039912,0.06897167111526101,0.05569024774753972
IL33,0.0808818783306798,0.09850085692068204,0.028244972520694616,0.0016500365859014913,0.024171101031711894,0.038324691892174814,0.04684534891529714,-0.01843188920285891,0.03729101731079538,0.2148348740541493,-0.012885604737295418,0.010667202000191944,0.05477267636017782,-0.025981847061243235,0.0933676314575391,0.05742594589871361,-0.0534180812687695,0.13106698057849073,0.031108493981306645,0.06746091731779222,-0.07409543619109656,0.05834724963235509,-0.0046391028238368295,0.10656858861899271,0.07230879501754942,-0.05685433852677711
RBP4,,-0.01475760190674194,-0.02021795064434037,-0.02178251556894486,0.06941086331235609,0.08434825572548685,-0.015861963563292787,0.12962184100127305,-0.05224738179380931,0.13893855413573608,-0.02691396328893519,-0.036675099697381384,0.042244432157838886,0.13419189036793577,0.03977922856342827,0.04285994445963527,,0.03202300783256137,0.053615797631500886,0.08255467317979327,0.03432599353157747,0.15812056942076633,0.12563065777978047,0.04600217949312315,0.032088145878836634,0.12762040855283463
CCL19,,,,-0.05932047195153831,,,,-0.02469966183131902,,0.05756616801804422,-0.025139534006980168,0.004879930457623112,0.08152944248634758,,,,,-0.022487344658640763,,,,,,0.059419733370023854,0.01010143033527263,
CCL20,,-0.0965969594298708,-0.035225185549264286,0.03588195690987672,-0.04886466210481706,-0.04332173493551603,0.03189067421987201,,0.08038935055823532,-0.05102420551467322,,0.06251948434810008,0.03694603236051044,0.003967472502584588,,-0.025454769481727254,0.035654734224934564,,0.02751078909231051,-0.030007687969541934,-0.0427125010934696,0.007620954744521011,,0.08677739244037107,-0.05221437296598002,
NAMPT,-0.007609155954745639,-0.006230140515854764,0.0908296122352592,0.06534094908475005,-0.0776071805828252,0.0506801210219402,-0.03711949787783344,-0.04137251171785755,0.17174191596644656,-0.1548529286273479,-0.0072037005576296225,0.17959521529791386,-0.046179674743299925,-0.025542586509197093,0.12706651276497433,0.12882824373101254,-0.04700882102789556,0.16072838079235502,0.08155814534075664,-0.0399365554725587,0.17174136325542122,-0.08751063757709737,-0.016936319041364625,0.028488279371217444,0.0753964412510214,-0.02245542934045429
