,MGH258,UKF243,UKF248,UKF251,UKF255,UKF259,UKF260,UKF266,UKF269,UKF275,UKF296,UKF304,UKF313,UKF334,ZH1007inf,ZH1007nec,ZH1019T1,ZH1019inf,ZH8811Abulk,ZH8811Bbulk,ZH8812bulk,ZH881T1,ZH881inf,ZH916T1,ZH916bulk,ZH916inf
IGFL3,,,,,,,,,0.0009754434982421634,,,,,,,,,,,,0.037953215378311964,,,0.03318855921506914,,
BMP1,0.055980447396264045,-0.002052680543685132,-0.05398018012083764,0.06108464506385473,0.03496878768756161,-0.013814168227267809,0.02213869914707025,0.01896159013975706,0.26297030430190577,0.019324351378177156,-0.05480676187953744,-0.0833470814367729,0.1375582204297363,0.043598233247495184,0.06466686320056583,0.12472712961334916,0.09103447709883054,0.10747389781440223,0.010527871336137092,-0.02842167724371722,0.08903397692621508,-0.05697986943707669,0.006897311969006994,0.10340271654422664,0.15505816354962107,-0.02379486165284936
NDP,0.05750270697000476,0.08162236919370096,0.024160673725725158,-0.06504503408357391,0.07004942528077063,-0.005993252912232473,-0.008500473987757261,0.011634552481951532,0.08547873587429596,0.03818116609137503,0.022765987842962132,-0.0070273090298266176,-0.010231484038392337,0.09177821798103404,0.07272268846167841,0.10934440818060139,0.08172677710084174,0.09607231629627014,0.08372031959396593,0.16695127689834463,0.0026381108721024124,-0.0012313824958214382,0.06693361380197527,0.16069476271520683,0.09063026247027271,0.07742903536301543
TNFSF18,0.02083458571827394,0.03387322767311248,-0.01524416607982702,0.015553479501586065,,,,0.0590357506297844,0.0392313406557654,0.015971572513269312,,,,,0.038756155560728825,,0.008659173073834823,,,,-0.030567217526118212,,0.046526210042549275,0.08943839996820462,0.022526188560073268,
IL36G,,,,,,,,,,,,,,-0.03143739460632472,,,,,,,,,,,,
RTN4,-0.06936482366454863,-0.020008813578855002,-0.02095468775088297,-0.01623779475025992,0.0038643376689829717,-0.05047606170260145,-0.004868011135706136,-0.07648165278223022,-0.2575799424730598,-0.06405980645556089,-0.01985638655353276,0.15335057787822215,0.02324565481516299,-0.00833654078435339,-0.02316082388691587,-0.11691070765171586,0.0030504145007442785,-0.09495499265487198,0.01768933924543584,-0.045418844086464266,-0.017284334738925614,0.07940286950295666,-0.08632316345666742,-0.007352104873674522,-0.10478786040908647,0.056212905738312835
HEBP1,-0.04758996499059621,-0.01657139851816572,0.057492819770891865,0.048856356358622705,0.019265244677533603,0.02847730115944852,0.0627598606986157,0.03151462543320165,0.10165019818573943,-0.017055031162839154,0.013612292365392397,-0.017202304299077795,0.06537384252128917,-0.02094095472004309,0.07127080007881632,0.08184874702607867,-0.016315768202523947,-0.052966410332929675,0.10760318115856128,0.1302130685598231,-0.01443060435968023,-0.016879198144291948,0.08792920712420706,0.1452514046421934,0.0406280831997578,-0.002659989680796801
WNT7B,-0.0025224706482686442,0.1316668312035776,-0.03110509963584712,0.002448363384002306,-0.017177200633404614,0.026666455271816426,0.0165287897735557,-0.003467039157413,-0.0666502681797221,0.049364028342503315,0.0892111126545083,,0.08474272628724024,0.0030385072111277053,0.03216758590151815,-0.007636723957534706,,-0.0195469974506496,-0.021601065237410226,0.053775881053043574,0.017107157733580455,0.1099617801881188,-0.06401218730505555,0.02689953592275433,0.0672751543106728,0.021187303502948326
PTMA,0.024317023247913593,-0.080589713710278,0.0012298937929896483,0.09500890831787351,0.0338111026904372,-0.0028843851153500036,-0.008188586853866073,0.09125042495248815,-0.18407530586066334,-0.04083334098982601,-0.018396563898906978,-0.17070629656190606,0.054611602256954946,-0.022569464719150743,0.03098272410656253,-0.10060985588920554,0.04230992933454431,-0.2413276417709823,-0.0693931151371357,-0.04736898733046296,0.013071969857111801,0.0014560363667661558,-0.02734385288747782,-0.03020994695599762,-0.046748541869212325,0.04224344947648714
FASLG,-0.01962628166067894,,,,,,,,,,,,,,,,,,,,,,,-0.0005359330751247495,,
CEACAM1,0.053997075486465096,,-0.023745382148055404,-0.040269866904825855,,0.024897281947461596,0.03886672468746134,,0.04920034480006029,0.001779537491865026,,,,,,-0.08788978919803715,0.0072538007498664965,0.08140553437694442,0.061101833069999466,0.0019133024952006999,0.07839084367767118,-0.05274248825015851,,0.029664910940070253,,
PDAP1,0.13385875298993266,-0.01034237497789072,0.022937009501763774,0.012606201470945853,0.07667018026946434,-0.027667761030300234,0.06456267551637655,0.02553756456882616,0.19813405372540746,0.04802087016270797,-0.041686001397698756,-0.0034207708640576714,0.023136725438219072,-0.038079457721196634,0.10256751990500836,0.00933368182571903,0.0790578188331564,0.047078267167278184,0.0025918473343320464,-0.04158017190160867,0.08333834630374763,0.021246788507249995,-0.008692483777606072,0.0026019367494239305,0.009605921635380444,0.12503369038199053
QDPR,-0.09646711979313839,0.0356362626696472,0.01937351971603158,-0.02705786337847508,-0.019035263397779754,-0.0172023578429509,0.03866628126877582,-0.045461193323384774,-0.26823226555962143,0.00642995112706423,-0.04953483561944754,-0.08010824833849978,0.07959662551654892,-0.07489846897746337,-0.016598916430631373,-0.02594461567037622,-0.04236554547940075,-0.1929896082378509,0.11785118649514037,0.07049928565372912,-0.03140022294845208,-0.026415831645849732,-0.08992844904319287,0.16681202848375568,-0.028912596910026463,0.12867925733306376
POMC,0.005170295909381586,0.08712230331003815,0.022879350182038006,-0.015808019900798827,,-0.010978371675788405,-0.0023398491891790103,0.054740853532976606,0.04637520175992899,-0.05349075566859854,0.01685671867666748,0.029824372694970715,-0.02253652040559372,0.02186983903299421,0.08455281223546846,-0.03389458507448439,0.01319450077020412,-0.03627093579227004,0.043315479898456105,0.08830615487253395,0.003612801321139009,-0.00029837592709931336,,0.06805217637770351,0.05000695796463409,-0.09296557531253469
CCL18,,-0.042044401500940444,0.05207913509637976,,,,,,,,,-0.05694947720909282,0.03640928511254816,,,-0.0070753013178311425,,-0.08537951054509522,0.03167156078531031,0.04771418405680311,,-0.019567769811468672,,,,
CCL17,,,,,,-0.015164168358829529,,,,0.0226820682800584,-0.018966955943281655,,,-0.02668350834456061,,,,,-0.08103757692228146,-0.024862300591583453,-0.053879668227231406,,,0.07717252196277653,,
VEGFD,,-0.0026375892321375593,-0.00405414460731894,-0.03192348220418671,,0.0005050985222321073,0.023057436206682994,,0.06654320543363355,-0.004997752626452026,-0.028226133369233825,0.10919922898355824,-0.011190241147665283,0.010752949441714815,,-0.10643521384818398,-0.054976633240325486,,,0.09657363713466185,-0.026049846398543026,,,,,
TNFSF13,,,0.002398450555442683,,,-0.02389932560233812,,0.01808430091725047,,,,,,,,,,,0.05130870278178102,0.045731856808549624,0.049155530944204565,0.01672445863144299,,0.05452842273984067,0.05005110990758578,
WNT5A,0.035589583454081794,-0.012680931846139411,-0.01977031288761552,0.06891061159160289,0.014402754624662064,-0.014560637415957041,0.06233101947505203,0.0598341402588208,0.14095561867355094,-0.002020801134391287,-0.031201674157488337,0.05485698847135389,0.008881014322567637,0.03382523260568833,0.11472648552074359,0.0653131893134089,0.03395008446058039,0.11585410540147568,0.049031701402414286,0.09307894261478963,-0.029141566484932085,0.07439396597790711,-0.07172044125614453,0.1334883207198253,0.018412748652457206,0.07303340677765269
CXCL8,,-0.05949981155053721,0.04450800465114453,0.03388458655567175,-0.011930709017846108,0.01735498325269273,-0.05657433816552123,0.013735971921693868,0.15504300220435402,-0.01032401290232996,-0.022420722453993427,-0.04239661002966877,-0.05544400200569124,0.032941175384211124,,-0.04686275717618009,-0.030465002285321296,0.005854622704267367,-0.14314615881344123,-0.23329539117724815,-0.020152457503505493,-0.0919086570241609,-0.04866639722358438,-0.018624636225161858,-0.06523174983204316,0.05541829952142032
GRN,-0.07809465466749226,0.04458594911865471,0.006650949903518529,0.05742623531021459,-0.025598620048097796,-0.020369080350817848,-0.07863371235136545,-0.039392829387990796,0.19663014049237007,-0.034462673066439395,-0.03661287257697926,-0.12428221259872836,-0.0036609068353546876,-0.052598525603893276,0.08805233256281829,-0.03875895289662331,-0.027461343836616255,-0.0589394148232286,0.062080364340687276,-0.0060565768627198575,-0.030170391778414313,0.0493961120464726,0.0312347821639912,-0.0072074924649674086,0.0076551261787178295,-0.031736210071491563
MIA,0.04967003229403949,0.04810138556651956,0.04235445981463357,0.016348289354467638,0.048439651231713225,0.03196551550176413,0.0060741774320462955,0.06722632126080552,0.06720936716902744,0.06576380072757548,9.695302432365543e-05,,0.027461818636458423,0.03314540878492268,0.03707209514044472,-0.0657047592755505,-0.021748721581325896,0.019936813145001984,0.16423348634174934,0.282858989326277,0.012264979246377762,-0.09200980344772192,,0.11654208545570374,0.08239881691445555,
COL4A4,0.0020715211458793626,0.017560343633843897,-0.038110638470585476,-0.00858781011259247,0.09012692684371086,-0.022988405704055137,0.08443504472408682,0.04737035883223887,0.008832281386628758,-0.03885372962398483,-0.043513666788279955,,,0.09288494908465744,,,0.012952674279488275,-0.012295083584275031,0.07725205834427969,0.06624268340172601,-0.015364468704869452,0.07712312921917357,,-0.0017133837790705346,0.03239492608975427,
TAC1,0.001431116164845052,0.03974014183391665,0.06681306875478808,-0.03190948274379311,0.06427363325651843,0.03122218558755975,0.04237240333667598,-0.05042835230029815,-0.10462218390961807,-0.0562447917502786,-0.0029951863496645364,0.13316868496427228,,0.05486476081657193,,,,,,,,-0.018053101726436423,-0.01515801437383431,-0.006328907073534897,0.007537468741738461,-0.03537777667775404
RARRES2,0.09584076879491295,-0.03161579467345014,0.03310832339217878,0.036264714532172296,-0.11805801109014151,0.02397897398541143,-0.05334162098996302,0.04215196723689674,0.21339862968822046,-0.017973558168630697,0.011264464197992319,-0.058668462812995655,-0.13103712205003873,0.04028259096164949,0.09541744239447532,0.057048651278362845,0.01649334457316668,0.09513080003714088,-0.05421386659536349,-0.02486196184109851,0.02709417335826381,-0.062074686086387026,0.04298916694091987,0.08809309621019887,-0.05978050681331356,0.003611560807928114
FGF7,0.05082343810488566,0.05261295968477839,,0.018180133749893447,-0.003947936967290327,0.02410450696068074,-0.020050608276333478,0.04262883667355102,0.10906751119752607,0.029512286307043945,0.019249834757204102,0.06989139142573517,-0.030374518613507314,0.1241540464932883,0.053145644303047655,0.026625575190706956,0.09462340106524195,0.04520452789546064,0.04229522989120746,0.06639845976215268,0.003836658740861666,0.012798949289588841,0.01930688941896797,0.11685401348317702,0.073276296592781,-0.06571800667830095
EFNA2,,,,,,,,,,,,,,,,,,,,0.008897464522601239,,,,,,
HBEGF,-0.006672387721205565,0.12008480663186354,0.040452551126217255,0.05083499988827806,0.08104666485959859,0.041744421444961474,-0.0592381148152296,0.01626358149737875,0.11023571302669517,0.03382674522866733,-0.004455231765841496,-0.015115518199829621,0.013878909988778729,0.033794665956734395,0.14605465291835426,-0.1355756306126793,0.06652087201489774,0.056020852493438994,0.08384476020931224,0.07078443839992489,-0.01581007124604816,-0.027444751714186432,0.07442302149855153,-0.02718308411926159,0.04554328342806939,0.0925056559645285
CSF3,,0.005741143960691643,,,0.026209162163009628,0.06048252128449527,-0.03234091015413505,,-0.019837059729403642,,,,-0.05765898050476453,,,,,,-0.03681776791160021,-0.09593085053599014,,-0.099041733212682,0.04443420840536503,0.07678261174040316,-0.03738446178868496,
PI3,,-0.052259709679143264,0.036949606859029815,,0.04176817529659785,0.05753300946509954,-0.06419300787920582,,0.04177847148142175,,,,,,,-0.025894397141691023,,,-0.1487012420497355,-0.21959138970744488,-0.06586626602702017,-0.09441185188428863,,-0.09185211623387178,-0.05822499952022798,
PCSK1N,0.026549696146271264,0.060794393998785015,0.05191871734538335,-0.061072651611163764,0.048745536645534104,-0.06615366688906987,0.011504223896033118,-0.03712270101132675,-0.021759058190517155,0.00764812076286902,-0.028055139706501246,0.1482307618688099,0.11205859930031532,0.018369941118866008,-0.00950163809000865,0.015283397830091902,0.04242706980002403,0.0802265000624207,0.06382592846404644,-0.028108191763002572,0.00040408557850508806,0.0741727729526871,-0.029583880015244653,0.15931018033534966,-0.06374175142739952,0.00364649620995882
NTS,,,,,,,-0.06885362135030532,0.0003409983874163662,0.03823127329010787,0.0034885387991089962,0.00943685309522943,0.03939164251581443,,,,,,,-0.002192389010015497,0.037677171774053136,,0.10740597435746872,,0.09299143279264879,,
SFRP1,-0.0026791166743225917,0.04829071607028991,-0.05314016256557521,0.03400203587318617,,-0.024550358400381955,-0.003229981462105482,0.007652968942081884,0.06738294600505902,-0.009504027542404566,-0.02316013826531783,-0.09133978065333594,0.07838935462720838,-0.02958768572885544,0.052593721009337575,-0.06600893552157552,0.016974289560309268,0.014820232090244637,0.12258024375409875,0.06152792732430929,0.006920593095186198,0.10919161178756003,-0.04064573985809414,-0.031929399917754016,-0.021288662538681734,-0.028657203594781428
CXCL13,,,,0.006192549399046122,-0.025261857490041416,,0.012864351621138867,,,,,,0.009474532529235944,,,,,,-0.04435874673990356,0.02844074621014277,,-0.002485953437129919,,,0.021898837563465424,
MICA,0.09518232795540196,-0.013992233431602556,-0.020357620853552888,0.06778716557919558,0.024815050009985816,-0.012469973418301484,0.08091286390065225,0.027162458269863982,0.10525408901112673,0.012480813406250997,0.04051193810573302,-0.015277828636068391,-0.015603139893476493,0.044139971674798,0.06051858251593366,0.08750571923649063,-0.04104877524073489,0.0410818659645794,0.04467032198981519,0.1542276375336407,0.04154321776272678,0.08823427940246586,-0.07920114125580033,0.16193838150249845,0.06551156806280464,0.16029868865869537
TG,0.02011394524297296,0.08898395913459821,0.0005463771426750742,-0.0005072284550476942,,0.047819700681934196,0.03661652964871058,-0.024027815414842665,0.03276117308261356,-0.018608678276226625,0.006012099221196326,,-0.02015271188481423,0.027736408156592368,0.0021285249493681433,0.055769991416462855,-0.02811142117471828,0.030386397811318428,0.08062999465074178,0.112490914230265,,0.021802919249554423,,0.09529970325822311,0.06078280108759851,
ADA,0.05122456485894926,0.028345966741832193,0.002703093179135095,0.10348802225595329,0.11716345781731441,0.01882311777808142,0.028103021173201723,0.011294546205634989,0.15366292906830453,0.05873092861989367,-0.027483802167356644,-0.10053857841641538,0.013473810698197959,0.029991808884501744,0.04878923304366104,0.01746461508020122,-0.042673861946844714,0.09498616129884555,0.06526501803087763,0.05145032344703248,-0.03008803766768696,-0.018568066480766653,0.025220823776352205,0.12699361313585816,0.08260960031823596,0.0008366293551729052
LAMC3,0.05149869136350843,0.0674935247726586,0.01466223693672102,-0.03272327777180509,0.060221772008282284,-0.02112118852644462,0.034428417187670535,0.028658263655976676,0.22594798717618944,-0.019140363695938772,0.008704900202278574,-0.04272941268645867,0.06734373534252097,-0.024274634741178268,0.022358408200765897,0.04843990193116467,0.05938856568750291,0.07254970624859648,0.05494170242407024,0.09495514249511564,0.039587603172442365,0.05456371104655014,0.08809826081854487,0.06742309063277903,0.06752216407099562,0.017112909302959382
CCL7,,,0.008438819773418874,,,-0.009577800528243535,-0.04876334730286234,,,,,,,,,,,,0.0007074246085529356,,,,,0.009037760222681813,-0.046260273193081035,
NGF,,-0.02292955330278481,-0.03992715098196927,,,0.02687315889122899,-0.031256601116593376,-0.009797490914664184,,,,-0.008131637482520318,0.07522934728458322,,,,0.02811500285557437,0.09384292355198459,-0.016999605815644258,0.08334299153382646,,-0.03654656531611698,,0.07026910222213852,0.0628038269422812,
TNFSF15,,0.013627799662330247,,,,0.00471531576723601,-0.03679128770890785,-0.007245254432531123,,,,,0.0640207214432129,,0.0249261745169166,,0.016967674502071792,0.04232985404398913,0.0026766532180371406,,,-0.0023401164216665473,,0.06435718561189877,-0.03959489899798617,
HMGB1,0.06879312556924437,0.04723227385054403,-0.0493207939230933,0.05706070541426627,0.04190222335198374,-0.015014741867468335,0.05259442399378504,0.09964875187678986,0.1327226416815159,-0.010113777003563142,0.0034160087928757545,-0.090324598731822,0.025025854055284857,0.01010281877704095,-0.00245783671017241,-0.06842824414433943,0.00921894436709072,-0.10621494645254802,-0.016216240457057312,-0.03410040223997061,-0.0033640107388914838,0.04460641410667646,-0.03801547043213399,-0.05038550048537733,-0.012032679539685055,0.020026823384248136
ITGB3BP,0.04643627554179617,-0.03730561296902596,0.02134480643988431,0.027742920032923342,0.02641601440797753,0.01682806260822673,0.0005207137299698449,0.10486374391249458,0.18209689572081714,0.03621609278531642,0.0268172956639365,0.03157040496947901,0.007029602841853856,0.061122604390638775,0.09380916608508776,0.016256908836396192,0.06717564695194439,0.0916535243405092,0.006422350779678748,0.047335328037834704,-0.08591349096083588,0.006731243179939102,0.08706633761213638,0.1162595046351892,0.04355943731262463,0.06902903899358571
AANAT,,0.050351679456151814,0.00123932296460374,,,0.0038254944217206975,-0.01569025391523146,,-0.01384876099211403,-0.022754103311231507,-0.04304831322315511,0.006005394805397648,,-0.04539465230027054,,0.017167584981121867,,-0.027465261741405737,0.04938270242641382,0.10529491635734745,-0.005538750763001326,,,0.08122659269339293,-0.04739571484292011,
RELN,-0.02778368960387736,0.02647583775941158,-0.01801843485175933,-0.024190985885327566,0.010114457440579568,0.08155029984342016,0.10456642547348635,-0.011869374490494087,-0.013349614363081625,0.0036482173293818304,0.05438382414423761,0.06914705483600944,,0.04151718957476562,,,0.022582403642997562,,,,0.03175932293266943,0.040961402688149955,-0.10346833131528725,,0.0679721496587354,-0.03366106062427405
IL15,0.03433049852673146,-0.007806906391199831,0.03333829095976316,-0.0749931486695152,,0.05609513909091658,0.03248958851872951,0.05407890378225838,0.056323153932346014,0.035772039244747374,0.036464215458027395,0.04187937462935384,-0.046645808418165076,-0.02214153669897974,0.01911574137455554,-0.03188658137232759,-0.04998930392258304,0.0881607904578727,0.0440570296740669,0.10461128225546794,0.02646630434918904,-0.0023610306595305153,0.08288103617280106,0.11325984843812253,0.07464353156920088,
UTS2,,,,,,,,,0.1073795564003956,,,,,,0.05428927419915066,0.014438320169899458,,,0.013617462014175888,,,,,,,
BSG,0.06054790256675497,-0.006158364545381769,0.06638555714329976,-0.011930370679274212,0.020809746693582074,-0.0070627316239353696,0.043535319621325806,0.012750736742842383,0.04017570714485551,0.10871347860323313,0.009459637052585134,0.12616739813378366,-0.020847158442194112,0.015767205908614194,0.14129174332193772,-0.05205601517693802,0.05735033723041098,0.15160270389039768,0.028909663551317702,0.06398486922826373,0.04346099538176754,-0.010293914088986411,0.04686988298710972,0.05317365387372223,0.10578459749848651,0.06597387788116159
ADAMTS3,0.03388887015097522,0.03194679820864185,0.00016000666942868777,0.02865656622272024,,-0.00022304697672080462,0.041800288897244915,-0.005626629728395779,0.247519198908657,-0.034259216182969364,-0.012537450152575891,0.03199523125578333,0.021871848568805228,0.009324185495450334,0.12012138221511252,-0.015493407910559026,,0.01454499245961465,0.07335427509601175,0.08297554944388692,0.01053787663873691,0.030761854262857064,0.03908573519104117,0.18323550014932996,0.09059716020895384,
CD34,0.054075870226215565,0.04813601453925608,0.04079399279800005,-0.005245444557027044,0.0006196004057590107,-0.0391205369654403,0.006204031887135759,0.00830772045429786,0.15444863739198061,-0.002911224202393264,-0.0030184630711312293,-0.013098692642665161,0.03191704879466376,-0.025589718705331197,0.07934567261452481,0.08314940599207478,-0.009659085355878274,0.04949731414419026,0.09453582969493167,0.12156362759274066,0.026474787270800798,-0.021202424774407938,-0.019917630731626192,0.048185587384081255,0.04389374852682795,0.08730488528822705
CCL23,,,,,,,,,0.08676886598532767,,,,,,0.007599806910447847,,,,,,,,,,,
PLAT,0.1128068805942804,0.01236892342009448,0.019376433481311812,0.039019374455753285,0.035313228580070063,-0.04132410547026017,0.008288895966696054,0.09845880811814921,0.22204815630771066,0.061169659452152476,0.023653649280884963,-0.05142085666919062,-0.00695806406447345,0.007471402041320011,-0.01206547368544113,0.06910601147743542,-0.03509490477733938,0.11218959447633205,0.1585361159372205,0.149711841155273,0.061869928055682824,0.0364594603717979,-0.029417436405163144,0.05894473289615892,0.0571660664239057,0.12166791484976563
NTF3,,,,,,,,,,,0.018336413857319947,,0.028429943216957944,,,,,,0.05862292768495307,0.12961850357204613,,0.10749954514751875,,,,
LTA,,,,-0.0036581303577221443,,0.0034999435748518408,,,,0.034258169574284875,,,,0.0020911770591812893,,,,,,,,,,0.08807416367328279,,
CKLF,0.0002576775966090078,0.005641989591259753,-0.001713486150984941,0.06101083489209099,-0.03682543192296301,-0.006544367021153221,0.0348737659048758,0.030416985575523182,0.24206818893758544,-0.016727669351659903,-0.06320172815810308,-0.0780806931723134,0.052227319444501055,0.02971404602839454,0.0633416864205566,0.039754474751633635,0.022030968082012,0.05778538541015062,0.14050913807101378,0.21829732901115295,-0.011034638077197095,0.05757362804494822,0.013879949045432395,0.1187741868986496,0.07651215597323721,0.04145449209190969
APELA,,,,,,,,,,,,,-0.008943170419301425,,,,,,,,,,,,,
CD24,0.037644211984101505,-0.08309205624239659,-0.023364483532047894,0.08987055406976241,-0.06261503172407554,0.034995191407792295,0.04321465535615951,0.039066787955524145,0.04836579348031422,-0.028355618408842206,-0.012727787405918185,-0.07096991821564158,0.16945218014433241,0.0556240399407498,0.07820000262014253,0.08664278232348782,0.019310375438994477,0.11579209271369537,0.09991059108250148,0.06066765442303608,0.035751183212953244,0.08289075313192369,0.035676434139728895,0.07226197904597606,-0.09560824024625787,-0.012594004120092988
HSP90AA1,-0.02548116106661547,0.03960737499743641,-0.01191711949345855,0.04684736310801705,-0.056942203338570835,-0.008616285491080889,-0.06872446779935427,-0.05935423915154501,-0.25618859350198486,0.0013092953697961297,0.006077044349335302,0.20749743170251708,0.01709799866248056,0.07328209347019923,-0.024705508624136712,-0.08251000782724241,-0.04427228914925181,-0.20408100756812791,-0.2246791174897346,-0.30157676163510777,-0.08097358442615771,-0.07542482687429458,-0.03220571195096519,-0.16849021339747913,-0.1836078714809721,0.025457257156051467
BMP4,-0.022664087694649056,0.04561083798365141,-0.04242984567861328,-0.006029285415240729,0.1475063645976545,0.001219403870215624,0.007330554895576752,0.12470161553926576,0.010563257045094924,0.03370689385647298,0.0518276984008555,0.01970238898768795,-0.007422628836407043,0.055746255920149486,-0.010925358771784098,0.07833041757083382,0.06117052417732417,0.05661989357132359,0.09487596154712473,0.08890234643622345,0.017613576826336415,0.002888958982739274,,0.05748699949199867,0.0364464454371723,
SCGB3A1,,,0.0392544783760691,,-0.005682086941406417,,0.02405721402412568,0.022823770203580476,,,0.011078355227385057,-0.05817383202056781,0.032030502389881255,0.0048569263089284385,0.01372789601319625,0.1321789898306058,0.015731711300922397,,0.05063443890892069,0.10285296073132974,,-0.023500111406161265,,0.04080078247150993,0.061409763721902474,
IGFBP4,-0.000919136544760992,0.09653518396950382,0.01982712182837638,0.014269078709176744,0.06478545242508006,-0.009234947707137222,0.013832543318884992,0.05102123050193003,0.22699001796137527,0.01904427440672839,0.04619887422536556,-0.06223299248314385,0.04399546822891229,0.03352237631193425,0.0016899841758167367,0.0065957254111783815,0.12154996478785811,-0.018377955926907254,0.042125057174376764,-0.05808536112587947,0.032792890745264314,-0.03132637313477236,-0.05128193159011332,0.07744613000750886,0.045941554487287845,0.0069630966631207365
RSPO4,,0.03907875528621756,,-0.0099678367899415,,-0.015385275335491456,0.003032045500076318,,,0.01959689226281173,-0.032587911878816954,,,-0.0015199886736712662,,,0.06719128875335562,,,,,0.028752776189214686,,0.13223687916872778,0.10943496921526676,
LEFTY2,0.026300983532818803,0.17438474378661076,0.002571543148002388,0.0013306276659014588,0.03964274010651142,0.015589057235077154,0.04542962257593461,0.05035939723532751,0.2437051020513316,0.07590897611955265,-0.030982296709936023,-0.035984149871105965,-0.05488209827496649,0.004376737476118244,0.008819499229552214,0.19759752676119563,,0.03573121223230848,0.028097378280749357,0.018883548264433208,0.03332499907731611,-0.019133999400638448,-0.07169340535762049,0.15577464223682497,-0.013899604495366438,
PF4,,,0.03294516981063308,-0.037877272177120794,,0.08215143235203598,,,,,,,,,,,,,,-0.025407092335800966,,,,0.0696520913509941,-0.068350069952921,
ANGPTL2,-0.012198016378932414,0.08109825053328579,0.02323744198393718,0.04064055795574805,0.024451637549849265,-0.001988689859773213,0.09947558827154278,0.04926633232523769,0.1848480025939584,0.01235679577113519,-0.04356217955152996,-0.06031040017217615,0.08782876805430749,0.028278264330127686,0.03299438606106642,0.08128564420026915,0.037075651685420756,0.06333999438907198,0.14986718332184426,0.17687083822167815,-0.0222125953880495,0.07397424881105603,-0.04259055997205484,0.08773141567871211,0.09394366147866881,-0.009837756526541704
LRIG2,0.06716120960759428,-0.03046847722627013,0.09324390860286666,-0.012531584571369906,0.09142319997354915,0.02747184104338023,0.012552121017809574,0.10179913223379436,0.11835438573457174,0.029319469726652156,0.0020340050394689908,0.025762826071979703,0.07969938324368997,0.03712431308295589,0.09055371173494528,0.024993482517886287,0.0369906024015468,0.1213018720393579,0.10498358722939671,0.06357678242575673,0.03170447910321423,-0.023656032490119456,0.007621960053970349,0.13816248294457223,0.04219168486547019,0.08820956806741727
ICOSLG,0.011717905345214082,-0.0007053315384535127,-0.011978814176705141,0.009434648552045725,0.04031210225597386,-0.041512540478852784,-0.054895255844629155,0.10697542391790682,0.07569084352797555,0.03962548526793499,-0.003926344778549126,-0.05154182533512798,0.029604833255657173,0.007185091208348357,0.043158160507434734,-0.0401716236126408,-0.026764539119457916,-0.001100963153842278,0.10299361536478081,0.18501973839595143,-0.003869204521292784,0.012926666109744508,0.04801195801180929,0.1646404745692428,-0.0036206538711297037,0.07105128842567182
WIF1,,0.059843262878302786,0.04529982624411824,,-0.009270066901062557,,0.05931258643298136,-0.06203927087875261,-0.09481730756357283,-0.028891947643755616,-0.0053744966993793065,0.09349459147578064,,0.11607492441878947,,,,,,,,-0.04832556493812258,-0.07314922482252686,,0.00956146649632231,-0.013902292127004091
NPPC,0.07599128412086442,0.041467139119329054,0.05065999722781353,,-0.015325704943160665,0.0117474968010907,0.06887666323560754,0.026962631724402747,-0.014643755698723877,0.03034486934932377,0.03622496151186893,0.08077399141654096,,0.06660049956999589,0.07768870475020212,0.060466762235599075,0.0032106402652396487,0.06512808937131569,0.06558606921647359,0.010434585668676699,0.008415918108229694,-0.017458591342781837,-0.0020061350340663756,,0.05699523861389641,0.042811556481526
LYZ,-0.02898586227040779,0.009797806547090004,0.042680555582400755,0.020461209160484793,0.1383628433093298,-0.008845101107594492,-0.08740063610462322,0.03570641553328836,0.13145791356904457,0.007193568848313028,-0.01195751559778542,-0.1769545476723248,-0.006445584735270345,0.031189226212284746,0.03885496064659938,0.04569199981637283,0.08367704756801585,0.07802212255582612,0.02783772266576849,0.08034557868864199,0.08974656728469141,0.012623520874326081,-0.02059040779856688,0.07900958121525206,-0.0805836236087924,0.00527637127248424
EREG,,,,,0.03724307938429174,,-0.12244910076014393,,,,,0.06732748209826588,0.022201695878443797,,,,,,-0.005050348956646784,0.05756489075352103,,-0.11143377922711718,,-0.011747667448687648,-0.024429392575313565,
SPTAN1,0.06200463466872219,0.08054833110073457,0.04157936675460654,-0.015481720406252689,0.017859624715511703,-0.053939045440378725,0.04728206268462681,-0.005285505199430642,-0.032444460064394,0.021617999751458096,-0.04440534245021146,0.17383720060483904,0.03638095434685063,0.05269678980072205,0.032083323127683576,0.07577283544846783,-0.12219421861724235,0.1799342078517692,0.020235291731127637,0.06139930083205108,0.07694729835175676,0.079779372068046,-0.00594192559127251,0.0514795458065838,-0.0009397233027473054,-0.105376655643766
PTH2,,,,,,,,,,,,,,,,,,,,,,0.006718803532718864,,,,
LIPC,0.013658520476553157,-0.033375901028594175,-0.01792459564060249,-0.0597209688037992,,-0.06461673890076185,0.016530759653385345,0.009331982972716152,0.09723099685842654,0.010950509842753307,,-0.04164953313953438,0.040265581526632004,0.05035739400745164,-0.026773188172564567,-0.080785761289077,0.020956397772671897,0.01994739479534038,,,0.013359841639434076,,,0.07408523135858582,0.05098486197935288,
COL8A1,-0.021868487532601226,0.0073928487651671974,0.028703423207834516,-0.09802274055217759,-0.012918903843007642,-0.029403719141974868,0.004630563090276663,0.02589032309968376,0.06059374687199282,0.05501634603445511,-0.024665424704797607,-0.08542994928624065,-0.0194856615125741,0.0317931759423952,0.011996928052443977,0.013398784679553296,0.07921104892561638,0.10727677517533299,0.11380141329478095,0.15339791252395124,0.09555472445912079,0.05130926577596011,0.11598493241070355,0.08612430156881086,0.07736352145022107,
GSTM2,0.010420629305950337,0.045147528296516866,-0.018398156053825825,0.0025636553517662647,-0.06865042968598514,0.04487961008070629,0.029461199002402308,0.06469539295543283,-0.01853689602269522,-0.0018295811644995197,0.08367889347739699,-0.02935814885545501,0.00046870242737873823,0.07430434484500502,0.06097559054735622,0.061334038436356784,0.06145014264701271,0.04907336964007858,0.034279773880092804,0.06887930495243966,0.07651435095064586,0.036419855378640176,0.06202670952121978,0.07880310280141735,0.05481943871453077,
IL4,,,,,,,,,,,,,,,,0.09854105009442846,,,,,,,,,,
SPX,-0.001759640587365655,0.06667042749008488,0.004085519248594439,-0.031200695900225405,,0.01759553253775058,-0.0011526303641096515,-0.04602621550192506,-0.002738783975214759,-0.03317855733821715,-0.015075682518897487,0.061206077808417025,,-0.0080228133719781,-0.06612033739182274,,,-0.08252932046583365,0.04552968890102852,0.019676909443336013,-0.04705739133432458,0.01684336742116515,0.03761941867371265,0.16298208840332998,0.10484077503591314,0.01721502241314252
MFGE8,0.025718736621531863,-0.06712380143255807,-0.039866150117827605,0.06965509286635545,-0.027278799874155112,-0.007491418906642139,0.016032968844561932,0.017968209128620554,0.07129722752639203,0.017154430789879764,0.03659805955371715,0.030214363731479822,-0.00581797187611174,0.024541075039512094,0.12412832250579635,0.038247217572313225,-0.020322700712471862,0.05183984948557728,-0.0036078195266391433,0.0032894450870528413,0.009419349616216273,0.018187665686791823,0.0698932466021746,0.07979180067795122,-0.011236586794967857,-0.023763445715386224
TGFA,-0.009463102088060258,-0.06987196968460349,0.02077355954437986,0.022182698535051535,0.0958465984438172,0.04978701005181956,0.013068417524363914,0.06382439862108762,0.09087237501707708,0.039038854292352695,-0.041715643328348866,-0.04705221709431396,-0.019203220012308633,-0.01620588182699751,-0.01260616439202441,-0.029858630835088114,0.0017322931073543051,0.004556495482243337,0.1017590712388726,0.14233478473950623,-0.05753470634460443,0.060275699853629974,-0.04387429172477975,0.19019509117977032,0.10590341029014114,0.07028152262525997
SLIT2,0.002141727236492345,0.08465845906299559,0.0252441006008075,0.05075598675907002,-0.005089286609096492,0.04015367040220997,-0.03694570282493524,-0.0128581875506259,-0.026832843403098314,0.050279177907758134,0.06143143282550819,0.12699469088705145,0.02699255820705613,0.061340154887558646,0.08191062464998702,-0.008673968449210914,-0.046969500134318276,0.0030092095401881534,0.1406380959194801,0.09044526850434145,0.05785631937001814,0.07807369746707127,0.055566647156549354,0.08341506862218147,-0.00384664075155281,-0.021912729700973688
PLTP,0.040255744944269554,0.04929858012653216,-0.03358424421022163,-0.0260615524937745,0.013931979760185838,-0.008866708053287195,-0.05928597616420116,0.0439679735148186,0.21397031442415304,-0.007842995675545455,-0.009305466454226216,-0.18710055347909965,0.018805845041869287,0.06903599766618587,-0.019280596864579027,0.009623492953662906,0.006497374108289214,0.13757198812195462,0.04015203905419382,0.04524702800780559,0.09047799434870384,-0.05501285413971355,0.08737365588142351,0.021738803034381842,0.02567018781871347,0.05307725648468873
APOD,-0.09038961731465686,0.06966800534339535,-0.02010921366856962,-0.03966660978982008,0.06668978656064165,-0.047300542200737504,0.0647798518876592,-0.055918129977370765,0.01014710295522632,-0.010521351471001418,-0.03927040051577178,-0.025999229853293636,-0.009012700665720257,-0.04489230271114152,-0.09528201804932743,-0.002874887219765828,0.07341703230845845,-0.21703541352156575,0.14682541335629737,0.19780679814292415,-0.04769859041321065,0.03666846405952688,-0.06346553349515938,-0.16868448400163547,-0.013998059335788885,0.07585596670703351
B2M,0.02259665102631677,0.08509142405604936,0.004920318335313467,-0.12844214903315326,-0.032753190160435465,0.008752057681134484,-0.06656974943447833,-0.0030760095682681645,0.2674901179405234,-0.060945334823825324,-0.03986919449015825,-0.17721883128134105,-0.08355871904881121,-0.017273512030500305,0.04979596807270932,0.07374100764725341,0.013993100858488776,-0.04725485025943391,0.15966050291875153,0.23246566404762506,0.057410375206093184,-0.03646328869276179,0.025331187105841986,-0.029338791003790856,-0.03181343826764413,-0.006350771543176618
OMG,-0.04152647946864279,0.12753148768690972,-0.004350861138566154,-0.002779028999368586,0.026241139386748758,-0.007508675668248353,0.09100954652936458,-0.03261069380234336,-0.0901354250480688,-0.00878038905506829,0.005712303893941369,-0.03407303360135347,0.024319671059703386,0.05221093159208193,-0.01362395687826298,0.012594402608109434,0.14615051395635129,-0.04731748081682717,0.1784884659692744,0.22638349486956882,-0.0008371842880341702,0.039050153677334984,0.03432522962410328,0.28845893983488263,-0.025414178735702567,0.07531165474656988
CXCL3,-0.041597797708923016,0.03758246918068847,-0.04289141627865475,0.03841060482698404,-0.015492925459184572,0.09830561942155287,-0.0869544037158948,,0.006812665211593062,0.053450258860579504,0.014700537062076508,-0.05826948936282741,0.007647045936141881,0.08256949364054898,-0.03526801610622848,0.05004218731990027,,,-0.06195089805349082,0.026909217284199052,0.007455029755488397,-0.048506635958727264,-0.004645291017256257,0.06741383239625606,-0.05634449594202555,
CXCL10,-0.0027487645904981867,0.06184157323979732,0.061172487924082884,-0.06663957454787192,,0.03152285865227115,0.04216444941960074,-0.0460734995690287,0.20276374357745888,-0.032575696196603034,-0.011244309780357916,-0.017272390579256718,0.05416420366541073,-0.028042150835447182,0.02550703787651008,0.05502115068235372,-0.04845554112013619,-0.023574027207265355,0.032675660582667035,-0.011429261687849074,0.018198700075087688,0.0018324463795474037,,0.09338519731447882,-0.04161978706057506,
RSPO3,,,0.03648474881728835,,-0.026243683530773786,0.05120175422771665,0.013231039800516074,0.02469057938862199,-0.05500479927287511,-0.054457215321103175,0.055895752147826175,0.13976977423391415,,0.049313559042183756,,,,,0.07643195465529563,0.1272697630115199,,0.011216938478493194,-0.06464808375732549,0.0697601534879178,-0.05575562007365039,-0.03168965050010318
CORT,0.017124258077452065,-0.07016799657180495,0.015774285056758344,0.016137347251787715,0.06795691588238917,0.008977606770131218,-0.022673026034133223,0.004722655353085502,-0.06169126608041262,0.0028995154489188,0.03851265365747252,-0.031521667161264845,,0.006440428799026355,,,,,0.009794853087505577,0.06658998357889838,,0.04929084298895331,0.03876490372603771,,,-0.03635773383084827
NCAN,-0.08697535693018409,0.140434243741459,0.03239025490756618,0.09502756048441954,0.05503303695721706,-0.0864111548319241,0.08287850048506921,-0.03039724995350735,0.15751985911141717,0.0021558226896370085,0.04577539277577952,0.10810537995051715,,0.012156016747293238,-0.025269418595646038,-0.01268398266774889,-0.07651726660299006,0.1215041838301508,0.152840311737151,0.15774962773482484,0.002496151410573766,0.12225167054647193,0.046808394469584284,0.09150939307635432,0.07831438909508093,-0.0538498749009152
PRG4,,-0.08342160235925515,0.038367829851145396,,0.045199468854790016,0.082285401421804,-0.020253310036848063,,0.07076175931839013,0.04482587013436873,,,,0.06838327430597062,,,,,0.045612330332340446,0.05810957060656595,,-0.017322479940157242,,0.07572539801825993,0.09769668268652737,
ZG16B,,,-0.07003513250172405,-0.003085178072208651,,-0.02348138508312448,,,0.078082506226033,-0.003949410792860704,,,-0.04283383527548782,,,,,-0.05535846423524878,,,,,,0.09292800351617671,0.04687062169687821,
TGM2,-0.01638849242261829,0.011840231839223747,-0.0015805384936408617,0.04530609800983694,0.11279387073493355,-0.0016885633239111498,-0.12257688369324544,0.0031042905497240267,0.14788006355656103,-0.04215531281653465,-0.006712890143715944,-0.07808269990752469,0.02916602985295015,-0.003007055891633213,0.020638599899159744,0.04926405437967521,0.053438047599107044,0.0857828966301787,-0.007149417272926081,-0.003980628140192222,0.017582984514778636,-0.018044625217181736,0.06193984361287731,0.03298629313598334,0.015915089379816685,0.12838432498802096
VEGFC,0.018827015004297818,0.015816496843788923,0.04743751831134783,-0.04134228165413327,-0.05934574542139061,0.03148151503631199,0.026651555823775704,-0.02582433346533911,0.07521422288222858,-0.02746290321724278,-0.07709817648856117,-0.02561073979320607,-0.018786090370749742,-0.03768454237594386,-0.00365145651423231,-0.04221925749153204,0.07077990460633296,0.008167889574542918,-0.043855544743603425,0.08271591367983912,-0.024941494751027055,0.02352959838465395,,0.02187755916249082,0.06399068307650828,
WNT6,,0.017730661065953057,-0.017607175984909677,0.047728541560308535,0.033840206749328076,-0.02541444678291509,-0.016420030536458078,0.058801758926260946,0.025568392597529466,-0.005658990630163131,,,-0.04145351799075874,0.015792949085499643,,0.08988912530456813,,-0.08787667354938486,0.09121617864427305,0.08113552820954541,,0.006897414474819291,,-0.005681263087518761,-0.04708746217199463,
NRG4,,0.021249255961865145,0.019461584958234454,,0.07861584881285105,0.03366541222900666,0.001135427763220331,0.08411860259758232,0.025209747335080603,-0.00916755615670712,-0.030147437044114943,0.029400820937172806,,-0.021590799821267867,,,-0.08400986767594297,,,,0.032287138795500415,-0.012017852862695603,,0.035374078969715325,-0.0022277231272331607,
PMCH,,,-0.0328179862642498,,,-0.04832026362458659,,,,0.007252222837292178,,,,,,,,,0.0292974642331653,0.09526445074549812,,0.06713992340699945,,0.060640368810156525,-0.010306816859982847,
COL9A1,0.022717194046704154,0.023669315677566388,-0.0007348552055890412,-0.007113440378590113,0.10855449120857145,-0.051905969248392615,0.06643164655035305,0.11963054914436627,0.0944121706233401,0.01890029953593843,-0.02544670393935632,0.09046717725721981,,0.008979025772637934,0.13477623781722559,-0.0208126601076299,0.06443889889695559,0.0126008198419808,0.1836136854593026,0.2091108405123601,0.031248688644407344,-0.005968702538299601,,0.13174795134419356,0.1099179682409048,-0.011104634366469912
GDF11,0.0829163578864825,0.10000418395617945,-0.02158877562666399,0.05221877597537468,0.06317613228950746,-0.03351133024964847,0.03889729737496371,0.10651224468282369,0.15317461276084118,0.028142428118114664,0.03168203328674738,0.020474525686510366,0.00020797160493831563,0.07154328726081069,-0.01936145890985333,-0.008383084455512788,-0.022589410742058884,0.04582297410664228,0.015696501451262803,0.010006483138994708,-0.0333119395080495,-0.022033172888353724,-0.03539434440208688,0.1675862733581229,0.004374734756743017,-0.016514492561094232
RAET1E,,,,,,,,,,,,,,,,,,,,,,,,-0.0181648590068591,,
IL24,,,,,,,,,,,,,0.027604992001831294,,,,,,-0.06638009814520227,-0.0212003603042568,,,,,-0.06369162426324058,
SORBS1,-0.03613986858093291,-0.0021518305648685868,-0.050341253716996825,-0.0018970902968403183,0.039244360933003354,-0.021340647393641308,0.005862875837587439,0.06452150825136622,-0.037209297623957284,-0.006539756246873879,-0.03356788541613517,0.0004856442764388172,0.035993016807941584,0.0018169987210387962,-0.08402093737463145,0.019271129807362265,0.01950972557845944,0.08574918158011707,0.10168383438269055,0.04988287007541203,0.018776386543468398,-0.005298933287718543,0.0698578029958379,-0.006748939175704655,0.08876992095257692,0.01654871550989778
DLL1,0.01436398808639697,0.06645504970970322,0.020752277747175932,0.05947166417988217,0.04008208801937731,-0.009564985604194009,0.07939208668590848,0.09482954034985938,0.0948620909998368,-0.006624552356609971,-0.0029263690895331524,0.023787937825061785,0.045138851195566744,-0.06705622085662202,0.08261918323598995,0.22985555757147444,0.09460052325214947,-0.03763488854765027,0.14089860323284,0.2577560996994115,0.027118020842056275,0.06232529358720175,0.13472087359638912,0.13627698563134685,0.08934304245306929,0.006040341191819309
TLN1,-0.03883635465956114,0.02397188844549801,-0.012966487683692572,0.011598312304926247,0.09379123843337145,-0.06090429282697454,0.026402254881274522,0.053329436461474276,0.18025548990312143,-0.0063746710467901865,-0.024091248127964232,-0.09760551687518101,0.006052276347909151,0.01738579357556229,0.0367743858433199,-0.013428621016753324,0.1440927665818224,0.04821807164735327,-0.07376569362913009,-0.023939246725467902,0.049299633012543594,0.09456564460504405,0.13718494248096388,-0.047084508263656843,-0.002298063083183928,0.035020946727776836
COL2A1,0.0037952186110238777,0.05233708809551514,-0.022547051056787663,,,,-0.0568677581984532,-0.01726734686543509,0.07191639194454907,,,,,-0.055238385293272976,,,,,0.03653371521620795,0.006442533636035918,,-0.054872002455396,,0.10322680503197233,0.013033405376222811,
SHH,,,,,,-0.018198523322086504,-0.06976677438116655,0.015257049855007896,0.020447445164389184,0.05015310958272121,-0.003697477748736447,,,0.010023298638611157,0.0702102034631717,-0.1286275313818243,,,-0.020737785523329,0.06606315862074953,0.05678080991705625,0.03367425134043276,,0.13442763790403775,0.012684994534419845,
PON2,0.07731703717073021,0.09742073048582865,0.01813005274228496,-0.025001855221609828,0.037893154285366853,-0.10360178458367486,0.1049217976698744,-0.05319974150532333,0.19010660101419632,-0.004700937104165123,0.008341276072576696,-0.04335013219907121,0.03290988175742129,0.006238220537584083,0.11194959939783855,0.05456056663077668,-0.027655641640719764,0.10379504032796018,0.11446147727584695,0.18155511164513705,0.041970461525977894,-0.04195616004973714,0.06238790668323807,0.10742827029142009,0.2508588259231413,-0.06267747187081717
ICAM5,,0.06489891729340441,0.03008302230361211,-0.021622604216425683,0.007901645879582123,-0.0048071806764535645,0.008163218207510299,0.014644705923920455,-0.08425666882945251,-0.0006989625465672755,0.0015077009207013139,0.14412979956204183,-0.0005801442089183103,0.0009347595012815273,,,,,-0.01658024068112219,0.04090379220990629,,-0.07216012056064787,-0.06903895320413035,0.10833936051389671,-0.03862281114621502,-0.029724697874108533
HPX,0.033770893824754386,-0.055193964187881285,0.012522499196423797,,-0.012059752881806263,0.04484238216533085,0.012605306878897393,0.05239764382743449,0.08883731782786723,0.004056732837120454,-0.043851641816512445,,0.023290647878387118,-0.02394118129038942,0.035829431020351854,0.06231188047613378,-0.024134168865939568,0.0672812683155677,0.07886686410560205,0.13644069298177416,0.022780340198166434,0.01952960448471147,,0.07500451043395058,0.09429114103651148,
SFRP2,,0.03928518149615784,0.04437815410616857,,,0.014088130803301334,,0.027411733798160615,0.05616528298112445,0.021824189001464565,0.0302155021037311,-0.08485946998499037,0.04734558826646001,-0.002686904168678873,-0.05448462126782445,-0.06837017230440853,,0.014089046336739163,0.05165122465562006,0.08743494090873742,-0.009072271758525735,-0.015467573530496347,-0.007653191869843009,0.13755575141776366,0.08095702803042147,-0.047196384359651275
CFC1,,,,,,,,0.010301166685535912,,0.051762303327380944,,0.12198951316869763,,,,,,,,,,,,,-0.014236139405760862,
CD70,,,0.006401462545247152,,,0.06796804579107736,,,,-0.029119640904220093,,,0.014580625005727819,,,,-0.0570121280448631,,-0.04471303620680878,0.0871300297436111,,0.006903122318232727,,0.016182908088291866,-0.0764300956915664,
HP,0.031834483789762745,0.0869007198737086,0.018606381007411982,,0.03546253615434633,0.004790213927161941,-0.07787151658420749,,0.09225064460432422,0.034237184990810264,0.022983633582606498,-0.03053121798109146,,-0.03423163818053908,-0.014675437166535212,0.05557743890855044,0.09284639332222783,0.08330837144828933,0.11456404609290394,0.0664824655660725,0.05102679798646334,0.007745009747306185,,0.05583893945051112,-0.04218945369748365,
CXCL2,0.01993951324253263,0.045202093992026085,-0.030332608784337172,0.01042742530189017,0.029949173289176418,0.11541014565834495,-0.03121980819937499,0.042147710493939776,0.08272969082594514,0.05419719853247109,-0.00706989619850013,-0.0527393738911526,0.005065671922375097,-0.050754775592436206,-0.003826955393605538,-0.03754016887230751,-0.01042080492565862,,0.03445353772552652,0.06858701948706329,0.04471102598918994,-0.09941797809977176,0.09803731201600362,0.016508338657410693,-0.03800822762513337,0.027623114105099697
NPPB,,,0.06542817375029687,,0.02015298641686783,0.07472521223401056,,,,0.06083190366498939,,,,-0.0273969909736987,,,,,0.033040302549307524,0.03937648482045825,,0.014398768490686515,,-0.05374671973340554,,
CCK,0.04597694843654823,0.04528297379875847,0.06859667592797172,-0.05716211310802664,0.00933100022671165,0.05976361768371424,0.02245725008146252,-0.06651849257797063,-0.12917584344619537,-0.04537669865301394,0.06151642996272608,0.17203142388959913,,0.03610090645453603,0.02447687018568174,,,0.006878610406964154,0.09813502199269851,0.14381523610683608,0.05602624372111927,0.04470703668394876,0.04612498258967406,0.05737464536055469,-0.08034052380952886,-0.022935771929104155
SEMA6A,0.049861022568687456,0.03818719793124763,0.04193224848395529,0.0331707441841463,0.012265503093454257,0.013875898268090193,-0.011253471516402777,0.07880440083954385,0.13033752669826307,0.018701362043452723,-0.01291850293370698,0.01794795492919811,0.022466323861913547,0.05719379124658345,-0.0015211473971145206,0.02099557728479546,-0.023247916664981407,0.15821479142942746,0.07912636072492274,0.020450774860720475,0.023989205542977156,0.09335069308048388,-0.014362545902998422,0.10869498570022539,0.1417668890822982,0.08178156838298632
IRAK4,-0.004607170450930492,0.10139973981295348,0.015306334730781024,-0.005203464496972441,-0.007839188014450158,0.03991089166999545,0.016310013690615605,0.07693472666538498,0.1426750950183545,0.02931715008745511,-0.006311408401737405,0.055299892231806855,0.06687792541351985,-0.0009242249613943325,-0.006525918990715385,0.050564832800798355,-0.004260176412043989,0.06160063902364283,0.006889258587879842,0.10642478949299918,0.03276078142222049,0.04126271150147607,0.06855494967150486,0.18272154202500257,0.08126109864056667,0.07304772514466827
GSTP1,0.05206925648149137,0.06543500369075222,-0.01633813917926821,0.03675739375369569,0.06718382403725857,0.037987070671694934,-0.03798133970466309,0.08845315151208752,0.18950091303802363,-0.018123621383061405,0.027543993098916076,-0.13904723993295806,-0.07347840282143031,-0.01911160590383354,0.04637780187245931,0.0049244838425694624,-0.048820893244386945,-0.1344620046027502,0.10217308740387603,0.2505354365306214,0.03881671490591591,0.07683996544382946,-0.027268708133672163,0.1266922357554162,0.15202874072205025,0.02981233119337677
VCAM1,-0.05964005468443232,0.07087930163655196,-0.013632172760061685,-0.02130218967976679,-0.03702611543719467,0.036878970831147585,-0.0440104855839346,0.016732150077831926,0.19618754100425692,-0.030380153806850916,0.01594783949453393,-0.04142385262592455,0.10452398312930675,-0.0038093585973646253,0.09790037491164827,-0.01636470748682878,-0.0706186126008,0.09596207149268147,0.01966434995396725,0.04362159130590015,-0.01379842086754645,0.017471627959391698,0.0010407853628169397,0.250248192250336,0.004053928078891988,0.003982291536024602
NXPH3,0.07013254307793197,0.03137845491907796,-0.006817590062014477,0.020024651133926537,-0.01372878757392584,0.03817483488554426,0.04986723736023839,0.12074685467965333,0.07007294398066179,-0.002473549574285931,-0.010834815602713663,0.08243820743355365,-0.0024407514294392013,-0.01048873144989623,0.049360372493956105,0.10841862432887892,0.13933697181843172,0.15790242877365407,0.14395264522139015,0.13671342545786178,-0.0037009435920237837,-0.011957290142638098,0.033472537594561064,0.16701459876788682,0.08421796675662543,-0.07996247604858651
MTMR4,0.021574233328096302,0.06330244097709911,-0.03272542067020676,0.06016322705523454,0.06144256245865545,0.014959129051751912,0.008418859094642062,0.0812439783159831,0.11724552870036385,0.010521333941660879,0.008372963437337632,0.08160690647549455,0.07609089368173659,0.007574428292199422,0.13266052520210003,-0.00490887879530093,0.002887033797918619,-0.005693098890223176,0.09399008633010295,0.08613356901594642,0.024792654746210768,0.030296806402476284,0.10380665398810249,0.15247300167614047,0.07445784374815666,0.023112489722976498
LAMC2,,0.030690607365218316,0.039537661309226306,,,0.05183207456541431,,-0.018127527928916923,,-0.0347969352622051,,,-0.012721641875139432,,,,0.017901730261250862,,-0.0138756733187186,-0.032848885059882094,-0.0005354755878014343,-0.034795203617345394,,0.03944796961267798,0.07166897276398954,
IL10,0.014666290543328572,-0.020123323190345304,0.0022980046092927952,0.018028779966543222,0.06284084128180996,0.0229274715317614,0.007846070940239355,,0.006397138239929736,-0.025431346299254233,,-0.10257310934977402,0.015096101790521005,-0.029492314542823837,0.01607183581116432,0.07862183246138435,0.007678381965788033,0.07754017978702869,0.09254648203061006,0.13504372605272444,-0.013086747054875593,-0.00031491876695742885,,0.1243164050359643,0.024216128347765577,
SEMA4D,-0.07283923073279605,0.013483383050141738,0.0020785994889894327,-0.005807868647659057,0.09290510208406752,-0.03955694153822678,-0.01072215685378072,-0.0721605802770237,-0.07693331762364468,-0.016927137002747773,0.00035863884426991504,-0.030574557425103312,-0.0008915782775844669,-0.034970581402550424,0.056865331385003486,-0.008629582632024804,-0.050986362397555766,-0.03541302697386978,0.10330681584799575,0.1921267225662318,-0.07701688548454573,0.0858073343132515,0.0007845304626828643,0.17739534666273438,0.08925035099856589,0.08371942746632377
TRH,0.09852480574530446,-0.007232214584197133,-0.0001392248366196581,,-0.0275594306040503,0.05399489534016507,-0.009975032742817469,0.016208163460329612,0.056166110462199374,0.0370970807119881,,0.030702256129659475,,0.04202736553475028,-0.01227864993742959,-0.08291208501906049,,,0.12700321949763937,0.07269924534501351,0.15262209597759854,0.008649922204133985,0.03583601813209472,0.06689136803063497,0.018355512370411914,
SEMA6D,0.020124414763807878,0.05807263893293875,-0.0007154060340234488,-0.02090456425325845,0.08232212600916357,-0.025888612462178672,0.031636407110883,0.039812190608085496,0.1105648525567869,-0.00015167679807150187,0.07642398096573517,0.028815725753572597,-0.026273505770128214,0.05609634368209724,0.08829622415877465,-0.03787122159869361,-0.056270245321474587,0.14462060903297233,0.023714980683268244,0.052048319443546535,0.03497728630147885,0.06771042395380344,-0.02829854461240856,0.13918968345368882,0.09284309595058754,-0.060772815790859205
CEL,,,,,-0.04378021340350015,,0.021289880030697497,,,,,,,,,-0.07471972228506661,0.026158381031855353,0.0005393525807504701,0.021230785992176208,0.08182132984917082,0.045513539375354975,0.04023444163850996,,0.11122692346310584,0.041795205507278964,
PDCD1LG2,0.02966594944073781,0.032173815410503154,-0.021054259300312267,0.049909997431115294,0.03428708219437727,-0.00836418699919357,-0.02870721008825135,-0.0021535738700776542,0.05401951536041169,-0.03165274029036681,0.01007884409329561,-0.038353805775343634,0.07890713178893866,0.018650010044687682,0.05041400454927143,0.059452733096456614,0.02270086474307653,0.005328359466682216,0.1128134211524493,0.06886897328012379,0.0190602529002487,0.04181925938949394,,0.24153100975380012,-0.00718246844058968,
SPINT1,0.05131513213631624,-0.02886921907579778,-0.019826862570326755,0.006237868067476726,-0.005696806059442439,-0.014943631470732832,0.03683800058652095,-0.002075237176512026,0.07419885610712201,-0.03604415143726337,-0.033859595049683076,0.0035448440994012673,0.01585694643453249,0.0047996655483028275,0.017489222965723448,0.06369707420281176,0.017921904717534954,0.07925995662668801,0.13412201928068157,0.1136210263586143,0.012894391926381952,0.01569114310844276,,0.1539302895203533,0.00856559138820104,
CTHRC1,0.015773194559611424,0.006704999513434512,-0.019776232263405066,-0.038813370893340575,-0.006857301834098725,-0.059048267270869134,0.013530846918257382,0.09218326916142615,0.15157552240951788,-0.0025990928856977303,-0.021422208905304947,-0.02090428414974818,0.14755263162241403,-0.021842132507467495,0.1397041525103597,0.03759622318122198,0.09475988933661122,0.040522593237953444,0.03054987356015518,0.08324009853393625,0.02097801166590976,0.052860537444658746,,0.08044069758027617,0.006279725387337629,0.04512377023658677
PODXL,0.05270203635924716,0.05605100098727977,0.011357332341334962,0.03356865409533083,0.0639332886981224,-0.04821709987391315,-0.028184079286087134,0.026462979213491434,0.23740167430269646,-0.02002371341540066,-0.04676396561859911,0.07979444595323765,0.04615854961700049,0.05545188759729106,0.09614130409307699,-0.03212702177665299,-0.026377884360759198,0.07727274401832378,0.07596184944262377,0.11687812512277887,0.05338028962765851,0.1082355438026683,0.040348028050188695,0.08037532161069684,0.12015275310945613,0.008525750375316415
JAM3,0.031673641222569236,0.014543252412484203,0.037970489196309284,0.02749217291570578,-0.026341075654135283,-0.019116437853143778,0.07646254757017129,0.030230526299629946,0.12662823343202032,0.05682742919305172,0.030004002508135147,-0.04283385883457903,0.10920782587185054,0.017103737894608995,-0.00311218391556425,-0.004517540205810586,0.07680438909893701,-0.12064600030445309,-0.021070154354416334,-0.07612620665331253,0.005063131264041275,-0.012611373498631418,-0.06983101429643906,-0.04992400119987124,-0.006821222386379221,-0.06441067081823507
TGFB2,-0.037530792999665365,-0.037987037825878096,-0.011349845171961774,-0.0022296858733925275,-0.0254166208298368,0.0002607708580469885,0.027512166158516,0.02053550367473882,0.26176449464985374,9.596203362192533e-05,0.017106395055303415,-0.007303433162999443,0.07751943279025938,0.03727068823887738,0.039268248331553804,0.034475502954657775,0.07279004285430038,0.23975101061647291,0.1181918132927023,0.07565541518776586,-0.0008105534653518755,0.05123689403965828,-0.06458427692739577,0.010410533842252375,0.075675704611919,0.06365409382269445
COL18A1,0.010986368978250564,0.12617931968486304,0.021518024573055034,-0.021295081921608925,-0.007677846291694354,-0.05259543142997488,0.04061829186456741,0.09205422538755581,0.257572144492682,0.051783914522474356,0.008506000857367121,-0.1568163246343453,0.029350875257512895,-0.02348187427910837,0.09523424684684018,0.06603959608593726,0.13482173439536102,0.08450425860492179,0.022178351808984625,-0.04855951092643055,0.0009967026485036292,-0.024753437154056486,0.1089073432971477,-0.04229658648782092,0.03395725326117437,-0.010117520919253074
NODAL,0.03484119375378239,,0.018926717213379067,-0.0006665073300768336,,0.03503574202280136,0.023761914478016746,0.049946744438905205,0.20707868409881644,,,,,-0.06683255327619823,0.12296975203946733,0.11909779354388626,0.032864772750575116,0.05928842931462125,0.04157011574218286,0.02090713359122339,-0.028866163376861324,0.02814961629419071,,0.022157721827171444,0.009731406348545824,
INHBB,-0.0143942417946031,-0.0532577466138331,0.07152794458261945,0.06927719916539933,0.03968810549204516,0.030788919372478688,-0.013747889780784162,0.04052629364294806,0.17113822992684705,0.0314170856565287,0.014280173508599043,0.05015793906831117,0.07170850722638411,0.0228063436729084,0.004853248072469198,-0.06169171918489633,0.10549022059906547,0.05978214092117561,-0.010508961727229402,0.04762925936786754,-0.04116841219827172,-0.043278105395027855,-0.01578251899707035,0.21652611196436472,0.143019887069213,0.11013854527768237
LCN1,,,-0.019200587386107925,,,,,,-0.03607362115579615,,,,,,0.07237487712922035,,,,0.07871297104528406,0.06565118515510675,,,,0.021400228940661077,0.12703929063637365,
ARF4,-0.013313449511988802,0.06196380885099344,0.0018995272209868129,0.056884688568763934,0.0017998108205478423,0.042591772878444685,-0.06070967937703588,0.07826987162694198,0.15119962378110852,-0.06748227498140966,0.029284145621927153,0.008478295944492497,0.03871132766569884,-0.017726905676922384,-0.0119599261531181,0.047181305552675606,0.029412645042362722,0.10468380358458067,0.09751112696460021,0.1992262679971689,-0.0057756863725275534,-0.01745157323864371,0.03491342577109715,0.013803703888373113,-0.029997725376885408,0.00018875971685145738
CXCL14,-0.013147299886956312,0.02562401287116699,-0.002685214716961718,-0.027271991315754425,0.037523645817013916,0.03906032381378326,-0.006439280260481254,-0.04451357438822273,0.0015021471331596679,0.030761792684843765,0.028589067022781394,-0.004529575514749998,0.003862925751231685,-0.009683638285268545,0.03434156290625245,0.08798277902453024,0.10101701806229842,0.008922582751334545,-0.07016957002444484,-0.1211970712799681,0.05311290324049753,-0.06288469287472756,0.14183273928184525,0.05741400404187448,0.06338245138583637,0.013722282097401133
LIF,0.03622829176815328,-0.043294205304760684,-0.02662728022891716,0.008534587825172113,0.02319074837589302,0.09462468155758172,-0.07412475493262331,-0.04861573257638641,0.11963322537626185,0.012581952071496157,-0.02316235211143751,-0.08738926046958832,0.051916373089054405,0.03269699030811456,-0.017094713880261733,-0.0430274606739148,0.044779048844688196,0.07243949893208408,-0.011960446535304843,-0.048921223793511076,0.06792969964892587,0.026737417002105485,0.06286349800239814,-0.015056520868550522,0.00976694323526097,
IL17B,,0.05573431557164638,,,0.09159827145010986,,,,0.03296359571514686,,,,0.033625629225749396,,0.08927152885751533,0.035107752078222955,0.10395492116746996,,0.04565273345347073,0.005665070796558554,,-0.00301241415352877,,0.07477684980933601,0.06353075491089603,
MMP1,,,0.020759054323898653,,-0.01196401236795681,,-0.029135539711218204,,,,,,-0.040878229582849646,,0.12564955966543837,0.06393092803049365,,,0.07066875610456502,0.003275767100762211,,-0.006835358695884169,,0.08916067665903024,-0.05998024054073669,
MATN1,,0.009145667364940782,0.060100623522946574,,-0.028972216984949544,,,-0.02619885473349564,0.03008040875864905,-0.0014203848112283627,,,-0.01447817455961442,-0.00098749679661659,,,0.03077229612681047,,-0.02882646064101508,0.050572904106745864,-0.010383564115401827,-0.01986156589641031,,0.06783632531383181,-0.004106980418770814,
ADAM28,-0.04062045910182411,0.01562193944154144,0.0058512080499620155,0.0552704970572098,-0.029747304667886325,0.041342574309486936,-0.03818785845840098,0.031126960425238902,0.12197790223123224,0.05177517312957645,0.02899958698940727,-0.08743333674057333,-0.04150379750324302,0.047940846536380276,0.05541586483825025,-0.02932638142317926,0.05383509126225768,0.035349109416442,0.128870885531316,0.07547749222317726,0.05650944658666606,-0.008628635160957524,0.004085716461000007,0.12643563703839558,0.061760309467810914,0.20809502948398864
TCN2,-0.08153182083226988,-0.021775345075278306,-0.0165347740255536,-0.007134313100005952,0.015067016997159288,-0.029017681518023024,-0.013159804532195092,0.0493322620032069,0.1720642681676832,-0.029301420085503793,-0.0390141748114599,-0.022922846246260797,-0.08459982295881566,-0.013337605359320619,0.024942983028477632,0.0871527266871485,0.07097964119177107,0.06325276536745064,0.0759113371818352,0.1260601638667154,0.010209945075298921,0.032300139323650494,0.06274691876970584,0.1270026816964524,0.08207178671152553,0.10987010246245099
THPO,,,0.042029142412797246,,,0.017776565756511695,,-0.05646720824873789,0.06194177922955657,0.02975713614619016,-0.021090808957487828,0.07272139646906636,,0.08159196544352593,,0.02491073652806387,0.03991641150894892,-0.04091423361645869,,,,0.02361438778338988,,0.017596895201144484,0.029687401673936503,
CUBN,0.012404922988575946,-0.021311293043936277,-0.02430868641975695,0.017087648495064466,0.05350278228658733,0.030631904192932963,0.06063034127705611,0.061130353933209945,0.11870059890387157,-0.04677488200973273,0.02640895436728021,-0.051299898799211506,0.09224634499544215,-0.003274970268905785,0.09560436284002692,0.13468625616871877,0.031324573815722054,0.08675914337164113,0.06861526359817892,0.17897041915830317,0.10080008759176791,0.00873674347239399,0.08137087597832646,0.13653352248461048,0.049170049878669964,
TIMP3,0.007965536448305844,-0.017824429880609536,0.03521511238359871,0.0203406399335861,-0.044037527067593264,0.04813124823310151,0.020555839428340623,0.015775944814806948,0.11851359862959238,0.028336021670311542,-0.056013611726511196,0.006070220278752473,-0.006644943335052553,-0.04053514453856785,-0.003885902812541474,0.12689836920384143,0.1185585925200116,0.04806042909644217,-0.05974899913494407,-0.014939484884024214,0.015061133438502532,-0.05725645775006183,0.022487910688598456,0.015685662084463012,0.04762347965442923,-0.05076307725104005
PIGF,0.08447913389724077,0.06266119297363913,0.023745195298330295,0.013662922839484223,0.07387743024202592,0.022529508550445627,0.0759918440704682,0.03474461400068248,0.15572328582112535,-0.0029445712432031174,-0.016215154938448682,0.017794830360464642,0.06570111809951898,0.005520004761563191,0.05539323628427573,0.010290761593235512,-0.08276439029015817,0.0661089713622122,0.18199969957331824,0.18597096127486293,0.06998730751086188,-0.03100524134727716,0.06575004846654618,0.25138406455461737,0.08238074454775123,-0.0842603872368882
CRH,,,0.03344939317194398,-0.012139326775251627,,-0.05030360974783858,0.03729545506908458,-0.04219078582145726,-0.028442341183410772,0.03958943143055758,0.0101132395253001,0.03516329339428412,,-0.01797628740601376,,,,,0.06549232173371752,-0.0016995370967761191,-0.0363775672805775,0.08790517838813557,-0.00540152431470771,0.03388350487088427,0.028081930923670066,0.13550387993174368
BDNF,,0.08081137504362532,0.002742275523612731,-0.009702267136008854,0.024052268114236868,-0.035308136717753486,-0.04219520097072436,-0.050795213076403264,-0.14315703846715205,0.05421989500740855,0.03604058136615431,0.06588867850311556,-0.015441372929615992,0.02227988720735208,0.06589213697113994,0.0924904485157841,,,0.06219289680123104,0.0686044253852617,0.09080075451084588,0.03295958452914167,0.009956953215799962,0.18048783183550227,0.0785062695878043,-0.013564305055130094
CCL5,-0.02494241652514321,0.09221007926721624,-0.017200685053647736,0.015508744325005987,,0.007191120206391004,-0.06532201590930563,0.025296558344451936,0.11223117143053533,-0.03223776256269087,-0.0220895102136726,-0.08259177535682682,0.02182238742880147,0.0039309270229496585,0.08093690858901532,0.035861393189104994,-0.06987535152999275,-0.04772350339172075,0.011322486701142173,-0.04058801755638973,-0.00965801691051283,-0.02561020064031243,-0.02393397850720025,0.18675919060925736,-0.03327002151872325,
GAD1,-0.0007752260397189552,0.08627181151176867,0.02864947184198044,0.022421421033749698,0.040827136096667126,0.07929685523561213,0.07599520430512577,-0.05596486241716268,-0.08993101960357508,0.0017550795612555998,0.005348946822226194,0.10955827942918968,-0.07468199687376267,0.0644186184322992,-0.06045626694646718,0.09805870071533226,0.05587581991984585,0.08984024056996656,0.11065518727476908,0.17248559794872323,0.08785436204492551,-0.01616393943173534,0.08021461884156718,0.0776543352813239,0.004690092749081519,-0.014236601220057652
COL14A1,-0.030164193900240194,0.009646536800579978,0.02967814933836039,0.022262679747290688,0.014061354735751335,0.06578692820052075,-0.043363202918823465,0.0574029519699591,-0.0165173967980374,0.03328270495382616,-0.020434892367847315,-0.13123409889905147,0.054965481169101625,0.009640752455513161,0.09704374536626703,-0.05944162738739814,0.016564926190329822,0.05206762651133822,0.0019871465655735094,0.06536710389806538,0.022594645573239515,-0.10455675006947372,,0.13876809507637747,0.052786327246596564,
HLA-A,0.09798488256591335,0.11711772347739145,0.005873896042481306,-0.03667842198335317,0.018388610199722603,0.03676929437882255,-0.08393636291146063,-0.03127892692800077,0.2582777351758986,0.059551970123945495,-0.014416446746114793,-0.16555426275708335,-0.09665804852550415,0.01883574313827348,0.01608577355709583,0.02528999651035151,0.09347265654126835,-0.05913050026265495,-0.08569368201918032,-0.20050782197957812,-0.008255427979561067,-0.12166548599595824,-0.0005081146232007779,-0.01938879215811555,-0.1115526200191526,0.07124317624514094
CD5L,-0.09018710301301178,,-0.037546475142741086,-0.012223704887601668,,,,,,,,-0.048623409131544754,,,,,,-0.04671823823687786,,,,,,,,
FGF18,,,-0.0019568362045050652,,-0.06672772492628931,0.04011801443179981,0.04740523625071774,-0.01807968770540279,,-0.007635815665332116,,,0.004719353431731624,,,,,,-0.0022047315344323345,0.0724055905063257,,0.0028276327915765114,,0.001423858089889712,-0.010941048274044872,
ADM,0.09208256118114218,-0.16419968577594465,-0.023024171838653046,-0.026823585166069662,-0.017015471596174794,0.10069462420470231,-0.04972761478583406,0.06267485579912761,0.1994735949075667,0.06039734363869323,0.011372430971730506,0.019594805253671438,-0.01396250235496846,0.025852330905829814,0.11174809433241092,-0.024379631354271656,0.05402711801390688,0.13733364520933755,-0.12719584629794756,-0.15011813038151556,0.0551744023144196,-0.12091325008419267,0.008948332957813342,-0.01674457979018426,0.04881650277156424,0.04093830963142759
CCL15,,,0.012934298771857384,,,,,,,,-0.0333376469232591,,,,-0.04863654360854335,,,,,,,,,-0.013314328201319411,,
GNAI2,-0.006748854044848928,0.09674619480921648,-0.0035287261127176987,-0.04209167990317714,0.020313106546083353,-0.05500370072231356,-0.018288532502147233,0.011550190540321973,0.18349332052621228,0.04350385966893462,-0.026482536315525856,-0.11451175264458556,-0.05832712758580825,-0.013954923575566162,-0.0195420729373486,0.07749486715212872,0.016317241645868147,0.09843957722847008,-0.07996282293003563,-0.026718923307635974,-0.02596863552672355,-0.05761115783812848,0.06000123124905941,0.054861004733733926,0.029132216554719627,0.014851211098338429
HDC,,,,,,,,,0.09547637182029853,,-0.014589861026453871,,,,,,0.02168464830105599,,,,,,,0.16678414864507446,0.04807797791935209,
COL11A1,-0.025017424521239548,,-0.01656176296164704,0.05450748030831745,-0.05445336625268232,0.00504749387853616,0.12590973285721843,0.11254353376001076,-0.0077823265497617795,0.0732122360325526,-0.025567376799042394,-0.05389869884871497,-0.05278688051250468,0.039936462097447854,-0.009097905530269634,0.08890798951384554,,0.07068822118429346,0.02537193879437329,0.09689241504023885,-0.002418441962597021,-0.05796863163744303,,0.07352851180803292,0.13599176276992594,-0.07436217330212565
NUCB2,0.04330424901779549,0.12601554503003956,0.011843785098190856,-0.03049845355247391,0.04327757627074545,-0.04220983652233638,-0.048484748998659365,0.10725794480482226,0.07032877212129675,0.04851651318862092,0.029910940926898593,0.011210575678348867,0.04739945337397932,0.02139261706389931,0.039903257542048216,-0.01816263943197089,0.06924700893310048,0.0249292638683005,8.939113085627038e-05,-0.13296553798025337,-0.016565771185735233,-0.016558770830759278,0.04889141653187056,0.09419662112765519,-0.09845717658249288,-0.01462992929724591
FGF16,,,,,,,,,,,,,,,,,,,,,,,,,-0.022141740028858624,
CXCL1,,0.041844064673353616,0.013967919566186838,0.03593142636918361,0.05353038890930763,0.060476086867304886,-0.04509449932884866,,0.04384677595989471,-0.03225508465966235,0.012378782981787441,-0.015113410129446215,0.04048849898765636,-0.050146246710708435,0.006037626230456175,0.01810533076448913,0.05394669691035607,,-0.0035849855628267866,0.012107011638962231,-0.016754838524059304,-0.06105361620225917,0.008663645202260905,0.018327834576641142,0.00822002128835111,-0.058345061955323504
VCAN,0.16849576367185948,0.07517103070303295,-0.01801270757660681,0.03600619593682494,0.0497769409421387,-0.04765429869208301,0.029162206931486984,0.07748905442214832,0.17645539597820423,0.006637433365030971,0.03345569261231174,-0.08847561798997312,0.07855958184536743,-0.011812709876479947,-0.05224278824780885,0.0799984359766548,-0.056670323736821446,-0.03360249142597445,0.047395395245131755,0.018795899326036022,-0.06894535054767657,-0.020943702801765073,0.0030810095457931407,-0.07137564695715928,-0.014024905208279523,0.002546204584955305
MMP7,,-0.07369874897462932,0.0030424131981882656,,,0.01580158618959764,,-0.017660773874293052,0.0028295214669259282,0.027495058114514626,-0.017916229239949493,-0.01580921405635247,-0.036001429408416795,-0.03691806897708381,0.04521265291612604,0.05590454668612313,,,0.030689989619318916,-0.023713659511568,,0.038700134841477586,,0.027158697476916058,-0.15854449303635854,
PTPN6,-0.007389226968681261,-0.008149166040032163,-0.03656630857422287,0.0014242844437079715,0.047295388469315705,-0.031500912749700294,0.0021879096713708595,0.12191866049169303,0.1533640867618462,0.003703885643382993,0.03753226311556948,-0.09716224118694829,-0.013802091347068161,0.027131932788893223,0.09706535564147827,0.04847340032256853,0.12390729272486464,-0.020901362277587435,0.10684282004407651,0.11527068107032862,0.0076240176934398865,0.024418191052840477,-0.04570907023507572,0.16123006047778357,0.019515339709156858,-0.08439913664936065
PTGS2,0.08369487424069695,-0.017617616713636198,0.059677179386103014,0.07032956495020051,-0.042416433924807075,0.1078544261895881,-0.05230979459501182,-0.013186032305937992,-0.09286910603053987,0.04678218483722384,-0.05116393463723855,-0.012716030084632802,-0.05567229634137128,-0.027914451309827185,0.04416538704965319,-0.03053729288173952,0.07331145408035634,0.0230392431968321,-0.03039893559838143,-0.10059374270172694,-0.06585792480091321,0.01563563537961095,-0.025855957183355753,0.05421276356169357,-0.029223972828131536,-0.05592976474331151
XCL1,-0.01764866106440991,,-0.007753979467477166,,,0.004970615945405066,0.008363598898624612,,,0.01939480575196455,,-0.02235626144001946,0.02591774459742551,,,,,,,,,,,,0.0037742377347100425,
CD58,0.05463307929585879,0.12014524587986794,0.01520223603727107,0.010052624207322655,0.03289319754599278,0.026468486006018442,-0.03368399406901346,0.027181410155110827,0.21478029410895685,0.04325386820109525,-0.01545673917644164,0.06380056095137782,0.05325075755422884,-0.037559212533143094,0.015273251838651485,0.17662211938136985,0.0879025339070255,0.11408850442880612,0.062153198654394996,0.13307698217863292,0.0002772240689792585,0.017918885979644087,0.04112433983451349,0.1461926213050985,0.059652850119644024,0.013275786470645375
TNFSF14,-0.005788883716922442,0.016045473916161488,-0.009982174576466055,-0.02654184839820041,-0.005880525876559939,-0.047500830076851075,-0.012864438474789764,,0.05095136526605353,0.01686476894353493,-0.014681903020081054,-0.07025538085227671,,,-0.09121886091312251,-0.08517041184062923,,0.04929584487883738,-0.015905238599700028,-0.06704653896013661,0.04812028131619407,0.007639077753772011,0.04847620095530343,0.04829923890837813,-0.0014467785207987382,0.05336810164470112
CNTN4,,0.010913735196448665,0.043742137971600585,0.023968135330802682,-0.0221038073828908,-0.02084552009198587,0.01460848338426544,0.0236728698718627,-0.04202449317695026,-0.03099053938007204,0.021556033807973173,0.15604674300398438,,0.05105241611982157,0.03305544402231164,,,0.14494736882460266,0.09419828885920267,0.04503296258618229,0.02924719832170295,0.09495184930922905,0.061213354992108594,0.05912530009279532,-0.05069337628603806,-0.07677941700739929
NTF4,,,,,,-0.017871979159111633,,,,,,,,,,,,,,,,,,,,
INSL3,,,0.009548713155378218,,,-0.021359125748027223,,,,-0.028169809004481773,,,,,,,,,0.06094613880490639,0.06600312532339246,,0.011368074654700735,,0.0962830742447915,,
BTLA,,,,,,0.029968277967303343,0.010124784545330988,,,,0.020904292265682488,,,,,,,-0.004410197899742796,,,,,,0.07102321935835099,,
MFNG,0.018650796848414905,0.08003044410523442,0.00537268490115231,0.03413748678780983,0.029425362970135895,-0.009356627406812814,-0.019759586650937095,0.084887819048964,0.1180233133647385,-0.0022407669898583727,0.01796714190083782,-0.05431958811786494,0.004602904843010766,0.023927968819512573,0.032342727350946975,-0.05964373554627857,-0.021737219716806925,0.011830830984217208,0.12106984006995544,0.09651717916328072,0.03356986798293384,0.07448827545428048,0.012590589613481465,0.10575121604832094,0.03896605300385714,0.014285635450511952
ICAM1,-0.05363810983369447,-0.032437576144196206,0.001452417352153769,-0.04629870701595985,0.09097955197229055,0.036191704023835335,-0.08121783360038275,0.006663164262146505,0.18423725133267674,-0.04233525799193101,-0.02124397179798948,-0.09414690660283752,-0.027121155553067492,0.08672559046779402,0.10953583068696662,-0.025089733054376822,0.08859506019020866,0.012501476696170601,0.020868319772558104,-0.038651669067715944,0.0696975329991901,0.020106582343666822,-0.018553487443227698,0.16284211519344757,0.013800995513387319,0.049937554594686566
PROS1,-0.021224387004004405,-0.028998543688521717,0.05457296666054638,0.0596389737044611,0.012985667146760652,-0.008924893314315728,-0.06008223635374661,0.06272911795439601,0.24175353651578152,0.022173567879756308,0.011744799711240404,-0.07619411559219945,0.02400667523982842,0.05851508779653913,0.011567138154983076,-0.020493151740403052,-0.006936161130186947,0.11200049002810476,0.008679035914883513,-0.014038113057082885,0.06333749222820916,-0.056623439049530926,0.004831726800536219,0.07517796997691281,0.027239116267887505,0.08480820865368115
CLCF1,0.032608223146213346,0.008282911774472157,-0.0071089076561731985,0.08994751922992712,0.02111523135875941,0.09482083697239925,-0.10307912146378433,0.10590969715551364,0.09375953861634574,0.0348458806438233,-0.0029585725576573418,-0.12563489547780995,-0.05290109366049189,-0.0015878929461545482,0.07484652419649629,-0.037460591551271655,0.022597689517218883,0.13807864231973155,0.10294100298028977,0.10341197153369006,-0.009175316112550088,-0.017974510595924476,0.054452268978179,0.05667538226536134,0.01158950046683056,
PSAP,-0.08296826945106321,0.051324867819151035,0.0019380231521401742,-0.033629942164580394,0.0023408454721533267,-0.0143635860263372,-0.042879805579050655,-0.0793204533302777,-0.1689490391262893,-0.03563463655995606,-0.0704165762312533,-0.06763218512477845,0.13316117519681514,0.03519142106564596,-0.0028833257895534196,0.04025836610148853,0.07645752583583053,0.06420297347884228,0.051285150545417615,-0.040860204372736506,0.0005869262186600442,0.03289655477598449,-0.03951764074205573,0.11933968724747548,-0.17259462351741325,-0.0038745596962513717
EFEMP1,-0.08731724497130691,-0.10516245209903635,0.050994801944149404,0.05624375606052888,-0.04444501032520317,0.012305630149829886,-0.05701548514393912,0.06794532141663032,0.19485101025809898,-0.05345220973814374,-0.026537605535036052,-0.15528248500795222,0.027241039024018372,0.03855667728528786,-0.005637865262110945,-0.058324552106999314,0.04367828795837585,0.10026641643847745,0.05645534628087036,0.1565880830651091,-0.06432715129706834,0.019535393674963573,0.005440765833999746,0.03805832469362663,0.058486822241693735,-0.004607242477417792
C1QTNF1,0.09407466390464404,-0.07249954533362378,0.04199826119741353,0.017785935139509622,0.04566044626956781,-0.07325104008910613,-0.021829599948900463,0.014577655615530833,0.16808728428868192,0.043644488777675766,0.016664922748672747,0.022184807846561207,0.0402505370528335,0.08117823918563685,-0.06843201949410406,0.053007236517028954,0.057376537224109264,0.059696845183279806,-0.025583523976312805,-0.09378249172129825,-0.005843961551203212,0.00742855788606695,-0.07452007987025326,-0.03190208444655255,0.05591257892555595,-0.032347469119046145
ALB,-0.03396500026797932,0.10174788377593241,0.000903491371984119,0.007210711019813593,,0.01695869734631797,0.02484490446158628,0.0373073933057412,0.0463799278274846,-0.023189458568951302,-0.037241691425020276,-0.01359658777752815,-0.028417661128572035,0.06618791440118199,-0.04428569046937336,-0.11052424695935235,0.0016011364379236491,0.000936838765232753,0.054425753756557456,-0.00010315705749433326,-0.01407672331763723,0.01065156506425772,-0.010159961599135826,0.16595277180174342,0.07441313560142745,-0.051027770322144755
CCL13,,,,,,,,,,,,,0.05193010623515213,,,,,,-0.07880310963947179,,,-0.0312501718955115,,,,
EFNA3,0.052921432657303966,-0.021212928340324455,0.07808296541180339,0.04183352846995749,0.041440858419007805,0.025967912270567897,0.06973519021509876,-0.014720715926031962,-0.1170977480074335,0.015177975009271056,-0.01650634766595819,0.1031296114203128,-0.0014358657113388183,0.05688357294893077,0.04835164569498852,0.007119360455902536,-0.04843975297528635,0.1467490574978412,0.06763352142051313,0.0875161984329456,0.006886188945672054,0.03498178873561537,0.1194731147304246,0.09855040206382037,-0.013657908672503001,0.004252795309527569
DRAXIN,0.05074262487930823,0.05567469909473843,0.0010118946822988916,0.070040518292703,0.04912222915296061,0.07921639399223776,0.029942351839008466,0.09222858347093019,0.15206336648330165,0.0016484321708597337,-0.00419758629643005,-0.022307331964647476,0.07262778323336071,0.00366282834564645,0.13343908308041988,-0.038273963272724996,0.03797523254122085,0.09668270207905147,-0.03419390019753326,-0.13918979964729983,0.044102967794329644,0.023408999615885523,0.055534035404748015,0.0993791175712298,-0.04320332639789878,0.015372661881796482
RAET1L,,,0.0021114651428617674,,,,,,,,0.03973690196788888,,,,,,,,,0.10687134759991312,,-0.005463209111079224,,,,
NPTX2,0.01923549264941567,0.08229962470793314,0.07042906221489527,-0.04363477891752528,0.03413695178553547,0.02002160666919669,0.021751915518355272,-0.035364818827606434,-0.19625602576160378,-0.0038941062343505937,-0.0007406958709866064,-0.08922389978347084,0.02174588002699171,0.014126150361369312,0.10639818608304319,0.05431556026312549,,0.02805674530562396,0.09148841132779544,0.08098207263912707,-0.013362995560785657,-0.02068311272027672,-0.02072102171972654,0.05869620803552897,-0.09914115615724343,0.11590004470371151
FGF11,0.025088309725312428,-0.07374642703260609,0.04240815235747314,0.036285221304659866,0.006759465192588561,0.00844030814573776,0.04026639377984807,0.0682598414371833,0.21561505886530444,-0.010920477936738268,-0.029172107876518576,-0.00927408719518039,0.05575435172344992,0.007513782139060174,0.005671233639321303,-0.10286193757635097,0.06785691758231593,0.0647285286227504,-0.006023578959983826,0.0279276679031133,0.04436152614285358,0.04422680417256453,0.07605688620010972,0.139764758549198,0.04751720685664814,0.037308497897927506
CD59,-0.06086247779159273,0.07087298236990511,0.01043700694520962,-0.009288169059615475,0.023687827399120565,-0.08914496119203583,-0.07252088897887161,-0.027279450242626353,-0.08241967421141069,-0.06381174636128638,0.012447843102675304,-0.09720799204918218,-0.04484419920573555,0.04828540545377448,0.07141302952149804,0.08402073478161773,-0.020065935806313384,0.023886694890810533,0.07097863385870123,-0.0040993075161469324,0.029182967537617125,-0.047936356172607754,-0.0933311237283673,-0.051867649198957866,0.01595102464329505,-0.03792868715920362
COL9A2,-0.029683280047361628,0.07569920927160632,-0.006592454145091427,-0.03641355817347739,0.044882902456388145,0.009507418165575978,0.02278775896958361,0.07939863247927594,0.04820370825169004,-0.0003651958810475735,0.03807854690752509,0.006851027964361721,-0.008462260481951627,0.029787610203681262,0.03902541396614091,0.05644149264361066,0.016888799897589322,-0.012155383127910854,0.12953004787845876,0.21358678711625953,0.01998737248354171,0.08867106701046301,-0.03400408817984443,0.19473037018261824,0.06305347372243965,0.07427325041862405
DLL3,-0.06864068958678161,0.14159881398940422,-0.00835786584943832,0.02651221143455234,0.04523887922967024,-0.04299103863416069,0.06668250040952357,0.07694266775640245,0.12073971952890503,-0.06498042379355298,0.008442052251826752,0.10868508885915273,-0.07648034204909324,-0.017998265403979117,-0.06450107928997115,-0.029704263172552554,-0.019893818803148368,0.00473171576994985,0.11430500989543677,0.2360823478665157,0.018193047719119497,0.06210957359336776,0.13004002585935862,0.1537159182759383,0.047461396536788825,0.10872393086301889
FGF5,,,,,,,,,0.056267408739124225,,,0.046592549508042154,0.06952050715070104,,,,,,,,,,,0.0637000357355515,0.0801488779042218,
LIN7C,-0.027156970511020537,-0.026293650814832405,0.023442572478535376,0.07659899156519658,0.02458757149871374,0.011127611459958336,0.026623295847556006,0.009964619596477573,0.09908587798014147,0.006832151239680303,-0.035759541972797106,0.053444183629036864,0.06416399053188998,0.07267531401301244,0.009967869725542323,0.0706096982703584,0.09093892690026718,0.11214952887196235,0.02146102739101996,0.039787568430047035,0.003011493402863004,-0.011824825585926154,-0.03217291667759037,0.127666000289889,0.07609232561081979,0.12533207939158583
GDF7,-0.0072962196353184095,0.026995026318425316,-0.016948331818581432,0.020980569061732762,,0.004610998313508362,,0.06393550312470857,0.046856502309636804,0.004847225475545119,0.021149821802787672,0.03764392057049328,,,,,,0.030389705329409808,,0.03646014839364287,0.06342255699041445,-0.008304491349909066,,0.09677814733181477,-0.04646501175423226,
PSPN,0.02281059117909216,0.04015076622338812,0.0036682977522425114,0.03671448669464641,-0.027778034108660424,0.07045938174308351,-0.010681024387072949,0.11444330079545839,0.007291085885268883,0.052494918762816846,0.005167397535977397,-0.00748359742470405,-0.015284626812423834,0.013521242229073136,0.17813902711303972,0.029901987190381462,-0.09322577669361139,0.10705556106421125,-0.07925205894685775,0.12135913270590012,0.0023158213100333554,0.007940292049472168,0.05664276414444094,0.16276631025636312,0.06714527986757779,-0.03436821798151491
ANGPT1,0.07148007105130319,-0.031746171231826825,-0.01260449968196625,0.025721856448082767,-0.06325478968388021,0.011817788666217037,0.003501151188285086,0.014865056932562955,0.18167723768307179,-0.02431636270075895,0.007177604945313005,-0.0105217578752724,-0.01604000512191568,-0.012848436894934815,0.0661766670791874,0.12559672646906134,0.035448878156147966,0.030632918600264628,0.0794153531788208,0.1410456656139891,0.026961210806915863,0.003683563582342707,-0.0007287526521267312,0.16542698945040543,0.0034730397209623972,0.005372548722051893
PNOC,0.07303217099787754,0.0647994440430427,0.03783055122050822,0.011659993244628653,0.038960118725751725,-0.03616271611977869,0.02199567420749539,-0.007087132982599817,-0.10986014034389634,-0.055407933789630576,0.018696233470750674,0.10922590632833651,0.06151111091579044,0.009730460900972581,,,,,,-0.009694718512846836,,-0.007062419848233809,-0.06955188277079703,0.031171181674274302,-0.007752547957492696,-0.09288432471407414
L1CAM,0.06694427923316008,0.07951269557922426,-0.003504789439359383,0.03796053507055052,-0.04198653333695489,0.007783890669031815,-0.004526968847382711,-0.018666083025008596,-0.11387789222980776,0.0010458236183517136,-0.010491052096220503,0.04642353756020193,0.10991113448037447,0.03931803647377879,-0.013690360955946982,-0.06583919032485966,-0.019206697082753122,0.023563438399961643,-0.022535971678956882,-0.11653690218345666,-0.012697228691217099,0.05070861527410128,-0.023154867386263007,0.03521344438264507,-0.09731898940241311,-0.008981322197945259
APOA1,0.020439618429845992,0.06400920184708422,-0.004480072432488116,0.02299688089093317,0.03927525782310201,-0.05187504782322082,0.04574519946069919,0.08141085036772217,0.047382948425849156,-0.008161788990472022,0.061875946346548784,-0.09522285180999017,0.06369154186045498,-0.010742081403865856,0.02718276885901059,0.06801322375860859,-0.04092245250806132,-0.0540136318411753,0.06540154890345352,0.10307761970673314,0.026279747969250342,0.058567966272849,,0.14734245129840043,0.07498749735074531,-0.029714684184938504
PSEN1,-0.08290144230183238,0.009407425739319202,0.034148266211302125,0.02279482599637207,0.014909368356591965,0.010314806229428115,0.05875685206712124,-0.06920472816975629,-0.03788658377979448,-0.011563193482637653,0.020094786773026382,-0.08954329802365357,0.03270029690212384,-0.009528439857158634,0.10064757516697723,0.041713386041747194,0.11737987164677083,-0.11380371100647453,-0.030979298467678346,0.07283861850362856,-0.010128918858677453,0.0039187984083765585,0.07868525252369263,0.03893169103649271,0.0569262102987622,0.048536006430443174
CALM2,-0.046503517971165066,0.02744295313692212,0.035516596561974714,-0.02715890392605525,-0.015740308878956236,-0.06930901919325831,0.03545147412012521,-0.06398374649913381,-0.26861290074978394,-0.042309652065778816,0.04647267208069174,0.2079860042055283,-0.010190758723608709,0.02159505361171698,0.025595780307067686,0.018230877580137472,0.05593585235744698,-0.12810618907902863,0.19447204240962454,0.21688973147028928,-0.0532444032112059,0.09345815158689083,-0.03373814999210143,0.10895244093115518,0.09304853242405393,0.06592848606148778
CLEC2B,-0.024310572779206382,-0.07707475342248604,0.008358767295262009,0.03554233889055681,-0.02029446637889932,0.0036309420844386742,-0.04437021291250715,-0.012297430626988301,0.1974193774904312,-0.012345241777167464,-0.030078454398847026,-0.04490721380546386,0.0007322994553246863,-0.03176022286550496,0.06359598401816881,0.025774933543623875,-0.0507789415072486,-0.0076767504954423195,0.0977921144271543,-0.058134550417941334,0.03235334026192726,-0.06077619562551411,0.05621601140693061,0.2311550091419233,-0.03796668995892043,0.092845886315475
NTNG1,0.13075264341201173,0.029966089129221024,0.017265035843739753,-0.05362763266939458,,0.017000456846092134,0.04454909654623259,0.03116024922988374,0.013475267607473407,-0.017408137029854987,0.0024074457303280648,0.03704032640779559,-0.04572624624782618,-0.00412631153472614,-0.06251673941183751,-0.06099477279747719,-0.02048226527888957,-0.013495223710955889,0.10860005699385632,0.19004913673817503,0.030298385622725483,-0.02608291536302701,-0.025784628703520322,0.18097350740788473,-0.007549441966610352,-0.020460900503489608
LRIG1,0.03704929489174502,0.07959332999693373,0.020943173913176797,0.05030863703030812,0.01346136526439398,-0.07378537083130787,0.11374266589495506,-0.03531315833835305,0.17784288892618128,0.014597153791903145,0.02011713769233699,-0.09812721216227596,0.10189928179035611,-0.003255144087106704,-0.043607982240234315,0.08318380309414304,-0.02511326587541006,0.16029640946244353,0.13570374013719153,0.17970541605271392,0.004638735725167486,0.013475980407464339,0.013758854057923592,0.05503977480247181,0.0646262117213372,0.005255969030264983
CPAMD8,0.025709920203776077,,-0.06326678433374432,,,-0.0035856798642058285,0.06165694252030081,0.019624795569507966,0.024233462326410014,0.0651053779325464,-0.0057806168234768,0.060451855836404646,,-0.007119809390126864,0.057432650543050905,,-0.10279575890868356,0.10446937289444716,,0.050315064014168555,0.03326596510088569,,0.009353709017586507,0.04564085245290677,-0.006487000445881307,-0.03655047943156088
GHRL,0.04879274620714726,,-0.04224199592886374,0.0038902865342805067,,-0.03759553699884467,0.08079231588433244,0.04974561218265845,0.05353815141821497,0.024388739570026345,0.05026414635877733,-0.04391790981420692,,0.033927555303309986,0.02704094174896679,0.011562053954060262,-0.061663917886436666,0.024558001098002782,,,0.015331188826197021,-0.022351341158083942,,0.02171813043686679,-0.05226015502774402,
NPY,-0.004480486806220242,0.072932106055248,0.02054573593286141,0.037789771053751205,0.051327186538047236,-0.0057347473638288465,0.06003184446030813,-0.01566818312410929,-0.07230690660358431,-0.03627845995432651,-0.03452608919382783,-0.01816363224593804,,0.01510346308245737,-0.026397723539323133,0.022726776734967053,,-0.14214951553031677,-0.001793178362719078,0.03270387696320479,0.0410501437631081,0.016509835265958357,0.026856872438731437,-0.005593119090479688,-0.0035382491923888117,-0.06843198385686693
MMP2,0.033296835173719265,0.11184765277470396,-0.045835027482967874,-0.03418915655190652,0.11224406257601492,-0.06069047533748379,-0.002714887336622795,0.04425875807992755,0.2291749327867887,-0.019255925589857475,0.023487097301940676,-0.0951226520373181,0.08805555494201957,-0.002872701857235595,0.10892714395790602,0.10307074577283394,0.04653396801509583,-0.01226920294693838,0.12292926727558642,0.07492277312902526,0.027268189752464318,0.0542790280879375,0.05845514376228852,0.0033197260993236425,0.09602029923825967,-0.04684800558633592
LHB,,,,,,-0.011538634721358743,,,,,,,,,,,,,,,,,,,,
PPY,,,-0.027336006895372626,,,0.04295894222756371,,,,0.004270434817202544,,,0.07079443062899607,,,,,,0.05488427612835938,0.0597225828712005,,0.02779104299031016,,0.04612166878389073,0.08069493645067402,
ALKAL2,-0.020653114157056916,0.04891669904060359,0.0031052291141815246,-0.008982515863679513,,0.0249635067104175,,0.06140433937898707,0.039906982279845495,0.01181211139391065,-0.022017233134800876,-0.08751305731330772,0.059366284396714215,0.07003641109696727,0.0357544395434897,0.04948135593885958,,-0.014480367012549997,0.03509986570174452,0.06752816703222728,0.03897382752220235,0.028882517520889772,,-0.008952637055971196,0.07813768635462731,-0.062481223189460276
CSF1,0.0711050685911745,-0.044802338066072304,0.08669574061398219,0.000861674906885654,0.018137560078871278,-0.016446622856651667,0.00106840974045671,0.0630943802549466,0.17228319865221636,0.008946460378736846,-0.00477694578289047,-0.0703072909584921,0.02259341427653529,0.03807949145897454,0.08391129617751955,-0.038266789458722576,0.11030234564150997,0.008881896513793168,0.07273892369627818,-0.014489138912775888,0.043017362350501624,-0.026976960250536627,0.10322623075675195,0.12167556641881684,0.06307729846653864,0.15110753368335156
SEMA4C,-0.01857987386950488,0.01161123647544454,0.011856428457692126,0.01300883987079792,0.012709720202680274,0.0017927539488626007,0.01400175716763745,0.0699194656251985,0.06039638312130038,0.07448735526965314,-0.06998105911189047,0.02620871797569116,0.10207397839284596,0.012141719085796743,0.09607962298011945,-0.0876066777113076,0.05015783662384831,0.11305357187773553,0.03580956034017489,0.10563650231330542,0.09333432254294878,-0.003980836971860503,-0.0367447549732207,0.13062127763458198,0.031117264282767565,0.1331187794682484
BMP8A,,,,,,,,,,,,,,,,,,,,,,,,0.04282934734664452,,
ICAM2,0.055551358276727233,0.06880784066794504,0.004239107663633942,-0.018696690648822747,-0.007603110598121115,0.005416799829569093,-0.004980216615506326,0.020660897833084026,0.14859610212390653,-0.019325657110454173,-0.040058238503116114,0.005801958148537052,0.012994975896496966,-0.004771789724604434,0.12002841734284973,0.05829854198249101,0.043407146349865505,0.02273450277550397,0.08401668209875483,0.14746289238702504,0.03230606984262356,0.030196906256998796,0.0575349626891049,0.13772207063005062,0.021091033418677983,0.1407186601746015
SYTL3,-0.0008115332754707399,0.0460067571021811,0.009852426335344422,0.049704374786368334,0.07660046849841677,0.019770322593451246,-0.05323346766719264,0.043375559498047445,0.14511413747814964,0.053961574819191546,0.005605953421477107,-0.04117404985360241,-0.033056037377480765,-0.002131232489323978,0.06313188262340638,0.004849967211581344,-0.021939724270584708,0.05546190946520576,-0.026878455602648718,0.08752612245526414,0.0740799906983679,-0.01339853508035915,0.01497932325464068,0.13056712008687213,-0.010531471651898132,
IL1A,-0.010436673271060272,0.04163306733496336,-0.005156427737767696,0.020281870275181274,0.019369659440349914,0.0038632092806619124,0.018035240894958917,-0.03749528345556628,0.11919024347649537,0.004266417487092174,-0.025739290448903003,-0.02761860589282182,,-0.0007915246271833241,0.005384596893803705,0.06776054698378135,0.05154350152767064,0.09220954460386724,0.03149297430947296,0.03942436243943398,0.026777652844310582,0.004800905259539947,-0.05352447776047839,0.09799522159661889,0.04396129944790666,0.22317313658455962
HLA-G,,-0.013730879900949459,0.009111300876749778,,,0.06297460423550943,,-0.031530407896951634,,,,,,,,-0.02470345466015665,-0.02238966437317718,,0.07184121803624773,0.13812312640714972,,0.0003643489199672362,,,,
PGF,0.05638110110023493,0.0020546097587862437,0.03467270710910181,0.009614195454579704,0.0771320346696832,-0.019146335765025793,-0.003116038824326512,0.09387421662511425,0.22839340668440464,0.024225400868372944,0.001391663602003367,-0.02688167672324788,-0.029476341992183193,0.0013603786810510604,0.13115259873866256,0.07861350208420617,0.09152789208946333,0.02395123927562194,0.15863693682314925,0.15521881014426847,-0.016037269065789454,-0.0023810846316558412,0.06732342101340773,0.14928975054499413,0.03408231185172219,-0.04096491770054191
LGALS8,-0.008065221107622204,-0.0013502534924615705,-0.001091917335664843,-0.051016898731802665,0.014302195911616387,0.05971775111543139,-0.00544311492239026,0.01922329433907883,0.04130144056327114,0.03990221954734506,0.010045870975256286,0.12264420101014147,0.018444154586622793,0.03859505567070459,-0.029425496879777878,0.044686447044969414,-0.004075361465927838,0.0788568015564373,0.05821738789030166,0.04051668806987976,-0.02775846948963704,0.00731177724871608,-0.03853203242593808,0.11377668544057239,-0.050446173086574925,-0.030776884696282737
DKK3,0.06774094456536628,0.08537373886853088,0.06710419667317624,-0.11617134431737441,-0.008258685330983857,-0.03176828668574274,0.058549376143592013,-0.08187810179416748,-0.16217098172977384,0.029435262106047844,0.02040070090375521,0.17675773318098295,-0.06648871280810616,-0.0009421120659208699,-0.00045425271715582755,-0.014865115994462233,-0.021127512698250233,-0.01759180729586133,0.09068749806689377,0.08849327432455972,-0.002948421631100762,-0.004599486700100098,-0.03903003409377094,0.13306614880205828,-0.053813632978195684,-0.05669517475696713
COL16A1,0.10416871626145524,0.08564803641404088,0.010679086510229772,-0.018858491050942144,0.06943492595632651,-0.05486136069991669,0.09665184328435904,0.026123989821412393,0.03166650461542239,0.03345533715792652,0.03203084040158594,0.038850209449008806,0.03560599907698364,0.018267833113361196,0.14409992309835645,0.15216846123923775,-0.04905231120126737,0.06428371245514371,0.04224446134879077,0.18124912773911833,0.06700110368794557,0.03808742789289284,0.11530956796510028,0.15910517966433305,0.13023949735675205,0.03027483655747913
TPH1,-0.02066314994884542,-0.01689882216139149,-0.0011254082371645526,,0.050394073963366905,0.03999156680432907,0.045460346469092305,0.014519204530948005,0.05517238918294811,0.05759993574376004,,,,0.05889312198401719,,0.05374108354712143,-0.00427505023316271,,0.06900679012822397,0.033729995716364904,0.01964935159515157,-0.015415507471216222,,0.06502540842825057,0.10568981986730702,0.0145750545032212
TNC,0.06512273065467596,-0.05214503565627354,0.06110725945327911,0.0016925524344275293,-0.03841191008912401,0.055982114115884045,-0.10724322167680418,0.05785303372817831,0.28159124664451085,0.027700105744575966,0.034414601369099,-0.09373548531306033,0.03455149690609289,-0.005435437882788467,-0.005355386645966472,-0.09569520274786515,-0.019817249502435005,0.20150246410765066,-0.018704257084771747,-0.13991794374212577,0.05184391984543007,-0.02895574291086653,-0.024894833085928835,0.04581632980976757,-0.028374790017625693,0.037944828660042444
TNFSF9,-0.014730273132141227,0.08508235700383099,0.003251365151466108,0.01899951553967637,0.05977484615510858,0.022409447356822577,0.026949824533998617,0.12703857739772106,-0.09281614526722125,0.0466492595198246,0.013908363687017231,0.08069401532709229,0.02463259179222969,0.01692535372703512,,,0.1115313172786284,0.04530052479009438,0.014084862250518984,-0.017374162360332318,0.01138914720796645,0.021850371230516447,-0.031184230523801888,0.0593613309373365,-0.04027896140261862,-0.031526183177009275
C4A,,,,0.01699297228889944,,0.056108396281964616,,,,-0.0015257475918046502,,-0.05286781371905341,-0.03965772766693338,0.04194432060003222,,-0.0005260334460888546,,,0.03195762604122606,,0.01889138704955232,0.007729091668324013,0.04510494749739245,0.021800040667202546,,
CNTN2,-0.06308604577366195,0.058222458002343984,0.0024147329886994116,0.005861709429656637,0.04238453248678864,0.03184614911765732,4.292843374305756e-05,0.014154126852341272,-0.08413788381344417,-0.030104939584764824,-0.0006047040512505669,-0.10211796698965622,-0.050656561801858166,0.016272974497841368,-0.0657821404846147,-0.010880480311125021,-0.05608427779645325,-0.12855326674755374,0.1330859677648478,0.21144077539196507,-0.056369296316533646,0.05114093065138893,-0.025991349889290475,0.09157537355798448,-0.08779854014616754,0.1363382125785411
F7,,,0.01638529676459336,,,,,0.07213415378508298,0.00021498336357875646,,,,0.007763115768700146,,,,,,0.0136201822996006,,,-0.03296021013453363,,,-0.07710338125168159,
LUM,0.06596438893007874,0.13733576942573605,0.025155183858793867,0.06384043544808615,0.03377077116934901,-0.003025217294159237,-9.922936533968286e-05,-0.016660128346574096,0.24838804189272173,-0.004748348718521596,-0.029826649165418894,-0.06721724450027661,0.0020902062048021525,0.02022623084106341,0.10368882154066099,0.022521031020881092,-0.06788561818769688,0.0660563768957667,0.08849972329108108,0.11969403778887369,0.05643570550743573,-0.010695298021485646,-0.07016314859871677,-0.005309852966876915,0.0629809068011025,
IZUMO1,0.018591268854985736,,,,,,,,,,,,,,,,,,,,,,,,,
BTC,,,0.030180264842654188,0.01667298928913342,,-0.00819186016509341,0.05306859316641009,,,,0.008980769475697769,-0.03708639314772482,,,,,0.015387278445646631,,0.004645636927272233,0.04755935939795965,-0.032993079810768114,0.012061939995892392,,0.15105607463426193,0.06478618480649995,
APOC1,-0.13452831513886163,0.024889134356450283,-0.059209043384262014,-0.0010855568685783062,0.018603495483967454,0.014409984229721392,0.017223723201168783,0.056914094373939954,0.2648488794801539,-0.06727651416318366,-0.04051596129302185,-0.13301137767025473,-0.07716282106990031,-0.09218356076878703,0.0643743696270352,-0.08558416868455435,-0.06590298239234063,0.06716292950850154,0.17111970866292736,0.10858209239407218,0.040324551138596385,0.0416931195272435,0.056790198904657,0.15755876362488466,0.05880256215716649,-0.000974812141045129
PKM,0.00018674547068044193,-0.047079261159707016,0.05927168335601393,0.02890925783306876,-0.08048380124173792,0.039086523004543704,-0.055971463066257804,-0.02312912676997905,0.13071492714511265,0.018514754412435226,-0.013249935353529266,0.1500346756115384,-0.0508483483272723,0.022368136460172813,0.03463746231068631,-0.1486534619163964,0.04649089325987333,0.1255231466348413,-0.11066143823126165,-0.11729942286934379,0.07479186713314184,-0.04142932921660789,0.023253466448890484,0.029115456001808607,-0.01844175071548463,-0.004804619658788983
TNF,,0.030207257714687113,0.02050580189554933,0.010373352208424011,,0.024739062112590374,-0.004860655444028182,0.03268391223191333,0.008814493711195175,0.022001626496355203,-0.019589035952845883,-0.07724742071742366,-0.011203598938261693,-0.0730524120392902,0.07726029647908776,0.041856355544460405,-0.0010543567374067002,-0.02952496369361974,0.03837162447061701,-0.09272194357655959,,,,0.16912391654933276,0.004585809222497537,0.17436779872764557
GNAS,0.07949853094158348,0.07243456099667961,0.04072218998256135,-0.017410705210571534,0.001938707019129344,-0.1075763855756276,0.07862157441516708,-0.051589069421400055,-0.1217043241459132,-0.0036137309540707303,-0.004826074285501344,0.17260061686054862,0.0744699262270596,0.03382834946122203,0.08041546101921808,-0.09011369180769158,0.058348258971154365,0.028816629817958093,-0.10545890310982069,-0.018201239427436875,-0.014679799958369816,-0.02561183889600555,0.006588605124348885,-0.007719382539453574,-0.008717938295504298,-0.07919601490915458
BMP8B,-0.025203966046279065,0.12423638533640985,0.039106137483700766,0.039094046397042406,0.028484644075451423,0.03503811919374686,0.06535123945609622,0.09488620178286666,0.04984331753364997,0.04749574217897845,-0.03733137337226882,-0.049648780335588165,0.014233782864438688,-0.030471216538954415,0.10684161031673926,0.07762390663428435,0.08229399712406146,0.012083608004463902,-0.008276880661960221,0.039227415910446206,-0.04485980629728588,-0.029335097215645985,-0.03841355496559253,0.13391463383773913,0.05449760061181451,-0.011290196777477033
LIPH,,0.02772403327946961,-0.04844707524887562,,0.02332873545686118,-0.016827308796036083,,,,0.007160974165237822,,,,,,0.03755962624713363,,,0.0031242672045393846,0.04349757062516987,,-0.00044466942631993803,,0.155584339659034,0.11629072304353369,
CCL28,,-0.010901728304239544,-0.042458508389142245,,,,,-0.010891982515440216,,-0.043694433003624945,0.04469770865877602,0.015621952768724762,,-0.00046943458386031493,,0.027006226293545314,,,,,-0.08322453110579088,,,0.02333706448437783,0.014856210584162564,
PTPN11,0.038728904166816555,0.06831362876596213,0.02056651714249652,0.023991697792480088,0.03262225490665242,-0.047889629043438076,-0.009251992456406795,-0.049692022155370136,0.07534082671332043,0.04718937166449767,-0.018296140751343132,-0.04926422334123613,0.03504320992660527,0.0003114454507574275,-0.08486375377089303,-0.06899139941050897,0.035034803976054525,-0.10710779078502744,-0.0645496639239701,-0.024656665320139257,-0.032735447845825875,-0.0716868434369279,0.03360013594320641,0.04593137748911796,-0.08588740534784038,0.1809044908207802
ADAM12,0.07954546270516225,0.06151070213482328,-0.010025902729001135,0.06229574861620986,0.056610170110643725,0.0338201649107314,0.04597884653957068,0.057474092181556545,0.18964174444896964,0.03511009203034823,-0.01295391267918864,-0.03295269597453219,0.15419890902149416,0.01716656836329021,0.06083696888025069,0.0035023582050958233,0.04927100829995183,0.10262359628957866,0.015287271288796759,-0.012310409678743984,0.05987574360095803,0.0568712539445244,0.05517707599977912,0.005157036185816424,0.01965338179401699,
EPO,,-0.09759475401332184,0.014043962830845752,,,0.005462414488292212,-0.06905476507980174,,,0.030903721169676497,,,0.00701923978944594,-0.03218015286005603,,,-0.011124962919848281,0.03748777953211285,0.03477005141133316,-0.031617732536141474,,-0.021508042673272828,,0.08004203941224519,,
EDN3,0.014810881870592462,-0.014480121214282243,0.0019112986374124979,0.03389291433047881,0.001050565708371429,-0.013542247553924035,-0.006650276360247818,0.019499573044806703,0.0830267156874399,0.028418161095277738,0.02991957906855547,0.024176069921639384,,0.04556228098205433,,,,-0.07609378221269987,0.03942685677138495,0.1376450760542109,0.08337405050100341,0.014098063049662088,,-0.010421693018659306,0.036854886588667084,-0.0787342528224428
CCL22,,,,-0.05717507865860761,,,,,,0.03967249850532481,,,,,,,,,-0.0240864471574303,0.02946363631105053,-0.003035425516436634,0.002973302818990456,-0.053813405977660426,0.018016532406033677,,
CCL2,-0.0446912466424119,0.012277980026637696,0.06105223311018265,0.01703126060536165,0.049619083255045944,0.01460730199288215,-0.1060863133519272,0.014244229297659686,0.058913463480685394,-0.02108178304941955,-0.01161635105884649,-0.0603231526545792,-0.08787943599805798,0.08639122091999826,-0.06896106107014177,0.0641897560721458,0.052854624697394485,0.09245584318920332,0.020512574291449728,-0.03335746020861883,-0.017913475210506426,0.026702996619073337,0.04302121786735867,-0.0014364856900511357,0.010362688660369705,0.059634854672421946
DSCAM,-0.0144047022229553,-0.03365426932806096,-0.005032288794855313,0.001919268234936934,0.02601237833569666,0.0058395068099015715,0.06864557716900366,0.04100085923092416,0.08303611513614619,0.021915428769542084,-0.015559855550644413,0.04052328977635332,-0.012694017461909027,-0.02167865085090292,0.015583712955707705,-0.007234677929110506,0.0949539685113848,0.1534104846375102,0.07435607050442752,0.14099155355238444,0.07053477104190563,0.055896629002023766,0.05367860695866429,0.05129229184101957,0.07403874651659265,-0.02164792844035443
GPHA2,,,-0.027663130823067036,,,,,,,,,,,,,,,,,,,,,,,
ANG,-0.005162721960477877,-0.09627162359236811,0.0337772613280152,0.0806868371427016,-0.029859114076587076,0.09068177585432863,0.004312004374307846,0.016300428205916977,0.12843415260265917,0.012743522443967405,0.05547083448188639,-0.07356025944678252,0.017695906554414748,0.06227001463163309,0.02782081258135906,-0.0021004980942351467,-0.05147668215507721,0.08689753489522392,-0.016248779065693088,0.018373815628119072,0.03420970603453434,-0.03527703037231928,-0.0049584332345861655,0.12052880359039014,0.013278604706229784,
FBLN2,-0.009056672266427635,0.024126434633522008,0.025155098761527873,-0.05814357763170544,0.029194386283615113,-0.031691159229083006,0.01834355854263942,-0.034542865543022334,0.10323742486038587,-0.002522512860799326,0.0169443528117558,-0.07403086597165577,0.08819264107075214,0.020402422915034874,0.029313942119777735,0.0998600248789235,,-0.02771716071962011,0.09250997558365207,0.11821185531390524,0.07604640325402229,0.03967839142207591,-0.006043552721638962,0.10467698528620625,0.06386558644085306,-0.057805281410346264
VTN,,0.0010907785991881474,0.03164911965458186,,0.02757594961295632,0.056678040018067005,0.02432041215507942,0.007478722003911874,0.007403396853211828,0.015206411345901198,0.014458515436734133,,,-0.043578449425512714,0.016055057584915197,0.009259442987650118,0.04650944863322701,,0.01971312106036147,-0.020060521156283508,,-0.008436251391643336,,0.012289317716427025,0.02155965757190059,
VEGFA,0.012447568661661204,-0.18614304367005718,0.009205219182490551,-0.008087648649309552,-0.08886448625889534,0.06613436268999544,-0.05231435320599353,0.08357415772518571,0.1592136376594685,0.04874891416329803,-0.0031836269625197685,0.028638890417725847,0.0004151485314557424,0.015956114072418034,0.0011860972639393006,-0.10227601374848079,0.04844096436359487,0.18436447067655581,-0.1940736472938152,-0.2501644824392616,0.015573303846598002,-0.0858530025050765,0.1094633198629968,-0.20742722702652475,0.009467997363601412,-0.017359742266414672
F10,,,,0.08279653586015903,,,-0.004964986794058107,0.008605971059757246,0.03717113787712177,0.0030894166557626575,0.017261928853135055,0.022555129733109507,0.020485033299884974,,-0.016192797529217505,,-0.038630849829774494,,,-0.0019825337448571116,-0.005891978539607854,0.04226233653722368,-0.05027419197100661,0.009463476950195343,0.019521675200882434,
SERPINA1,-0.015973258019079086,0.06938343201310285,0.033202962818489244,0.002296129697329979,0.03595594713123756,-0.049158843215350814,-0.1195767421554141,0.049351261852761306,0.18987897880108606,-0.007127296764658468,0.0010274055688444513,-0.15359369507067266,0.006686996951552091,0.0641862705028403,-0.00651628761270195,-0.03874740959007182,0.11743703963155916,0.014648034595485996,0.0003110905971134804,-0.07461649375597203,0.022706038955737355,-0.08292137788188712,0.024103531706327265,0.098138718550297,-0.03017398943441333,-0.10418440410684217
VWF,0.05372158078870703,0.1729070794108596,0.00931952108140978,0.007288850211032935,0.032062951612461095,-0.07122842783113228,0.050974992897558816,-0.04324599177969562,0.2134657753399962,-0.022996640960105775,0.009398866130455071,-0.0133631383029529,-0.016012836109232913,0.025430829551001476,0.12730647519803465,0.07380948732558176,0.006058993413171921,0.05409329305289104,0.13308494455198927,0.12873366091756772,0.015219082491967352,0.00781020669561467,-0.02930652515742545,-0.03136843655802235,-0.013108041686125171,0.05316111606196663
GDNF,,,-0.008867610333764209,,-0.06429195624014875,0.023928453331606973,,0.047220410388342085,,,,,-0.016376148185425835,0.02438440061348239,,,-0.0030698753703566443,-0.008663790210385124,0.04766341835714377,0.043393040120602105,,-0.01672184671139152,,,,0.07835741048608678
VASP,0.0550082890139032,-0.04584051398317663,0.05576319598926524,-0.016556472291755667,-0.007656035077090877,-0.007440003395322368,-0.009623955635405263,0.07745245777664352,0.1430516566218088,0.010115404814842886,-0.015702320376743555,0.04047797666592918,-0.009983458807147148,-0.026113660980477956,0.10798589918489608,0.0262660353808235,0.05097328415419445,0.0699750602052597,0.02387328970654661,0.11615886840003763,0.05581036535317905,-0.08484813955969941,-0.06077438156143465,0.10285577954363945,-0.032023198912210456,0.04251902599385334
ADAM15,0.008883333472811977,0.0342493445472347,0.008315038627104738,0.02368022756481176,0.029962534292728722,0.07281457339877036,-0.007658432470363532,0.03726378255066401,0.08537434621696874,0.03512330652079478,-0.025918771460386826,-0.041699466879690006,-0.006750426155568041,-0.031198581331447133,0.05185923193857448,0.11586345162177475,0.0419192208949115,-0.02269607778892895,-0.0021344594485562226,0.02240825178463664,0.03458664974637028,0.028613605941379943,-0.031095345109602206,0.08528547987288296,0.08306193019308858,0.0860439164952418
WNT2,,0.03842383186185183,-0.02781517530310666,,-0.006523869270994724,,0.001077318414507714,0.014550636583398762,-0.08302778298705442,,0.0022726360628721734,-0.012572796666134482,,0.0029752853626273555,,-0.03550190343503929,,,0.023532984654392356,0.028427033451983188,,0.048419038378512864,,0.07005934017976623,0.04320818005875982,
CALCB,,0.002850627084009448,,-0.0011704782482313259,0.01647623908619353,,0.031966063323727464,0.04021296099555828,-0.03956173638089909,,,0.020925373646717697,,,,,,,0.00805159163562921,0.04826673484216181,,-0.012752320129972015,,,-0.024406690252385538,
OLFM2,-0.05739629812585557,0.05831449976555233,0.055611718988573186,0.00027634910473049,0.1102795528390746,-0.09215153728741367,0.03141388928993312,-0.01003186071054177,-0.040856711294068176,-0.06071597614201158,-0.037835012977163185,0.07322014623772626,0.004325088951701736,0.06584664146478043,-0.04798817138228679,-0.011084499938118442,0.05266632591579129,0.14893988613089312,0.06053008732911128,0.06441125019161006,0.03589338294353261,0.008187035828035419,0.07107385857192813,0.13928377420585927,0.11995445822566993,-0.06329819922285337
MFAP2,0.1527647613861815,0.060027481556170874,0.020161559299379028,0.033063337948374925,,0.019836845531632227,0.05882835163509761,0.0804810293508494,0.1796268900266608,-0.003353101627339698,0.004754173013566826,0.030339412217173126,0.09843774471693423,0.028972441302078995,0.14849818204280144,0.07415937422260739,0.057235476011023564,-0.00020578192794610243,0.027620946542413514,0.1738689647847375,0.01794743673590948,0.03873359070062987,,0.12165721157410322,0.10847605654992461,
HLA-C,0.08205527569346087,0.08034558509982555,0.0024528649896434157,-0.10021416275217708,0.028968510635938517,-0.013308988031872044,-0.011948904611369507,-0.007512507458951677,0.26595624481335906,-0.03210479676523843,-0.042914805670239,-0.138176663803079,-0.06471537694948017,0.04221953247699191,-0.023811627500702606,0.050776217928656504,0.03496742491134758,-0.13833441711851174,0.050860594011050614,-0.05059712244863073,-0.043519528972091964,-0.021988499381532824,0.08308946802582998,0.14613072895145834,-0.12949651746424035,0.04454324827629171
THBS1,-0.03559932276365436,0.07253686040603481,0.01974550916758402,0.025464410584916126,0.008013324528140478,-0.0033392325512709843,-0.09404487549366652,0.06581161779114002,0.09899961181767762,0.0033197397878579147,0.004045923821668425,-0.12344588971149312,-0.0037728748691004035,0.034122915403253164,0.054452920670903474,-0.035965157483403586,0.11516851913503298,-0.012036224030869248,-0.06715819472284398,-0.006124073810559919,0.001953741422921064,-0.03918031299759263,0.04223025435879025,-0.09550308208150322,-0.011424155471940629,-0.06349263006157778
HSPA4,-0.02314027177203743,0.06986407746156938,-0.007686811640829251,0.027714186352155848,0.045850373789914696,0.05167067835288031,-0.039585514528290434,0.02527693618812675,0.034092934206377254,0.002139776315755128,-0.00030232991972817263,0.04793997182902717,0.025087944296016712,0.007846630039197073,0.043187936892009345,-0.036548387700350946,-0.02784607942502269,0.09264593245927537,0.08637857789213127,0.020203130410188282,-0.01931723896474988,0.02665228682544681,0.013956280865487012,-0.0017930911226065353,-0.07383044846491846,-0.01377628485990865
LMAN1,0.02822976673223877,-0.013988837327995964,-0.002588510349832224,-0.006925361273571662,-0.05651767593334046,0.027885729733930376,-0.04684262367190785,-0.00888889153778051,0.16671794791393865,-0.036293706593024506,-0.032270357009796094,0.079917462882172,0.0549298258174048,0.04920999751967249,-0.03094697116099018,-0.13811791503124568,0.012365607616736177,0.11954911306674817,-0.04237509793380344,-0.11850003492829513,-0.07433839792901363,0.026215969371167224,-0.022821605794646264,-0.02087857100226693,-0.11557150005699053,-0.05070783764549688
LYPD3,,,-0.02597864498539025,-0.024766363739833028,0.014136034766163593,-0.028153445217660875,-0.005435297861915392,0.03006802341777716,0.027118026857538845,-0.011251180128074065,-0.0012645512802757892,0.049951367401437095,0.013273631946994154,,0.07381548933069133,-0.0009647104061445935,0.03697046034823482,0.008372974527581229,0.10535168200673198,0.06806946644765237,,-0.016249097965726576,,-0.007239244286691226,0.05682355952777024,
APOE,-0.06806835241609,0.019532131816797367,-0.059133398189306734,-0.05999784448831576,-0.001788880907206582,-0.045310259332849136,0.010580216090861566,-0.068450681555499,0.06988784454438654,-0.044618610635101315,-0.06839137615786044,-0.18410379022903653,-0.05453422324671633,-0.024286100171364868,-0.1038684319465514,-0.012359761083068861,-0.05986475077692736,0.11587169608937573,0.021295270939490317,-0.003757601556075344,0.054496671172883114,-0.029170018014778934,0.04895814265206051,0.07742763508402623,-0.042248972037996435,-0.06446081451983514
SOSTDC1,0.0153249129899958,0.11120764487952194,0.07301030259047203,,,,0.039439022956528444,0.002704943177307691,0.012332296824752356,0.00012444856115561225,0.016022049015598575,0.08891625512804888,,-0.013739980406726221,,,,,0.04989334957459769,0.14686612084345824,,0.056386178077631015,,0.01868981113177208,-0.007077538831562986,0.11248516264441225
ANXA1,-0.06669868852321854,-0.030954034833371568,0.016682971071256433,-0.03207295248406624,-0.09980040443483576,0.06088050731916496,-0.09021030413958865,-0.010133093637707122,0.19708375790299223,-0.05335637558621966,-0.01858210944505467,-0.08672847381954372,-0.05914867314617997,0.043699430042145014,-0.09481978135715168,0.0074385933556973104,0.08548150739848683,0.20964294544384962,-0.02366255256772998,0.06750462428211748,0.04122737108565253,0.05389930823078119,0.021689897713162227,-0.00845666627419746,0.07191981216548837,-0.009227475894885692
WNT2B,-0.0015641136373803714,0.06045412433692142,0.051470347903541186,-0.06527767769835331,0.13449542121555672,0.022791718215461484,-0.007340797482671815,0.03492322465346739,0.11003365430941578,-0.007801870481869858,-0.021068444300901185,0.13436289225634349,0.024609239623664448,0.030130667810626684,-0.004311321764439842,0.010003359358949847,-0.00461533979941623,0.07938970985320737,0.009766173105952866,-0.001989679276219199,-0.02349096011105569,-0.03241396291709342,0.11016151891888579,0.06446778584305257,0.07958670622333727,0.042411042093256884
AMH,,0.010852818092316368,0.06196416386008123,-0.04271093102003605,0.04816954680138666,0.014451866584043033,0.01687900997278131,0.088665999358238,0.04610174318023035,0.009641914800714385,0.008932530929151953,,0.035663494512650884,0.02255840082853067,,,-0.048275130923106854,0.07700167953656205,0.08340829483292157,0.1346880099777376,0.10553767755774175,0.019064462340419697,,0.026222315284081327,-0.030237264309787338,
GDF10,,-0.04313950679771353,0.0475458275057982,0.003763681987441338,,,0.05275585298864493,-0.035310770672964446,0.053021715711112694,-0.011096291940054237,0.008546955427309664,0.08192137281261047,,0.019961001214995906,0.14313026682039526,0.04873705058486294,0.05371111683580693,,0.06705657423780415,0.07956498321162572,-0.009982166702852985,0.004393117864846135,-0.013269373519733755,0.004594785797728969,0.040611567983821754,0.022872468946157836
EFNB3,-0.016672596143161838,-0.022557141751875693,-0.04789354057173674,0.056024619298646605,-0.02023734414382056,5.8003921142233806e-05,0.05943676013915679,0.003234457379610941,0.014984597088108927,0.012394679212857302,-0.0013828105353975934,0.12521475616629466,0.05456044140294707,0.06592147810767689,0.11386517117435721,-0.06138815021098385,0.08149236774584255,0.06806351612812542,0.04165301442825158,0.0863505214410672,0.06079724980575571,0.052512205773849296,0.08832583599635514,0.21160553014640987,0.014876353370808369,0.047766589384862855
LTB,-0.01800085931497457,0.054097280736097736,0.03252119128437849,0.018420223249346158,,-0.009109955485052423,0.037980669016805364,-0.03519020192477783,-0.016048408506208568,-0.003039932906529139,-0.022040819938781826,-0.017040233951607725,-0.051641385652179045,0.061681903991009916,0.0488191264249035,0.07338178456507005,0.023371623064851615,0.0018385674373733248,0.0180141944948807,0.1601956149971516,0.05511876041190556,0.08464306482975303,,0.167722936085682,-0.024284976772907207,0.0118096014359316
ANGPT2,0.04735663081794444,0.09927809999642742,-0.000667571761392936,0.032627111674940736,-0.008016357026072483,-0.06377440732686494,0.057319260281889384,0.058261797143939635,0.28598600516757167,0.036396273271928244,0.027109453677852374,-0.12861545645200217,0.038020849570326934,0.001287279123967244,0.0994842971314329,0.015897347263425215,0.004272435779138225,0.09445611678391676,0.08039327061970816,0.14295957459425693,-0.021130132448219936,-0.021943179162572688,0.007058712899634243,0.07049769268516837,0.02086260447175589,0.07832918732083387
NRTN,,,,,,,,,,,,,,,,,,-0.04656176399034986,,,0.01837675623507936,-0.004738583609245764,,,,0.08198499396729995
ADAM17,0.0294137033821326,-0.007893749326268094,0.0375316115128279,0.027246544324161927,-0.024952510654642227,-0.01785676086793001,-0.03798904183582014,-0.018150069321816814,0.14967119000034892,0.010537920315931518,0.09168127616060566,0.033281039081564066,0.06418487018497947,0.029211151317677393,0.03715527585658257,0.04548150768680411,0.06454709621616771,0.009310541866411039,-0.005740426399839608,-0.03404691379010796,0.05228902579641651,-0.037623442803706025,-0.025885191700052882,0.0450343820156035,0.05271192271127077,-0.03976113934095514
LRPAP1,0.03219282471082398,0.04119874403118268,0.07246146823696713,-0.03894723559057597,0.06289231199245895,-0.07748245584755269,0.056351336563386,0.034889981848693935,0.0846604838885802,0.02406695756833812,0.027162259722481798,0.010013413215836531,0.03188910258784907,0.01815121775280926,0.010388167523275791,0.0756655952786534,0.028891760576504222,0.03655365544090614,0.13854537008160256,0.08868342974588606,0.009885284839871961,0.05860866943081616,0.04485292537056261,0.06228040918512759,0.011140056550344467,-0.023876338643207606
NID1,0.03170776560794487,0.07990278845061084,0.008986930909800144,-0.03787061563228994,0.003333231135302085,-0.03826625677712176,-0.004242226409765941,0.012189669971375829,0.2824918668380768,0.017193730532108802,0.07156240211619473,-0.044255472145434495,0.020746668148406887,0.030181967396933875,0.21374215532443194,0.06313440542300984,0.06768487570273214,0.08552288348786397,-0.05158649938174872,0.004372661034992184,0.010951170569196946,-0.04573082410546743,0.03108489334013165,-0.027866555447595958,0.030129193699613564,0.03057265680383967
MST1,0.09193544132682958,0.002370501996253382,0.03280706116213237,0.07688502516201692,0.13820685138619931,0.043917318654793036,0.04270776137738838,0.01326177179740287,0.20429770120120053,0.022801934937395005,0.00803233820950795,-0.043514590679658585,0.014859283700632947,0.013878092554205829,0.06749366549648073,0.01671695880847446,0.05067315095237825,0.09490715279727172,0.10989730690835393,0.14172450136288522,0.04437940214115469,0.04047995991781782,0.25559538087743466,0.20092870120230472,0.04761110511168818,-0.029031326315685377
CCL14,,,,,,,,,,,,,0.014730023751349294,,,,,,,,,,,,,
IL13,,,,,,,,,0.05830202032668439,,,,,0.07022420927144425,,0.013391995454269284,,,,,,,,,,
DCN,-0.018150855446774517,0.119754108826946,-0.006944654450109573,-0.028995362598707948,0.0038021471296065057,-0.02318986877455642,-0.01260677577539911,-0.0521144980083687,0.22095780396928963,0.024214906995555327,-0.013291392103958138,-0.06764176400473586,0.015561151109545313,-0.015635054820551622,-0.018305413613291632,0.09060759559902905,0.01697248562081295,0.017983053386473588,0.061327480144071064,0.057780897354379766,0.017496436283462792,-0.0006652220899716965,0.012779484716674222,-0.04247004496101957,0.0400709530618516,0.038974218327631024
IGFL2,,,,,,,,,,0.055061491524279124,,,,,,,,,,0.06028236128679932,,,,0.026472528290743712,,0.11424895691954826
COL7A1,0.04162195342017852,0.020575333194048064,0.05889303671028856,-0.024540886061807425,0.017016084334730192,0.007243406240044272,0.07872423680052837,0.11514258804150752,0.2012478603242012,0.07293469732628322,0.006544339816388947,-0.041317461032316066,0.0998749184069799,0.010541949966589498,0.02201880740850848,0.14646573458666431,0.04997631080597175,0.021657109352047305,-0.047357124390145826,0.04448685601011779,-0.03349063761890478,0.053297848064145434,0.1757770439420216,0.14696989484985462,0.1210378899728377,0.1281008196347598
CALR,0.054753459071754926,-0.008365812547848328,-0.005556709070941432,-0.029397087301795646,-0.031378458074322005,-0.06875675365060543,-0.08657702586122709,0.04944369779738329,0.21227404756049895,0.0611947675537865,-0.04721970991979954,-0.14545234632185378,-0.05087395159053818,0.009619077136786475,0.02684566143019459,-0.15369316833184804,-0.05427824192206148,0.019476075027153154,-0.07291290992343477,-0.12511262819525928,0.10482229802961028,-0.01908496501655765,0.03369413471215122,0.0013861246397022665,-0.0010062376322759357,0.05766304179675192
PIGA,-0.006057672864123383,-0.023402041560088516,0.008431338109785684,0.07211522088796127,0.018625241468482396,0.04872117253955427,0.05930507180467129,0.1189772260672257,0.11902943565892915,-0.005463644641206437,0.048625613863097134,0.027797696654726877,0.07220336704190494,0.06847309161171684,0.043945712236602257,0.05255565799933446,0.11214881635335729,0.07504154094339802,0.04565495212440374,0.15936889907253107,0.047892375502229786,0.038622731363042076,-0.06983161462229567,0.09596782211961276,0.011997570805002354,0.06084042287448942
CD200,0.04191101892134656,0.009255026927894943,0.004605998093300518,-0.017517274127358515,0.025192020931675007,-0.005287540724917404,0.06391494279818427,-0.0034883578924021193,-0.07145887171929323,-0.022524757743757534,-0.013622022307382447,0.1527089689146872,0.036885250441046874,0.03699156211387908,0.12682979915306977,0.11645997016097782,0.08296880113871248,0.09670913043236151,0.11686228707424913,0.15570864728008682,0.008703258360135472,-0.008299028632299203,0.061267156280335175,0.20385684358698183,-0.01854050474195444,0.03699792183227013
GRP,,,-0.030204514331496315,0.013766452479515853,,,,-0.007040034444972577,,-0.007324267647849735,0.05096120529158526,0.02885841863593688,,0.012235145596481927,-0.005737775745846868,,,,,0.06900780863164047,0.05081759143439208,0.01596257691167028,,0.05113658335648079,0.08603625997754563,
CDH1,-0.012180111923651281,,0.009734933427868688,-0.002915696194910369,,0.0268022819511969,,0.042337111952037654,0.14693649702583733,0.008865102603924384,,-0.03867922098553454,,-0.004455689071022401,-0.08871439618762941,0.13694096228112157,0.0034974639025507513,0.042862196900425614,0.1326752075893167,0.08199244108986403,0.09430666928725238,0.04109540485304673,0.012168057018425578,0.01012561208158315,0.057605456285893766,-0.08323227171853574
LPL,0.03504354869582373,0.049885778813117225,0.05412884214231,0.02743692676654551,0.0031917295272789075,-0.06145251959414678,0.08431678976108231,0.019955677606180826,0.2437033712000906,0.05103102490188411,-0.021036103100402208,-0.013065861998789318,0.019074954350552592,4.9334139003447925e-05,0.15385328852582117,-0.16186270977534434,0.11171055468096427,0.11958041286249847,0.21977399202437134,0.21709092147657624,0.03500869014987718,-0.020670528108628707,0.09196511337764633,0.0638315001063869,0.1552562730304535,0.08292061577168777
SEMA5A,0.08913731515098486,0.046687203800902036,0.05877777461671329,0.015124797966905154,0.07713192860031344,0.03762775550836706,-0.014329565564696861,0.06651651075992424,0.2034019882168916,0.022741294970146778,-0.01469140678095845,0.03342542403768249,0.028573676114085372,-0.03402964639076068,-0.1022251379819465,-0.011986742024164478,0.0036579499915483384,0.07321310271259551,0.041045228962535756,0.12610411193731635,0.03368951808004508,0.016350758400405105,0.13981011806508656,0.048626621950944166,0.06562196421568715,0.0001926990321798809
SEMA7A,0.0063659444436892695,0.05654485123633494,-0.0188629524098413,0.012959545418300886,0.026449470114262588,0.030635409394496715,0.07388205148108543,-0.017679189820876844,0.07281790631492965,0.05048124897977491,-0.022039457320270878,0.0019036076336570366,0.06206255281863585,0.0024323541861348144,0.1013548035960352,-0.0470754809558939,0.007875648697668247,-0.02100900558319267,-0.006249635128503229,0.058563016366256854,-0.023628644374241496,-0.026220309404876248,-0.02681517163870709,0.1346678660157456,-0.04798472160248084,0.024320949341202124
SEMA4G,-0.0022808896168421506,0.02877094378128555,0.01981854300706041,-0.07198952055358213,0.0072177100913785545,0.04024473488553554,0.03206048627123827,0.012977122301770786,0.10784204396325872,0.05179744024055474,0.03796395448047513,-0.022826716517807474,0.047389593978316796,0.02400740230459272,-0.056263822796830426,0.023789428538874505,0.05403526292152367,0.031406877303698164,0.1735562965913594,0.09644463030784925,-0.06519769521939464,0.025135782892417264,0.0015145223094255912,0.02611061089176031,0.03706244297135649,0.010365614699637886
SEMA3B,-0.08311827463687466,-0.0027889130050636427,0.0071357835605341475,0.05148640765481236,-0.04201908305391277,-0.08555759063464478,0.001447215691239083,-0.00236106856219107,0.06970117218942136,-0.009421729081679854,-0.02307913294379933,-0.10899495585976461,0.0020473917523812554,-0.010868385962179209,0.0015611216490495055,-0.04473369976281035,-0.03427187519650146,0.03687440417593841,0.03225326286082852,0.00917303647433666,-0.004038075041290393,-0.0736139829769288,-0.03551684173869033,0.15275553195440347,0.0502149688837316,0.015094746936542055
RPH3A,0.15637101767501604,0.16873421590781418,0.06818178620926736,0.001351075776382079,0.030223178674318788,-0.005952840950869477,0.05943931450827107,-0.03134915962183302,-0.04806442098892726,-0.004877055238598475,0.006865461407691664,0.21082843233186677,,0.021884454364386477,0.06972342313557738,0.0684014258912982,,0.0831021550567852,0.14344898973611386,0.17655756467408618,-0.006913444583175741,0.03325766595673742,0.07751965547918688,0.06352452075770644,-0.020510086142500706,0.003281402834519825
JAG2,0.09758255040158206,0.05833484989547958,0.021307718575470876,0.09205252734406223,0.016567897953055508,-0.002557003448040834,0.05228814390497593,0.04674149372049862,0.021002271552905915,0.01771057792605519,0.009694671424065857,0.07040004423235502,0.061507458880573004,0.11075735410241624,0.07187204398376147,0.034824838026658124,0.027966684388615614,0.038429870040766104,0.13736761558350227,0.13196012742669974,0.051672463805893125,0.09792681435972414,0.04159504209896503,0.06361198909503706,0.09926569967447531,-0.07345080776015574
CGN,0.0596206524065808,0.08596098868068426,0.01706849568424499,-0.03655347606832134,0.041649928525237224,0.06681426877525544,0.07674715418433214,-0.017212831257868794,0.06672658401612229,0.015118806583192344,0.01019425004844151,-0.036527534944111754,,0.025289588519864906,0.05244740092161494,0.14548719769903848,-0.03276478627446334,0.044588624314657106,0.08560030313479013,0.09214687065727757,0.039143729584244814,-0.05370903418829757,-0.00292416187288772,0.11067198703616485,0.07729516254839765,0.07022097658673812
GDF15,0.031114576964450025,0.042192441285105325,-0.02845355644414468,-0.013434633655269779,0.00907128208743877,0.106458969231713,-0.09175796848794027,0.017193878699141525,0.19855424899504537,0.024920132931690687,,-0.07114953044427297,0.014986513824040463,-0.0038306816940735008,0.15353622966048203,-0.04853561336255718,0.06626903934465835,0.1666779452418365,-0.009440628267582572,0.007820742096198674,-0.04613897458376516,-0.07566794463299437,0.004869958591263432,0.12615696348923672,0.11106416275609611,
SEMA4F,0.05576871401351244,0.11151024009705075,-0.0020302958527953466,-0.021706700769844527,-0.03042096666610503,0.03875507103995069,-0.010933232085231493,0.03649632538208178,-0.03146312094008008,-0.024146665804496446,0.020393646794701837,0.06648731106143235,0.11777377281730218,0.08510712949344977,0.016996855930883164,0.02764985127472864,0.07532654031101949,0.059069291650020644,0.14588337589237277,0.0989296632813688,-0.006764064260424282,0.007188517178664242,-0.05121725000383933,0.1684829516527352,0.09088611122413483,-0.055903747840414623
NXPH1,0.06196237162473405,0.09650203919209113,0.035391871029411874,0.0035828977472301096,0.018388963333558345,0.021833121921538978,0.00015261285047302845,0.07417186434884207,0.09446071854270983,-0.029477627706757353,0.03365493216395508,0.16769251092092452,,-9.377460568995478e-05,0.11950363296004504,0.06295000878286056,-0.04177775484531151,0.11122182651671744,0.12414728393957668,0.212018115258541,0.0750540215767457,0.05611762793634141,0.041379065557422115,0.12025826648183667,0.08090257222648249,-0.00207058866043335
ARF1,0.03234048060693651,0.08961708840027664,-0.015290540863336697,-0.0009265429899782462,0.00533646098166621,0.04666042897860099,0.019077649040562337,0.022144138759911013,-0.04518304775222851,0.05352692522193401,-0.04879725550861071,0.09226749024594452,0.03807058587645525,0.06670943766854136,0.05085824986077193,-0.1290271019802353,0.10213910282879485,0.1302749871214762,0.026393502930541622,0.10391143195916504,0.02868974840271033,0.06501884769345966,-0.06570154113768463,-0.012436222216154817,-0.06317297072624839,0.09892088200875361
DSC3,,,0.010996314380240266,,,,,,,,,,0.07677582584654881,,,,,,,,,,,0.08749339823163177,,
EBI3,-0.02611249710441738,0.02310002589718738,0.023748516895709015,-0.034329245206912974,0.01826692311693044,-0.012471576762158472,0.01154500513262262,0.05199089453287489,0.11498794126053817,0.007052261455806841,0.05642488304053038,0.016016354120446948,0.049154295329545905,0.0007132313426944499,0.03942080476413488,0.02646826121683321,0.019667967864757333,0.02987631192404613,0.15157250768848432,0.10536698702688949,0.0836489338771491,0.018478121021176245,0.053241945118515106,0.16123155394682792,0.03800202357718912,-0.05703947910576801
TIMP1,0.017027969900043214,0.03800894616324639,-0.040454444668838144,-0.03469451342374088,0.003937802556210916,-0.021468716189453757,-0.10806994474660835,-0.03381100006628169,0.2426078471239926,0.06983445067963281,-0.04136738838735252,-0.13798532424799048,-0.07443814625890514,-0.0647881393738915,0.1528893618270853,-0.06231229252808673,0.012055413687252476,0.04593380711235116,-0.1697322024768576,-0.22776283047876061,0.06917597673669297,-0.07643681300346417,0.02021613970387292,-0.047610681377238465,-0.09096738153971884,0.06314772444703849
SEMA3C,-0.032697580534505485,-0.011570051706193803,0.03399708563501662,0.029094560929391194,0.03664336204555976,-0.018162089497561314,0.04197583731518061,0.052630881651187414,-0.059823505516715926,-0.023435329654907282,0.010479624491935374,-0.03617153706681525,0.020670244248329476,-0.016427175325144944,0.03277625979085953,0.05929227652662861,0.0893303972775282,0.04147524655115681,-0.0025021667894108237,-0.020246110146189936,0.1112979564288513,0.009221443693909462,0.04647105749928452,0.09016246698433973,0.019306433203589456,0.005644426270706899
GNRH2,,,,,,,,,,,,,,,,,,,,,,,,0.050403094650141964,,
GAS6,0.022623565082534592,-0.08247504117686012,0.015672650245390576,0.0012037128620168128,0.04412824091466469,-0.010167660036899853,0.022882485992975272,0.06049756918185293,0.15629869944061917,0.005383253990147334,0.005513409206412926,-0.06157008253333428,-0.02303481455941829,0.03733280152215044,0.04506428774874205,-0.08513070332076608,0.06439905047087635,-0.026827420222233445,0.007117235832391471,0.05639728789264759,0.025164938344065114,0.052183215600713526,0.06672732397087845,0.01223119373688443,0.004047840246781956,-0.09606856590387111
MEPE,,0.07032225144037349,-0.002065666364637418,,-0.04072099490264826,-0.011276561310104445,-0.007267139729949744,0.03404970131155765,-0.003565803382287102,-0.06150086281605924,-0.03464685866635382,0.12079502271847689,,0.036371027260874315,0.099364376825599,,,,0.055296180022608124,0.046776267287345887,,-3.6527149020634074e-05,,0.07163137359613836,-0.013953485602203533,-0.014148063974406506
SERPINE1,0.024665728623302095,-0.08412505231773382,0.031421336448113006,-0.04480771360002629,-0.027975504011175115,0.04004325045934658,-0.10541646497737192,0.04906749259207082,-0.08521491793033835,0.05777638417427483,-0.023236550092209984,-0.05600808992948255,-0.02101221121252223,-0.03974547180900037,0.0797944761037251,-0.11127527179415347,0.0998301950724159,0.07608651585477551,-0.13082912989105797,-0.2170572408213074,0.0506312284904411,-0.0750935127574923,0.044716849017466934,-0.1527581005746477,0.06950974831892381,0.07879072405492268
RSPO2,-0.012855768285682455,0.10376290851880508,0.07405228286490466,-0.016784108700599317,-0.01575453935482912,0.012260092605289253,-0.0073812791693682964,0.018689185410692356,-0.006404820306803386,-0.007315131184729248,0.06067269456860073,0.04805386464625893,,-0.02974479258138706,,,,,0.044406700005788134,0.12787867004149972,0.10300509923672141,-0.01201902980048511,-0.06124947274763455,0.10107456589770832,0.03278142395806454,0.03254195508253045
SHBG,0.09462326554157176,0.023600020621354287,0.02036852164906213,0.004831551137403135,,-0.023436667171458585,-0.00930843847606781,-0.030007094537135917,0.08287024745300661,0.016288184287702512,-0.001862606870353144,0.04568837080722937,,0.11783321872983753,0.020302046852362383,0.04622817810946605,-0.025487711091674515,0.03815839115737581,-0.046458968634816945,0.07856485799066558,0.06562232240101831,-0.04806459374615388,,0.08055745439788282,0.06554563522084134,
LGALS3BP,0.006963525743206888,0.009706815442166084,-0.017333144723125266,-0.04835310841530839,0.05105745717551976,0.015009901084778607,-0.01813507293025427,0.0312883099299682,0.15231753885641064,0.011030223343779325,-0.024438396038945584,-0.15790571888671504,0.08548892259215142,0.004278325278542319,-0.004039239615512463,0.06564489290292293,-0.05719102786204518,0.028685689590795413,0.03776565403796031,-0.051107934923954684,0.04522213802357326,-0.04334266787982199,-0.07507701521728471,0.11876261823782366,0.06980202307473649,0.03907917673245625
LAMB1,0.05823603005989101,0.020910144405610002,-0.005054017620223713,0.06408522106038282,-0.020758950880834664,-0.009643783157281623,0.0047221144985724875,0.05860645829859221,0.2270492617974528,-0.001458064953371353,0.002931716373666441,-0.021579685176091226,0.008521499861615581,-0.0385412008150338,0.0491668830533921,-0.06435614871537755,-0.00027555720405541715,0.08467760723538446,0.029194358246701718,-0.030494375992257305,0.058688642259968754,-0.08955370689022571,0.12937302185145155,-0.011385382773673331,-0.0254043305353652,0.041739900820490526
SPTBN2,0.03981424882396744,0.09474784026425151,0.019799160845263772,0.040906852658240685,0.006540676795689803,0.04315559389256452,0.09902994463192412,0.021493950873663806,-0.06566641661624084,0.046701632499345176,-0.001673119910377524,0.1899735982225488,0.039608868796199674,0.008314416875689783,-0.021312617274885304,0.1276005608278935,-0.02276503271421731,0.06634258944399474,0.11607365250751334,0.12329745241033878,0.07617082583990072,0.07538094459282138,-0.010223242896357934,0.1407515766497913,-0.02030486881867397,-0.029052304904527832
COL1A2,-0.003795874754428905,0.10546668990523055,-0.03192609123456116,0.059387571134880655,0.021477823247581598,-0.01948022148444691,0.019781525666941177,-0.0046130823238854195,0.2584939159249016,0.03525599450053498,-0.02542647625858076,-0.11640663391828607,0.1374733292959193,-0.010547308125185296,0.06763871497821652,0.13333191104570016,0.06555348904793692,-0.038364843539122555,0.0014246365286129912,-0.025204220172042328,0.04481845353755886,-0.008498014036473225,0.023852644515883082,-0.1179979212581839,0.0023928209210044254,0.02428731098792958
DEFB1,,,,0.04534764093596446,,,-0.010720777178212373,,,0.035748292760462014,,,,,,,,,,,,,,0.03808866823517406,0.05677112621986143,
CEACAM16,,,,,,,,,,,,,,-0.020564696025839477,,0.03679692056610709,,,,,,,,,,
SCT,,,,,,,,,,-0.016279281887993255,,,,,,,,,,,,,,,,
WNT11,,,0.010375478971865483,,,-0.0150843613037321,,,0.07063958702577605,,0.06399224826731023,,-0.00901602132468632,,,,,,0.04971255890485509,0.0918524019301508,,0.0715138999658167,,0.052300314264552776,-0.013141584572421277,
LGALS1,-0.1039311662785013,-0.05088252797769972,-0.0544028072062994,0.0033678314836595217,-0.033248851535450145,0.0425725988133207,-0.10375131178417635,-0.05418954344071435,0.11535794618715896,0.009588606184817728,-0.03439025319031563,-0.18051098109466937,-0.029485146212427232,-0.01696195693211216,0.0942662418004107,-0.062008913710918545,0.0008397856554177692,0.1327338103621543,-0.17536603795198172,-0.19137941996836763,-0.0003044167522698714,-0.03589123177328106,0.11475325083354548,-0.05386620260344776,-0.07692947464926832,0.0408450550709259
BCAN,0.08316435749695912,0.1307574696938733,-0.01321279423125347,0.04439067220735,0.05372876682614114,-0.07309270979599493,0.08986151560400901,0.07805849903797528,0.19344807782218898,-0.03140666029618649,0.06936457860531528,0.15518013747417422,-0.005832635561787598,-0.019585723241070427,-0.07142691658349572,0.009397449361592546,-0.060852034385089376,0.1635889946247978,0.1913803958004573,0.25195442914779803,-0.01260549864076689,0.09153588401895248,0.06447590109425112,0.10467606284467548,0.08362896865916039,0.03239345456580702
ANOS1,0.06940855422663475,0.041623629699497046,-0.025911565213528505,0.004402493256561293,0.004540629556955687,0.009585506561111389,0.052698580825279846,0.029140973213350057,0.18622807918430745,0.021115780322206394,-0.03441768211005489,-0.06152183909069532,-0.02112501651426509,-0.00447428767234877,0.017131866292674366,-0.005152460739584549,-0.039119825125770114,0.14578000555607143,0.13718262233043324,0.2028577615540347,-0.0697258536303084,0.04214670877063066,-0.057964568945791405,0.21703531427460784,0.12522908324398907,0.0006869092626741238
EDA,-0.05310409742640397,0.02048923876869834,0.041314179048212996,0.03866692814900149,0.04235280391014382,0.0647195274664072,0.039338087944410814,0.04318898709094707,0.04126044337497324,0.0009486753488175723,-0.02009176985798333,0.06336635262087595,-0.026678634605132295,-0.00990504708795526,-0.054357928538217,-0.02105628553109858,0.051160821103779563,0.042101697936925565,0.03731694170965548,0.09266883956788673,-0.02555722059768496,0.06082689005838854,0.07493193435227126,0.04588822579129917,0.06867659263278172,-0.0755082572923316
FGF22,,0.014494187767341878,0.033856902129110376,0.02771341607390375,,,0.032141540592066226,0.06445263643062332,0.015182590850536122,,0.023146095047641348,0.06784310618621626,,-0.013345103886067562,,,,0.048916220732101036,0.032889379622919324,0.03636145511110789,-0.030287962509145793,0.029334609111611183,0.1267833222590598,0.1107740376504077,0.024355782101598826,0.04993320382936284
SHANK1,0.01696273661930052,,0.024073891323843022,-0.024295747802412063,,0.043396208167042385,,0.020219206803032345,-0.04203762045738858,-0.01832735101696621,-0.036004202989113714,0.07165642436811398,,-0.007804745147778051,,,,0.06330116319459839,0.031929075545473834,0.021557163034575264,,0.023583341068428534,,0.11572876265504933,0.050729309522417554,
NPVF,,,,,,,,,,,,,,,,,,,-0.033839722686275095,0.02503126231618018,,,,,,
RAET1G,,,,,,,,,,,,,,,,,,,,,,,,0.010203731775220217,0.010183870107413295,
TGFB1,-0.023936910514735465,0.02097392633678738,-0.013290650293497491,0.02894358050859906,0.01708392149082501,0.04992929721437065,0.00032896860868980257,,0.06878365052816247,0.02670493115170133,-0.003408729086965631,-0.053896073059217266,0.019761149915991077,-0.019402672039606314,0.004375306349475457,0.023601157894700638,0.11857129191924318,0.02138326400280209,0.0020176048836616635,0.051730951303338664,0.07277868185038451,0.010413218443846664,-0.06636132298795273,0.033609310993041236,0.06433135980478137,0.01715265199808754
MSTN,0.04623229638348622,0.007499829266937794,-0.006123522151779581,0.05140916505103238,,0.016007217828959867,0.06274220207876195,0.023944803266768663,0.13524471953172676,-0.003566370153013937,0.015548693888572782,,,0.05962711608587155,0.0369816996052784,0.10292971148195468,0.03688953192856685,0.15656351520458742,0.0066184419926434675,0.04259030125379588,-0.000717209143290624,-0.0036918042420200875,,0.05019426330753659,0.03286569457068614,-0.03732467755908157
WNT4,,0.05567092276726199,-0.029596574348861933,-0.02859945390556301,0.03757957038258522,,-0.05286430354383249,0.007983741286678938,0.02349918731571496,-0.012109890125536538,-0.04170485042495275,-0.015084863435802422,,0.06603816771624689,0.006780418435628638,,,-0.05310354781745101,0.11313748805201436,0.12701238970458173,0.045626557986339134,0.06824924499149237,,0.0661868216663331,0.07013466150098277,-0.05354850651466207
TNFSF4,-0.04981055639198593,0.027689045627179637,-0.017595182947281143,0.005895917444184256,-0.03560773455291711,0.004974416209649906,-0.026734394082895123,0.007286596505120157,0.07564481313166031,-0.024030021182457922,-0.054073787917646214,-0.01734154089620982,0.0534526630274086,0.009519910815191922,-0.006457814453439616,0.021200757524886833,0.08015316315930121,0.020135010134467366,0.09749059906963685,0.08468236110392136,0.0899683889690165,0.05673781239707287,,0.1720358240518272,0.0978880026286298,0.04411824598665292
NTN1,0.026834828272105343,0.024960626430663675,-0.02066845852988402,0.041973488796915044,0.04417046678951356,-0.06038435065389713,0.03485985595401437,0.12588169501345753,0.24244973804207537,-0.021977548357443567,-0.0515996782523722,0.0013229864518588886,0.1026655007857873,0.0453130924000083,0.028922726609855676,0.039545120894908525,-0.022061839135526423,0.04387057792908083,0.08128380536100667,0.10889412350227104,0.02712802722156569,0.013824556068275347,0.12480995670176549,0.1248470895961982,0.10004869098502792,0.044530548667344974
CXCL12,-0.02033158755349568,0.09561426858036895,-0.023158686936176134,-0.003059637407521844,0.029324416153438216,-0.04276165569126856,0.04140165208074007,0.05309440311453253,0.036254760907249134,0.05040037440404047,-0.019373772581102074,0.021826483494026532,0.1403966568902582,0.056948824244901754,0.03144359942141112,-0.04358608505981693,0.08691501196076137,-0.05334382999422385,0.0042151312920275545,0.04973825742827224,0.016471377839063963,0.017949350884273275,-0.09914317096091065,0.06967416187392951,0.0411759282053297,0.06272460134461924
GNRH1,-0.04336620212556858,0.00858317253835587,0.005572235941375961,-0.009824551688931184,0.023769598140975845,0.02627807471167604,0.05675865430643945,0.009471038448151491,0.14321160179460146,0.012089395571524084,0.023660760103938753,0.05319976289637667,-0.02133801458867822,0.051812223289433156,0.06817245436964771,-0.016601422596928386,-0.034373234014385294,0.06655645514106799,0.01575896250754966,0.05980591910460451,-0.03534486317194289,0.0647563843670212,,0.06828730457052389,0.06175211639282782,
FGF8,,,,,,,,-0.009547023393057668,,,,,,,,,,,0.019583815850871246,-0.008742457199492808,,0.02549347007624035,,,,
RIMS1,-0.03395877977119564,0.059425731292335096,0.016721871368445884,-0.011663054121038534,0.04246184322106809,0.001729433242453972,-0.0029436723486435832,0.013104319783464808,-0.04570307700858569,-0.04930748480663554,0.023458306380452997,0.10824756799139745,,0.0437717943959861,-0.05652813375360277,,-0.007961399460629764,0.08055938754864718,0.08228845771727879,0.05115551229152036,0.03409243046877108,0.03562300432052809,-0.006034525316457165,0.058894461123529446,-0.07459471466203177,-0.062474864205818346
FGF14,0.07885280523063463,0.0567876889651703,0.005229716077625651,0.032982588363818184,0.045056019872981724,0.02637665388530971,0.08405548838362048,0.02549583444699993,0.16879007104978105,0.01646148452344096,0.004608935758545797,0.14174486484873297,,0.04852385807463149,0.11511875633260407,-0.003533205888563351,-0.045502402685121825,-0.011668091518334693,0.06485519801973359,0.07609510769989009,-0.0013926745612974289,0.059011673969302875,0.016045457803231102,0.10191472611876833,-0.012790299463716067,-0.06393081305718752
IGF1,-0.00999729852454907,0.053020124951868926,0.007151586642679976,0.04346162225646036,-0.03753657229369976,0.011597366331015716,0.04588111733866191,-0.08474214274922807,-0.04802260522254627,-0.00991524169267056,-0.06203321775840963,-0.0019387147120949273,-0.008755647130948818,0.09763353085617801,-0.013259503668126076,0.06511965911674696,-0.01800109920733467,-0.015714667007277503,0.10848437398612501,0.06399872502652078,0.010486943508900398,0.006194539984780996,-0.008920917185602855,0.15737297892393853,0.019439943493423508,0.13537473067791678
TNFSF10,0.08778457021615442,0.06330241569018008,-0.01848469170858537,-0.011674295281917272,0.08936778238273736,0.002433390559505809,-0.03349963865102104,0.0433192175491213,0.1737562220106118,-0.018886689441042912,0.03649571935001316,-0.012647519597658892,0.0449468847247225,-0.017395408907789872,0.03419813769305854,0.0008231965634383025,-0.01512951643190991,-0.07003268530499389,0.06186334401344838,0.14508774350960602,0.04859948560450992,-0.017593356110238236,0.10287158059348525,0.19481617437632737,0.0037006140726373394,-0.01655969013865033
GDF5,0.03375363480103487,0.05855663992090036,-0.028977152327284945,,,,0.009557258626179043,-0.002168172962595667,0.06282101759219581,,0.04447463909463136,0.012688957806733136,0.059775261221550656,0.04653998416860575,,,,0.013391009055191375,0.04566573229419026,0.06834483007107434,0.10348900105413837,0.022650342187588622,,0.061980666151444666,0.0375499099856679,
CHAD,,,,,0.09500058715152353,,7.4333197050368055e-06,0.04567506304282303,,,-0.002371649710586394,,,,,,,,0.02477802682865621,0.13816806635352827,-0.04538113246370713,-0.02270974525655757,0.14301254377959044,,,0.1141676425409281
RGMA,0.010513674368138487,0.04154300630033466,-0.0412032202469783,-0.0014618195044768694,0.019587304722416078,-0.04037909527522679,0.056222021473032104,0.019129659923349994,0.1778559789004169,0.009539312696102344,-0.04421090230759898,-0.05663242252096002,-0.02426907447191592,0.06074646014941698,0.009727398989805626,0.023583197470483167,-0.024449576369968452,0.1270205862302917,0.09036651490554552,0.1287599986873549,0.07940783569723714,0.06311853885896777,0.14092187756869695,0.16935427379643567,0.1615761432087269,0.005104073657632187
CLEC3A,,,,,,,,,,,-0.005072372239690476,,,,,,,,,,,,,,,
WNT16,0.037188173788382246,0.034463085396289846,0.0037786751962457263,0.03782876296897754,0.020664929529057366,0.04409547692429691,-0.015674319246746303,0.031204107584807204,0.11675010419782629,-0.03675044514948538,0.03452040779255379,0.020574347550546875,0.0736871322105704,,,,,,,,-0.034155079938407114,-0.011879435383494959,,0.06720479821598062,0.04916825679613264,
CX3CL1,0.03932832083473375,0.02030741231015449,0.02541277505198374,-0.04359495017527182,0.029434335193837254,0.015544122724661635,-0.02645825347586064,0.03057567781685717,0.08217389435063586,-0.023187200523684264,0.02621951927826289,0.14191089009906455,0.06010126789704416,0.05228782143413983,0.12035306267894152,0.012730614425940407,-0.013751281499032243,0.15612052520670452,0.08081116999523721,0.09773210046042285,-0.03158352872238487,0.048540974735993135,0.010353166526691356,0.14163689383775097,-0.0638028650449885,-0.031648650180624516
FGF1,-0.11021529912039896,0.10734436579762097,0.012333502916330447,-0.004887604370346546,0.05476604661919274,-0.08910340632773671,0.03569973443665694,-0.0919367325270173,-0.04192540537312153,-0.0374715580862819,0.06351503606237636,-0.09057931470131023,0.04263245061441743,-0.026762089058244114,-0.030487558324120523,0.017583735564321638,0.022277722813598876,-0.17378389230163513,0.07003432242665308,0.16957049724412923,-0.03833941157111087,0.0010235541198742619,-0.022696811448456543,0.07627024591363986,-0.06287708441255983,0.05074431149593527
ALOX5AP,-0.013604846446603498,-0.024892075707022596,0.035835559347997634,-0.0328597519830006,0.014101628770135254,-0.043015835586270375,-0.09538190711453295,0.016654217229266202,0.19311955419236812,-0.04438377326523209,0.021261357788462453,-0.17325561886993038,-0.049451553086847254,0.03269924325059733,-0.047825375503539956,-0.031900170628095255,-0.03632641701663043,-0.18875657480113006,0.05583057298000854,-0.11655169605087236,-0.016144139712393955,0.03423685986068401,0.016292857568862208,0.043220114283148425,0.01085940228674143,0.03589916265782305
IL1RN,0.005878511958629849,0.05844990639610543,0.01622149281006849,-0.033912200598075065,0.040706841909978864,0.0844531891897411,-0.1084184760267197,-0.01913395676344661,0.035965649061526044,0.005227102625174761,,-0.07513268028988537,-0.030419382250421054,0.004242902696178524,,0.04597873890187328,0.04965611057211153,0.011223828716716953,0.041270407467084436,-0.055612658549483746,,-0.061134306645403584,0.1432257191603715,0.028911873861868127,-0.0039601441966494915,
PCSK9,,,,,,,,,,,,,0.06530179527152871,,,,,,0.006731189862723872,0.049692663338600576,,-0.012106468138914719,,,,
FGF23,,,,,,,,,,,,,,,,,,,,,,,,,,0.04125497414300768
NPW,,0.09993207332700361,,,0.032832534307275826,0.057800038764345696,0.04770480789532084,0.08578003974555817,,0.006608556063920116,,,0.05374612747696029,0.12419111725015172,0.16438594545720864,0.02917494233490996,-0.03130210593043161,0.0248533181811853,0.015125386268821523,0.026016395231508085,0.006422013112316878,-0.03917637094913759,,0.04899479218228966,-0.0006999653960809165,0.046916703715852055
CXCL9,0.004506694400131828,0.017792707416335644,-0.0035901529833385556,0.028721160469209715,,0.07284913586190928,0.003179580372751962,,0.0334817545400528,-0.05309646731178423,0.001685490330384482,-0.07252404502244446,-0.0013029819125369264,,0.021848002977457245,,-0.0007738061115718793,0.010850771323992373,,,-0.02140179406830392,,,0.10209793790164466,-0.05643278686023204,
ANGPTL4,-0.023191555938931397,-0.140355693566824,0.04378222251180916,0.0668502399331645,-0.02940115600019623,0.03719911282041781,-0.05201595162865901,0.07406128291113416,-0.03247935273420075,0.011402107681360067,0.07360214480797281,0.017009277543662524,-0.03987861902109046,0.022967037246494463,0.04146322202430881,-0.0498116602234516,0.02218316301411414,0.0763496033842683,-0.09450098159926902,-0.1552493770743788,0.029552118341902765,-0.10218212295451817,-0.00441922030927749,0.014096796686990069,-0.049660836681888657,0.006873560558388631
CCL11,,,,,,,,,,,,,-0.013678568468451767,,,,,,,,,,,,,
UCN2,,,,,0.07346847918462793,0.002894224604323548,,,0.05335882346456944,-0.0006927944960077026,,,-0.010008464473299575,,,-0.1001839344143005,,,0.036202754514122325,0.03684599611855413,,-0.018839119386949217,,,,
OBP2A,,,,,,,,,,,,,-0.024406847560258908,,0.0789868902794263,0.013519648474683118,,,,,,,,0.02667429173349077,,
COL4A3,,0.07930143322875789,0.02560920916739956,0.0006793556473135652,0.10503998010536256,0.023965398033835496,0.09383022083244312,,,0.05113608639714916,-0.04257116133089722,,,0.05475139985096655,,,,,,-0.022375987661621,0.023036752143715346,0.013126998853784336,,-0.014020249623666162,0.01291885863211557,
NRG3,0.07139510647990747,0.04990602444249301,0.02072975515361816,-0.014266291703904695,0.013018559113710701,0.03584148438099711,0.08802155269121231,-0.04154777093593664,-0.05919964691851824,-0.025820376889135646,0.012727817698408382,0.1138427256871072,,0.011124755824837046,0.06196935288636946,,0.10041409833311088,-0.03191570428661585,0.052037358481697084,0.17543927403540127,0.018800899174357785,0.04247644206718955,0.00029860603690278674,0.17459702757295986,0.06301667693933226,-0.02882764400681209
IL23A,,0.06161413953260276,0.025661949609948574,0.05739744077895343,-0.022218802301518552,-0.03772025692381789,-0.03507534337387723,,0.024413247363508684,,,,,0.04835165966614907,-0.04071366814731826,0.025838962159851323,-0.025112224948726506,,-0.033815600943194954,0.08165798734637088,,,,0.021536012251237066,0.02410304302902477,
COLQ,-0.008254158264211137,0.04096794466244054,0.048512778554813535,-0.01861556169402518,0.09306672865691477,0.027028566878868007,-0.025530533080112796,0.05462212773842634,0.08686806266077406,0.04373088887019139,0.013764324622887597,0.028271943504866465,0.02739465611279597,0.01716985247198392,0.06508767650003082,-0.04598833111803102,0.06945944213264947,0.03948399516705007,0.09844767184295401,0.22585626753962637,-0.03559868137347699,0.015302626339102458,,0.0702828199918515,0.08228946157890042,0.026691724025864685
SCGB1A1,,,,-0.008292072145088354,,,,,,,,,,,,,,,,0.05374205745937959,,-0.05273147013316416,,,,
TNFSF12,-0.02894833512203353,0.0037229584302427214,-0.0020497745077260863,0.05060995176174146,0.07281775000661714,-0.03138701740621418,0.08456214586230165,0.05205683225040831,0.1653130158206531,0.04682872334351753,-0.03696978985868056,-0.027738492625344464,-0.0348345983302242,0.08281568482417062,0.015656600467751632,-0.02213943977756058,0.03173481001021794,0.07074765533453137,0.10642404379638026,0.03132330546996079,0.086554488091726,0.03081420565257948,0.06609886322614628,0.10387373110051974,0.09883563334821235,0.007221489695644149
DKK2,,0.061505039370371065,-0.014584047715008534,-0.06577204278796635,,-0.021195959914643337,-0.012108493951055614,-0.05119125091764879,-0.04835953131146463,-0.04925340330981359,0.0019197378343999594,0.025932368648911755,-0.05844354986890234,,,,,-0.11040804168122467,0.030844544463895972,,,0.005674784036763766,0.06567465846714514,0.09724659131785324,-0.05644567117485285,
FYN,0.05863043691708037,0.06630571148114835,0.0031864399136062693,-0.0017765755118566847,0.10413399319442387,-0.08558659050015659,0.08208906464175579,0.034807844742735634,0.18877393418530308,0.030950725395554466,0.01045196354835214,0.038784734972485406,0.07767769271436017,-0.01375086891930727,0.07573664708910252,0.1357508502039914,0.057101848071616175,0.062122500916861084,0.11181091115142186,0.20463079171304294,0.0005631211165034918,0.10687120968156869,-0.03517306782051491,0.152252756980361,0.1043485764850608,-0.043099738511131594
ACE,0.05244871145840286,0.012624396132098798,0.030686654993734495,0.009508089016244104,-0.030859421826417197,-0.046159657060058944,0.03186008475907071,0.04649931815033431,0.17830343274660498,0.027774917872035388,0.012775811727994904,0.04819962623409673,0.06768926955262919,-0.03505219598415809,0.1764658784079916,0.08650421853890071,0.05284814661040637,0.054938506218794474,0.10154612282494258,0.18139700761618596,0.03649616789458185,0.11786437447008098,,0.04820617329910692,-0.01712372017786941,0.07335032231932022
IL18,0.005605649145460712,0.04266567269824891,-0.008216849163642445,0.0168220328408044,0.07566503280854647,0.0015192701681549744,0.007340973136613913,0.0028863923875936653,0.21630465183312556,-0.02945270118527169,-0.0264834125197955,-0.10974946651919666,-0.0064939464526974746,-0.016877558419176944,0.027819018340748566,-0.027550411334780794,0.04133139989123955,0.06073076740755736,0.15827494809137552,0.2103954476094197,0.08162876572277478,0.034851954420847917,0.1329857949991483,0.17507916373956242,-0.04796604420117469,-0.0014042414860188496
PPBP,,,,,,,-0.005586660473171986,,,,,,-0.013115668990621745,,,,,,-0.06394613533893,-0.06321098391714086,0.04492976422793021,,,,0.016638958555673444,
CCL27,-0.010787019386047673,0.02160792554522074,0.0034209862721196775,,0.01956239660853286,-0.0026401757870033638,0.02444727960611448,,0.0417403907671906,0.03686713914048252,-0.005870606417116801,-0.0012781916460825667,,-0.004482320705105186,0.07795253521696996,0.07137214858487,-0.0040537336258180635,-0.007062173727475547,0.042376208763272145,0.11847430426766963,-0.0010700587948679536,0.056271423796327866,,0.10511323107063841,0.10824329806409246,
SERPING1,0.02817728299242424,-0.04621466301330571,0.012814089846652535,-0.033870294551621175,0.030705266796821687,0.017456661060904724,-0.024917359287225604,-0.05688956985861551,0.2780334801951868,-0.050847177530376625,0.0366853735897923,-0.1242999226764628,-0.08542749108900682,-0.008305445354084897,0.050210677403178784,0.014733381383704955,0.08555396072564196,-0.00862367479833332,0.004615579533028424,0.01637059910720462,0.019610521984448435,0.01429930968888893,0.04681279959733965,0.07652039980157832,0.007962633873332159,0.02297067219985435
AZGP1,0.03678226427100626,-0.06376876789716313,0.018016501197360084,0.006069333429857596,0.10167761532254922,-0.007037027224406464,0.06393711434194548,0.03611161668090246,0.06040776171884694,-0.009372115523618678,0.009725110829708733,-0.05775772472038763,,0.09004651985081147,0.025188157740220984,-0.01967839442052574,,0.03513290756769632,-0.02191031718007246,0.04840242733641414,0.07449077236934573,-0.04869265309740487,0.07843902467937824,0.21654202726069105,0.011762134980725448,0.0061726233133092496
INHA,0.02853696030757009,0.012484589905987439,0.046004959589099496,0.0017494496677077525,-0.06673783152533061,-0.002488530891496799,0.018506796456642143,0.05481808292508908,0.07636490455635322,0.020887219870348375,0.02907073800934565,0.017614004006170365,0.042191870757060136,0.021617525893730363,,-0.012166869315067573,0.13564398169731098,-0.029292215243565956,0.022225433271631175,0.10184023861571419,0.0448227164720314,0.09107798654723095,,0.08449890893351447,0.06998497595237921,-0.06933087359054813
SEMA3G,0.006959689261955737,0.006662965419337782,-0.016183787532282362,0.021644841735013083,,-0.019811891587032036,-0.0004575683219082486,0.013830853498714376,0.03640407810202723,0.01585714524087802,-0.04474510189955507,0.024573507053349982,0.05924218435314733,0.03873281499894448,0.031096754097787397,0.005020241202141148,0.1032770976606662,0.04394150321892256,,,-0.06435950846340927,0.010550983578019917,,0.0064750005354214215,0.03445139483667174,
OXT,,,,,,,,,,,,,,,,,,,,,,0.007947606355954796,,,,
COL6A1,-0.0004164090800624386,-0.12045147837029793,0.035640275559290405,0.024060032087671386,-0.09922219551231029,-0.008603713255027186,-0.07428773899675485,0.09916494692089561,0.2547011031417691,0.044548910506241796,-0.0247432598154523,0.008834601168144553,0.11164935068302725,-0.022799962384910853,0.08879194693569158,-0.027957471951042433,0.04237207772296364,0.09937722722235569,-0.054288248712391705,-0.09131533590490223,0.09126281622256782,-0.03456018691926362,-0.0002491789566941577,-0.08596627856267187,0.034840910303543915,-0.05102428980588678
FGF17,,0.11505157123220731,0.019799416108699286,0.033942399415913364,-0.027823458960773904,-0.033872052569954486,-0.005502662857229058,0.0365766610975099,-0.013546242285077215,0.013809185578925838,-0.04527016757773498,0.0562806740433904,0.09106630580952428,-0.0009946430978875513,,,,,0.06817313074917285,0.08738496282483027,,-0.06479757800788832,,-0.014628751632847659,0.04100910090692874,-0.01132690053803388
TNFSF8,0.014052147653719317,-0.033192104102388986,,0.016111010648617495,,-0.04572706374104241,0.004124529847868986,,0.06044930069778238,0.016071428737078463,,,,,-0.013233595562383134,0.19343629681170804,,,-0.01957150211587118,-0.00010489493834468737,-0.013882195913607166,-0.010568050573225412,,0.09043611789927161,0.009945679173507293,
FGF20,0.014398772137157368,,-0.01791530927083674,0.027613522085923194,,0.008584924922872132,-0.00537666816346422,-0.008504130381233122,0.04350660707207532,-0.0008022779494718844,-0.02646598242298005,-0.009445555582609873,,0.01614278799361879,0.008437300626233879,,-0.0220426656559929,0.057925020546253904,0.055418120650761675,0.06175732628853907,0.10081090710998097,0.008298306744637458,,0.06801618729786411,0.002984853391751264,
ICAM3,-0.0044142933583961935,0.04134901498776565,-0.056702866245636085,0.0403638095802438,0.08603340679804644,0.06954306407610383,-0.002313154931649733,0.07319307960603831,0.19350493256299234,0.04156031777433604,-0.011966533721186662,-0.07235929083956279,0.01376989297994726,0.03019587869171138,0.1176668559372521,-0.06365737012033575,0.1070351125780439,0.05257689667653544,0.09997429903681049,0.19293168066996597,0.051393492665465404,0.009968110990932475,-0.013736515846139231,0.17227590545915317,0.10919365422964782,-0.05806169388015377
LAMA4,0.09743626060314894,0.03726985231227721,-0.022835547112172703,-0.008075631017835573,0.04539760235977754,-0.020613227297404342,-0.04553141214345129,0.035169675842120496,0.27700263483473014,0.05063188084643918,-0.031182366003980035,-0.0073013000512656984,-0.022071380682667383,0.0429295645156116,0.061684083225233756,0.11798193340684719,0.017524022651564053,0.03884836809783798,-0.014894159242028034,0.10323663444367263,0.10968125223947305,-0.005298168202886796,-0.004901930325245711,-0.004813130968089784,0.05865895913495035,0.07340299089918814
INHBE,,0.017694706783681898,,,,,,,,,,,-0.03716029467898754,,,,,,,,,,,,,
DLL4,0.08270775019882441,0.07773178049866054,0.019423364436729082,-0.00699364658858531,-0.04011261845510666,-0.06776211682222379,0.05654077989299297,0.015735136833558695,0.17743888120797888,-0.0543060894574249,-0.027651189300924372,0.043290703001433464,-0.0299537535992662,0.04864564406504919,0.07283327681239549,0.04660825317257411,0.07878527657993269,0.07442426378501507,0.06745858913030657,0.11325391622693484,0.06157319023291186,0.06372118884623217,0.0057226791262693175,0.17265014855946462,0.04037118012444105,0.040793809003035336
SEMA3A,0.004114695036948144,-0.004457326708808725,0.0054229770368322385,0.05957041780737177,-0.014012856794588252,-0.014207002996827688,0.02849199755722379,0.10906021245707892,0.0004850193707338259,0.011874925187538691,0.012272619854742602,0.0922483504577531,0.08143309225592808,0.02834653502086261,0.1178809904910771,0.012593613664020268,,,0.022470815294013024,0.09288394294707146,-0.030322629671253248,0.034709619405695426,0.09100698655285003,0.0947528590186874,0.14229087878989846,0.054649334501272545
RLN2,,,,0.09430930661503177,0.039034436783357926,0.039254840213953465,-0.0488378125326958,0.0027769578361053564,-0.009432194639349602,-0.00021923431105629951,0.005732791198000528,0.03135457017517393,,-0.006138068684187134,,0.09966713150746064,,,0.08520980239775724,,0.08811499730207505,0.06949387178802902,,0.051188595162983734,-0.002785377467686158,
C5,0.045599772158239606,0.03898037909526178,0.022662794916264595,0.030037913739866313,0.03983589176854509,-0.004695305613019759,-0.035916140641638665,0.04186989005713705,0.18515167692694764,0.07626943083217436,0.019408967201740873,-0.00841587205550016,-0.01519657123256556,0.08904840244947451,0.03507873930630525,0.15813183670103576,-0.028514943688304144,0.10679657815372995,0.1010197015686226,0.09487181809302893,0.013240558211409096,-0.00492575425183586,0.054057351863834,0.15536841626494782,0.09798846404854959,-0.06613321747763028
COMP,,,,,,,,,,,,,0.018983710288770186,,,,,,,,-0.03357712911453144,,,0.046761404783335056,,
EDN2,,-0.04594556756588156,-0.0015587386001577055,,,,0.014994320745857225,,0.0941662052783956,0.017727824744430968,,,0.02277315282512956,0.012116693325024307,,,,,,,,,,,,
C1QA,-0.09865976155984342,0.0899795618491927,-0.053900980799992754,-0.02660686827545588,0.048500268551828485,-0.03107125300151477,-0.04473698244635108,-0.043020805702681957,0.21740602503854964,0.008887435171868819,-0.03032781585281408,-0.1659012838972676,-0.03854237260030064,0.04503003641301961,-0.07391766704274323,0.0041186086219493195,0.06714535622566141,-0.10050054731068489,0.042140603721005476,0.04254135040854769,0.05603917873511956,-0.03509800444882795,0.06430618738976383,0.006398016828942866,-0.05157490616163266,0.0588865864071774
UTS2B,-0.03933477003202919,-0.0032963415062111307,-0.006076966654630061,-0.0007562537426135425,,0.014399148265687374,-0.04790178934515498,0.03418776589479994,,0.022343923051888127,-0.023887113082083133,,,,,,-0.04104088373348211,,,,,,,0.07266683243307345,,
COL9A3,0.040736994523634815,0.1104159062455274,-0.022553277314729364,0.00784774225851275,0.07549596726946238,-0.022048551884751497,0.11118880242243862,0.06622791243033437,0.1649526786898414,0.04271817064401427,0.006408878648065806,-0.13129365954605218,-0.0176293845180862,-0.025884721684764224,0.043272509538347076,0.06207798968594129,0.019773967306232293,-0.05105337490625884,0.14995455883118736,0.22914680499285928,0.03786397277314271,0.06892532577806398,0.026381462989599543,0.18095383922510186,0.17249828200403491,0.014295531189338356
DLK1,,,,,,-0.019901949316511944,-0.04187187610657773,-0.04251089259955905,,-0.006973268433566275,,,-0.0023372976304327614,,0.03530439304542426,-0.09684886581302345,,,,,,,,,-0.023627079387776386,
HGF,-0.030084211055421795,0.056199581583483184,-0.0058344246684410486,-0.008058974098164418,0.022847867765937252,0.05388915277520904,0.027047314464180974,-0.028495332959341493,-0.03601381170291107,0.018330361057022033,0.0029916660564644573,-0.016971919165470077,0.05352059112575485,-0.014184027410186522,0.011683190578680464,-0.013095570599737802,-0.015193669716143728,0.007194898762639599,0.09005775799679855,0.06583518483827026,-0.009884473696706197,0.04019168963886455,0.06468119258113367,0.12907602797543627,-0.019549649161613405,-0.032958192482509134
GIP,,,,,,,,,,,,,0.007346381682816925,,,,,,,,,,,,,
P4HB,0.024688184600206206,0.04489946128641322,-0.016426653316368896,0.09497333827032411,-0.03530710492086463,0.004208633196519709,-0.03866956997208838,0.039652306158222225,0.1608783575926453,0.04180490697283477,0.004633855854739072,-0.11059690998138756,0.06233316051480091,0.023067555636850073,-0.015317377292170182,-0.0004653981709571434,-0.03598401914177832,0.1003195991773789,-0.12661499976880028,-0.21506954368860087,0.03928232509746397,-0.06950194902853923,-0.022384319358750168,-0.08831472489053693,-0.05515595301171914,0.006042709344814217
ADCYAP1,-0.018661157849983723,,0.0018929935510166784,-0.048351901079821534,0.01171869572722892,-0.04311797433216682,0.021000961755907828,0.005962815597162135,0.0290427020705933,0.0696998771236873,-0.019835885890530598,0.022636654397508064,,0.037638196136268134,0.0425934565169902,,0.06585728418260078,-0.027616741442413533,0.09811262434250563,0.08559298265627509,0.06982002317561212,0.03455147409651122,,0.02311439810295192,-0.043023863272662936,-0.03197905977475307
GREM1,0.0005939410140028988,-0.0051158334010122635,0.02470732357714043,0.002205238458659766,,0.010679847055282271,0.002722392303263242,0.0707890704337786,0.021208060730805462,-0.016675412183008293,-0.0334299017524222,-0.03830710377074804,0.05973643179030197,-0.025739129922011963,0.07953739475605959,0.030057869830437758,-0.08698486779304786,-0.12273276330751458,-0.07021094889878107,-0.013415572925786464,0.012795662716784296,0.12387456442071154,-0.011860067839146301,0.09209246671677995,-0.029345145054564394,0.09895645055171977
EGF,0.02593695277921328,0.016429195420338615,0.030623507863833523,0.00447567485280671,,0.015602379256963162,-0.007534358546451213,-0.00634227731127997,0.10664010111600736,0.008785344129481587,0.008462101723196874,-0.02617694259132541,0.019252950891728297,-0.02890658775289403,0.019783640765119414,0.05407877325027665,-0.0504906644147219,-0.02789135875973107,0.0230520062446496,-0.038044906754041666,-0.056028430095688246,-0.0032527096355739428,,0.1648851191411454,0.10277051007553407,-0.021752863016176793
VEGFB,0.06432227199498733,-0.062164229656767454,0.03663973162443978,-0.00028687931671855495,-0.03633678319831917,0.04254231714596312,0.019538335876695647,-0.004331204343627739,0.14288281328049182,-0.020415613666790358,0.0032389933508784863,-0.08088478915136661,0.006988119538214157,-0.020619413628737978,-0.00017721926242077746,-0.03910636837710945,-0.02992227957198734,0.010620302601349128,-0.04173805695743075,-0.11199592743592898,-0.03195506530285968,-0.057580602030699715,-0.0539094625540915,0.06305960443021395,0.003248030036444837,0.02644897633155204
FARP2,0.08201080804659903,0.07291394870217356,-0.012045523026811262,0.05491326206055161,0.04180943616612639,-0.0017766863569194796,0.02621814602631768,0.060691763792988504,0.08512879097703796,0.014275825630690553,-0.018953866317583563,0.001406286954511142,0.10086133587673256,0.0317741098064043,0.049369986522922474,-0.0441152182124074,-0.02088132550806735,0.02585434375312989,0.09675955782229143,0.10744798513231175,-0.013052139588983764,0.012172559918171514,-0.04445134045699485,0.12526677500036798,0.0647900449829754,-0.011457026715857422
BMP3,,,,,,,,-0.012169511680515964,,,0.013794331154922714,0.01590552281123804,,,,,,,,,,,,,,
IHH,,,,,,,,,,,0.0459681657252388,,,,,,,,0.04797547883748159,-0.007594738811448765,,0.0034029308193199857,,,,
LAMA2,0.07475993920052383,0.03650209697249931,-0.019845082429419025,0.02283966901326678,-0.005823600658983355,0.013285370357705372,0.048743120913623456,0.07345557557411997,0.17249511138621634,0.011089701841799483,0.023228174694596274,0.01907706499918151,-0.02957387673825883,0.0743386224146248,0.04492432075100169,0.05191376682232732,0.0603755652564135,0.0846164583698479,0.09101523407367038,0.1405440501311924,0.07807192238797157,0.004207772939187101,0.0499282820783182,0.016458025888627922,0.019217155682356164,0.0796957975451554
SERPINC1,,,,,,,,,,0.02356700536266456,,,,,,,,,,0.09054174834228396,,-0.005647408113394042,,,,
NRG1,,0.038106682514519936,-0.05521721367699151,0.021140587341123333,-0.008882451211166584,0.007832957048614647,0.01910027714376558,0.02003182243504653,0.05715381720488563,-0.026572714628214436,-0.010311033251831771,0.10753586825181168,0.054722185450469696,0.06703417128978946,0.041444124703330074,0.026589043263082077,-0.07907972696308038,0.0710594611090117,0.04447491589805249,-0.011879943836112938,,-0.05752145266797402,,0.142668858275144,0.08391189147443112,
SPINK1,,-0.03721042552190213,0.03588098633854824,,0.017550954357164784,0.03126048962900392,-0.010364632514389864,,,,,,-0.027363972051547794,0.012570890817947537,,,,0.043170396768538066,0.006226086221907821,-0.025476680471125987,,-0.024467758902925858,,-0.07851767622076768,-0.11707645699635046,
EFEMP2,0.02193527743286041,-0.0508897028210416,-0.019290997661657146,-0.016496082805919025,-0.04543774575738741,0.01392964442776968,0.03148694759204469,0.0492612068831489,0.20252217070787265,0.0604872796569298,0.018128165920611724,-0.10396164419074101,-0.0400191557873838,0.0023746864111164685,0.08211003341823744,-1.5359094719450297e-05,0.02423700178805726,0.011840172126671052,-0.06833989102190031,-0.003579432367281014,0.04946484650695221,-0.04834272802514915,0.02174810631929792,0.07695719092307433,0.06321257960672363,-0.08821751318578497
SELPLG,0.023581625088489468,0.051200063261037716,0.0044709701493466465,0.02290615574646738,0.023024238414207317,-0.033195619550473475,0.04627819675066392,0.03900043991872584,0.048180414680573685,-0.01070678451868745,0.00777795029848335,-0.03582229437515511,-0.005033105782214129,-0.03257666308261605,-0.011427904831584554,0.007935483210475847,0.0617690904459353,0.17667173249168805,0.18365690760354864,0.1110661733058535,-0.018135586346305875,0.025984201537162525,-0.015610366901045489,0.1882323952006994,0.05421665121325879,0.00697187918930567
GDF6,,-0.028910594762210876,0.0005792350637616386,,0.07130498744931628,0.0046939278489986375,,0.06025724882432606,0.07264135757438706,,,,,,,,,,-0.0036208459558016463,0.09021945483764536,,0.026034113599540845,,,,
HLA-E,0.005358752906922679,0.08233515134836213,-0.02496609523747858,-0.01139434945090318,0.016813415844923196,-0.03157748829612874,-0.040031521362934544,-0.029781042170009552,0.20052230716515504,-0.011148775071746898,-0.012722272672177974,-0.16954068622846952,-0.09306159350778574,-0.006254311836186277,-0.01826778050358445,0.003795517022757957,0.03377292796223181,-0.023674910514653105,-0.003355156638045131,-0.0908924799112459,0.01145400256534228,-0.026251050355236127,0.007649982247576676,0.010136504385348534,-0.2238829591756268,0.050132895838897976
PTN,0.14634464422925703,0.08430292664409339,-0.02570608601072377,0.04909471159359507,0.011727491332255075,-0.039090947683339226,0.14741884891614468,0.09764930693028882,0.26640676027881594,0.0454492080777783,0.044291637230109926,-0.08413602930453966,0.04919404513351072,0.012495950125600685,0.1453864824360139,-0.02596901236835975,0.022786075349913205,0.14105793091064903,0.08941990557886538,0.11839719381965774,0.062198746912245466,0.07891106880790423,0.08238497090155253,0.1309835399022475,0.2206162075964607,0.09621478379789572
CD274,0.016056203680989034,-0.005963642574806493,0.006920762150735861,0.054002956759722144,-0.019616794016996,0.07256428206015017,-0.04739010819636941,-0.016163584506662207,0.11827317563210935,0.0012427158798472674,-0.050675499695563536,0.04093967231822278,0.012141705468348073,-0.03604106646793829,0.058518692027639395,0.05348853142698806,-0.04587206044061036,0.10253416033935447,0.09735850952215677,0.05351691026756712,0.04228983685173978,-0.05874833673847843,0.0066979886600845254,0.046091321299966743,0.08616933416638445,
FGF10,,,,,,,,,,,-0.013400576938431682,,,,,0.08800036129930357,,,,,,,,,,
CD14,-0.02708117081313814,0.03899039229986827,-0.02534485046567787,-0.019450152463959668,0.04389992184876485,-0.0684704585177997,-0.08800917825201159,0.05981899680170896,0.18289604479188423,0.05207980551730241,-0.06481237292587619,-0.18237074237428927,-0.041628965462588104,-0.008140012250202005,-0.027683822462010333,-0.12330109661818749,0.01774307399044423,0.06020055889551456,0.0887232846438381,0.02807486154406613,0.05158595293807833,-0.012027384764980373,-0.027621574381149993,0.10199533240933642,-0.08705672152334663,0.1889002082575637
SFTPD,,0.058650322982581986,0.029711102825210965,-0.04955120874612717,,,0.01569404956592582,0.019461558214481447,,-0.006841482773949815,-0.03669585000566463,,,0.00804021384672205,-0.02388604446617426,-0.09350645543459217,-0.11169765331389266,-0.016285197010234956,0.04094979696475905,0.11076016273687203,0.03657619819789635,0.008664053225113178,0.07910621093105825,0.18935480471856567,0.06727774042218017,0.03463979379907416
SLIT1,0.07795931999291775,0.004158711471828701,-0.03838591003551151,0.02151908488862846,0.029241154519780356,-0.022928854973314504,0.04380335211661451,0.10395597711285798,0.14099512786665272,-0.012317044945227772,0.05101869274894235,0.15373616231378381,0.012578712486884396,-0.02657139884016953,0.01034270365823194,-0.045799004690783324,0.02600899421162619,0.11716977226429649,0.09298179239931775,0.09252536699019613,0.05774503196738075,0.05992672039625111,0.005772988733808076,0.1158734828344515,0.021510023751112183,-0.007122640127679916
LPA,,,,,,,,0.03596203038232557,,,,,,,,,,,,,,,,,,
CNTF,-0.06978098867941387,,,,,0.020416600452695045,-0.02857444242820824,,-0.01649213432994176,0.004624535129361435,-0.007186243674840021,-0.08135967846204556,,0.007892399369091484,,,,,,,-0.01910471101968769,-0.014144744571692774,,,,0.0018464277137870619
BST1,0.055722333477484724,0.044093823244725994,-0.012348299062319299,0.043928515683826067,0.04046471741867177,0.0024283344529882032,-0.02582790551426022,-0.025092536519413892,0.2353681214838492,0.014264848719371975,0.07023588434170097,-0.022508232560298717,-0.030535899263214608,-0.023357243969513566,0.0761261551830499,0.01825015254395725,-0.07364008491881482,0.06311853204879958,0.10539379970476094,0.19676884544729106,0.03736091456963178,-0.022680570352158157,0.09343476820658543,0.2174996933651408,0.05389633289846986,-0.012983374377389048
AGTRAP,0.0026508600477604684,-0.01618512319959945,-0.02081196560994914,-0.07245376116603082,-0.07386210712167085,0.030645210931252623,-0.0095745890137483,0.04649574460998142,0.20159479359619634,-0.003903770253217314,0.020364568493776252,-0.10909548351766593,-0.016675492634979895,0.06816791209877818,0.066318809193674,0.03112151221053843,-0.11505339897592279,0.1662599546412348,0.043150578221364616,0.03870906347771284,0.0382485468248444,-0.03678611410585549,-0.004214510061676439,0.10784603558825362,0.08137297592067883,0.03163106884181192
LAMC1,0.11841550893445023,0.08267852181205082,0.01541038551599742,0.028462752256507903,0.009860434980943522,-0.044683954865063366,0.014294895053264716,0.02056064251656605,0.2505456383492178,0.055557975110725334,-0.02539542780909128,-0.046090222623400345,-0.01682022265457677,0.009357832109967386,0.11113966638124914,0.023865066848399893,0.034452052957085456,0.06216350456567557,-0.03312553243109063,-0.0269768417627457,0.12167894154145849,-0.04315628295381769,0.05481987892522685,-0.0016392700264534705,0.02508359786199278,-0.03882277431882856
COL6A3,-0.03265894174309736,0.07521577125145362,0.05069046881800386,0.03334663544393081,-0.010053625362364533,-0.02837862252102687,-0.003249353525490618,0.042013222621640985,0.09970930998868478,0.010674865184175533,0.026497878511908022,-0.061751533258551664,0.14595259048255677,-0.06968520776083545,0.06122203203088909,0.055099754970537214,-0.008692989669692723,0.05872078393298245,0.03690079571355115,-0.0031642466800030195,0.03770817954304271,-0.005471811190955506,0.0906423120372904,0.008029104564566852,0.04102067302349793,0.08314939176586454
FN1,0.056124289977299804,-0.12397209179530538,-0.005050562940987501,0.047417483193767845,-0.06427940769926122,-0.038510602278866636,-0.07295698527973857,-0.01240441840042743,0.2906727993601085,0.04518256395030036,0.011891148477608068,-0.15664417738293926,0.0876628811987578,-0.025694687401929584,0.14298469478391546,0.0991087907741263,0.05972039580777484,0.06450207922908546,-0.1427733790803099,-0.17711120538680386,0.024179312852152423,-0.05508856225534724,-0.026409043722592417,-0.1475575325225984,-0.09379799893719207,0.020763481855551328
MIF,0.0454942763057318,-0.006024537034985105,-0.009978819371709103,0.022556476341262222,-0.09283185428327771,0.08343703201710714,-0.05799809820799516,0.09664505902015254,0.04938578171430779,0.04242676706440882,-0.008265377984964418,0.013188783735549202,-0.07671111239325225,0.04220247308023062,0.033743992196539285,-0.07705965121623712,0.004628294510786398,0.23699741386734174,-0.0218784057838703,-0.011975375109150676,-0.03531905174805094,0.05083447239511452,0.06754148189145236,0.09897126667768284,0.007833831019000839,-0.11872129698016602
JAG1,0.07257174443893005,0.014396613227468474,0.035330656997021266,0.007233946195127194,0.09969828062919125,0.02280945139366746,0.019194942879511873,0.04044642261398468,0.20899275678294454,0.07491838165163835,0.03248020003536319,-0.0823459888925793,0.04504713523310082,0.045856120165078985,0.10888785848912552,-0.13268271733966117,0.03229255080647294,0.08297211124627057,0.024782056510248205,-5.832778108717338e-06,0.06566478123588061,0.03178479684494531,0.07934192376627976,-0.10097487632796465,-0.08177349208328617,0.09835879026281764
NID2,0.03423242548079904,0.11355575915347023,0.004235831294706586,-0.023227831186598925,0.04871290034190337,0.007316020836261909,0.08574790660511783,0.10000696808367604,0.2296509277515447,-0.03484154961932166,-0.04519298532916958,-0.021993819978166677,0.08608921985172348,-0.009990657706621515,0.1125588001849443,0.08911187899733149,0.006232410408785361,0.042974120647523976,0.0688637530925019,0.18745721797759576,0.022606896572219395,0.05094338987801803,0.049369110570466196,0.03954084774624141,0.027187046701725597,0.051275783902780404
EFNB1,0.004713314398962224,0.05231879931317325,-0.048106857685888516,0.0006613763453447987,-0.08824804505769737,0.003534467864044061,0.03298451132868015,0.09730832701338962,0.19435019757887892,-0.005504930164904588,-0.009013779893664644,-0.009215117180309207,0.04567269826804016,-0.012071668858313893,0.08306328047092051,0.042835433572961414,-0.09303531280875069,0.07631449856520753,0.011652362075998254,0.021963056161568083,0.010948623603495633,-0.008191727449302327,0.10329492300478285,0.1934011934746738,0.08823589875534169,0.0868253221765858
COL4A2,0.08680844224927026,0.09205573043196955,-0.016176827101745714,-0.006524989115201534,0.021804335571299592,-0.05770597620819256,0.04241816559785009,0.05006583209046431,0.2759995689538482,0.04817169889540978,0.004676333328198488,-0.08926614921430619,-0.050479076693292546,-0.029383906450263123,0.07353308055332475,0.044775870660091005,0.08446453293160913,0.05847513429009003,0.04940135448864006,0.00393627704683376,0.004744384001763231,0.007577827283019315,0.014251139042325216,-0.09594659273683774,0.049982923038483076,0.01031560957579077
SPP1,-0.12757813922007266,-0.07624365083456984,-0.013467521907705131,-0.08628875873747045,-0.0011022963185479933,0.06104128586050468,-0.12147763661894659,0.06423502988285869,0.2211705378509607,0.0006395776884650053,-0.07924070802054232,-0.1824786325169082,0.011513769757990771,-0.0013690631620456104,0.07208085334937052,-0.18133897235294058,0.01696048635705082,-0.19499919068460775,-0.03192910800940218,-0.12339149579969695,-0.019844364437046857,-0.052826530753790193,-0.017025319130154634,-0.1563459795073411,-0.03741814544819227,0.05627754677746481
PODXL2,0.04529301751039496,0.05940521955933888,0.008190408694300537,-0.005245772033113382,0.04333960869733224,0.017058103504352017,0.03172240018682001,0.014194611959616552,0.019031262331145025,-0.028521023044474497,0.022298082966885537,0.10905191915118764,-0.020976207085154595,0.04226795750604979,0.047531974651605496,0.06852566560013251,-0.028963111853879706,0.14080679986685057,0.09508921459201705,0.09073500447120827,-0.0009007590793109134,0.08958655766600104,0.10578450932815789,0.26205999075259023,-0.017582402934876253,-0.03368359029070901
IFNE,,,,,,,,,,,-0.01745207789474831,,,,,,,,,,,,,,,
FGF9,0.05496685614518459,-0.009376088488339304,0.03096891498345585,0.023413213921502276,-0.04811221966788706,0.007523229624942203,-0.023841828502597594,0.03195310746269541,-0.09674850880438393,-0.012272857502759797,0.021484284495902884,0.12333468531451995,,0.08397322575540435,,,,,0.07625434572119866,0.19902655718966078,,0.022053147439010302,,0.08088271824066734,0.04184499981803845,-0.08995866582297661
ITIH2,0.0077052161844320625,-0.03282416750249221,-0.018567369953979652,,,-0.007600746498855712,-0.0465874758323318,-0.05236453467206128,0.0482471622810472,,-0.000167134520903466,0.024293891197705336,,0.03046136361448614,,,-0.0011924993187008908,-0.06768624753376305,0.09540956714794745,0.09085124555104505,0.08044351717487602,0.021866418684208903,-0.08115831121609504,0.12444680145567089,0.08187553184244203,
ADAM10,-0.05795261682182084,0.04119339795877376,0.08419594986201988,0.024138281599098945,-0.049979783978000306,-0.014688783475663443,-0.018838685227791457,-0.004744601116304273,0.10166778904835445,0.02626302649091846,0.01937525320349621,-0.062374289446973735,-0.006132993911212679,0.03185427834520545,0.10838471699836139,0.05175947861840153,0.058140390938431735,-0.036156426684414995,-0.0011106119947063068,-0.03809992360321694,-0.01691247948129659,-0.02490604021551006,-0.013626798281036941,-0.024538952981562348,0.11289919407027031,-0.006952036519720163
CFH,0.017760713356554474,0.11407855948742329,-0.021470833018680295,0.046706102652245535,-0.03217208174534074,-0.0480164304464344,-0.00927060810480952,0.06319294674378184,0.22374432953662662,-0.03176109273295383,-0.008083442157257537,-0.06121132727883918,-0.0004907960162937652,-0.02050673543446736,0.12179532300951845,0.05234349536016577,-0.05244801941756948,0.13138284114626084,0.0686495762753075,0.13816344112303397,-0.015480709676073635,0.034492467087046855,-0.013848262864300447,0.07180524740481263,0.06083643415228346,-0.03217224940348366
COL4A5,-0.05897239044439841,0.050649186983450875,-0.024289761491686646,0.03535546427676973,0.08820784509591158,0.03200621878524923,0.09152091040187087,-0.018722197949439374,0.05715307879041177,0.05856758215917763,0.06612967149684995,-0.04219850559052628,0.0028488995266577315,-0.002552377179606202,0.033152845077680834,0.1088686069087822,0.1201701610550558,0.008532797671127428,0.1425553343462079,0.1913147147843832,-0.025767377670508115,0.023181987478839042,0.04193098542046258,0.14636535872828368,0.05004642683626676,-0.06122592973724666
LTBP3,-0.014818964121416329,-0.07864369399686993,-0.016164990341386964,0.03542784019860531,0.0063630988790633275,-0.0330453575971538,0.0014659287440459176,-0.04792138295828173,0.04639720285827588,0.034801586296060706,0.04347661514441958,0.07710928422004935,-0.035339020809338505,0.0019461026067203171,0.02754690881483775,0.029932172129443876,-0.0568540986772607,0.03874094926480557,-0.10250247581798869,-0.13156673943117725,-0.014053144644037185,-0.017204733583027043,-0.025274344345128683,-0.06633578283614226,0.07693596024508001,0.011675380192426418
GNB3,0.049922608395517896,-0.03170450834094651,0.06349179579309931,0.06029347124737184,0.07690898045381976,0.024977885969641928,0.009678430857280979,0.07035437630426004,0.14270214515619606,-0.011727172655446167,-0.03422996528515751,0.06260995611212197,0.08845268642490159,0.06820302242424342,0.09104809577577712,0.046409890635457876,0.026854814654409778,0.0861999634462825,0.12909249253988989,0.12878014391951487,-0.022614736200752147,0.0015824817374884034,,0.08824981957441415,0.03980814709881413,
COL6A2,0.012904424497568462,-0.05842991360504708,-0.0193823161917425,0.010812085969400703,-0.007018839446037419,0.027075045545559857,-0.0037933712027738856,0.04748864106389811,0.19379441406864184,0.025073324889704082,0.00025437134286828724,-0.12366487452109405,0.09949358678684153,0.021675751769928996,0.05924568387307262,-0.04695361089766648,0.07307270574952225,0.07227870133180975,-0.10455815406894758,-0.10937163913067892,0.029370623536919455,-0.053516197342033625,-0.0078886739353007,-0.06412503735011539,0.010831197368168144,0.08045540134134384
PLG,,,,,,,,,,,,,,0.04653775033993382,,,,,,,,,,,,
GDF9,0.03386511221335893,0.042896798011420406,0.02498879028913859,0.03900416955161642,0.04968372843244452,-0.021981564632150417,0.025890398604550002,0.0265436830739814,0.16104376642286938,-0.0015781316068291436,0.015805059231065663,,0.09143816929245172,0.054124114152539045,-0.015255376867232898,0.02615966431807208,-0.04264295334619579,0.03848453940901317,0.03616537857691835,0.09339736354719401,0.01748405113518812,0.055626627009429185,,0.08994446039869487,-0.022773821348163144,-0.010561220047760642
NCAM1,0.012953907278625778,0.00835640517476811,0.03275397326220342,-0.021595930196983887,0.031800210074663944,-0.018698844190662495,0.09782596449502977,0.04319306791679819,-0.133717046310072,0.018411053350750724,0.026128655413119633,-0.015234936643056264,0.03053221925049137,-0.0031993292902676553,-0.0687725364548677,0.04993630023666063,-0.09317988158359337,-0.17582750844074474,0.1241598058688353,-0.06929377407899988,-0.030485844027214132,-0.012017894247692283,-0.14923410520145172,0.047148936861091666,-0.0431692394261977,0.12363485525823754
APOC2,-0.05051282107817241,0.0630341294178844,0.040919244050849124,0.017061431992967706,0.07064220092720996,0.01786063829823962,-0.019039487416334513,0.03916776461283123,0.09660047017402755,-0.038194637730456574,-0.05314606014071481,-0.08509731917515771,0.009822082569394321,0.032724137001627324,0.048013646282857446,-0.053572600872752285,0.01344210301432804,0.09955648227533577,0.2015134043292373,0.1501209868377272,0.024983113209374234,0.04882842124254877,0.10239856176219561,0.14795737252505253,0.02833512031670796,0.10361752867415125
BST2,0.10192915936655442,0.0032177721874924576,-0.010648240705773982,-0.06405623539000485,0.03418552978529473,-0.003706780376179665,0.027889755914664156,-0.02533474222691721,0.26450382321699833,4.101117782338221e-05,0.005731103766077272,-0.09976090926487517,-0.044823627060599225,0.006556692114988389,0.10071185085228346,0.12674165850278746,-0.006051310339213676,0.16283093048962968,0.06972915242762183,0.12149703868263742,0.002504213447403193,0.059409668371335364,0.05412864455193011,0.10665978892100199,0.0861726299320941,0.050754416094571715
COL5A1,0.06699203376765275,-0.045298364290166454,0.014928609696276518,0.004242837157669798,0.002633002746885753,0.05048129465592894,0.00928456563336977,0.011404822693632657,0.17644141031093752,0.04717769793713157,-0.006211690708522803,-0.09052730249489681,0.13021471866067003,0.02114796171535478,0.1455320010236272,0.015512125108499244,0.07926311708129767,0.11053489528253739,-0.020561334147141133,-0.115553678295125,0.015733762938421925,-0.03694214023174984,-0.025324041425257716,-0.03225098627308788,-0.022018304831780213,-0.0803316528986266
CALM3,0.0025795678889735025,-0.00313041685046009,0.13028219995853074,-0.05738786335544482,-0.03204255503609028,-0.018037781280613594,0.07805073148962224,-0.040437682059034565,-0.1808655230659262,-0.06578449371886141,0.01734760360470047,0.1733155439094178,-0.01892838762131828,0.014521190858396555,0.10328628308455923,0.0417289773340448,0.07901170901630965,0.019645103593726,0.1765235836981806,0.209134632991704,0.049886023681191036,0.11389792497962128,-0.003780304334975504,0.10391118519859098,-0.07485747489721552,0.04313039166261022
THBS2,0.006926660433833814,0.0567967215340234,0.04294644291647477,-0.009822535152925332,0.04295407149272724,-0.01144811658363819,0.038575930462500754,0.01481964620242459,0.11951565110824423,0.012070484663977163,0.04338586370774611,-0.07968621571718885,0.09943866641499263,-0.04522023541965296,-0.05973730150917902,0.01803316931868496,0.028113482856034343,-0.002151627468771354,-0.0520282885544626,0.05161138765258963,-0.023495852660293547,0.05170355402681209,-0.07199011912556037,0.0721542035109867,0.13715257899634367,0.0249957525718231
SERPINE2,0.07170474983525213,0.09609579913391347,0.08823854667734209,-0.05039002160380241,0.062452030266637086,0.02286144908935427,-0.05397056928125543,-0.005238473380855951,0.04659434310454509,1.3677522785834342e-05,0.008753729557308245,0.07245283570643252,0.08040042283994323,0.009896155971347343,0.04499203381037901,0.005384370948417553,-0.021036060307826406,0.236137687890142,-0.05747465925596124,0.032388358052630094,0.03594225233295442,-0.10163422435479275,-0.007468186071887489,0.11536943653316431,-0.06461848813229969,-0.11470286946572869
EFNB2,0.06254916296618031,-0.07988998610544792,0.015109360484000625,-0.021861415752294583,0.04302303079045391,-0.005802641085739731,0.017792332255308158,0.005527269689871903,0.11956891433623755,0.0312435746195158,-0.043095101033269995,0.0886401099404306,-0.058918626020274915,0.06837840723474957,0.06700628789157376,-0.05531483463593319,0.001033035082832046,0.032903681916505514,-0.07415572657960898,-0.009876479777864444,-0.030885904578565316,0.011429905892415293,0.004924332068263659,0.02436908962022822,0.035086082029772474,0.01615965336297243
PROK1,,,0.05425746842659207,0.03841657811635358,0.004560153917217636,0.028217583032191004,-0.0057730185615037346,-0.00412883549770165,,0.0011031785945800714,,,,,,,,,0.01735951985350156,0.10165711346913975,0.020938971966858615,-0.004489580709459271,,,0.04708061332734549,
LACRT,,,,,,,,,,,0.022246066962057616,,,,,,,,,,,,,,,
MMP9,-0.011539643995244053,-0.03980182171725993,0.012145626766837975,0.01758201776248044,0.05415087367221465,-0.06291097413625885,-0.03353199480691114,0.007865995828425105,0.22123630843045547,-0.014862800031411225,,-0.04517890501724646,0.035579035776018016,-0.015480887432331045,0.15349873527021612,0.035828290791415356,0.07994293676146225,0.037903958456976,-0.09693376286176426,-0.017326395362702786,0.01963610542241285,0.03827281901400089,,-0.08792734809473202,-0.09071576821269353,
DMP1,,,-0.001997343011923614,,,,,,,,,,,,0.040063450623533475,,,,,,,,,,0.04172878403112622,
NPPA,0.04486138015452275,0.036294390527714236,0.0452143412604811,-0.0024861020378548807,0.06355458633575715,0.02280804559795673,0.032188812494856056,0.03629613340264516,0.04190340066144635,-0.0227515639232845,0.021603730326589802,0.021747126774362392,,-0.022595086474794104,0.0680568025614445,0.08252752193497517,0.06464798364158954,0.08979388586406728,0.09964522231827293,0.28492493457910295,-0.0058393144239409596,0.06944907813926925,0.14399583732445673,0.019494193662957286,0.053812315038854426,
APOB,,,,-0.017443785619961707,,,-0.025269491426128797,,0.11016724638530412,0.0018084633325733091,0.03197553386003511,,,,,,,0.03953877229339951,,,0.011359496833400005,,,0.015436285224464314,-0.053311811389576746,
C4B,,0.08766379033145236,,-0.0003406633531229317,,0.019093704592522846,,,,-0.02535497460613609,,,-0.03717461793264426,0.02171361497920879,0.019836776678836997,0.1355236583613305,,,,,-0.013423126315641982,-0.023424520716971823,0.027971341091931452,0.02908422664793698,,
NTNG2,0.07914420319616654,0.02145302639366662,0.07437831778903094,0.01174620826791716,-0.011561954995251528,0.002321495036329654,0.019623649249466354,0.0329910208729557,0.13182348270864983,0.005846098864842161,0.0021100024615149805,0.057387932925882804,0.0466374311930389,0.012263194922754456,-0.00924223047162127,-0.0012432188032257515,0.0505520470783048,0.0520368314819725,0.026063083215974416,0.058124522617088795,0.0181769769349077,0.0517453281184531,-0.019625877816262162,0.08560941358508499,-0.02248926758986206,0.005656321531986256
LAMA1,0.06651596676347908,0.0412963037812121,0.037338671934565894,-0.02347729685143653,0.02430583826733073,-0.032304431780958466,-0.021937394875045823,0.11924636774790447,0.2528964674851539,-0.004102987870119843,-0.006653045740122754,0.09697087787604339,-0.03305220051155059,-0.02710784010516982,-0.03115466924685704,,0.06543365067949741,0.21996641212528317,0.003704119025651176,0.14671079151772473,-0.002098842284413624,-0.018346033812244287,,0.12553494275529614,0.0949879458557503,-0.036384377277814635
UCN,-0.0567917984587252,-0.013604594933256014,0.09690034111747985,0.02766187674968467,0.026688279013173763,0.007561781657446859,0.0424885415422069,0.059021885433720334,0.06383299102568234,0.028879892347358067,-0.025938046286580627,0.006789702358498639,0.0796571942270075,0.09676566194151742,0.06569549240088302,0.0872527469773631,0.02327502601485937,0.10247330201143723,0.001997927324521795,0.11328262260502671,0.028761084539133817,0.01702819226958218,0.1401889100699788,0.1624192628053759,0.11104416857300638,-0.045992820490380684
ARTN,,-0.010028308230459321,-0.011694816483235707,,0.05355181363667063,-0.0006621758724876499,0.005027240616022114,0.10125409078834609,0.01369037087843657,0.021348033795604713,,0.072668544443019,0.14603844837491262,-0.019269977383587763,,,0.06047268110680289,0.07910741405097302,0.09067335543043627,0.0790904221365783,0.032723131320506686,-0.02464457364648549,,0.14227281857154234,-0.002109490883603162,
PDGFD,0.084199638766637,0.07747515089121752,0.021410538284896544,0.012148797941088493,0.021193769433794245,-0.003503102305435071,-0.026284846619454894,0.06880676241727435,0.08103164313038147,5.220138547764926e-05,-0.045644895336042345,0.011945317322523626,0.021615125345120792,0.02230517579903311,0.0575850987496008,0.04326058689900207,-0.0039429961812899915,-0.015170311395253148,0.08103858870751612,0.16183623114400372,0.05902359661193358,-0.052869817340569975,0.03775768975751476,0.17191203404863678,0.16327043082195408,-0.035361153951754064
EDN1,0.0359959480789584,0.03999323888827753,0.03335624643105167,0.10359845224239249,0.01524625351354546,0.03607964919953418,0.04494425139468745,0.04320529345931639,0.14185073033593681,0.01427173391833826,-0.012293593160444531,0.046600578791479316,0.017264447137671526,0.028507729257389966,0.1100693265978192,0.006516335029902428,0.022634510133609363,0.0612065154956431,-0.01253633159621208,0.01750594937695529,-0.003409989632053489,0.004533362914989841,0.03341684989003112,0.09624102374196887,0.03596591646195574,0.013686854808692037
ARPC5,-0.044851149880284685,-0.08774331276115988,0.030363164998451164,0.01511195438865833,-0.01133715639968946,0.045603570005195784,-0.07832957772209213,0.015632193265345123,0.11394644636750403,0.007425121714527765,0.006441565815631155,-0.11741454049596632,-0.06022175155361433,0.00868938906434873,0.05190820784132026,0.03163947683810136,0.0035574173192311756,0.07557087680963587,0.030051275833326056,-0.007138980007154578,-0.019635699516072722,0.09815148212456536,-0.0030005580730389607,0.022415290650096596,-0.10143156355118528,0.11292150022512422
GSTO1,-0.055825349869676376,-0.06164765557228705,-0.009112295057388402,-0.030261786256751803,0.04273440564620833,0.033226041687238,-0.020530950758010386,-0.06723311765215452,-0.14292218018621014,-0.015511432760039,-0.027449577505631154,-0.0558981990845917,-0.01626752326502447,0.0398485653219343,0.1196532149948989,-0.04248237335033532,-0.03285301589666348,-0.04766664057780142,0.022998798751628458,0.028819733075883026,0.015216210363760571,-0.022807279543367486,0.021491419325457062,0.011742615733824522,0.016065746034318467,0.12302682258779618
PROK2,,,,,,,,,,,0.013822958140450812,,,,,,,,-0.07779899066042778,0.013523757981771866,,,,0.06701376280684831,,
SYK,-0.061236880351962356,0.07416641838957728,0.03514208689548692,-0.005956312684904704,0.10423331644515145,0.008077557175550221,-0.018005739651939103,0.045758046027202175,0.07875726945441283,-0.02113111383855283,-0.062145989140304496,0.007099399022102401,-0.04334185735058643,0.04019851782603137,0.0600743438510578,-0.05219841700032125,0.04252149107140847,0.06785914574113096,0.05004972867257501,0.05138813002793153,0.039261288918571995,0.015607985648274201,0.12051648359946324,0.18411028060098972,0.08569275674335855,0.1253516900131269
CD40LG,,,,,,,,,,,,,,,,,,,,,,,,0.08183075563252604,,
ST6GAL1,-0.1011286608596093,0.03258101755064931,-0.05148560865053339,0.022171386968003606,0.08514594127389319,-0.036712219579720706,0.042702831074919956,-0.0015512317118313004,0.07278595462093952,-0.021625264351957402,-0.021866572314847964,-0.10318832167319521,0.050031728093332214,-0.014378423459226849,-0.0006350196756683765,-0.001747635242293249,-0.07241155517039999,-0.06792121083222442,0.10817249055168714,0.19023604219494303,-0.014726798099569382,0.02873226672023394,0.10684795344768365,0.1890377833565143,0.008105943958436031,0.15357270002348214
WNT3,-0.05987806202171038,-0.023251265270626962,0.07249554619981141,-0.00956165752710734,-0.030029598298613975,0.022951651304668485,0.07608235750427288,0.08356328388346985,0.0037917572135351255,0.017319945038855984,0.05413689586760697,0.05225761018624,-0.00196620595999609,0.07372056030777926,-0.01643985029684012,-0.02614314093522307,-0.05148581161690032,-0.032614227728918664,0.15490270645250745,0.16678006843129325,0.042235202253183474,0.040872807210067516,0.05460225304017429,0.09109751290044177,-0.02095480105413141,0.07867063533496416
HSP90B1,0.05176816526983261,-0.010533576604697168,0.0418090350305238,-0.019639685601230555,-0.0175881872972712,-0.0007983641657371591,-0.057644956536861566,0.02305857355734578,0.11547149632347976,0.027283751656278804,0.0036246734825460085,-0.07819842790790374,0.005844827333423521,0.0033196691648759062,-0.05815142878709321,-0.03159538184812236,-0.11266985806290496,-0.051345215919602775,-0.15213713739079743,-0.22581222797399847,-0.020505012384165924,-0.02890712316971521,0.007226708603432053,-0.14730482629234334,-0.14935319129449778,0.01803309481801036
ZP3,0.02469411201565545,0.010639424719175054,0.028434622073914218,-0.0010943867843762254,0.08899840033105522,0.013776458324052807,0.03906735246549147,0.07004972297900754,0.1840429468340168,0.03186239872979528,0.05115377312738914,0.11803595751741847,-0.002605822395647689,0.01690675109944226,0.044163699001026575,-0.0031785833924441865,0.05572898797589776,0.1567110731465858,-0.0021588353440212004,-0.004240737445618196,0.034214957380278,0.05814546945705647,0.011932631142331543,0.16984605092212918,0.06677581274863709,0.013240193122540996
ANGPT4,,,-0.023220029213090278,0.02803847240771957,,,,,,,,,,,,,,,,,-0.026265740243498637,,,,,
NRG2,0.025874157665511682,0.02154222188525216,0.023746052756888753,0.020782654083716785,-0.017722749434087557,0.004936242942247198,0.019483480802700688,0.04907022309214028,0.008483899335550623,0.0017159513650707662,0.0116505360893628,0.01807024522979747,,0.0019438984346948414,0.005482649942323168,0.03869806957948453,-0.02776288342487796,0.12248586686341456,0.020305873652159183,0.08845280418899502,0.03636812424512222,0.01422625150143524,0.01708874675457769,0.2551351660219349,0.10778796610871956,0.13227431731797773
MELTF,-0.047441851209807685,0.07938220703576951,-0.015064198681402392,0.006158240453837556,0.018571972573772227,0.063542326471483,-0.05083081223328267,0.06479978436490945,0.10083747447576273,-0.007821283248676727,0.03924491106144326,-0.037116711477273905,0.02127463031184899,-0.012562571498254894,0.10211735871530148,-0.006928810757817492,-0.002829742128750773,0.11286156130199478,0.06507161009858327,0.13583255265267913,0.031224973710417298,0.003958220821265083,0.04218769415551542,0.18753504506460336,0.035036383678203005,-0.1424405515538356
NLGN1,0.012781785473213306,-0.011435721898166822,-0.01744237355184286,-0.038427316840972746,-0.0036715174578503596,0.037789179049399615,0.03550798811387127,0.03860332625443469,0.15457379251106662,0.03992471252012008,0.013749579450889464,0.001455041919167639,-0.04366254257770374,0.025317601107574608,-0.0150024351021674,0.04888098494731453,-0.03652143093253937,0.07293865087041476,0.11172925528333956,0.02476717787800593,0.060119611238256605,0.117611173049564,0.06370543686162623,0.09769406738907752,0.10632338770678658,-0.0697090189203891
SLIT3,-0.0004287375510189469,0.07028672002772991,-0.0014881542514298162,-0.03556612341203436,0.044814214043340066,0.02495260282980313,0.06978547093920318,0.003789474398082399,-0.15412555900839037,-0.008222655254570844,-0.0078553403403098,0.019613469290535923,0.12359607574287625,0.0033353326335352307,-0.02196833434028874,0.09962320841728887,-0.0434473822193751,0.03712329321317099,0.07011004261155761,0.08493219900248432,0.042003172105779286,0.046779913473413454,-0.03019639294517933,0.08894511428197792,0.011453693669690838,-0.005758884286716038
CCL8,,-0.04203547343625662,0.015601653207109606,-0.03909972739435864,-0.015111328272842737,0.0033950265942256615,-0.002383453059509185,-0.03374714702015554,0.10980956233316243,0.029963884403443792,0.003045329972001367,-0.025671724352314514,-0.01653457127140365,0.015891397464161905,0.010461088794220301,-0.056761091942596376,0.06788331980984647,0.0007606573252434633,-0.014204529148105534,0.06722540510937276,,0.010970224780256166,0.08861908974462016,0.02840477640840234,0.07454673938509024,0.19252461744789134
S100A4,-0.08674768996709054,-0.05874774274318692,-0.018078950825100124,-0.03588461648689503,-0.010472781416794037,-0.05652285210711291,-0.08714123497071788,0.0894220912487561,0.194433141946112,-0.061940917394224304,0.0040652559482690295,-0.049850600599340544,0.102373237499507,-0.02383790157608824,0.042617301900017265,0.037555866062449594,0.00203848492672282,0.11176618198411639,0.08546595967865685,0.06587343050501322,0.04222206379231462,0.0016201387368722662,-0.0321217613734824,0.02307935693170714,-0.03888839797816602,-0.03525614616147374
TNFSF13B,0.07319360222292161,0.027065615927509872,-0.03183981239829589,-0.008700348620586171,0.027385058057519326,-0.030749905159651612,0.01785347820208872,0.055053320607148765,0.2123396234869307,-0.03878548629687697,-0.012714437430993554,-0.08385115790712508,0.058976367339481334,0.07531611785852321,0.0678123400810896,-0.02762260730000756,0.013700961173766676,0.01935036532975859,0.1058142854900839,0.14820359257539234,0.0474070847440041,-0.017075272492217883,0.04365082655369016,0.17111608153375168,0.04918192758123032,0.029943918742385247
HSPG2,0.08952572268035688,0.051778902519627155,0.005429445338878609,0.05949698555876216,0.07398573213731056,-0.027044545514949225,-0.017526998118603244,0.06452290391636727,0.2224716781868227,-0.0013825830353076769,0.00016088044988027913,-0.16685659652831092,0.04060987946544543,0.029909241794243487,0.11877759680258468,0.07525889728830079,-0.006040933388240145,0.03856042545633144,-0.012953579610158627,0.04274319237046777,0.028415482007988893,-0.007957727684145138,0.083514362641613,0.009826433007970235,0.006902385334887377,0.07973192435670809
FAM3C,0.08086552605184351,0.025766095642936207,0.04528247262481672,-0.022767145100232405,0.00044846965017199947,0.00788167547289717,0.03815194514988026,0.010233482884308679,0.14343286772820985,-0.03461834510811621,0.04376835878746146,0.17834830906666763,0.012791904366672126,0.0762431082826391,0.08953993963210581,0.04323895999543209,0.03414369759957557,0.055642368915328,0.15111173459292498,0.07454767765410053,0.07091371549102019,-0.008542989496824915,0.10367946701093902,0.11091449305137002,0.07191086080777959,0.00018883773978430835
FLT3LG,0.048979545249999194,-0.048358651913547164,0.045430631072139106,-0.009554706480823813,0.07655831465386473,0.0016126081786766043,-0.0011680332180500216,0.03336947786437216,0.12082896781773828,-0.006518429160886557,0.04765827264030318,-0.016017266355166246,0.020839821996698003,0.08744689001619797,0.14009833925257575,0.017254886371354927,-0.024773702412905923,0.13964101536645349,0.08573735912630302,0.16160704932688758,-0.003555125044060563,0.025633767312626603,0.08958633070119852,0.16047263117751287,0.05770251174543196,
A2M,-0.08574071789751218,-0.02453363575620184,-0.03372918376922778,0.0838335940948243,-0.07693772577655156,-0.08169087629833206,-0.0799887827689135,-0.03842748747297306,0.18233789805951953,0.024444661230490355,-0.07241081238879403,-0.15938660776992833,0.005184657461499194,0.01591028747016417,0.04309802232726867,0.005323644084856858,0.08007480725001212,-0.13148502388524713,0.10905223588834859,0.06911575730213593,0.012050632642290088,0.010883545920474066,0.05918510410050859,0.05543208470882321,0.035242664507923294,0.10919958559009478
VCL,0.018530614925532,-0.02789998074471729,-0.08627051421678439,-0.01840445518653551,0.012528478884217495,-0.029337394854063496,0.014454039792446412,0.0006062710041453118,0.12861201280571424,0.01239001051745457,0.01715814877491661,-0.06852227607476727,0.06193725426600271,0.04537349469139944,0.0514517142458474,-0.07510448084069472,-0.009628470373445597,0.06523552283527367,-0.10956433063006375,0.00521482558517718,-0.008493738071718073,-0.04499707817446561,0.05440313203986219,-0.05028709278640799,0.0440956654553435,0.06948451952009946
FGF2,0.021751490433716787,0.005056676920345441,0.022559566141959597,0.043635843065211226,0.06098379925344144,0.02205401407541716,-0.01081946589224938,-0.051123082748914805,0.13530991963383787,0.012580899801566158,5.623655226497099e-05,-0.03191999191305494,0.005760404989081002,0.046256754655235814,0.070174890203477,0.07734419519923152,0.006798434306870395,0.054768441207201486,0.03597620712521458,0.09962801570575969,-0.026920815044933794,0.022533973777245822,0.017422182809301915,0.10951996061492883,0.0386366617222015,0.005806178125484861
AGRP,0.07621068826184253,,,,,-0.029255171621883912,0.06443164091939702,0.02028322778251678,,0.04387820866608539,,0.013555606750830052,-0.02146518889578165,,0.049334435136144744,0.09648430200709344,0.012266146939633677,0.09068179027632556,0.008305977285204562,0.0861338187285564,,0.010948260431915505,,,0.002493472075730259,
CNTN3,,0.05703280106108869,0.07650980585737233,-0.0247788518706517,,-0.014194559865814834,0.021420744365727447,0.09803028394819492,-0.06128418783724659,-0.024597858174767343,-0.03398334277244681,0.11201628314649294,,0.09311218968596625,,,0.0356636303864708,,0.10501148900494586,0.16896221248239524,0.01057094733885461,0.10975107170182836,0.004989108258736154,,0.02756196928003987,-0.028263150203320254
RNASE2,0.006109362715096808,0.02126757851813583,-0.03066072406002972,-0.0354170976311377,0.06060028121079257,0.017003710823401803,-0.04899074921231485,0.04098794091645036,0.1856827770537725,-0.06138738207745301,0.034165255546438685,-0.08344524499614155,-0.011944983216419024,0.04348788895171357,0.039622485438361145,-0.027551028834611826,-0.036650249351260746,0.03380423266875144,0.11042503350685211,0.11409781996677924,-0.03333332720170081,0.05404821568754257,0.11330069368290786,0.20867102755490863,0.09775898968217599,0.025379756652329073
ADM2,,0.020376100936610162,-0.01643267379305821,0.03835114024211289,,0.03295735367506707,,,,,,,0.04301755695956033,,,,0.050439527004769655,,,,,-0.03555084569507998,,-0.022734958020699355,-0.022047450854306077,
GAL,,0.08583304243694737,0.013551662116365052,-0.039889929309139295,0.03636618531201174,0.08780658643713678,-0.06337046075773788,0.013947132649485362,-0.029730330654809994,-0.019580533624727253,0.008427214312135504,0.08801121963428178,0.02795491889816255,0.01802272823389442,0.023341426362744357,-0.020348685224693012,0.10098468935386493,0.04378440068210007,0.06631503594191476,-0.0478902715849343,,0.03766313466488139,,-0.022532969952399368,-0.002103363398764712,
IL36B,,,,,,,,,,,,,,,,,,,,,,,,,-0.05016440346519673,
CXCL6,,0.007166523233699755,0.05800543808510879,,,,-0.0055281696065819,,,,-0.015123705833875001,-0.07337683986295104,,,,,,,-0.02638952928782726,-0.04259775085899567,,-0.0034113664597666704,,-0.001898606362364433,0.026505447192234115,
PDGFC,0.08864258585900403,0.04499411145470428,-0.04779831823316435,0.06496908195760014,0.029728869046312403,0.06719327196561081,0.09226011788630535,0.044273855091913526,0.23252236148077476,-0.003884353590581766,-0.018252753727663117,0.011663638364763912,0.033624570536344364,0.029939054739564423,0.06904771156299311,-0.0010436046985895938,0.13060061530609335,0.038683168491663186,0.1118119079427248,0.11048215160200202,0.06240697097843337,-0.03425865534905319,0.13031465561577305,0.14322324578542917,0.0271891151449442,0.006661986384837749
COL8A2,0.04256287314520133,0.020736115707594177,-0.011122798085867618,0.020347757146186748,-0.03589416825954754,0.0003533640063470274,0.03165194987604128,0.048334749520487,0.1399499200989023,-0.028719268298428052,0.025397745281507195,-0.00707963189951551,0.015773960328821425,0.04658198251652322,0.06382943249952093,-0.07988470089318692,-0.02697590993926957,0.010528329713340556,0.004810161022083247,0.14794371101872814,0.10980897747492296,0.04468080343109863,0.060917240450639426,0.22666889171903123,0.025501078810889616,-0.06602267551419791
SPON2,-0.027228234424409147,0.09324028904709815,0.0036354874513751813,0.06037824617791651,-0.02779745843865578,-0.012590496898105893,0.021740661803309986,-0.011939649322982172,0.13887087889805275,-0.037248974632593176,0.014599756662301289,-0.015833325339595496,0.07993749996425166,-0.03437936196061471,0.043777537953146844,-0.02965988997349026,0.05662282546654236,-0.0006033344828837022,0.08425252609277425,0.06103334631510427,0.028114132165635526,0.03889745686198322,-0.0010619886545918998,0.09046158427170438,0.02486879114345455,
LCN2,,0.013821733671633566,,,,0.030023562282855028,,,,,,,,,,,,,-0.0015437637835582143,0.00519854583025922,,,,,,
SEMA3D,0.055836418806876,,-0.009973059722079151,-0.04110688881606791,0.13800995385863565,0.014708982007608265,0.01821943177128561,-0.004430796076844499,0.05598625800013509,0.02664807094473876,-0.03131265577231886,-0.0011275042720264657,0.01893063050431511,-0.004451005267106776,-0.09217765030489543,,0.039486732366553104,0.03126624943005702,,,-0.006140027792604634,,0.024157958111555043,,-0.0177323798403402,-0.04904663784466402
BMP6,,,0.005445348566116837,-0.016657926554253442,,0.02006852348768337,-0.004208356629207366,-0.06062659611142356,0.04407368182959602,0.057315878287173716,0.007191906991353141,,,,,,,,0.05267095233701914,0.04878091856102345,-0.021731793743388378,-0.020676990665751196,,0.06331692501746167,0.032620786782324745,
TIMP2,-0.00915959846043425,-0.006289123475438219,0.010367498743825844,0.048140575353910885,0.022450148160763517,0.04092860685384216,0.056647630159543536,0.02090567009993044,0.11381340451308532,0.02086270165220071,-0.02457433661707736,-0.15443224395610683,0.11738908514141896,0.008137264992199442,-0.0412246217502401,-0.0019521467308483782,-0.011020580807011857,0.03362270976864051,-0.01461986065394897,-0.15708317379924386,0.010263085672238938,-0.06731625411688594,0.1346457745260513,0.07518641578431595,0.0706221716783886,0.08827989012223769
EFNA1,0.03731958652708548,-0.03394486146153386,0.02395725727960594,0.060862509422794954,0.0965830841840219,0.04924764999473618,0.05834777462612766,0.08945998910572724,0.0752093038071602,0.003888032231014877,-0.020690666279493952,-0.10641437349409563,0.01428948258010813,0.02092607076924159,0.09131803250576115,-0.07559282668954657,0.02536812764684714,0.12114133133367679,0.006894730623485842,0.17150998702005768,-0.015669121046240755,-0.017773551322684388,0.009542599922212099,0.05911421777278608,0.07988009522637428,-0.07323165078696817
S100A12,,,-0.013748578060003383,,,0.06717496229720299,,,,,,,-0.004733757213177741,,,,,,-0.08247189716559929,,0.06413184055849898,,,0.014778187066492305,0.01952151628826295,0.03839651114163019
TFPI,0.0797574018776113,0.07896547788483023,0.03370162154439243,-0.010402937262625334,0.0464789883082882,0.03235804255347728,-0.023318314767987396,-0.02682522317852255,0.22153528693250713,0.03505484775988543,-0.029535313783795498,0.01252093499218563,-0.08762586767177429,-0.006166536261496353,0.08262070686551234,-0.03814745162393408,0.062200795174113956,0.1205588842754711,0.00372137086764953,0.1225226376212492,0.09567764270354985,0.02028311011057942,-0.012181418261441836,0.09903219773418158,0.08590392547141197,-0.012149078790562423
GPC3,-0.01038800272546185,0.032524895349892016,0.02890402741396826,-0.06616468578842699,0.12287141249929608,-0.027230840642320047,0.11254625752132942,0.10300412126374146,0.03706106133945806,-0.04776207928035751,-0.026499881963021055,0.006544794676306644,-0.01964453913410404,,0.060093698446776436,,0.07906307267641105,-0.028299187154501637,0.20703439579702945,0.2047821430211402,0.07501674718091655,0.02384471998532258,,0.06378685180879409,0.09316801892213486,
NMU,0.04488906571769638,-0.0036009689406541518,-0.012017010097560636,,0.03923944158808487,,0.053542389888681784,0.06848776979808699,0.09915937998308554,,0.04695460898882046,0.12763715004865103,0.025138998152921685,-0.029464014347251058,-0.051852974073137416,0.07302448648193913,0.00947709185412588,0.07062739798022469,0.08005942822079354,0.11654782109299297,,-0.009764587022591822,,0.07623883329702316,0.08837995741102034,
SCGB3A2,,,0.02458805099821008,,,,,,,,,,,-0.0019831484911699672,0.030802311759111935,,,,-0.041320182512459676,0.000988392820013102,,0.015042431095066327,,0.028327007186510704,-0.03517093754391782,
LAMB3,0.048261366163902086,0.11958014508489988,0.04290980983813251,-0.0383491545414498,0.07021512295010844,-0.030937739817616557,0.010698961118735962,0.003406489736776225,-0.12938245069196586,-0.009668372962292504,0.011396752336765691,0.11903382983239852,-0.06296269509978498,0.026264317524456675,0.06396257692219512,0.14796631026447396,-0.007758215435165198,-0.05584541370324488,0.01117148829268273,0.10136019940433125,0.05707945694452207,0.04319525070586337,0.03753366771545103,0.20091103807105676,0.013102183471167393,-0.04208772627196326
LGALS9,-0.032124011339252925,0.03425269282351476,0.01738077775679541,0.0025014616937014582,0.03625460394310185,-0.009007891977230809,0.01576444124911845,0.06610069038688618,0.18141161663548033,0.01143926585751498,-0.09410293063481684,-0.17864116813539493,-0.024732548020651834,0.008204175336476247,0.03281428385528121,0.03296102276723522,-0.06766417282502799,0.024168101396579673,0.12564310257947653,0.0790548343723115,-0.009793178295211064,0.03781049666997736,-0.10361907529933215,0.13028064630564717,0.08125038841999578,0.10209394217412256
VIM,0.12393249939001903,-0.13033976894891303,0.015273762243386986,-0.06160367685923336,-0.08734146058303904,0.10030791799221779,-0.10488627111815545,-0.01059565866483069,0.24103428703382368,0.05528955288335982,-0.02714846572353054,-0.20280926470052882,0.0912106691288275,-0.007565032323455664,0.0884408740041786,-0.01986348614101318,0.0692973913348508,0.249981900605643,-0.12763281584744526,-0.1653574401906195,0.05115243028385161,-0.06663737414458858,0.14281782719284486,0.21574079253668083,-0.003428180079934377,0.03141889537880723
PLAU,0.0035242795249124286,0.0016420480504870988,0.002830840539528425,0.011365864673078607,-0.020386586025722617,-0.019202827566684066,0.0018203002640886734,0.07635846082713153,0.25885144188435016,0.025172310487852075,0.013604322257136002,-0.16097560214460196,0.08254056707162857,0.02407131180340322,0.06364372393235941,-0.002176843259343993,0.03813932225644408,-0.0034313442726748005,0.04230587288735884,0.053402647058588895,0.04733291799212352,0.022255614157392613,0.05026140200832219,0.08584028120899968,0.08023741823208677,0.09924672589634391
TGFB3,0.06881438689726953,0.09876798160695371,0.05123628173770239,-0.009191775897987793,0.0283205431997157,0.03419093435404056,-0.00352091540576176,0.07872702460722657,0.15308517822356194,-0.003446147203802202,-0.03301051153870979,-0.0915269426178261,0.11213336426335008,-0.007563835909682564,0.10400538055836756,-0.01965374059758128,0.06773512593907476,0.09087028779444949,0.077324572030407,0.11284038793542037,-0.02696930438447238,0.07934376595847031,0.04410442562698423,0.029492313205567756,-0.022964114608442884,0.05555104516755554
APLN,-0.02251725221793654,-0.14687935552744405,0.05654811919812438,0.05238357965543469,-0.03183032621104087,0.033070713518399464,-0.059885131699192795,0.06468766149944918,0.26501170243952693,0.03443603404444303,0.004100055210242574,-0.07503996943057463,0.07161767738821256,0.03657615916926634,0.13413691386707316,0.01345154344693681,0.061630270066782344,0.07507703930378953,0.06416798597282929,-0.03013239915348168,0.010214315078559206,-0.06868443080029837,0.006983740856362997,-0.06602223186230703,-0.04420053849292921,0.029618867748543852
SHANK2,0.06656963337238046,0.07120984359813735,0.03126235477548608,-0.003316374654900797,-0.019891706257488255,-0.02002916338517169,-0.0021451288587461333,0.02714700539320236,-0.10897076678554976,-0.016440997108435017,0.015639422244695507,0.12792458682686916,,0.018505436128399957,,0.0027103530189293767,,,0.11235159894168312,0.17288919142965453,-0.033884150015933215,0.08329890324687102,-0.0693284152148407,0.08650862509746035,-0.06541238666691115,0.029679159560425685
LTF,,-0.020189458833723986,-0.023822758218429368,,-0.0290620935163784,0.06333411922398201,-0.07924474208423411,-0.03471769099508996,0.22809893310909657,-0.016998331070992384,-0.01907980052024054,-0.18270108226086626,,0.040058698540513665,-0.09654276752854686,-0.008408096314204208,-0.0710029550074353,0.0028782020860578924,0.05603061341345631,-0.0012089643371431202,-0.008781389174711267,-0.009561316513280245,0.11909590987806941,-0.04629289246536971,-0.058704670322811764,-0.08862468658503399
PYY,,,,,,,,,,0.019192947029077367,,,0.0798155228057782,-0.007999320968609247,,,,,-0.06014172468779132,-0.00010608937537970027,,,,0.07167967113186789,-0.061223855323100186,
PENK,0.0038117729465182567,0.11844534087944972,0.05220703814721109,0.03571302080647695,,-0.01649703887234016,0.06851898664344289,0.02862294613451489,-0.07892495701533764,-0.010740739316950701,0.024911304418234238,0.002160558784258922,,-0.022246749000371713,0.014009089467534055,,,,,,0.010572056885407691,-0.010952510358400037,-0.018584559605687105,0.053048847667145224,0.008761312460341203,-0.04175947849008558
CTF1,0.054171602188767265,-0.0481765076670439,0.02188073164507838,-0.056514663106097686,0.005503260830543933,0.029796690744442494,-0.05655858366106323,-0.019723747253603926,0.11244356341538163,-0.0006845318732821029,0.021017045684928858,0.023905890782586942,0.01785625909161923,-0.01733219595043361,0.03369467731853287,0.11947494246440367,0.09366299217523408,0.04412878680894707,0.08565613519656871,0.14512696694446042,-0.013179590326447803,0.012604702037905377,0.12313675828334948,0.22666966816167985,0.04610772462655986,0.054133092770613074
COL3A1,0.06821780074033247,0.10655099902065714,-0.005111337583689905,-0.016020935832709696,0.054641822942016034,-0.009764285389878221,-0.012278872065679482,-0.005990012322603427,0.28215167627922155,0.05039163542709269,0.0009671766631992347,-0.1499806782025547,0.10844474721270018,0.011406156832669488,0.08939572193277731,0.09503980680454238,0.0910086193432338,0.04677041225304951,-0.01316421802801746,-0.021483396327397954,0.024891323843603697,0.010200197924569063,0.018373791899958757,-0.06587869602574753,0.03211873432479027,-0.011016048637987523
S100A10,-0.07936788706133725,-0.1345539454887285,0.00788602050576893,-0.13965063951956996,-0.011208551411761506,0.06499764573700154,-0.10711192047700574,-0.026416241683688814,0.22669718143769355,-0.011256628147283978,0.035812720311349654,-0.15236018625718278,0.024806523231116075,-0.01697366248021689,-0.11312507868649296,-0.08287970533313524,0.009056642807986542,0.23723162645117185,-0.10106477839990827,-0.09784181958373889,0.028307658206701686,-0.018074459894547062,0.0914736054691206,-0.014895386827825869,-0.04703879557266,0.1356047705008076
FGF13,0.06387376407110251,0.02869637508601548,0.033639751162710355,0.02142230555483353,0.03962221564795236,0.015252724998896952,0.04666847813191689,0.022021636049520277,-0.13194030299497833,-0.03582430915369243,0.00987348416706797,0.15114437768795622,0.07324400814735842,0.01219621148818819,-0.00834533008266116,,,,0.08622747356132031,0.13058596003054482,0.05527303835939549,0.006355662411348143,0.004639548179199046,0.04846343036417498,-0.00238114532882246,-0.06576676113308988
SEMA4A,0.016664010930943732,0.05105510939826716,0.00218579715446744,0.03624810390958501,-0.007050527538664589,-0.004500242443906209,-0.005719584981299589,0.03108825989569125,-0.03695407556544232,-0.016551101518351832,-0.004239788759722175,0.10345509728405623,-0.005152379316178466,0.03418552911383062,-0.01541558573677457,-0.07191744779608028,-0.02671386063496286,0.039963762709434775,0.07449695652445712,0.13558023001054048,-0.01891687620251981,0.059534021337884394,0.014491689378791755,0.1529757918088406,0.03404573935508665,-0.11956364832359943
EFNA4,0.010539056906414908,0.02550469046386394,0.033279412701195624,0.01563193226883044,0.024552248598071976,0.007245287697643189,-0.005495455163828193,0.1575782859663288,0.16239972803282132,-0.000705196757120043,-0.0545514386546198,0.013936123117254381,0.0009583085511008667,0.010091676513870692,0.11113741662792995,0.10911525729851475,-0.03340933221594759,0.09197953678853078,0.1385987053630155,0.06769638058287306,0.023960550292268065,0.019928027858078637,0.05526449652193681,0.12461482999848111,0.05141584314339698,0.016205233283303453
HSPA8,0.02123903553068526,0.10395935299887453,0.02451819605070392,0.03424612572704035,0.041501587407087,0.03855488547301062,-0.032142224533115986,0.018965219349628925,0.030235835415198874,-0.06129792836359684,-0.009921445295804755,0.10634103547002184,0.03795205613134463,0.04139741548404836,0.06395609415657202,0.000505682754709184,0.05129338552460902,0.07250157780441689,0.0621192903760311,0.08377768692457332,0.05410576163907487,0.08800903605035465,-0.023552376501845742,-0.04179947907117376,-0.0445456860353835,-0.004265920237034246
NPB,0.0268330211197934,0.038302878895986485,0.002057661532525008,-0.028027125353159835,-0.04253374129927788,0.026227806541424443,,-0.0326531553207126,,0.05566099528730144,0.03841678627203454,0.00907950767646241,,0.04473182510524808,0.0840047339263951,0.10912209655932156,0.05374844705644772,0.02794962922002329,0.06499247100527732,0.16545548122050846,0.13810334937139873,0.09853824933282165,-0.0709578101202417,0.1910838347056913,0.009110427208568504,0.02133256482603939
ULBP1,,0.05179349148496773,-0.002563056266436958,0.023305036423128474,,-0.029604108705222214,0.00510732230110468,0.041910039889255866,0.007839306638038663,-0.005292452949020281,,,-0.02873926583084743,0.016044265297771892,,0.08975405184812553,-0.08449108947437911,,0.005739833074425087,-0.0077675465707843176,,-0.03430194276238687,,0.07913190007118864,0.027169592326901557,
SEMA3E,0.01242436216277891,0.07092026015567986,-0.0027885341930957612,0.030194783962293834,0.03296448228357188,-0.01694060300163343,0.05410568496623837,0.09430206865837931,0.07558264440532908,-0.0016792462417758584,-0.030270953227811665,0.0404571853652838,0.020536033460705608,0.004148543757241645,0.06739773791483988,0.06905332648846726,-0.03680065077072684,-0.04852468063707885,0.15257560779846258,0.1754162788467741,0.04449140996741686,0.008898840412108557,-0.016179474919860083,0.07440227900012175,0.07273969858357189,0.10249983518617294
FGF3,,,,,,,,,,,,,,,,,,,0.10700750467151983,0.22087921935148344,,-0.007409916331103159,,,,
ADAM9,-0.004405807107172563,-0.02597452504426567,-0.01495376996197427,0.039756060165561,-0.02712331054804783,-0.02845068336386564,-0.01832466897573177,0.00533901290090394,0.16803230250780657,0.03414153952387322,-0.033836881710459996,-0.09353129826198228,0.04592635344454263,0.03739044466643214,0.056906960345538826,-0.1985744866177193,-0.0010693385869594639,0.09235166813924683,-0.0454368474612053,-0.04087940871915306,0.012781259913018924,-0.04683396889527308,0.060531143609145924,0.12695244771000497,0.12659318243451456,0.04452851460060574
ASIP,0.024941094787670648,-0.025022428958476874,,,-0.02592300617533278,0.017098167174474124,-0.0014743807462119188,,,-0.049007243300600044,-2.355207274473807e-05,-0.031483474514154175,0.07298806347112881,-0.0344646008190199,0.038019589910514635,0.0938382027113196,0.006842490240435295,0.03964707276339754,0.04559953683581923,0.14655988441992923,0.08015514188153292,0.08782875876650627,0.0174276333140176,0.18816105858330773,0.10474354094680995,
IBSP,,0.06367857379753869,0.021062886377715855,,0.018361281498784934,-0.026837125037884074,-0.017157758068652464,0.01721889991000297,0.07202605997160591,,,-0.19117685253248196,0.021649503669873865,-0.03981263204129811,0.13615329080168365,0.09700083788585684,0.053909609598972445,0.014539298896952548,0.03990961614950507,0.06138790929952305,0.07097243164217562,0.0042959346573388955,,0.02113427205493689,0.05892253933264094,
MMP12,,,-0.019384712257370127,,,,,,,,,,-0.019556522017064717,,,,,,,,,-0.021226462327298332,,,,
FAT4,0.06486769390677855,0.1213952435319369,0.0603029754557561,0.04493390449143129,0.009765229296472975,-0.006261823973728765,0.016333064980058723,0.04972974164447024,0.08951457189190709,-0.003296869245197859,-0.009836481772955,-0.041281594614063846,0.007366303167802648,0.007281725250483419,0.015667951829167897,0.12019234090456522,0.06367744103441704,0.10344154632943524,0.0925187187504983,0.07070556122798355,0.06221667834784953,-0.011896112786948495,0.041155630637389425,0.0637045835099006,0.039817788047822704,-0.02309801057249374
MDK,-0.03292194471777913,0.09515890109371467,-0.045710742978664475,0.07811289847764114,0.05207676698036553,0.013525949999745669,-0.007612631496528175,0.0708775303887004,0.25624104027657496,-0.01104928396379909,0.030348387898684093,-0.12430795707594333,-0.055874895752965816,-0.024056063647259113,0.047062793823488755,0.06809397093525789,0.09368098079859287,0.05839942363290204,0.08887242375802946,0.21684167831935142,0.037765791424676336,0.12121925845105827,0.12018433693147966,0.07042006523701191,0.0833115165786088,0.0066669399539246695
BMP5,,,,,,0.03443277673748799,,,,,,,,,0.016975168454347444,,,,0.10944700926458764,0.21209051543960852,,0.08393209763756476,,0.0775982454661479,0.07497474579611474,
CAMP,,,,0.054822140773913126,,-0.032314995542240404,-0.030944947865038725,,,,,,,,,,,,0.03496167831218935,0.08698027770469037,,0.024518413934754263,,-0.0010672986457527758,0.054025647487734085,
HSPA1A,-0.047560186191375496,-0.022274442075645773,-0.01811045071330893,0.031061707492015953,0.00378408349676611,-0.028042172324036798,-0.10147385094213397,-0.031329639799128076,0.11150277232896003,0.04010728354085529,-0.04308577024222181,-0.038922226454351665,-0.11276166645716197,0.08406825624614651,-0.04145791629328431,-0.03413140982523297,0.04308009304825965,-0.04148364695475048,-0.056984059733157504,-0.14852571104496562,0.024562674906133192,0.007838870608060945,-0.05433041863104031,0.010670775331305516,0.028323952299665587,-0.086995786534294
SOST,,-0.029009325330699998,0.01887074921325866,,,,,,,,,,,0.02834791061430161,,,-0.0030184246651085793,,,,,,,,,
SEMA3F,-0.01597410340124738,0.03263963743207956,0.03801093049942589,-0.00820342200406728,0.025042418564841715,-0.010332811236728261,0.05635722531747228,0.09007976563724936,0.17682553812317095,0.01851378610543716,0.03721968303157618,-0.027883333742611666,0.02730298178320985,0.03140031044827294,0.04004361439578001,0.0046325093455492905,0.07702062005353513,0.13181002210065576,0.03720806959818134,0.19022946135431346,0.08942880749634285,0.009469919714349712,,0.18041034453375038,0.057888025900435576,
ARF6,0.08332684951940882,-0.052527327248586775,0.04761627420306801,-0.005271090447438353,0.031219119410864592,-0.020661035829051794,-0.008068296643157592,0.06309116395964844,0.061198753212887355,0.02443525442743062,-0.007621292140207375,-0.0362610441836958,0.06255440341318265,-0.04797542852972696,0.012231186126224002,0.02515161891937967,0.001930081113766965,0.03333722741657459,-0.056980102195343406,-0.010565742462631554,-0.01576275919215689,0.04339359457007521,-0.006782307746656404,-0.013802178449208894,0.10140145978000037,-0.04694356786282989
IL6,-0.009835954113523311,-0.028734953540204035,0.04813783253064995,-0.03624612671708797,0.0077046263630341965,0.05380125783301121,-0.04509952160313059,0.038048560320367714,0.10434914573947299,0.0061634755477414475,,-0.05826149424910796,-0.031069161364267805,0.015965568795443814,0.11812987039669906,-0.009555510742050967,0.04116316071679359,,0.13774206183389484,0.047177020209882514,,-0.020262482794584407,-0.08422070711091394,0.10807392528722276,0.04108543878284128,
CALM1,0.04432173320267441,0.09018655683640879,-0.022290479095286347,-0.035517855708151726,0.06607807107452751,-0.09209481780906265,0.015390792469315153,-0.07380119172963251,-0.2165502354316774,0.0019489529378970655,-0.0031811934403488716,0.1896492645970296,-0.01621496978146802,0.028214482592189737,0.021361401737445735,-0.058296351961393204,-0.04434653380125403,0.000703883363521031,0.07689291247774874,0.05492545361985243,0.011352979364620543,0.06459386268160304,-0.05431610733374094,0.15153973138788132,-0.017102961375571085,0.008305019992236042
VIP,,0.05225430642753203,0.018133645430120734,0.001101282159653664,,-0.02162355751107893,0.0221811470713049,0.013803280901076074,-0.02500387989345432,-0.01155944075763898,0.014294764765535503,0.09668648169254875,,0.050074805864396034,0.10527271252295924,,,,,,,,0.0034748535248087676,0.03952224601961662,-0.0009484018238878878,-0.04482620363288316
NMB,0.041163204233475165,0.09803110441198304,-0.013847106525371121,-0.0007969997097660957,-0.04190464948771156,0.005099075788111731,-0.02911526651154517,0.04738043081749823,0.2242962442030758,0.030829742568872876,-0.05414607457039511,-0.09520800062471886,0.02449446280709796,0.030028104810625397,0.11637101682956114,-0.07237110420316567,0.06318087408853164,0.1191014510589725,0.0764336680187165,0.22414695850940725,-0.030382382722065334,0.07104811527484939,0.13976246041054186,0.04030422417745624,0.0936610258069988,0.010633401984580342
CCL26,0.02439791001900639,-0.024885180121699633,0.004711738239675394,0.027515012766237874,0.013051752611550022,0.05341314039397303,-0.014664008481513608,0.001996420907621123,0.05910082263011718,0.06669340393045144,,,-0.05498287662307622,-0.026037163658337085,0.0043512230200044456,0.14456741597935713,0.052027880399629314,0.08455421303227786,0.05297659652093321,-0.032022801675725944,0.0555732941200347,-0.037822912172205306,,0.034103750201803736,0.006274624464109571,
FBLN1,0.021783186688587808,0.09473998636952852,-0.003277396538246533,0.01073071309327332,0.05705022986084295,-0.004789213239241731,0.03534071354113912,-0.02216703145423127,0.13296838867113622,-0.04562355456821304,0.03407205489995688,-0.008467077829116591,0.1391136956425775,-0.021592093667307282,0.07673545147670988,0.0302311565148335,-0.06613467494857798,0.019188779435495715,-0.0058558807305160625,0.10609465852950135,-0.029084981086004602,0.058939895848393736,0.01680755851644493,0.04831328744224898,0.07476696435624923,-0.02782182598130914
SAA1,-0.030500509486303288,0.019885302553856024,-0.005774167857713049,,0.028456055425493742,0.018672464192731657,-0.08161599706765603,,0.15284078185718183,0.026259699405707434,0.012656945837602827,-0.1190101184277686,0.03551257402992567,,0.038498418110138315,-0.05239995006720294,0.03137148447224349,0.045807528729589035,-0.05592455524965142,-0.117474133633408,0.03034178451456617,-0.0843353101686644,,0.03133172598028165,-0.12305573983743609,
MICB,0.003443413911622036,-0.006808199543293651,0.04303733944805863,0.045443823513739184,0.026444131837300724,0.02939247471474156,0.03129555212030973,0.06705540879016997,0.10902541709159884,-0.01834653644276791,-0.03449893898055005,-0.027961107620694377,-0.03431330200011049,0.007699938578273887,0.048721501214069665,0.022194148151723492,-0.03579913945786009,0.03433119502694483,0.03711046474876985,-0.0040842860887772905,0.005413020494815431,-0.02113517264329381,,0.07413428413444607,0.12151569271857027,-0.09468511829024408
MMP13,,,-0.032879717248019934,,,,,-0.026044784131124047,,,,,0.026858868660800117,0.020027165033858763,0.06547184708690486,,-0.09980490746099782,0.04412237522119774,,,,,,0.009643576558152879,,
F13A1,-0.021361171178199623,-0.020901414561340214,-0.024033678665108076,-0.026166829703285543,0.0039056987223307833,0.002318785289961607,-0.07465560914659364,-0.0008852914302860031,0.0598628576830505,0.02864563062034672,-0.020102180515626664,-0.11400394248155006,-0.02867554628195941,-0.02855091094361064,0.018047488759540316,-0.05193352094039206,,-0.016786966275847314,-0.05997707056283033,-0.09080664011350131,0.05122082622098373,-0.09804727468702851,,-0.01537961646174869,0.01371399167671879,-0.078595143829208
CXCL11,0.052388256206768666,0.09749630562879112,0.0786073985564256,-0.03737411874448771,,0.028565996417612982,-0.006803164947756512,-0.0688204630170104,0.1519753381021914,0.03390061247194872,-0.022705349642273227,0.019161102818081203,,0.019649881375719422,,0.038437090141777444,-0.011238904884859346,,,,,,,0.066212259190805,-0.020769787283218,
COL5A2,0.09771108894261368,0.0641366791747473,-0.013052163473144971,0.03337967009843416,-0.04936429322132985,-0.035809719933425896,0.045391968939576643,0.06647156210271696,0.27480443923554226,0.01687423521701482,-0.0185042388134871,-0.08803388565900101,0.04530194192434014,-0.015023443875681742,0.061849218776129596,0.09153275769106763,0.03569164797798783,0.1409854237269639,0.06783470579210732,0.029511751966466937,0.05800201585681742,0.0036012761805212295,-0.026441424557947412,-0.032291975349524125,0.058282043115995455,-0.04413780182402562
EFNA5,0.03305665901541347,0.04970032995297141,-0.026196825326275597,0.0011916421581982422,0.03572601480628525,-0.011140000688421274,0.0025814477213271974,0.024235651752809135,-0.11661512471274084,0.04322756944595178,0.05329022235970298,0.10207840508392176,0.03999916708368997,0.028572044076857935,0.00036179652762134343,-0.02177302214038522,-0.0005660216869406096,0.014463959097713225,-0.010936539556704428,0.0037019650476836276,0.050698504988899606,0.0012506974754857981,0.07044424035601403,0.15517126708730133,0.12700397930662952,-0.020353950535355735
AREG,,-0.025799634503500677,-0.0011052211641029565,0.06644916613076035,-0.00981857401803459,-0.013955438326613074,-0.13027127081158824,,-0.03390997130574573,0.02716996789463431,,-0.02142021946480568,0.026540824879211885,,,,,,0.08681707055535735,0.22737381018358102,0.01769862666601023,-0.047926762172155725,0.13005438091705687,0.11537766893241386,0.029213604683641325,
EDIL3,-0.14755693007967643,0.11516367838298301,0.04666931117660789,-0.003434895584956531,-0.0031170625013496054,-0.011709309755398009,0.05144287108586513,-0.0684348902131612,-0.26235085193001983,-0.030614896895907413,-0.07909121591715867,-0.08981193858455136,0.08703228239587554,-0.02624970391489555,-0.06126698588966759,0.022237690313613064,0.04732335774386994,-0.2324939620857392,0.06670613079634842,0.14631722762585947,-0.10280913401987195,-0.09646104275529976,-0.12904816465843721,0.06678449371220792,0.00688674409170711,0.11603874834663228
CD86,-0.037954336371606424,-0.0016455983506994142,0.030623516968170415,0.0030955671082692816,0.020021229725105318,-0.017907679920150875,-0.04989247938306151,-0.024636063050367037,0.1749427550679822,0.029677173264218176,-0.01891362140913405,-0.08047534537446667,0.025225184685085503,-0.020861316352134285,0.07121765224475726,-0.014161524692029262,0.018770040708136045,0.022286008503815815,0.06424414938801397,0.1286551426766686,0.010318986461697674,-0.006969918749403845,0.02656074087669471,0.1114735824667049,-0.07141822828872853,0.0356642968468851
AHSG,,,,,,,0.05898755818693248,,,,,,,,0.0024358481889279644,-0.039433129316513195,,,,0.06296932515826079,,,,,,
WNT9B,,0.02420923125846647,,,,-0.04857505570179492,,,,-0.003883225430491657,0.038646933945033754,,,,,,,,,,,,,,,
HRAS,-0.02657834948361096,0.06535217604441634,0.03440959390142198,-0.039681694635251015,0.06498094291104715,0.04547711055174296,0.047986094480715044,0.06768319258691301,-0.04174121405694403,-0.0830685603306741,-0.01995682108363839,0.010698225174944065,-0.003275545322795103,0.04722098111574375,-0.020962982744750627,-0.003756161821404135,0.025535093811922687,-0.0035933145216191357,-0.0425706845904055,-0.12213915746772057,0.03467750636008844,0.06379583930147627,0.07013682061104065,0.1662621758689355,0.03484335650359103,0.0679681592116572
C1QTNF5,-0.005606279245051017,,,,,,,,,,,,,,,-0.02566317192490931,-0.026929927049755917,0.01889726130470361,-0.02224214366763377,0.13931742849584158,-0.0007874174398731372,0.021915824002666277,0.08836130036430474,0.13335662325335904,0.09742463852793647,
RLN1,0.04786297514641384,,0.017239861093946745,,,,,,0.067791421470741,,0.0023823638893082214,,,,,0.0008886681532372844,,,0.027919954672448895,0.056890643267704724,0.047457329255366755,,,0.031401324654407474,,
COL4A1,0.061592133682941544,0.09512008137705942,-0.00624237248135474,-0.03371689257541241,-0.020408431941582334,-0.033944329210735535,0.06781258167155634,0.016683760919298574,0.31445822543868635,0.08700516275979896,-0.024914329811113273,-0.1465113774915435,-0.014566362177109271,-0.020165463065655188,0.1011137742515778,0.06843975612307521,0.059644043119820966,0.0775659972357013,0.08538132332138301,0.07032322592217893,0.02232175343367031,0.009531741912739233,0.081990529667939,-0.08670742769079821,0.021499693275429724,0.08074323908686458
CCL3,0.06242037754890243,0.0792363899437753,-0.012396129112794495,0.03579623244308395,0.07386060830284248,-0.051066854448490046,-0.04039717223849194,0.024090432902469358,0.028639209596967974,-0.0038315474220559187,0.0010772530339737947,-0.16677187621422007,0.024222677832770816,0.01884152098741922,0.054204197300668805,-0.15192495991808752,0.023220578963060578,-0.05065614222396197,0.03582142581166788,0.052083743473576985,0.013442441963149863,-0.041112160625686456,-0.021535548375436787,0.15264248215868712,-0.05288711990810675,0.15192358265361303
BGN,0.04453174123730198,0.08219793184621052,0.013056206314004315,-0.05836919949969121,-0.056703744380335624,-0.01904100293209324,0.09244867035587018,0.05243433741350337,0.16968702359427887,2.3509802963752158e-05,-0.03360788260634522,-0.05217758919315604,0.0729193036979784,-0.0017446009199690547,0.08647181408586976,0.04606307363947604,0.06862077164327127,0.011141520255528193,-0.02389535338683078,-0.023861571552837975,0.016280644853289596,0.03486567729301756,0.07643480283081937,-0.021644622629203296,-0.016037123489527856,0.06654363607587334
RETN,,,0.027141631938464878,0.007600780565674079,0.09133042592782209,-0.004674866454634992,-0.09318621857767671,,,,0.006467299172680235,0.007518723824918927,-0.057932052406379046,,0.12592170094507407,0.001384253917969281,-0.08454353388951655,,0.02552204697049043,0.0966473932037079,,-0.005003373060308575,,0.09090759829528472,0.03205327042791497,
S100A9,-0.05694387980398321,0.01979993504931736,-0.05042352482789944,0.01260061755856459,0.0404511582850195,0.06397556475055526,-0.12229344170234717,0.03645816552690475,0.22433778451605801,0.014988649579580262,0.00500221855648325,-0.17641261500800312,-0.013198343658277862,0.02408662307070967,0.03482803440391393,-0.03985265878525855,0.03132394591223103,0.029255333582266813,-0.07036310840044589,-0.06176407666178881,0.06504223283242608,-0.04726576984839532,-0.011038110507600528,-0.02002509467395072,-0.0868088762278062,0.017763069373267545
HCRT,0.0678360421728777,0.021202958696750998,,-0.007338269005643953,0.030326422727019412,0.034877007958796995,0.008567518661972147,0.006073524384782917,0.03610863614278002,0.058118056137986714,-0.011702037496461839,0.004413164864367719,,-0.011343419143473003,-0.0023634211903084024,0.012393404717421279,0.03860516670638535,0.0599121411334399,0.07027885554577694,0.1073122217922967,-0.016450208499618445,0.02245740680806084,0.034727942027161125,0.09478700600563765,0.018871598846794076,-0.07289782518203723
FADD,0.030306128457488982,0.09967892551678298,-0.012367887400802057,0.03852355172095165,0.04828698682266782,0.044238172499846136,-0.017418818023604975,0.07124646764168933,0.23260250835296703,0.024360731033887216,0.005454534488800993,0.0347358603348617,0.05076486201051815,0.037727526498762175,0.025312419712651215,0.04448442652386502,-0.015210034312282001,0.20437294863055805,0.13520328644748383,0.11782233463301252,-0.03052588035374359,0.05818283467664865,-0.018100555397233115,0.12895728477006543,0.06657012941641419,-0.026956330715369875
ACTR2,0.002212199362046879,-0.005508902112492896,0.05686928770385513,0.010152623052750375,-0.0007973820528557277,0.020117348600122865,0.0026361686075339545,0.04084381728106368,0.04094954903472958,-0.032096427079844,0.00975349924447416,0.05377705363143387,0.009813393475030213,0.03970124246155769,-0.07738422421742996,-0.02568127548405248,0.09320966879950436,-0.06171758310348513,-0.09265979855005894,-0.1361089780979471,0.07598086961138281,-0.00831806145894287,0.006572094104216374,-0.10667663504500903,-0.12849574424175442,-0.02538594418100828
BMP2,0.042446106973046335,-0.11049669806494486,0.060340510016350976,0.047565982409731936,0.05262496316652537,0.03764064077286084,-0.00387903490666525,0.09049779117644752,0.09730130676953892,-0.004883081415288992,0.0339974415688554,0.020686484332791504,0.015974120596782892,-0.032864869244571444,0.04834353328656926,-0.11897572827297336,0.027468296562102854,0.06785524666947121,0.028744738966815057,0.06989725045543654,-0.032967106546685096,-0.03160736217503436,-0.006574968220773633,0.08748849566598885,-0.05366031585620562,0.04875934124022791
PDYN,,0.017929496488923953,0.024939799938177017,0.030612642428891872,-0.04380840093117436,0.03178331108960884,-0.003986797261804926,-0.03449765611298238,-0.1261121967694806,-0.03657391860932782,0.00947026095502055,0.12727782427807105,,-0.02264720703774997,,,,,0.05715191485602116,0.09506946512869904,,0.08703133955182422,-0.06926544634042482,,-0.016500484491879564,-0.04907230813966681
CD55,0.028228292120656785,0.05860603767768866,0.022907149627522074,0.02900022455135711,0.01616856965200525,-0.023906458181669032,-0.01779854038453293,-0.019661115539089048,0.016372724449548612,-0.0278088891249057,-0.03225743658839226,-0.08476725443075848,-0.054648188241113345,0.10120931133142624,0.0317695711081137,-0.06324205997533838,0.056154602779594553,0.018297028613096723,-0.004628690864033142,0.1436089648478733,0.026246609509519906,0.015632757260366704,-0.10757950555984352,0.08627686559938075,-0.03757279416822318,0.006228414062173447
OSTN,,,,,-0.05709807428688006,0.01998572813226298,0.029454872066031187,,-0.009968923089817323,-0.047687178940490536,-0.00257843982367512,,,,,,,,,,-0.060561382166549896,,,,0.06825108416838029,
PDX1,,,,,,,,-0.02670788359299608,,-0.012451992262423096,,,,,,,,,0.025745229159851512,0.10142278677563757,,0.0595244775014843,,,,
CD6,0.02652274178907384,,-0.040206955194586926,-0.03742773221131692,,-0.028146158823292935,-0.010272603179217618,0.06512174078497819,0.05280778065610487,0.0227226303028829,-0.006897464978442083,0.0004892061843575215,-0.05007297636131728,0.019694205044839933,0.03766640371662536,-0.045455728802821456,-0.07871153540431279,0.029348299433701444,-0.04603882067008442,,-0.0011609110893977675,0.05061394013062818,,0.16142270398696426,-0.025581448615125787,
IL16,-0.01992789980411499,0.039071417157791805,0.01901195937466208,0.0028365434329145553,0.05234438933151728,-0.01799315534439345,0.002593288211174786,0.04746270529463589,0.06753434018927627,0.024715783662010875,0.004176166619064002,-0.07728635369737892,0.01172855899007977,0.0827038225493578,0.0674181391502745,-0.025222348128431823,0.07165579709824023,0.04553580359519035,0.09727332750634538,0.09641169616446375,0.026736838875403224,0.04547312843901106,,0.18885212591192418,0.009140887940408167,-0.06046913068471378
LAMA5,0.07395453439608211,-0.0003598955490122773,0.043033078441131786,0.0361452094893197,-0.05136050843270372,-0.019331583364068896,0.04478042043358317,0.025483439704704156,0.14610317099655212,-0.013900688564643753,-0.027591570332572243,0.003071761281078311,-0.09885791736169339,0.004102910143485602,0.11798592501645169,-0.049559533232545395,0.07180994639750204,0.08720827659570243,-0.045910697738003346,-0.05014249171275702,0.04772140506309717,-0.05780834371480683,0.0022115917319336827,0.030836202114430895,0.07763993067582804,0.007132627711805762
RGMB,-0.008115163657649015,0.04137384756952717,-0.009441041412099595,0.017892404527147104,0.04445605387975684,0.07532539134121591,-0.009235066934976409,0.06739903028475508,0.08653892985918997,-0.011011314173778156,0.003993610453172346,0.10266934442248062,0.1392802423917123,0.05954975034608234,0.001957649876312909,-0.06301208766676206,-0.07056294554635552,0.05715400859058101,0.0755906826456417,0.0006513650166656845,-0.016851015849089705,0.11694863021217772,0.07331791633611655,0.1269542252489981,0.01278194830085002,-0.06385726292848341
INSL5,-0.03450814140170047,,,,,0.009170119550807663,0.009489054087544009,,0.015330646496990272,-0.015742872702455266,0.025631181286545717,,,,-0.062969187238225,,0.06572020259283419,-0.020949436104188247,,,,,,0.04043094829159034,,
IL12A,0.031875927668349485,0.03906911756617878,0.03470114850611944,0.06163982876897946,,0.08715788869304916,-0.021572315121861904,-0.025335388775152207,0.2118924088767802,-0.010629499918790336,-0.04293007767777805,0.015383915976311925,,0.14911075346179783,0.09399681926077198,0.0020318956063971904,-0.02909275009763773,,0.021538720728786088,0.10204191915078527,0.00029853199744224083,-0.009967194170016326,0.006078636475514382,0.1039302550976099,0.07440616667227669,0.052694940065881296
S100A8,-0.01977469560054566,-0.026101036635386356,0.00895958222877446,-0.01566843417759001,0.020537716754505744,0.0077010346642021246,-0.062043059974272265,0.07772459887120071,0.24421355118788643,0.033224166801864345,0.018183159178159766,-0.1600479192698946,-0.08750473060546303,0.047246405737558894,0.03166887097113222,-0.0466240055746119,0.051647074484913326,0.036770243983829165,0.06109707254224014,-0.02029265181380905,0.048068418967132175,-0.01552131919597114,-0.011046907463400781,0.0926416502921553,-0.014106808456681757,-0.04979111248937271
TAC3,,0.07582745713564552,0.04437322179460362,-0.026992778696550607,0.05698942392747139,-0.014352136683722849,0.08910311578948901,0.03421299376104576,-0.07856787973841634,-0.004019462392000512,0.07195528385696177,0.098280730365296,,0.0378121890873193,,,,,0.10778788242106663,0.17668369163236466,,-0.00700209461758658,0.033596065878805696,0.07391906760638609,0.11715080162451319,0.00034755931711471795
TAC4,,,0.01898214561809127,,-0.01989460519954112,0.026448903895447518,,0.008397479825860947,0.033252456787325066,,,,,,,,0.08399768607447491,0.02266049288868055,,,,,,,,
MFAP5,-0.018115867107822935,,-0.01113327570928513,0.005937651645765665,,,,,,,0.06104721309849701,-0.017305146077192964,0.08966014719352451,,-0.0697291392601,,-0.04267624591927844,-0.0528927557431831,0.03338849032087547,0.11237831229782579,0.007375759147631193,0.04556580919432767,-0.08009402365206562,0.07702184868220557,0.009110390091278555,
CXCL16,-0.03766314844610933,0.1208276781259753,0.009658117819391958,0.0226815378240566,0.05956458178773386,-0.03968382382189306,-0.05579503556520593,0.010833547113674244,0.18845517196311484,-0.009552506243563142,0.009695523513976453,-0.15667162447049454,0.026927356734876003,0.04487269263140484,-0.025712832838622333,-0.0733397078626001,0.05641455384194126,0.08003301654740207,0.054895638478040396,0.07022837074183919,0.034791629611422605,-0.04417657806302431,0.053483115439050155,0.08320263768774783,-0.006266508918008247,0.06876257551168358
AGRN,0.07589503665738384,0.044216542541396495,0.000376742944327662,0.0373678633021519,0.04642060053439417,-0.07485307307555941,0.021815561438334956,0.05436678039301637,0.23928576190371406,0.02886543043524442,0.03345764170233162,-0.06630560878015633,0.022903218696171856,-0.001590140848050844,0.12955984047680444,0.04526789674558319,0.140249693993276,0.11169585314262809,0.08633356691539568,0.09497557623249708,0.08000007959396167,0.11329083674833824,-0.03648051741866088,0.08756034056145996,0.06875406493085313,0.016377311582288924
COL4A6,-0.0058589906545965745,0.05025197598828127,-0.007386385844824961,0.007564984890211507,8.165999533323728e-05,0.05585558719349883,0.0373897786952538,,0.1324669436379818,-0.019156034866973207,0.00037990202126577093,,,-0.002602291184092251,-0.06421430320504204,0.10183283422889952,-0.06661397308753135,0.12623343642286083,0.12634608929348956,0.1781741069747344,-0.0003746215994285405,-0.008019838153389577,0.06846978981676617,0.19689507376595416,0.04507333185481757,
FST,,0.03739967358034517,0.019541973083810983,0.055929694358288436,0.10589761878770515,0.012822987326550881,0.0844602446800552,-0.004955397117094213,-0.023979854648977734,0.02588124177884207,0.015461663326717126,-0.008460090755163205,-0.020485314210521063,,0.11421603522624355,-0.0713096616362894,0.08101185416559518,0.007064127784323171,0.11022472821984353,0.09674762369830636,0.022596568713338372,-0.008471803662566422,-0.04678034812504429,0.1378542187704547,0.05273168283941156,
MEGF10,-0.0014408460565629993,0.08689469543474129,0.058204634617514725,-0.008124139145919616,-0.023280241344115903,0.016291752374884293,0.03635891385247807,-0.01417467798373701,0.022924958829886863,-0.013223497350462212,0.009585578783659201,-0.03286522655142528,0.01828318473533237,0.08435036813869715,-0.06501075702402094,0.09092712925241805,-0.006928098685297844,0.06988800394907468,0.14377666928797878,0.13558998574111653,-0.004703037927038017,0.04478861024022491,0.03541306702525275,0.2117265155106605,0.09005928323119614,-0.009922124254383725
C1QB,-0.11118618660279712,0.03861836561692725,-0.04164447391831603,-0.027634974978210713,0.026711659111882606,-0.04837284409000237,0.025679768809138383,0.06394597090580645,0.21617348120443955,0.007375484255190354,-0.0860327848638034,-0.19553119978731626,-0.03346515373297576,-0.001957036816454123,0.02304506781617846,-0.0622998334541616,0.023136293572452348,-0.11062596074350865,0.1263315857145113,0.10302578079852195,0.030827310098530424,0.013097136052913547,0.009461163959588865,0.11343868863492254,0.07407376500506446,0.00558728389302861
HLA-B,0.08980245955572781,0.06360179318177529,0.017058069580132784,-0.02347358403318883,-0.0322188620799739,0.013809251127065054,-0.044228992004088453,-0.05524819187404951,0.24586729605876406,-0.013963329749610525,-0.0235539175149942,-0.18001685186377292,-0.09685239138577488,0.019321194455204558,0.06176158599718463,0.06112090551445841,0.05933885893824062,0.03257754623823021,-0.014952901327618754,-0.07685082108816177,-0.0012806093333215583,-0.08076219494110592,0.09569595273422611,0.04660695703239374,-0.11314808520067668,0.022802476994995362
PDGFA,-0.04720983241419226,0.05026703069846158,-0.031001880692636912,-0.021515886582429023,0.04928090647421148,-0.00627366657811374,0.024095381610046943,0.09154816949163924,0.054616637536119075,-0.012752186103011343,-0.019650665024629844,0.06071951520889285,0.05242877504655756,0.033313671149091326,-0.011492009934894408,-0.053735216757906455,-0.0337361194059662,-0.045996264855205624,-0.0290156535912044,-0.19268512995246617,0.014141546059236842,-0.026107778677088765,0.02847095752044427,0.054816016475136224,-0.04222292696368455,0.034875286814344424
LAMA3,,0.038650917595832564,0.03656918019329652,0.03777229082905789,-0.009103373393458498,0.020155542316127168,-0.007014112052600203,-0.026466342627506547,-0.00945119455549008,0.0031426018054894877,0.01604170558534843,0.048747727410356254,0.03295149372906132,0.01347274213688548,,,0.05767710242195964,0.015117463806349532,,-0.019307664592515875,-0.03602746593652375,0.018675930053602838,,0.09519086117965783,-0.04771820598020737,
DKK1,-0.062260758776838517,,0.00271568058212115,,,,-0.11569244991779123,0.019590168181867353,0.00524030928674934,0.007671920080212825,0.023392609444520054,-0.03079274647974135,,,0.1145969418794118,0.027231650215992952,0.08454904137222939,0.07338264152782269,0.06579026856208002,0.11108585233563108,-0.02892472994210577,-0.006750278373839135,,0.10652145858758416,0.10006870431887403,0.10241687870925466
INHBA,-0.05331361627630281,0.010398452108472463,-0.0005870319328554472,-0.01710645916889181,0.026355702620080905,-0.05048689677219704,-0.03142962362147064,0.04000241397709599,-0.12942393660937832,-0.06163914135969203,-0.016899334716242102,-0.0484797608594368,0.03679316664233968,0.01238069968838834,0.019313089304391497,0.08197921717134078,0.04577920981928688,-0.021512616473461327,-0.017044925251160588,0.01986912517519102,-0.015507740212686826,-0.011553263740629458,0.016110282928662855,0.11349578573301346,0.0004258408409181748,0.005433229711251965
LEP,,,,,,,,,,,,,,,,,,,,,,,,0.004530077257020762,,
IL7,0.011897191247645145,0.05695391596519458,0.02663953399791621,0.024932961356766776,,0.02442854257519388,0.04292298536694395,,0.02755853914995508,-0.02092381540865962,0.005493863219024786,0.017552730029525756,0.003443035749510583,-0.04695505087317778,0.05961006220588145,,0.007956352661608415,0.033836942369599665,0.11757670124560511,0.09438153716012938,0.016122817717738384,0.03843878352177691,,0.162198784726176,0.1647105400743639,
FABP5,-0.047317822609535314,0.042670748511481824,0.0339715008309905,-0.016785369047117353,-0.0025682248538669954,0.07433582112693303,0.0011638658845153753,0.08195163005873501,0.0795516673097071,-0.07429265515546957,0.041509310377277266,-0.07743271117052052,0.01631907099142124,0.025677906971956654,0.08573026233346213,0.03686361719349013,0.021636984835276696,0.09317477432581436,0.18172219810705473,0.1876278550709976,0.03735596784407106,0.1374096346701146,0.14670167334511663,0.1445009702056544,0.141676084470849,0.06756805244568802
CCL4,-0.0052656368150791385,0.02434656553142412,0.015974100813019077,0.04861782116049564,0.07495561439750195,-0.003545706275303425,-0.019139707403777392,0.04597971472687628,0.0917371470341036,0.0072620264646878685,0.022393999724298442,-0.17526659121247717,-0.019136474086411958,0.027356054379264774,0.07620356611450599,-0.08160453721827048,0.024579478529880853,-0.09943483165130605,0.09965773947079107,0.09166176559537587,0.004088368995457898,-0.006644759559091168,0.03399335305233735,0.1234202978310312,0.03454122126555675,0.11594318735135181
FBN1,-0.09050138856587553,0.11138846062223606,0.05060169930701147,0.027427958784933437,-0.00382585934261687,-0.03230445058414587,0.007692828870171176,0.06296830810810536,0.13318031102267125,0.016307745152766007,0.003296129903229574,0.07856484389282556,0.12109406291314483,0.03362221183858902,0.07322955813339213,0.034460679419660474,0.026007749361312376,0.09795108285734526,0.06228209811917726,0.09276735846880978,0.06310049915854853,0.013703175857926787,-0.010648112604875552,0.026294428273949445,0.029167026917732066,0.04810113012619975
TCTN1,0.042711325261663206,-0.018337693618914536,-0.010063231728361287,0.04460259065538593,0.0469142063523968,-0.03073564234536336,0.041704649449992734,0.02810341546883737,0.2600474521626741,0.015878542569560283,-0.013970359170839148,-0.04226528105211698,0.03081593857996025,0.023706689836917226,0.02147832793184178,-0.09509994036985743,0.08075880303989046,0.15486642710220408,0.059410273123760786,0.08888282166873913,0.028818040621458624,0.044483860942793586,0.039743263592355124,0.17097837081287692,0.008252014939979289,-0.031430741864499914
NCR3LG1,-0.0290783366164878,,,,,,,,,,,,,,,,,,0.031327894656147715,-0.020792222634692624,0.05268816610110513,0.02996378490210911,,,-0.05942720410098467,
BMP7,0.02556786298261312,-0.0020677412305378437,-0.0377349869560075,0.014878135659845818,0.06430203937097219,0.012917157575510664,0.04998536228245279,0.0872746207693784,0.10852487601199137,0.06087632807338281,0.00407995012655332,-0.02435205580163856,-0.029354942330790813,0.036115405559208995,0.1238324812636962,0.001949242786185431,-0.0076160919177821265,0.023511464592751358,0.027957792824348116,-0.04656727022037289,-0.015740036688101647,0.0028278992728279257,0.02538426686359698,0.1422991213897962,0.129012703702546,0.10909957203072362
NLGN2,0.06603369146464881,-0.01731292909450338,0.057530729114307996,0.0726566883992055,0.007080288807997233,-0.020844459935966,0.07307857760665347,0.08599681976421152,0.10781002357861455,0.04555611055166019,0.0728330670298154,0.03394983886608925,0.02519276757808295,0.0426079407567795,0.025082106044665882,0.05566145934683138,-0.00021801368297665467,0.05000886184427475,0.10306822790442728,0.08625804300332958,-0.059964801118355754,0.06947986640696659,-0.027320185381742777,0.18791229392731018,-0.0428539062792284,0.008746005510405809
CCL25,0.018260143270687573,,-0.026429205692251406,,,-0.03350065137212964,,,0.09818353912940662,,,,,0.015007889593281011,0.05358227884890344,-0.06510715376595767,,,0.007836818015204363,0.09897317317860431,,0.029477736416301564,,-0.014852061342117246,0.02030931613111333,
NPNT,0.07639674496655066,0.09209592614421289,0.032247577095330715,-0.06958829411592783,-0.03254664113638125,0.010339677606970679,0.0565381162524875,0.05368318264594971,0.22433522083899402,0.03627519625410832,0.003397667669645412,0.0788774033725102,0.13925641244553258,0.016272416941281977,-0.012518228102170167,0.03173270103390633,0.003624158298741159,0.008941600954461,0.11342452242330053,0.06599106684198823,0.020766310057321363,0.04079565347381837,-0.02263455858531722,0.06786517142517765,0.11430599145774717,0.0032302124247945716
KITLG,0.03442716691529499,0.07982000987050249,-0.06303233678074718,0.028940284009104648,-0.017800004019476807,0.007593177149878041,0.025350179979600648,0.07738168212860771,0.04871003238841306,0.05562539844268495,0.001882122794932239,0.05120857383643419,0.02224758118582603,0.05737468849975524,0.0486684348752381,0.031225039887226993,0.09533376849889179,0.05424265766811745,0.05906749099936558,0.12315883088744256,0.03586504884676923,0.044096797608668144,-0.013683545117212231,0.1860979563482136,0.018143490147278122,0.006791847199615475
MADCAM1,0.01408183608037683,-0.04207500636156808,0.03604171388910829,0.06597276397761745,0.028869341164710995,0.00813151630325154,0.01418976714025111,-0.025312632875313486,-0.0003811491863786674,0.032572474199523804,-0.022571856309737733,0.06011374089904761,,0.03414041990567806,-0.005027351574626904,-0.002450021455045542,0.10903065366662949,-0.017669621539028943,0.042688026915749126,0.07619547115488694,0.06242322457071135,-0.0513310270990206,,0.09606175319357906,-0.004099671015049614,
F12,0.01086164040090236,0.1200048264224836,0.02354419318574281,0.04227607353642191,0.06773252433097315,0.01885396318366867,-0.023817929733585683,0.031055686040640643,-0.029970241384892758,-0.001739202407299722,0.04456443198967472,0.12333904650158048,-0.01177151592156928,0.0282498205671032,0.13623292717661775,-0.05602291857325182,0.03863574753376148,0.043412128584782154,0.10747268230566198,0.18294989206877443,-0.016817043750336436,0.07070909311463244,-0.006459649561831389,0.10982502161852678,0.03283145976691176,0.1419775512340719
S100B,0.04467765937338897,0.15121867686016902,-0.00013936778076471725,-0.06689723818858279,0.08795244536862876,-0.08652847889339137,0.11114409256599575,-0.06202285051251511,0.0784731621039973,-0.022491961050500605,-0.009315180987521316,-0.0996399238023178,0.014300109099470928,-0.028534921654787257,-0.11496130595044729,0.13714870019280043,-0.02074526102011819,-0.05072963802730179,0.23985700871419197,0.3075664456574122,-0.03506127946857485,0.010021206698567672,0.034960334399916346,0.17221645610084452,0.15891215909871778,-0.08327719896562308
IL27,,,-0.0031108340229565714,,,0.017121411416633824,-0.02021729639419132,,,0.031109527287116346,,,,,0.12699164185663842,0.0007188023528436677,,,,0.050158898987330544,,0.036866814915614846,,0.0809615371482619,0.0077970923688598336,
CD99,0.06496750565550925,0.03131796598118091,0.07253691821985624,0.06571299443879379,0.01797241064688026,-0.0037297440006418656,-0.05484863676920748,0.08606579437002813,0.2592038399122124,-0.009275155209830336,0.0036413613058486932,-0.12938183336574194,0.02098278457356346,-0.03304286804609154,0.18934029507564695,0.00863204581051377,0.009566699699638253,0.26279827549666895,0.07518777837584506,0.22661140248452896,0.05710634672334983,-0.0013931544497532784,0.014506937816361276,0.16737354410040883,0.21392158995179394,-0.011656502469300016
PDGFB,0.03054765863654236,0.08507831559968682,0.00253130414976978,-0.015254467179884634,0.015890660009576354,-0.06813918089385819,0.027139655916984466,0.02702259593356488,0.10760986057843144,0.06734075039940396,-0.009018116798494083,0.07525812592196669,0.03561789908731293,-0.019470913383142063,0.1731974432295368,0.00201433911955226,0.02189403086554193,0.0530702961056092,0.07891251803224085,0.017577268235926816,0.07834829336157548,0.02499328947223959,-0.06428437837339669,0.13958839811807391,0.0401316351925389,0.05820735597415726
CLEC2D,0.008754065822875374,-0.004982735880444385,0.04324597283421704,0.049700999745110254,0.07103679118925091,-0.010293093529564071,0.014120779363896638,0.04288595411374513,0.12548975210660304,-0.0006702336331415559,0.034190624948083725,-0.0687803196839586,0.07139390249198728,0.008960167631831524,-0.03383302263368291,0.004009580036535632,-0.006735846241528431,0.008554168220990128,0.08196351912556364,0.17941736050951354,0.00886926376633475,0.025053499522445056,0.06685798166374812,0.14929773805468827,0.0389814058782133,0.09774651260801535
F8,-0.016573784043389193,0.004477177424497972,-0.025469402637860728,-0.036652467221973864,0.10046124084673651,0.01972496341685073,-0.00794618135884628,0.017626416865721937,0.15898902704909507,-0.03635321841775519,0.0483952362454874,0.03542372885981696,0.019039318649991668,0.003720846485619239,0.02398975337756592,-0.016084141395063013,-0.023530646713124076,0.09094702899212116,0.12085564058853056,0.13197359159440555,0.025640842201677953,0.03270621440782827,0.10863836386167232,0.22538515999702666,0.12669420203388274,-0.017952096137077232
C3,-0.10499507801116995,-0.0896583018740668,-0.031041161543579814,-0.010223620045623794,-0.01698007869856636,-0.08912732904295896,-0.03755288882220507,-0.002620565430878387,0.17719436862942342,-0.04143642879684328,-0.060271634205523936,-0.1755442835475484,-0.03739050209152271,-0.00505742422782025,-0.11293605193069443,-0.024603469967236957,0.03380846990539436,-0.05032912751679686,0.08107852593196152,-0.03785590417406291,-0.008565450540568604,0.026960574313060207,-0.025568344750803974,0.05592744611217619,-0.10593867365490578,-0.06580201012821668
DLK2,,0.08618133796098679,-0.009736360586944538,0.004708591737138506,-0.039239354303135375,-0.02092892322121284,0.02287856135324612,0.10175320440587224,-0.019131847664531212,0.025417369721792624,-0.00807861925815435,0.09678245875195217,0.014674121565109905,-0.019998878096161257,0.028278729109713487,0.04301753715623379,0.09615138817310688,0.08272419819695333,0.122169468318982,0.14745558056296632,-0.011509569926250972,0.04669959547744648,0.03094102988325215,-0.05035606319957784,-0.05652158263121209,0.04305879246924847
TSLP,0.003029181739415378,0.00881913733825659,0.018374897250886264,0.012056836818775278,0.03707686796148381,0.03131216043372266,-0.09431363634607519,-0.018551419600374108,0.157459668466307,-0.053132995807676144,-0.002374519608182227,0.014626498922161639,-0.04488677090128539,-0.001447779812251976,0.016176770302916574,-0.015648551293437587,,,0.012962778854053461,0.06707749681842524,-0.0024260593630189508,0.00011311060177699796,,0.09881209055004818,-0.02322910004379277,0.10352511302852599
OSM,-0.0417140598464637,0.07714141813837308,-0.014213522509810847,0.005093229188049769,0.0415388336475691,0.03954520381308626,-0.027620187132347148,0.03313883255440041,0.16601941014613325,0.006096255915571548,,-0.19068086729657635,0.007834456860060391,0.06275228272946065,0.0676119096155599,-0.08915493741035278,-0.045124012314760355,0.12073698083331709,0.009139380094364323,0.10068647266470318,0.0425053370519889,-0.01655038328667346,0.03651506366538933,0.0877006797268937,0.10304906130617926,0.08516824548531121
PRND,-0.002529448057345432,,-0.001295685645786637,,,,,,0.08493985628300177,,,,-0.01459481276251779,,,,0.08569468691293647,-0.059460125600158065,,,,,,0.00807120669530002,,
SLPI,-0.03468002376205243,-0.17224422118548874,0.012955109080983579,0.0027437920972172253,-0.02074272279121359,0.046183104269231855,-0.03862124644670861,0.05649623335200401,0.2651611688879775,-0.023855667736930028,-0.04376216442800941,-0.04162106422805753,0.026348695248513864,-0.02483021229138653,-0.016535941141439987,0.09140622164900551,0.09373009543752639,0.23177709617194803,-0.08684822582241765,-0.17064486839913615,0.019913724429017985,-0.09333592285353133,,0.08805684860548058,-0.08890617036244765,
AFDN,-0.0010412310831075685,-0.11619472756758327,0.07436930463894131,0.10217007516500462,-0.012553998832262991,0.002172235296644713,0.01920320464222299,0.011851162959049352,0.1477673962623685,0.0503188280574636,0.01934177906377614,0.10296459334103167,0.014262052818196437,0.040705441358389896,0.05042554649033826,-0.15192018983804825,0.019163203797763425,-0.04856178048494983,0.09113897545506615,0.015349874479457333,-0.06933265153426231,0.06737675462635664,0.019385862417943926,0.033371304019468445,-0.02338106533724758,-0.011150111370293205
KISS1,,,,0.05381535000680654,,-0.025769468069058936,,,,,,,,0.07556696887557318,,0.037834377127718505,,,0.01963956956393643,0.09555703460224389,,-0.0007250480581317045,,,,
ULBP2,0.037479479568939295,0.06345014758748654,0.036354418281617874,-0.01070314946863291,0.10362081511345575,0.10407172174709549,0.06817608070262494,0.01179550808248674,0.09094665012695478,-0.023310187880495912,0.020867442682896503,0.11490393278140805,-0.02129442247852482,0.06024947802404295,0.15635480632854104,0.024427287131108328,0.011385029397481906,0.13048296488147484,0.07238112219444247,0.22112365460571323,-0.017639554414135852,0.08672270970162471,,0.085869359564078,0.05801820408681087,
ICAM4,,,0.02327513328081649,-0.00326672283274609,,-0.014955263078004231,-0.05567015446505309,,,-0.020320091548327562,,,,,,,-0.010564298059540195,,,-0.003967655442114367,,,,-0.0179656985018403,0.021173974758928103,
TDGF1,,,,,,,,-0.02146777904471359,,-0.02848488627254954,-0.0055191378565673755,-0.015616909954425578,,,,,,,,,,,,,,
ANGPTL1,0.026423456080388166,0.0653641826751953,0.03034611148337352,0.04319756322058919,,0.01568566942599643,0.05396470390374361,0.03287272485055836,0.1672919162559135,0.0388262316624005,0.06155297780274857,0.061133928998506705,-0.0656207393837563,-0.021392467544338045,0.010510479768114258,,0.07731959279597146,0.12868610652490814,0.08037110777823173,0.11838154764988752,0.012632840629815718,0.0018494617420216025,,0.026218471325275536,-0.005614508813105366,0.09800573204490481
LTBP1,-0.04464027870662032,0.03940914667311775,0.05295853833984956,-0.00225722386212613,0.06466744808104409,-0.003818670077698701,0.013115671455169127,0.08929927887555608,0.114844440921124,0.0331837034029149,-0.010337240685863409,-0.05509342195681794,-0.015358686877184426,-0.004317867895430157,-0.02976871018296269,0.08493690458997162,0.0009776025968195072,0.017851834233647917,0.031225949011775705,0.062293006993575664,0.027664811056011904,0.0395474457037574,0.06250347943983554,0.10253247319960251,-0.026796127901794354,0.012508194059331144
CD160,,,,-0.023265196439165088,,,,,,,,,,,,,,,,,,,,,,
NTN4,0.04568951780060649,0.02549657034501757,-0.03249639480988174,-0.027868290721543364,0.00817075988865054,-0.031918751837571445,0.042763552824851406,0.04285328680651681,0.013419182667299953,0.00969916240715136,0.014295898308942345,0.07488075484597459,0.07169529796110329,0.07253368643696521,-0.07880391209003683,0.1038143756369289,-0.03350575936241689,-0.05003071424359019,0.16025070602718805,0.1697409475112868,-0.003102897926013971,-0.03887184737915518,-0.030597746854634178,0.12711860306826978,-0.0669429853909683,0.018160066348775993
APP,0.07070578574009298,0.025816149835539242,0.05399662245031614,-0.02667001397692561,-0.003206057683048127,-0.008346484493889502,0.012610991736421905,-0.035822774936112335,-0.1945132596964611,-0.006759053526244798,-0.04093948292995288,0.241331482438612,0.023447792245930837,-0.0007536019660764391,0.04255729353829942,-0.01786921937061943,0.009023096903908416,0.008810271835873334,-0.011076674401772285,-0.022746869960850617,-0.007053749322599018,0.023257434602183765,-0.12318206737550166,-0.021955005021715882,-0.05997391644713092,0.07073344114847006
RIMS2,-0.029976070438594613,0.015990348402286646,0.013488985225652903,-0.034551263862621695,0.07373967366734015,0.03530481259018067,0.039562629232627405,0.03730433202355271,-0.0899960056714036,-0.028285505277302107,-0.023322619787181347,0.15367851758084408,0.03306054624857183,-0.00058704748365823,0.027484107819592596,-0.006956924629229033,,-0.016139734674908937,0.07044828731671453,0.07876521760903502,0.028847196193290375,0.0011391400511165147,0.048228799040884944,-0.02753485211846425,-0.06402364192155717,-0.04793184881191183
WNT7A,-0.03193343481102003,0.01396883898417864,0.0074835517765038904,0.008568116458504527,-0.008543995239898568,-0.006267988507970597,0.030658265207651,-0.029749902160352802,0.08232162696345904,0.023872295488409547,0.02335565056955514,0.0855091559733753,,0.0024733427492156005,-0.0351121313045809,-0.031043594198555416,-0.029732079745362683,0.035406905962375015,0.050865888557836615,0.02020962232118254,-0.012547889823635396,-0.019032143412389024,0.057167431860924794,0.15894955530973826,0.11432009202482891,-0.06636337880504771
GAST,,,,,,,,,,,,,,,,,,,,0.1224131496136887,-0.0033010975785519583,,,0.07668053884978056,0.10393148223221733,
GPI,0.09970003713234929,-0.0014755901332376322,0.05099513753494237,-0.0007091027664126477,-0.05103277931586547,0.03484298621538904,-0.0025831665658489766,-0.053542764432996055,-0.0984864973101537,0.038779599404409545,-0.006212149108419468,0.23154225757343916,-0.03469289826777264,0.04675968714535552,0.034791313880846095,0.01934075954555346,0.10085407131277455,0.12124057076623365,-0.15989041892791406,-0.19091222555482584,-0.04139518144005442,-0.044564441521753796,0.011535534500909246,-0.11460882305268363,0.03248269593085306,-0.018003039010725422
IL1B,0.07383357290611489,0.08219696109470055,0.019059053185219266,0.06386801061018224,0.05861829933714381,-0.017945664604657394,-0.06734159773730443,0.041560471733715826,0.1482620263995097,0.0245419771108048,0.010645101900713416,-0.13060974416504254,0.025060730540640896,0.07133903095310566,0.06607390624835804,-0.07905045138212577,0.020772941113835996,-0.040423956723184724,-0.023279797519690164,-0.01024026748252909,0.00368647445184092,-0.007577402202594914,-0.05896669926805595,0.05924798133602542,0.03153714885073805,0.06005196281510924
SFTPA2,,,,,,,,,,,,,,-0.050301388122943796,,,,,-0.02027651382576377,0.08100709060687895,,0.05057014044331381,,,0.0014277857274979005,
HAS2,0.06265962778800462,-0.0027556485705939175,0.011741389889931097,0.011052634695880286,0.014318329704356049,-0.026651407807145214,-0.044488146479198014,0.10510244940802162,0.17478867033631304,0.006646901898344282,-0.023081757426847857,-0.009138724824598791,0.09457697725528427,0.03949338366312454,-0.018930782270746085,0.014497548953519762,0.018807836758850713,0.0797006225845635,-0.030254868331892167,-0.08244551611008873,0.02539237266359482,-0.0024979425487755068,-0.05795123343614119,0.07698245803690053,0.026113880441612336,
IL11,,,0.0035494785946054773,,-0.004305230605811529,0.05974698684520028,-0.013435971195954006,0.00028839278021743287,-0.04507758559263056,0.0023304803393024353,,-0.029301837890613178,-0.0388213269791973,-0.00389836087016095,0.043219430024417665,0.05953323355222255,0.006677667829846535,,0.06697349428750002,0.07151019526517217,0.0073915247709501085,0.01503724723147758,-0.011683104163094172,0.05899177841818306,0.017083228587913335,
SEMA4B,0.07318899037479314,0.012098825827231657,0.0495119864191947,-0.017946678705440287,-0.00935635274278015,-0.010882953277765534,-0.0011784136562939763,0.012207408420521704,0.22091928788247225,0.08246585042440016,-0.01616343327061346,0.008335186701410355,0.019357689572821662,0.07119475388578683,0.1065757280204061,0.11615868823188495,0.04911721525316347,0.06172925141299712,0.1005853291391443,-0.049501681531711625,-0.01595768380468461,0.03893562280924053,-0.08217735391685606,0.17556664826126808,0.10819460372293813,-0.00921598966855461
FGF12,-0.05097513227600659,0.06886922339603997,0.040620428798709335,0.006979848254027057,0.05719615041558472,0.01583110287986157,0.059261627778046104,0.062022741761264946,-0.14413182103939273,0.008583064552169159,-0.0006624428226950842,0.23882698746210895,-0.05954503877485958,0.0938798306196034,0.030881610241384663,-0.03892596094652837,-0.004445632554867338,0.08604299736770811,0.14056490633961155,0.16824824330280394,0.015238421098228452,-0.0251679661265265,0.022143099688221497,0.16698549121503395,0.02930508983120822,0.04720481532110294
CP,-0.06200454327154701,-0.09804441791542882,0.027461245497190635,-0.02389869470885921,-0.023225871399466268,0.03162580767804317,-0.06791543104645796,0.00873179798561701,0.13400199180881647,-0.09612219286524869,0.01019626917060181,-0.09118869006285603,-0.076092181695262,-0.011821455275127481,-0.017996605840062754,-0.06151242052008861,0.03772976428809839,0.03744200571922254,0.019936730271450365,-0.05223652100804149,-0.05409908656113648,-0.07044995561091807,0.012721305774964569,0.12442691172961623,-0.11613497913799743,-0.02455808506272429
NLGN3,0.06736956759576475,0.11749935049888734,0.019916588025722985,0.008959422573296799,0.01138058804395971,-0.07346210645003,0.10475010720803568,0.11940905871159656,0.12769249018748616,0.014486398664537294,0.03488733684864869,0.08356701273011084,0.04459590635939857,-0.0300416789172176,-0.08007931549661998,0.06464944072289353,0.0036184956086639393,0.12183359745416025,0.10827203612622244,0.14906295678670128,0.06537141012239046,0.1237907970943495,0.0028592872031620057,0.23511832386709863,0.1248552791979809,0.05825231968680865
GZMB,0.07785332867561712,,-0.026988636293764228,0.0530578288298404,-0.007072894750255941,0.007304076231988374,-0.06666185450367283,-0.0338352560031737,,0.0244965265668153,-0.014325694669609503,0.03021147043817049,-0.03658127619632434,,,,,,0.026515315467182145,-0.05953373883660423,,-0.02003197860378418,,0.09897574670464093,-0.036833758889951426,
PROC,0.020958760880275325,0.037046328135846344,0.057547732315454514,-0.009047321840705601,,0.046224028262771805,-0.005209218819575443,0.029711662719760456,0.13478770978051935,0.0486708553653133,0.0032583981758927483,0.02835695668757949,,0.04256319999750856,-0.02058354992054084,0.08879754900386737,0.08173010030950925,0.09477417863170304,0.016321972297297944,0.017757373596257068,-0.008532691320690719,-0.029777608915633514,0.02768274386144385,0.09813322805051923,-0.003527515862915984,
TNFSF11,,,0.0017830265824371827,,,,,,,,,,0.07766647680492614,,0.05967082097722711,,,,0.034914523046640084,-0.007140039008012113,,,,0.01768338985679331,0.05546016201237481,
AGT,0.07200529585063704,0.07373444418393198,0.025469365137853275,-0.01851470566122785,-0.05962019031361938,-0.08523329133525152,0.09586148043959944,-0.06311846591356485,0.21175776582162623,-0.04886613614358207,-0.028598195763941504,0.07487858106474507,0.056028169357597475,-0.01629692365002416,0.03776057512509971,-0.05192455983301962,-0.07750158319710436,0.19929563105280498,-0.03408485815797713,-0.07262079999689107,-0.005138318822873935,-0.061714718946788816,0.015128965549319553,0.1220611750502804,0.1547873935632074,-0.02620767049162876
PTHLH,0.05211755127872294,0.0038901754799637563,0.038584752290182656,-0.005635366196390068,-0.03726736027984134,0.0939857744120504,0.016088076911031497,0.037171611145776114,-0.008156175658371245,-0.018048399892717587,0.023434809787153912,0.040819036784839516,0.03542310074363972,0.030728213043788703,0.07081542409694434,0.01732317049226963,0.06796049218097827,0.016795097085812512,0.06453525912475018,0.20394405521683415,0.05833608071770217,0.023896366065753336,0.051916774483763264,0.21052963442154024,0.08575079917058091,-0.10009670881891197
COL1A1,-0.0374482672529188,0.08124939250940356,0.004713689662199208,-0.013890105128894962,0.066528515062477,-0.033461989598830164,-0.0069033656366657686,0.022763643327888643,0.2638587034347736,0.044253760560073956,0.03716685400845103,-0.13765264285378792,0.13382713323147366,0.008595032228599881,0.06399008628744131,0.07143977558834035,0.11462299313931752,0.017993514113331693,-0.040533808537324294,-0.03505667755586967,0.03799810179787832,0.0037309587561566147,-0.001458536664075756,-0.105803127334878,0.021199417435831962,-0.027685820686852932
LAMB2,0.0768447856532743,-0.028969613312762064,0.023856780980621228,0.03188312442406984,-0.07656915126581737,-0.035023439878414955,0.06551872782363492,-0.021353109839920656,0.2491048160695772,0.0350085304920469,0.0220043140186649,-0.09419274404338568,0.010885573642894691,0.008861655892446172,0.08850119666889635,0.02506477218522651,-0.12377830012956237,0.12521562675413042,-0.006674286937401527,0.019575779626421288,0.04298938051943814,-0.006193950721967416,0.07271727639963553,0.03603931397049276,0.022948357856550756,-0.0835181335768949
DSC2,0.016780817626803474,-0.0038208705130432525,-0.006526799300690929,0.02631446289540551,-0.001985987462364683,-0.049269961841097124,-0.08679615275877417,0.034820843286777876,0.06986229712889079,-0.01989897915317397,0.0023137305890695045,0.03966593714575765,0.03904985387296908,0.0016097835734886136,0.08408066052032005,0.009353638876609697,0.0532434248079877,0.09707215109020616,0.0061811112886267765,0.12321214459177872,0.039662704761193004,0.0225842242860094,0.025747561536000385,0.17302269055115327,0.0067787615346163324,0.017822495485353064
WNT5B,0.008471594355394548,-0.02876798041707075,0.04027984912737131,-0.07187751835854635,0.03271327136623443,0.05526802000214232,-0.0023012755761922157,-0.02669727435039113,-0.03902469598108038,0.0380999363972143,0.02429083444783983,0.011316470558251818,0.10016126360319816,-0.0020307154529348014,0.057283035436797324,0.02878101805849175,0.011982023014003054,0.1264695551341584,0.05608856822631906,0.13801404379308446,-0.024906891861631565,0.008439579691984118,,0.07387268431732845,-0.05054628853253939,0.05468676369965303
LEFTY1,-0.02310303204521449,,0.07659805331705612,-0.02122804824572375,-0.020605926797049562,0.014342388965486353,-0.047588787599750465,0.08354767617902839,0.04888203107041214,0.041978297976435326,-0.03528818329709847,0.06326683648922447,,0.03866443052721535,0.1065077324325884,-0.08329589690893587,0.038100931234539406,0.029368537569803663,0.06664845071911335,0.04708616091529908,0.0073376255102917,0.09962774045693913,-0.04873457932543753,0.11303703496415418,0.04761422005622406,
FGL1,,,0.03616495533893809,,,-0.048881874521752425,-0.0311699679211396,0.00460558519884649,-0.024314792888774434,,,-0.03872494101765551,,-0.006062376476880995,,,,,0.02678768377506046,0.02271312684285361,-0.009809278371844796,0.04785622297750862,,,0.026482370672326436,0.11389713236557349
CXCL5,0.03148080630226614,0.0009888497903000229,-0.024051732434044074,0.022049178970558206,,0.02896583272195906,-0.03657810314267368,-0.013263851997285539,-0.01231884067713476,-0.030686142657961147,0.023729714692517563,0.026710910942301214,-0.015212970682230017,,-0.018189047229356714,-0.14530972792138866,,,-0.05698055320455592,-0.0495592846030205,-0.03024823223482917,-0.09217304933336712,,0.049130194819152324,-0.003267128349028395,0.027521627283750686
S100A1,-0.06890708215196013,0.08620824339081107,0.0021177005068005075,-0.06447685178147265,0.039818069619859495,-0.012539118682103199,0.010733832045160206,-0.015489536888426247,-0.22588398454798234,-0.028849900947141443,0.007202462301230808,-0.02652741280470405,-0.004846363013382557,-0.0031675118859282978,-0.044347278174957,0.027544109047965195,-0.045717444123213234,0.006591371382631565,0.1964306657100827,0.21583292964932257,-0.032856711026606436,0.0025867223404604086,0.059990535027052344,0.09634393810789202,0.015881292116643703,0.16971623927732077
C4BPA,,,,,,-0.0034575134071931812,,,,-0.00902436118057691,,,,,-0.11214787751990649,,,,,,,,,0.05390397945488497,,
NPTX1,0.022900128420943945,0.1307470729456092,0.05202925528541853,-0.045001580203207076,0.02870926453572088,0.03831103377971524,0.04175123342190958,-0.018792576194396525,-0.10311578324317497,0.0019939074206377157,-0.022907205030038225,0.1310598338768981,-0.001511559193922587,0.021597303746097488,0.029254519986651125,-0.03640051458757166,0.0964405216617507,0.03713071861711455,0.07054527353242508,0.004507525047989749,0.0439343845194028,0.009508750126856182,0.026507753348203072,,-0.11267091558427346,-0.02978204465861596
TGS1,-0.0037194896804935893,0.08059029237943982,-0.03533370529935772,0.03946247586988431,0.01621925950355096,0.01784664610237267,0.0959345347281446,0.046858865179166265,0.12080715788360548,0.011933045614760678,-0.008156382369962462,0.019496810718768375,-0.026335439259968313,0.03832945860648675,0.04365324360463421,0.057759906320384954,0.16788350160385132,0.047471150762725144,0.008495421633888094,0.03233679333980558,-0.029830471365807697,0.07529250073243395,0.013910328334412574,0.13883822469213056,0.06896362200190286,0.014225455381227698
SST,-0.028948380802388072,0.0920476778321387,0.075858307606492,-0.0746799270177128,-0.04867957664498462,0.03469392508517283,0.008894170490841048,0.0023621902862463492,-0.179716541234289,0.017944921815655226,0.027347085239770634,-0.00811866621854474,,0.015412172573209513,,,,,0.054226781346247505,0.09180687264268905,0.03699885914740798,-0.002774450736344721,-0.05990396674380084,,0.08869147307164202,-0.06971984589147566
IL34,-0.0022528695604274985,0.10325224625135883,0.0836483715343031,0.04133417259472482,-0.026894086838114686,-0.014497186870037381,-0.012062734453634486,0.01519579214817616,-0.04729519387761241,-0.011506811744854996,0.02369681486394726,0.09312654533420461,0.012230841401947728,0.0033080298317470507,0.042307164333777326,-0.008954617904209513,0.019663951786230018,0.015842533071393636,0.043394347908324575,0.07528726854296233,0.04197760400743405,-0.024193079569399863,0.005012479151623871,0.12443267923191316,0.007045324456560822,-0.035905965491689534
DHH,,,,,0.05360048965496382,,,,,,,0.004510919079317577,,,0.08035035051162509,,,,0.027539633007696504,0.1544859625250031,-0.01315930754758579,-0.0965921202640481,,-0.04457679813832322,,
XCL2,-0.02291185462935903,,-0.010722228442264772,,,,-0.02727400764393565,,,-0.0412813625703071,,,-0.004083218019496018,,,,,,,,,,,0.009786529610816776,0.05761937717379045,
RSPO1,,,,,,,,,,,,,,0.015737118069600757,,,,,,,,,,,,
TF,-0.10981246367800673,0.009245676906605379,0.030542722121363,-0.019597733063164053,-0.00016233473454020718,0.0005755425224478528,0.052535837553584104,0.023663423761378637,-0.24457540211462278,-0.05318621463408346,-0.03148726696717215,-0.13026645995810016,0.038618814450566544,-0.025060590423231995,-0.14312472028240275,-0.023073355035217204,-0.020098118966914717,-0.19451891767945698,0.07731497769333617,0.10148278044759088,-0.06520543039278953,0.010203104887310733,-0.03251906773521208,0.04410377177184156,-0.10358653681226249,0.07453486064884587
IL33,0.03288005940641768,-0.004735045058432225,0.0667009363895858,0.030643503900507033,-0.046516972452087836,-0.04803544776016034,0.017019970702830987,0.021747091392924963,0.1332912634824394,-0.040091911319474496,0.009327677634644791,-0.0012406921704785335,-0.013043168838906488,0.0033339617877157887,0.044008628625508917,-0.0457404059817133,0.10459598533345225,0.12085105651596227,0.01703240178824407,0.1417560927190353,-0.006058522280826055,0.023802532006480755,-0.03724326735476995,0.1311869647660495,-0.001878936125791377,-0.09864790039430767
RBP4,,0.011076862141866569,0.03676633488297165,-0.05156116418638326,-0.056456406191110066,0.017836627553031625,0.02365732661056599,-0.021099662288043355,-0.10222330733548281,0.02765282314233042,0.049271990453082046,0.11574223697770972,0.001780628310963778,0.05801805072898062,0.11950422209859783,-0.037087043166345965,,0.08703973315582816,0.2089722689660843,0.20641410202842772,0.05472625249140173,0.11066384924238919,0.1403951543329651,0.03332208822792186,-0.01148900391641146,0.04060477437938175
CCL19,,,,0.010123874012630344,,,,-0.004401955137349507,,0.08994805396616011,-0.05524405288128992,0.02536128073462508,0.014605378755378807,,,,,-0.11293979600402372,,,,,,0.08246229954197323,0.003893252126194744,
CCL20,,0.008862793793932958,0.030186215222580293,0.010925022121849337,0.06487126787789917,0.01222352819508176,-0.036922031416838835,,0.0634767222896443,-0.01305680903233826,,-0.006023851893083406,-0.02753380739509867,-0.014759778468955534,,-0.04251194372819714,0.028803671441441667,,-0.0944265462797012,-0.05679575683851233,0.010589102230552693,-0.07690664842099122,,0.05084926697632879,-0.0013259603860662531,
NAMPT,-0.04994247436915378,-0.1103760987798334,0.037227966555683216,0.056578115675662274,0.010459171183220026,0.0975807036005296,-0.09611631842284553,-0.0005678091759165606,0.181790779572659,-0.007990778994809898,-0.027659625446790022,-0.12796379389363507,-0.040894016229917826,0.021786503502471074,-0.0706583399308125,-0.1447249629669131,0.0021088494319190998,0.07370018174309277,-0.12185673220465695,-0.1990207079459329,0.05349334121354593,-0.020351440845618088,0.048278962315830315,-0.10855041218878217,-0.02595329056348478,0.09490559082194895
