,UKF255,UKF304,ZH8811Abulk,ZH8811Bbulk
BMP1,0.03087094345639602,-0.006040569876367091,0.14698566969803573,0.045622653122263566
NDP,-0.008179244370599694,0.04378250885389706,0.0837228854750816,0.0783629905357786
RTN4,-0.017964013116438485,-0.0808772967024134,-0.08405831469770188,-0.028435810532056006
HEBP1,0.024800995842301905,0.03992663924807171,-0.009078695564561154,0.07122972926213444
WNT7B,-0.014912319787588982,,-0.028633117656249513,-0.02304453352577471
PTMA,-0.06742075208131328,0.06994201114804431,-0.02028172328011262,-0.026176150745019635
CEACAM1,,,-0.02692899967510584,0.05539495121398344
PDAP1,-0.030454722298290382,-0.026528087308559593,-0.00809198236325086,0.04417065630559342
QDPR,0.00088759971628557,0.11935701117465959,-0.09854360630120707,0.022826197128189736
POMC,,0.07081474264367095,-0.02854050381860625,0.018091179367717918
CCL18,,0.0911833572789074,0.014427680710753192,-0.03484947689168037
CCL17,,,0.4642037498703324,0.12120422209403746
VEGFD,,-0.020426090459502378,,-0.02111203093605627
TNFSF13,,,0.010285644694815082,0.04369535532300611
WNT5A,-0.00817105977180849,0.0001209996251131502,0.08200841720547879,0.04736608799395777
CXCL8,0.02591067151971829,0.06119809046638193,0.18409040383530734,0.01977394997160482
GRN,0.004730482419962559,0.08386016933382578,0.035110818302264805,0.0794110120437979
MIA,0.005604284948866714,,0.016925229153884974,0.030928562130459435
COL4A4,-0.03301213371764126,,0.0595621460582944,0.004220169878000719
TAC1,0.011740441660519355,-0.07565640474804733,,
RARRES2,0.010827309654879554,-0.03842717530464773,0.1740835561179935,0.07553212025514133
FGF7,0.03881962791067731,-0.03430023049784289,-0.06391146792221386,0.011774520267461536
EFNA2,,,,0.12550485771975958
HBEGF,0.11496198904302152,0.03510177769214778,0.038322670869391985,0.017325713586951324
CSF3,-0.023107238726385745,,0.20573963137009837,0.07041301833330815
PI3,-0.03187050882503401,,0.12525077528572004,0.08274793250347938
PCSK1N,0.0026907202016048576,-0.09965120536287861,-0.04436933043199776,0.02801267614236008
NTS,,-0.018390042827294516,-0.04456956068233352,-0.024446092407100915
SFRP1,,0.08648686627579642,0.03983712229493006,0.06382438242079531
CXCL13,-0.016778589428363164,,0.21121748020715836,0.03341721671845581
MICA,-0.012242781089800696,0.013963195744656499,0.018867360712915063,0.04714025233566955
TG,,,-0.02538553178503802,-0.016091385065654367
ADA,0.13363924512268271,-0.028211275155222097,0.033604241297679485,-0.012843789691559582
LAMC3,-0.0034763742373990435,0.05469007094061921,0.05519379536686852,0.027235450885419617
CCL7,,,0.09651958862767661,
NGF,,-0.018390054935917558,0.1171978657662727,0.0014842269606157722
TNFSF15,,,-0.012432238152329009,
HMGB1,-0.06211382827888548,0.08942473120193666,-0.0632365405153997,7.041960790125427e-05
ITGB3BP,-0.006854451869459227,0.010152588454027181,0.04777035962446545,0.045710338545655475
AANAT,,-0.01728935619519619,-0.02511985565147274,0.0806160536227695
RELN,-0.02602228142048936,-0.023169765868128012,,
IL15,,0.010264456294400193,0.0016088926333176026,0.04598447006237365
UTS2,,,0.07861491162915275,
BSG,-0.04903161013572673,-0.040117417756921216,0.1726690601502729,0.044444036426063
ADAMTS3,,-0.027762643496980134,-0.014182019883454283,0.03281385245653687
CD34,-0.0241044534948533,-0.0095258012154161,-0.06380482973274862,0.03848470869869474
PLAT,0.04020076481932554,-0.053816833164131835,-0.026795082806147737,0.016239344968059375
NTF3,,,0.005748889256428646,0.05696741421247502
CKLF,0.057262795558277145,0.044294678471158824,-0.08088937868342994,-0.02551577703303281
CD24,0.0668169533127712,0.010522385049293802,-0.11011037089245915,-0.00563037286620341
HSP90AA1,-0.011972746504324625,-0.14589884695366034,0.08429123108757387,-0.014432270104064839
BMP4,-0.011648482316853967,-0.027576898290926282,0.014178309032428834,0.07013448245784165
SCGB3A1,-0.02469935311447381,0.09406160452070064,-0.04358173888524657,0.05062195958913589
IGFBP4,0.017290756016567453,0.05300708922006262,0.04889811284986013,0.07974034378759465
LEFTY2,0.10442084756237183,-0.018390054935917558,-0.024306789424875682,-0.023071803276722255
PF4,,,,-0.018391486421307345
ANGPTL2,-0.029665601232459655,0.12038853785298453,-0.022456435160274985,-0.006875948771557416
LRIG2,0.038690661075425826,0.002827379882100456,0.04400364727735296,0.0018797861797429883
ICOSLG,0.002948706616848029,0.0752610365818102,0.03342504350360691,0.05926381119918679
WIF1,-0.0021543441060464428,-0.04212639971237721,,
NPPC,-0.0309873830044139,-0.045657290592315936,-0.019839699583178095,0.015600228859393793
LYZ,0.025127841561397146,0.07752904169474285,0.060550879248004105,0.0126880208367843
EREG,0.020106347980037968,-0.018917992249515795,0.21836453676030693,0.060577618904568566
SPTAN1,0.03980239185100214,-0.07966758862383486,0.010051644314260817,-0.007307088496156558
LIPC,,0.014705239581398273,,
COL8A1,0.006354833162306385,0.008379728136444383,-0.01937159104540593,0.05052254068365543
GSTM2,0.07881001302264798,0.08246732823128512,-0.021758524013064644,-0.02722057362408794
SPX,,0.07590105890627863,-0.02886983984349343,0.01400449869768251
MFGE8,0.06357437246326457,-0.016335965550180208,0.123893700106114,-0.005751049197691539
TGFA,-0.016354163863483033,0.015421544304064757,-0.04994365607851359,0.024690364494632435
SLIT2,-0.018358292732464594,-0.06283712529596394,-0.033555914191651194,0.009387522928117361
PLTP,0.0006339905365588086,0.09026805340758019,0.04032505822604419,0.008507645198612876
APOD,-0.03365428193208375,0.09036836155286511,0.047599791345715306,0.0027624644515675464
B2M,0.03952802389161642,0.1081863656840971,0.03652033231598904,0.08306707429451603
OMG,0.01096229049788315,0.031136229904343393,-0.04070862651056235,0.033927680459930845
CXCL3,-0.018367482025901393,-0.026631705166491257,0.1557927894600656,0.036353979213435625
CXCL10,,0.027680487773291986,-0.029567993700310328,-0.02466831491830559
RSPO3,-0.02310723944712629,-0.04063019781544355,-0.05194324485109612,-0.014371098732815925
CORT,0.003386865439263846,-0.04629190351219538,-0.004941892569252353,-0.019245755772297535
NCAN,-0.014026417575146083,-0.11006338577483553,-0.07090095059572644,-0.009861345493985268
PRG4,-0.025836878784775082,,-0.03136185187497727,-0.0283982903676837
TGM2,-0.0027421287976380515,-0.07120789222695202,0.142904711218929,0.11588861301713162
VEGFC,0.031967984244063594,0.027240148854369234,0.023981982490748174,-0.02701756736363795
WNT6,0.053740121878299595,,-0.04274499253609298,-0.0006673495667373677
NRG4,-0.017320118105310783,-0.023815520183821492,,
PMCH,,,-0.02910420974308203,-0.02700282498518988
COL9A1,0.03908745763039354,-0.01865573643224596,-0.05716604902931423,0.009976857496112962
GDF11,-0.029443379806551272,5.3359049220435875e-05,-0.01992715156746903,-0.013057229454369159
IL24,,,0.12095413669439274,0.027113442088764542
SORBS1,-0.019539763369540303,0.05123774983756342,0.02240189757445406,0.02254286244712007
DLL1,-0.024936312855487468,0.019741047539886328,-0.0687226796481278,-0.039254346589736325
TLN1,0.0074501678523522085,0.11302263165875831,0.033757539749703226,0.050892604157191525
COL2A1,,,-0.017843504493046974,-0.0007315228781702831
SHH,,,0.09892302556228164,0.007918595201438975
PON2,-0.050373743839308135,0.056504703843587106,-0.006528294796465548,0.03487289658366737
ICAM5,0.059342605838340654,-0.07320553712758461,0.12957562482235332,-0.008870323916741535
HPX,-0.02310724552194212,,0.046562147578914824,0.04965861170253195
SFRP2,,-0.01651745492219633,0.07675418437734745,0.04477852437037834
CFC1,,-0.01943264299438929,,
CD70,,,0.11227433757026137,0.050885620829947534
HP,0.02003043083475278,0.005882437279098586,0.01180871637267568,0.08023854054552816
CXCL2,0.10097069188628524,0.015848823178277672,0.15585515420454563,0.09171568829566688
NPPB,0.00930356814397929,,0.011855052686410338,-0.010531567758564363
CCK,-0.02997491796336322,-0.09196609585218328,-0.07515406857909546,0.010864534116638421
SEMA6A,-0.04358008002787011,0.11803579457476492,-0.06949493820058783,-0.0074033440928773266
IRAK4,0.04721148466312855,0.06183619896931114,-0.03407758126414856,-5.90578683966689e-05
GSTP1,0.06045030729372628,0.12080607997113318,0.06096930381701143,-0.025306483805900913
VCAM1,0.0218491081625422,0.10744089468736712,0.18150818490765222,0.05748618460237678
NXPH3,0.09270659163756985,0.01836750310195341,0.024043417939223332,-0.0012370215286773862
MTMR4,-0.007303223777491385,-0.023977903864725415,-0.004390298862886389,0.030012795525376404
LAMC2,,,0.02417001897505709,-0.006498710344046782
IL10,0.020679355439625707,0.02682640769759222,-0.01645301132007606,0.07660779509954083
SEMA4D,-0.027624707662081843,0.11919621731051291,-0.04975210978709225,-0.018964686590530588
TRH,-0.017846244867544714,-0.030262096568852245,-0.032985793108961846,0.008226996158925179
SEMA6D,0.002762213488630172,0.006079305785039307,-0.016567260251870462,0.032658484633408646
CEL,-0.01958410888994867,,0.07418300856096706,-0.029547782433884694
PDCD1LG2,0.06187143510475047,0.09861746863188607,0.061313864026462744,0.01670073394178694
SPINT1,-0.023514166026921877,0.008796290090514984,0.036610723383708105,-0.026363658550486696
CTHRC1,-0.02096801662160881,0.03423582120277515,0.08006530494415258,0.028892387054814925
PODXL,0.05192597906534028,-0.02138861192041127,-0.05537639534808071,0.08961306648215091
JAM3,-0.013586088019656191,0.11905561676497703,0.07492677679196055,0.07401884202545148
TGFB2,0.11834363978141045,0.051566523147233964,-0.02931958364229029,0.0301696687802926
COL18A1,-0.023547871764477177,0.10384250630094696,0.16032882896164863,0.08604701986449176
NODAL,,,-0.032438434358851305,-0.022355594018114686
INHBB,0.05117819503671723,-0.010314532925836943,0.05632785040964937,0.08336330526532253
LCN1,,,-0.0345035182066809,-0.02111203093605627
ARF4,0.008632765981622794,0.0032549496625439395,-0.018016845760884005,-0.00871118182740573
CXCL14,-0.03071970197471012,-0.005233986952824911,-0.029513600076253095,0.09960787998871279
LIF,0.06844604126410135,0.015483265971134712,0.1387175593631031,0.057790313048028695
IL17B,-0.017846244867544714,,-0.030025360455551167,0.0019441025580540687
MMP1,0.05282796927719243,,0.20872405533842364,0.04920668746721779
MATN1,-0.02850932692502037,,0.0340473384880851,0.018721899609744894
ADAM28,0.03003806726386821,0.13978387606710208,-0.053381284365395576,0.03544571452925201
TCN2,-0.001439135959083856,0.016809508735730894,0.03810035301569272,0.01940854548226171
THPO,,-0.026245487045953354,,
CUBN,0.028596349063594935,-0.02018193989600203,-0.006047998453229198,0.022380690961193966
TIMP3,0.042776898999347036,-0.008582069544526819,0.07725255695756249,0.014879518403726906
PIGF,0.04923668776980046,-0.012226475339623375,-0.09752473152455236,0.025392612053741846
CRH,,-0.02251487333457388,0.029706668355782753,0.021262714322463128
BDNF,-0.005090462246189636,-0.026050527749098638,0.011203488312984173,0.07304972788630697
CCL5,,0.03755231279035882,0.08025054629878162,-0.015109474446074831
GAD1,0.02731455594417765,-0.08831486305240857,-0.027701132065580374,-0.03294463375343336
COL14A1,-0.025316929973346582,-0.046291893042890095,0.1105079571477571,0.06694900453461539
HLA-A,0.02617516736501146,0.0855617250844153,0.17888278470586613,0.06395175876807256
CD5L,,-0.02739008741571228,,
FGF18,-0.01784622493843565,,0.11897033931610199,-0.020636137000937443
ADM,-0.00252804401555071,0.06812188319825692,0.12330311479566677,-0.02837615317799911
GNAI2,0.07837852143365169,0.057336913242690205,-0.016781801916785584,-0.018110354468276222
COL11A1,0.033058924496608175,0.0010585960048000338,0.034554073979777236,0.03808040329842049
NUCB2,0.011932350768066152,-0.07028534246663187,-0.0005676133836061691,-0.07635281817033555
CXCL1,0.011718415143240212,-0.022944335750175977,0.1965460260754777,0.10125091985690972
VCAN,-0.05293141930066591,-0.007547892317506526,-0.10679996827662697,-0.02421543422576591
MMP7,,-0.016118673770498908,0.13455472935613477,0.11216768729486017
PTPN6,0.04167482964019463,0.044719134276587295,0.05682515205428831,0.004379590789523091
PTGS2,0.03810854001457147,-0.060092808937648866,0.1446532203686771,0.02380714055317008
XCL1,,-0.021143113716637123,,
CD58,0.05479720857928019,0.0007539178098876568,0.06316296494275166,0.016103340949514596
TNFSF14,0.0018544490637358076,0.11426355515710421,0.09590170520659716,0.03557159873192389
CNTN4,-0.0205161695928986,-0.06979880542773705,-0.028485221238909494,-0.04197203185587943
INSL3,,,0.009957150013740108,-0.020855030870187193
MFNG,0.020002696215083247,0.021203880097957085,-0.10360474704430582,0.010468920096327617
ICAM1,0.0077795413534041905,0.049913458396812334,0.1329189474257514,0.03174934857717568
PROS1,0.0004177252352316575,0.04985488766894072,0.07396644500178709,0.0790733855097291
CLCF1,0.04420197541433057,-0.008462233940972976,0.07164633961455366,0.06886996076958413
PSAP,0.012512764036729535,0.08850838023427521,0.15851562210425374,0.08537464495568772
EFEMP1,0.006354362212398516,0.10442830483623175,-0.0897686160685114,0.045395653802385166
C1QTNF1,0.05583477347352794,0.055564473195461664,0.10149876199718083,0.07873086838237031
ALB,,0.1059246442020424,0.06224040368633322,0.03703700648672942
CCL13,,,0.35072200606874804,
EFNA3,-0.016774300836893703,-0.048284969500633115,0.07739234072665135,0.014273705263709052
DRAXIN,0.018913670936059654,-0.022066156458540067,0.004500507460449894,0.01505219083441834
RAET1L,,,,0.055567541527067756
NPTX2,0.004311255856486568,0.10735617840538661,0.010141725759973335,0.12842115189943903
FGF11,0.02781637713512325,-0.04306004474345014,0.12077232902092647,0.02245831002027147
CD59,0.04647673974884246,0.009394472869320046,0.09554911967046471,0.040916195446549244
COL9A2,-0.02393871775407222,0.0021832558818187784,-0.05561379164652801,-0.03321726221944876
DLL3,-0.009186463570055004,-0.06665674533542644,-0.09377627064118332,-0.04164059709892508
FGF5,,-0.015502173812254343,,
LIN7C,0.008437179386540388,0.0044477898145712106,-0.014444832082467156,0.08113192793752523
GDF7,,-0.028495406674369544,,-0.0180982492547851
PSPN,0.006105891927368734,0.02546189119416347,0.001164089900816942,-0.04444853150901508
ANGPT1,0.10069590996607371,0.07670593337465154,0.046732180900461016,0.016366627207174744
PNOC,0.012387928782223388,-0.030811522404980547,,0.0666361008314549
L1CAM,0.06572919371644473,-0.011625741696242852,0.049160419358082304,0.04528413802118084
APOA1,0.024440104514973766,0.009506792880373512,-0.009607777186361119,0.028155214424379373
PSEN1,0.07298917269599497,0.10309924378300689,0.04509092982313694,0.018851653878408342
CALM2,-0.004187911206765585,-0.0637108587474407,-0.09465417859473817,0.0407029489528833
CLEC2B,0.02499414904787308,0.033431993318940534,-0.023294420328514087,0.01983061022912965
NTNG1,,-0.006039357239087284,-0.08016693544879079,-0.0035033963397588094
LRIG1,-0.026954048899475367,0.03744444322104717,-0.09925411742042241,-0.03443299679322099
CPAMD8,,0.11964368905702087,,-0.02033192141376053
GHRL,,-0.017289356346091717,,
NPY,-0.01650160420298192,-0.0065763360652888484,-0.013921946142526972,0.06604580632740609
MMP2,0.008744465727801454,0.1095445313370814,0.14867081018036069,0.03832300095783889
PPY,,,-0.001361335864496691,0.09123141461375567
ALKAL2,,0.1585288674791952,0.04842404674869024,0.06480954382242562
CSF1,0.052579248815560725,0.037215420387641036,0.07122837209188189,0.07326695573120241
SEMA4C,-0.02691665277999586,0.050514271463449556,0.07050969353807784,0.01897349707159864
ICAM2,-0.007028922341354228,0.027102637609890567,-0.07015756599605133,-0.024184046942307046
SYTL3,-0.028419265113834215,-0.019611433622076537,0.06991893311885636,0.10983913760352818
IL1A,-0.0478560058481819,0.1597486318498836,-0.005757562190894868,0.011832808490367617
HLA-G,,,-0.04649657884005852,-0.04232655099845146
PGF,-0.026608899221746692,0.031623429763198756,0.07670519588524335,0.05560280637439947
LGALS8,0.011146620097464453,0.07664012278991245,0.03178074264404264,0.040512865384945036
DKK3,-0.049980687327758705,-0.12367307353917506,-0.03171939257183127,0.042468881591799644
COL16A1,0.027050954224742955,0.021917740621600904,0.146184844093293,0.07681585295416932
TPH1,0.08394720969448609,,0.0774866558329681,-0.01931359344403418
TNC,0.06273192380892012,0.08073967009848143,0.09449707929536776,0.12060809024875646
TNFSF9,-0.027289786849643893,-0.03405115113994908,0.01573163059904914,-0.02623891343017216
C4A,,-0.01865574135222982,-0.023467732122613296,
CNTN2,0.018166595345671416,0.10801320565599351,-0.1135051871040007,0.024528813466597785
F7,,,0.030955096819243588,
LUM,0.06765179328041546,0.008907896881987187,0.0469986352736533,0.03077813191268291
BTC,,0.07256930667749749,-0.02139139948095022,-0.030841228090836156
APOC1,-0.0391536291099381,0.1344242596700662,-0.1944712209896067,-0.028704081556505504
PKM,0.012797539654801193,-0.08436706539642033,0.14673196881072825,0.0074638823804153995
TNF,,0.068081771183398,-0.020762464481950262,0.13460690059398864
GNAS,0.027140486375817625,-0.10975563940119161,-0.06918365320232683,-0.062392907306269646
BMP8B,0.03442810696952032,-0.015128671459427884,0.05361776460132272,0.06689194231469227
LIPH,0.09856720482555738,,-0.021079140233053167,-0.023538089192971342
CCL28,,-0.02317332729768573,,
PTPN11,0.03015871785821977,0.015411852928763896,-0.014000437273736911,-0.07539877923616403
ADAM12,0.06341375925690206,0.03217099752010439,0.08877666108207928,0.056802814497940474
EPO,,,-0.02289248462753838,-0.02444610002000855
EDN3,-0.020743208059120256,-0.02776264468121486,-0.007964695859593729,0.0675278083725737
CCL22,,,0.2853012464073908,0.1097982041204715
CCL2,0.0737941693825987,0.03762622920029262,0.11838796411630352,0.10304768397588436
DSCAM,0.006081602083471014,-0.04641818712660256,-0.05176654315389376,0.020099064779201866
ANG,-0.00289435870866432,0.006197479325177053,-0.01843135239189215,0.014263341343203962
FBLN2,-0.024113134777048538,0.032512910653930416,0.04421614681606584,0.04103754203788241
VTN,-0.02051617302995982,,-0.02616767653849643,-0.017190004716699146
VEGFA,0.0027379147961823437,0.019292304778767318,0.14068983329292611,-0.008780593876792097
F10,,-0.025458004330203555,,-0.029358957696896722
SERPINA1,-0.06598260744259264,0.10548283624922547,0.0450867489600857,0.10649343297511751
VWF,-0.00664835761743186,-0.007891721224570972,-0.02588529984526519,0.0575387703979017
GDNF,0.0212331659919215,,0.030645444073605872,0.015570697193122242
VASP,0.07755899404662338,0.022145187165853498,0.030691107991020934,0.056250517395116786
ADAM15,0.016854747031802165,0.0365274973646363,0.10189774878034548,0.035102454590687476
WNT2,0.07790317805234981,-0.026245505058735488,0.03466267219416164,0.008269151615049571
CALCB,0.004409174414879213,0.012441836264651639,-0.006686455525756652,0.06893573488575633
OLFM2,0.0752471085023283,-0.01085967889251244,0.01657113035927457,-0.047745726644387046
MFAP2,,-0.02042609770169999,0.08205342471723427,0.00658764113034163
HLA-C,0.02356359751975272,0.11211378689604257,0.09887270525974973,0.005517634028052595
THBS1,0.0332474845766659,0.09962144906689571,-0.0443586043538001,0.04894580179102221
HSPA4,-0.04806546792190653,0.0263482775077067,-0.08894307787330955,0.010873892229365264
LMAN1,0.0019077686463332718,0.04091341025458917,0.06628685666158113,0.010058098211363253
LYPD3,-0.02411315679243012,0.23087244945878674,-0.047748374989411556,-0.0075821117062705645
APOE,-0.03555816640813091,0.1185356656742472,0.06814467010584431,-0.012616574741646491
SOSTDC1,,-0.07748223370419566,-0.009717211189019248,0.08564240832172389
ANXA1,0.014693502122698035,0.08266363261379583,-0.02248824341512895,0.07379565201345228
WNT2B,-0.024113161255014823,0.0351024444081584,-0.04439494083003702,0.009355812911901901
AMH,-0.032593654873043845,,0.03281349930257403,-0.010314149081969606
GDF10,,0.0629874894167369,-0.03530034604269281,0.1562880499259466
EFNB3,0.05364517264353466,-0.07770568867046455,-0.04101786450370046,0.0301672832078668
LTB,,0.11044507350921663,0.01044698571665911,-0.03605082048608263
ANGPT2,0.011441046362690404,-0.008656451735690558,0.0023465131057160745,0.011898148723867082
ADAM17,0.00259928113569024,0.05672856750808708,0.0824154866128202,0.029948433991691916
LRPAP1,0.057917448045239,-0.04491356117629114,-0.01993632534314336,0.058362923305235244
NID1,0.008939080599622447,-0.024007662908543274,0.11795406501956451,0.06388033230836519
MST1,-0.050749081078605617,-0.02314660420323525,0.07006961400031614,0.05386414211833303
DCN,0.02025356180059533,0.056070690464276846,0.08274640497373087,0.04094089511382688
IGFL2,,,,-0.024222015017885318
COL7A1,0.046229103621723,0.03847163424703992,0.19486922137032517,-0.02981041166029538
CALR,-0.022217020101448916,0.04749604352309699,0.09911442895350005,-0.003290225340989828
PIGA,0.013533301062414177,0.0658315779488751,0.06681193535684021,-0.0023409180156774277
CD200,0.031923367683487365,-0.11738109369110596,-0.08959270852076248,0.11590692288527854
GRP,,-0.019432657343864554,,-0.022835382727295614
CDH1,,-0.01605245319028221,-0.045470739806894936,0.014200115800736808
LPL,0.03642681448965969,0.050980791375308816,-0.054358656882589756,0.0032203048061057084
SEMA5A,0.016698902952707675,-0.018643614660831788,-0.041463644548669645,-0.0399021998486486
SEMA7A,-0.01880262011008349,0.015402025699332725,0.07361441082605327,0.05049613923779103
SEMA4G,-0.02320066460290113,-0.039094628566212895,0.03107184652823308,0.08059710970633012
SEMA3B,-0.019708253542453594,0.06238643892509622,0.18320436482944275,0.09648796752276718
RPH3A,0.028310800744889623,-0.08926306305475636,0.044747761571414336,0.06530086007878483
JAG2,-0.04890580193740914,-0.04978688611215799,-0.020495315217179472,0.08209096315318275
CGN,0.017192297807819973,-0.006017798048942328,0.07380806272276406,0.0651363618513263
GDF15,0.0357535932292767,0.02432026975014014,0.05362978701995441,0.016069994064576598
SEMA4F,0.006171784092863104,0.029253824353455773,-0.0657434515324711,0.011129532259617445
NXPH1,0.03220122987846554,-0.060855441763861,-0.05754292858489289,-0.024510906181566115
ARF1,0.04391418773266531,-0.0663094778645215,0.023608502696892297,0.014517178709038124
EBI3,-0.01541023508901816,0.06487901576140656,-0.05164684512160531,0.026445040649349418
TIMP1,0.02936199461600741,0.08241923051648521,0.15634078604149979,0.05982185271045292
SEMA3C,-0.03228040653390299,0.043058363396136765,0.09230218279654677,0.033327413942104575
GAS6,-0.030926136147812505,-0.023908554014910093,0.09032114048726397,0.02135901391677155
MEPE,0.08320618376682777,0.0018633884821211955,-0.039618038551970484,0.07355143818461596
SERPINE1,0.04100843602226398,0.002512755620238861,0.127872523636083,0.07935264259282909
RSPO2,-0.017846242132172847,-0.06602234583161222,-0.03201162253286744,-0.032784189742667266
SHBG,,-0.017847618452536882,0.12491801786554851,0.0026393051320365425
LGALS3BP,-0.03619321625362325,0.077087934276685,0.09974778456854977,0.07605389398451042
LAMB1,-0.011716763157668786,-0.038818550373569564,0.13258924640960312,0.01620445643443918
SPTBN2,-0.0074453994959087656,-0.05986322363025611,-0.01810695445445231,0.02345664986398446
COL1A2,0.03727098092432791,-0.02148976585069171,0.088029309344495,0.039569960327781685
WNT11,,,-0.0076080596179435135,0.06057288448764197
LGALS1,-0.005259433676116947,0.11337756317154493,0.13787256674301446,0.02367439960923347
BCAN,0.013464507687524559,-0.025330869131153802,-0.1209943649431068,-0.043320769963277814
ANOS1,0.006243887996278374,0.007863256523622334,-0.06905907278919524,-0.034274336079026003
EDA,-0.02867999475006435,-0.021838695213471183,-0.028478682651659034,0.020552853573713316
FGF22,,-0.037660258184854925,-0.03490387590150757,-0.02307180666464973
SHANK1,,0.083225245129401,0.004046707236845416,0.012588373168554129
NPVF,,,0.12375728399258921,-0.02085502358939483
TGFB1,0.021900265005103312,0.010066753962997785,0.08976251371536799,0.0511916137052845
MSTN,,,0.01492922354898126,-0.02280465780093811
WNT4,-0.00973414961564208,-0.02757689799318482,0.029784109233130598,0.011986254238267402
TNFSF4,0.03510519917833134,0.04093249142272258,0.10091936235618501,0.052002985385909146
NTN1,0.025220739614955405,-0.016130777958419933,0.06195630437308072,0.013799398145707065
CXCL12,-0.00436515806384224,0.02017969828267359,-0.005948945103640705,-0.0017222937843477362
GNRH1,-0.010902424640034587,0.03158241132951266,0.11200648496175696,-0.027893940353605918
FGF8,,,0.005979845555301541,-0.028785955482467776
RIMS1,-0.023914950314216036,-0.08611191576911181,-0.015598768091274433,0.015447123176399463
FGF14,0.01456313307282937,-0.0706392956624004,-0.04729059746341831,0.05625194709266972
IGF1,0.004167910148933398,-0.0417351688572205,-0.08659848744031562,0.03559266604956797
TNFSF10,-0.029018820561879596,-0.013949395106231492,-0.0519351955340683,0.08147776123923167
GDF5,,0.013583135692043585,-0.00945217821893817,0.01550295430005712
CHAD,-0.03831434141365067,,-0.04405368636072486,0.06541284840707265
RGMA,0.08209383312241544,-0.006376116980177959,-0.013041583660301347,0.051533120775502914
WNT16,-0.017846244867544714,0.010099824404889645,,
CX3CL1,-0.010001243865031595,-0.06840000598379391,0.046122854560668655,0.0048335626003870045
FGF1,0.0613752734321246,0.13312576927842315,-0.029767395128017786,0.018985083052341662
ALOX5AP,0.05389986343576504,0.09071344670226839,0.021373873312070246,0.09983694643885749
IL1RN,-0.06470905619777953,-0.0363342111796243,0.00021036325358709789,-0.002354665379850042
PCSK9,,,-0.022599753763004434,0.09028678769547552
NPW,-0.00823247257552996,,0.06940712537659516,0.04359687078487615
CXCL9,,0.10045894304912953,,
ANGPTL4,0.023084600925835988,0.0180936643328546,0.14297956173964077,0.027528644663683568
UCN2,0.04551267912680468,,-0.027356030385971324,0.005287300870146933
COL4A3,0.046877681625964555,,,0.1268675560769552
NRG3,-0.01885743858551308,0.03868445201952295,0.027928348292398878,-0.0019407614299276534
IL23A,-0.02119065636131599,,-0.022599745879263212,0.000566278969995108
COLQ,0.009902252147846435,-0.04021551993820793,0.038849794945099395,-0.0005042268253450274
SCGB1A1,,,,0.017123342232712495
TNFSF12,0.023845403279238907,0.003523018530774534,-0.030894626439678524,0.06531846308572818
DKK2,,-0.03292611002712336,-0.02667743095210499,
FYN,0.01712330563822398,-0.002287801692321407,-0.09514054937679514,-0.011557201058183484
ACE,-0.04044652880350243,-0.02858996765455162,-0.09951546560120592,0.047151454321905074
IL18,-0.007739214579922342,0.06904450916064923,-0.042853024205124594,0.04279414861107065
PPBP,,,-0.027671215445308754,-0.026175681580942297
CCL27,0.15325998453883666,-0.02251487025537056,0.029829768845136172,-0.009322648317889372
SERPING1,-0.059157004588895064,0.05899956079395399,-0.014308956174431795,0.08949340057226127
AZGP1,-0.04808774228780998,0.032173909257998706,0.16723324219990435,0.07314560711916439
INHA,-0.036797915367771515,-0.03111432631962425,-0.0075300866385487044,0.01237219053884326
SEMA3G,,-0.02545801283254756,,
COL6A1,0.011114958396144412,0.05145837512383869,0.15856549026218927,0.10848462763677773
FGF17,0.058281177792142994,-0.03244000989909192,0.10298501492665905,0.052770904839293115
TNFSF8,,,0.0006726206521940746,0.09607558466685086
FGF20,,0.049158397389290266,0.020111302381074978,-0.03780258825374734
ICAM3,-0.030267099308407795,0.09799261160308818,0.051749934967408824,-0.004795101010610974
LAMA4,0.026221916464070197,0.16121166214858154,0.03768572731471422,0.0486805944360014
DLL4,-0.018706037920314094,-0.025656839092055603,-0.03449353068492844,-0.027193085653062984
SEMA3A,0.03417075398102617,-0.03324702788264109,0.07138552905983074,0.011522959394270449
RLN2,-0.019344676520983713,-0.023815547336037825,-0.020762457741375116,
C5,-0.020372481796259775,0.006831137867066835,0.0395399977934691,-0.030499921694768683
C1QA,-0.05653706045267947,0.10320903360690759,-0.05331982260551717,0.06391770302506732
COL9A3,-0.0290329056595642,0.045009189697128284,0.07193604225464222,-0.004087067834784199
HGF,-0.04723183070743706,-0.020071101744655383,-0.040793846224221365,0.0032300367449354743
P4HB,0.011447172193902042,0.039468461216634596,0.16721792304693245,0.05446317080390178
ADCYAP1,-0.026932823721518954,-0.0354546403708453,0.024874845317772086,0.07900075548328635
GREM1,,0.06445810523839429,0.1537989152901058,0.0564509331016636
EGF,,0.012861575487008517,-0.025385528897914632,-0.021112027577039182
VEGFB,0.03581706224996291,0.06137142706861939,-0.03492117611279961,-0.03448956717673239
FARP2,-0.06605644224847888,-0.002114438723224038,-0.0233436541338238,-0.003417359716564806
BMP3,,-0.020181947741218287,,
IHH,,,-0.011466331716811365,0.04055794983049948
LAMA2,0.012220165966936956,-0.029664160380686037,-0.057137583278306626,0.07008290158253917
SERPINC1,,,,-0.02111202925654753
NRG1,-0.01732010846148119,-0.046795697429029844,0.054093587993744446,-0.01767985780561211
SPINK1,-0.023691505446515243,,-0.0008001888986106798,-0.019519457274275225
EFEMP2,-0.03268560231679335,0.04439324598731308,0.11936758578606255,-0.013871775409291744
SELPLG,-0.04913729333662462,-0.011634923370444816,0.05239729655267565,0.08342099248361266
GDF6,-0.04631504167888189,,0.01790644788293437,-0.026655419528826673
HLA-E,-0.0405376811519582,0.09066926647435729,0.044074656516386104,0.05963228340298694
PTN,0.06565833316893062,0.03249917186237851,-0.02114733478114374,0.008493747635417059
CD274,0.030818658822095227,-0.03372397835617473,0.10007039604740958,0.061573379685977266
CD14,-0.038502787036148636,0.10143099580815182,-0.0343888478515586,0.08782222947092203
SFTPD,,,0.01750070596533661,0.02923759096305358
SLIT1,0.06608387557222535,-0.049322845549681874,0.0053592128584681875,0.05119572659329754
CNTF,,-0.014852602485609073,,
BST1,0.05818263635212504,0.04317454707283996,-0.0654850882207674,0.03284900714150651
AGTRAP,0.011196264442419059,0.021064536516861757,0.07749358100559928,0.10930509286204648
LAMC1,0.07132682829462124,0.05400537482236357,0.0802267172763223,0.07375424386283436
COL6A3,0.0037998335883908767,0.02783432756025212,0.11911144838437296,0.0663371934590962
FN1,0.03981048331769372,-0.015752559728582843,0.098542102210845,0.059984380249631826
MIF,0.037518141413893286,0.004710031548512132,0.01543079900578625,-0.06105524691440632
JAG1,0.04391319417072824,0.0800000596957387,-0.039781314926800454,0.03078105063275572
NID2,0.03911569243752184,0.06723660811388188,0.06130006491239091,0.07884703348658281
EFNB1,0.02065476479259166,-0.05992483702609092,-0.009888362217512459,-0.015322106941994198
COL4A2,0.042470947225450015,0.030836880095506048,0.03311341319856934,0.028120022834582478
SPP1,-0.07663046084080366,0.13810849425433594,-0.0561693755762733,0.08830857173033393
PODXL2,-0.03748906657572026,-0.05395882331088374,-0.055901218457576646,0.0013460347271704335
FGF9,0.023342099102438264,-0.06389134458938833,-0.08983949482694346,0.005288531389830279
ITIH2,,0.09541141443943665,-0.01592023726473994,0.009072148799072286
ADAM10,0.02077900479370899,0.11811411121838018,0.020326061949873624,0.05980503474976281
CFH,0.022109646184372896,-0.01312469050925838,0.03679317662373553,0.059055999537898377
COL4A5,-0.0005095474398996133,0.06378706718299616,-0.04896469498422996,0.04781911876885399
LTBP3,-0.026604640503290956,-0.002043428431837831,0.14457385344582127,0.042703672445624695
GNB3,-0.024609846197852846,-0.047171409946525,0.0384646748121231,0.026412869990418704
COL6A2,0.039920245794972574,0.08335041235825248,0.18590331933433907,0.03703984991631279
GDF9,0.048204969150060076,,-0.021037787716687663,0.0204789667670864
NCAM1,-0.021996111040344157,-0.011381957662354206,-0.09840245662941742,-0.07096240765741543
APOC2,0.040952700925900046,0.07696082334665495,-0.013301504624626252,0.06554064516190318
BST2,-0.008294113274944281,0.05084748848186566,0.0607790992639333,0.016836765215650452
COL5A1,-0.011447282777865822,-0.0020561914781908244,0.1543322682222536,0.07107568168116557
CALM3,0.023699564141065197,-0.0778468631170783,-0.07756161293085655,-0.010891061017637566
THBS2,0.053092159679379344,0.08199384379539053,0.10814236546685076,0.03537866446555126
SERPINE2,-0.008810135775426409,-0.023061769636821425,0.03314410504693689,0.04600681704054177
EFNB2,-0.004043686687498603,-0.06494043016693322,-0.05139706674060094,0.07260651203687415
PROK1,-0.03162136695519524,,0.0007640215054708209,-0.023306018307101335
MMP9,0.008891631649942042,-0.028131073142453746,0.12667412607411724,0.015780004036147082
NPPA,-0.0074664500300007045,-0.01865573516710788,-0.014573744660084967,-0.01710142080687927
NTNG2,0.05584427707589015,-0.0025868270902744362,0.05658946065471839,0.040762798429714475
LAMA1,-0.0262065555838778,-0.037660245851521834,0.019415034089851353,0.020123854249861094
UCN,0.004134149618814775,-0.030605305396937,0.03519883901325023,0.004578062089173739
ARTN,-0.026022286526079304,-0.024235281878404524,-0.016100353891472224,0.02004336592098238
PDGFD,-0.03721594402211161,-0.022736249324397745,0.023715504744432826,0.010120267501754135
EDN1,0.018902695253846868,-0.013146507920438005,0.007982548369744488,-0.016132765829339948
ARPC5,0.03224107073788008,0.03775935403594515,-0.043170979626801165,-0.02806185137651542
GSTO1,-0.010650501820993587,0.015436483320879772,0.08910626060614177,0.04278230312172896
PROK2,,,-0.01804095651374873,-0.023768066924469512
SYK,-0.0022912047523961847,0.07841094611883492,-0.0008177875823195942,0.06678393989772495
ST6GAL1,-0.025981293334130188,0.08147966129537462,-0.13435197365991716,0.00294991558914496
WNT3,0.028853754981404765,-0.04538611014481114,0.07240921809252593,0.06043970577457074
HSP90B1,0.033230033085417325,0.059859034773874276,0.07865551014422727,0.039178385522441676
ZP3,-0.018545715084450094,-0.021609080457617936,0.04844051736522062,-0.009297953196840765
NRG2,-0.004275636239738605,-0.02739008052815429,0.05026647322875068,-0.033472183504435454
MELTF,-0.013969104561930823,-0.055617492767887314,0.14576127774762868,0.07469989166555845
NLGN1,0.04236440932185459,-0.04513269985157015,-0.05370287508773238,0.014131712406108981
SLIT3,-0.041868223292909186,-0.010133263526699868,0.07940532506196928,-0.03134775767896504
CCL8,0.03318220600490104,0.07678750510990648,0.13563026733156902,0.005629830793281381
S100A4,-0.061244600303910775,0.04298629401760399,0.06555309881335107,0.060187945237118616
TNFSF13B,0.019698115405170198,0.09791034893715791,-0.08237956143056709,0.048549685225376296
HSPG2,-0.014633305890237987,-0.004412620674780979,0.15008980528618518,0.09479876959662392
FAM3C,0.020279668182842898,-0.099323096570682,-0.03621196050428192,0.023222872822044317
FLT3LG,0.05251664467034051,0.05499247688874454,-0.03994020258697134,-0.03689981621911487
A2M,-0.010363340484722094,0.014998763321604523,-0.07987654947046643,0.08303886213007407
VCL,0.011108447462214408,-0.015882524177174142,0.11982401395419758,0.0700980346072459
FGF2,0.03598571449051948,0.012024040997466874,0.09403786781285778,0.052936556712068594
AGRP,,0.04135811273677348,-0.021391395658106698,-0.018098253324000665
CNTN3,,-0.007971386360459813,-0.06165324969999298,-0.011088421496320784
RNASE2,0.00861501316123546,0.09086818158984054,-0.02094401868645422,0.09615453669028137
GAL,0.04867167019628565,-0.04629189216481965,0.016144496689174875,0.08023596092947227
CXCL6,,-0.02229152629858541,0.21558011263596047,0.026701351094352774
PDGFC,0.022898406395044018,0.02257220504664695,0.10249187517044814,0.044962776821130555
COL8A2,0.023170794620404906,0.109237578544374,0.019209656573531984,0.08011917664518031
SPON2,0.009655226960134548,0.12052265832058046,0.0637737967180773,0.07328801288535754
LCN2,,,0.012847259015616747,0.04294994414294678
SEMA3D,-0.018166947793525956,-0.03917461611354357,,
BMP6,,,-0.0377912600614215,-0.02859270444331832
TIMP2,-0.05307965462280851,0.09125384661352967,0.10383706314655404,0.03540659584975144
EFNA1,0.010625562073524311,0.10230391108390015,0.07791502077624005,0.02459948499989971
S100A12,,,-0.022892483500111065,
TFPI,-0.003957754729265552,-0.020733828965934717,0.07401556414847786,0.07394870026790941
GPC3,0.054577408749312176,-0.01943265152284717,-0.042847751648522746,0.012267161292678169
NMU,-0.02351416359365278,-0.024648748281338336,-0.010177351748553342,-0.026921317324288634
SCGB3A2,,,0.007057490121229254,0.05487354962964183
LAMB3,-0.03595115391646148,0.012384969462906325,0.0725434514581126,0.013194413102572926
LGALS9,-0.03454794012348245,0.002438102096221705,0.09610143119886122,0.05831725333603678
VIM,0.017450710032127777,0.12354973046171089,0.09800841442121269,0.039198806875218324
PLAU,0.015307035247296623,0.02103236612782099,-0.012445254549846239,0.1092712291567354
TGFB3,-0.03179579231438703,0.05528025845763904,0.03850169369503735,0.06486906974753844
APLN,0.05040607070781958,0.08411639218124681,0.06176383695558517,0.02310769584682245
SHANK2,-0.03420564467205836,-0.05824742534797665,-0.0400536041565786,0.01969805853673653
LTF,0.018974888322585072,0.1228728253241246,-0.026090812809474583,0.07716025401308481
PYY,,,0.07373228082574435,0.0064186814656648
PENK,,-0.03678014854770894,,
CTF1,-0.023244117883970357,0.04284285040675798,-0.002496157850774374,0.05931914033236132
COL3A1,0.038640487252553424,0.1090222303092421,0.07590858802248163,0.055658261910569204
S100A10,0.00913885670569434,0.12499923851926041,0.03403616240317046,0.003940523397531589
FGF13,-0.017126560427475714,-0.12555049572973087,-0.031223334700600708,0.011512373234471896
SEMA4A,-0.03301214341652481,-0.06602235474176438,0.016992800604835677,-0.05692043631254499
EFNA4,0.05815858695495492,0.018271981198480898,-0.009374714017716695,0.0674311645023826
HSPA8,-0.010904862115308929,-0.042585996093749995,0.0585608215595494,-0.05439068684416927
NPB,-0.019344673256811353,0.1775878744955071,0.006946215807503091,0.06434226596401334
ULBP1,,,0.0482256317566014,-0.022112088629151105
SEMA3E,0.01605113130045084,-0.016277017941924925,-0.061246557464694505,0.03674330894322646
FGF3,,,-0.03146215130057105,0.0701742307097404
ADAM9,0.03113525460168302,0.009625407692379828,0.003990266332267352,0.0329163026790609
ASIP,-0.02119065146593701,0.026999912995562408,-0.07231691933477874,0.08599222451327178
IBSP,0.023982554480483247,0.1066312804278517,-0.04455539849008301,0.09912603739029492
FAT4,-0.03050498316035658,-0.029622824478538454,-0.020620811711178112,0.04602313654957971
MDK,0.060860520452597267,0.060697184699004286,0.059863895192481795,-0.02075079468487308
BMP5,,,0.027535918166291785,0.047986249161189626
CAMP,,,-0.03533010221962577,0.05013551804010941
HSPA1A,-0.0068870878363482225,0.08972861712575368,0.04425318014847117,0.011471967378951668
SEMA3F,0.0372194088825918,-0.044630138401389095,0.006430044786619917,0.06317218796298767
ARF6,0.003163274785144358,0.02739193329893748,0.10160736035562556,0.025465835643572056
IL6,0.007845003741689203,-0.008053208536668762,0.12749027587715703,0.011714264083286198
CALM1,0.017845123831239897,-0.10333067964931676,-0.11940171176967453,0.012646139408809019
VIP,,-0.0519051069116814,,
NMB,0.08141842816926805,0.10776970777192621,-0.08418494454816107,-0.09457054092476833
CCL26,0.05851278110818144,,0.0032985901531084527,-0.019114155713523744
FBLN1,0.0426395276443943,0.05309184189509475,0.13504131462292573,0.07578777454958255
SAA1,0.1115359089277795,-0.03392523795605121,0.10060649586563664,0.13514743932659348
MICB,-0.031146850803594747,-0.0176896715987236,0.15264762251335495,0.1552233083678039
F13A1,-0.031111218911601637,0.029471950028633776,0.027326565470450086,0.12986387744114627
CXCL11,,-0.018390044821654312,,
COL5A2,0.05173208849424374,0.03409526623396916,0.09193121424362442,0.06632653351023465
EFNA5,0.0581944831251625,-0.039128770920062096,0.09610440115854348,-0.05213398016640877
AREG,0.046418528059495284,0.013477158499756921,0.007820010427075403,-0.02937393395367672
EDIL3,0.04319525241888953,0.11178849220059713,0.01610646825415082,0.09034023795358485
CD86,0.008611361917346187,0.007043403240808218,0.009635907479497665,-0.003301367434980825
AHSG,,,,0.05373671932558291
HRAS,0.03635501162424744,0.014481636003072356,0.054721257974947195,0.040615487727176075
C1QTNF5,,,-0.007249131073618797,-0.02708763534542835
RLN1,,,-0.023181774190054308,0.00838897420006537
COL4A1,0.046528606980315114,0.0032670516591605304,-0.0046472447913099195,0.05160473140161982
CCL3,0.02256559591749918,0.08812184744733444,-0.06708815274491797,-0.013295941373348866
BGN,0.003518941723997393,0.03986106424010365,0.11243328666967368,0.03196643133615744
RETN,-0.017320098147959036,0.03456822168182288,0.022777238446273745,0.01494043556783528
S100A9,-0.09473204439096629,0.08706797711770452,0.05637186141929949,0.07795187346671972
HCRT,-0.01784623561938776,-0.03450736985877913,-0.029919125069753787,-0.02906593462434125
FADD,-0.04512314497260482,0.006803569956826748,-0.01727939608742787,0.038182971969618985
ACTR2,-0.01311176688494592,-0.04485609356720991,0.03177666176303875,0.04796952697560844
BMP2,0.023579095812769825,0.048971516449050415,-0.0036973232772169237,0.03171543037300748
PDYN,-0.009836535834428247,-0.04131491036738751,0.06525797809517907,-0.02532429351554807
CD55,-0.005057216059169602,0.12706370313226523,0.10901372509206396,0.046491958925843964
OSTN,0.033182209944996204,,,
PDX1,,,-0.009737172973816505,-0.037031232066052466
CD6,,0.025360169530022746,0.0715533324291961,
IL16,-0.012487133122864171,-0.03665810753631186,-0.010063005023648815,0.04331200404398916
LAMA5,-0.016563072757147086,0.04404381139764319,0.1804285641286124,0.022149769797216046
RGMB,0.010867522831678708,-0.05184692867112588,0.05098463194365294,-0.03123102777958102
IL12A,,-0.018390054935917558,-0.013496712978779123,0.03670830578099807
S100A8,-0.04836411177915774,0.12704625595357527,0.012720437245514374,0.07951874167227106
TAC3,-0.023311484390815162,-0.047778051621380394,-0.006692662310322979,-0.029956763175169848
TAC4,0.029142340513594583,,,
MFAP5,,0.026629242954055048,0.01639230148788957,-0.025307100533079132
CXCL16,0.010570430393584296,0.08291740774361474,-0.06920988183757817,0.0037890107977979113
AGRN,0.00862104044258861,-0.010605509837008678,-0.000299972384446448,0.01840873688945113
COL4A6,0.08376780852293161,,-0.009830274962488644,0.11560247639843489
FST,-0.014921259209098621,-0.02682299509467434,0.08504057373639541,0.014211834956907435
MEGF10,-0.042651984424572145,0.07568840866626009,0.046076581551907414,-0.007526728769010197
C1QB,-0.02728114957418025,0.11128029848591649,-0.14086943747344063,0.037665624815572576
HLA-B,0.013946063800317076,0.10857722535674673,0.19652742494619935,0.06991891936254732
PDGFA,0.07084237254181613,0.11110714655253036,0.06776269122607213,0.05500562565116998
LAMA3,0.01165731223770538,-0.026439197577261965,,0.06544780969778964
DKK1,,0.00200956006339805,0.029350275415498853,0.11757648063773182
INHBA,-0.027188082487706683,0.024031733820020648,0.2286565906613127,0.08378312958213176
IL7,,-0.019685320007718436,-0.032585361439848,0.043662553419017154
FABP5,0.02488528932354653,0.0679041445962142,-0.14730710926519214,0.04976333289913413
CCL4,0.002668459457655295,0.06005945540711999,0.09707064245612616,-0.03538330708756595
FBN1,-0.006764700589071808,-0.029042449992341804,0.08083268476382664,0.006909810716674878
TCTN1,0.009561138108145973,0.058881136066714725,0.0355918578299444,0.03978519072307922
NCR3LG1,,,-0.036849960393796594,-0.014109831704398635
BMP7,0.022521738176049088,0.02891605520654055,0.04084195282273552,0.05398345653895126
NLGN2,0.002611187002490176,0.009614748380242543,-0.05091302200559972,0.009345350480391137
CCL25,,,0.009485122610217351,0.025360457802457163
NPNT,0.022726556783547982,-0.044763225135214975,-0.07446459478795552,-0.03728376227276426
KITLG,-0.04452512879615112,0.02439640265685197,0.04188504070382951,-0.009200243476592672
MADCAM1,-0.026022284112527317,-0.026050551087078974,-0.02791466018830649,-0.022596662560287337
F12,0.009632543801054808,-0.031114798221858368,-0.008418112827449871,0.050089021240632074
S100B,0.031248668112571275,0.12440705305123301,-0.0883005188574184,0.01554353503689664
IL27,,,,0.06507597420614944
CD99,0.03878883348517956,0.10677970656544702,0.02986644582163692,0.06182234486651887
PDGFB,-0.04429135099440625,-0.04844970874056809,0.04972000744722197,0.0797184397058967
CLEC2D,-0.030033821614844025,0.10481847741865409,0.09830451678782812,0.05392792379172857
F8,-0.015839193502467604,0.021828890212147758,0.07026742449636349,-0.010079293186091279
C3,-0.007785194094575056,0.10456027945212944,-0.08143337596610889,0.06330033380875462
DLK2,0.05191747422167907,-0.034351804937083154,-0.043346898260322335,-0.005268328674089745
TSLP,-0.0278179517690032,-0.019685328970562188,-0.001186466163863025,-0.0261469104528744
OSM,0.031772616481548825,0.06807767260594871,0.04872757640577011,0.05243267428901014
SLPI,-0.06230256596701896,-0.03283825081529543,0.009613701115296042,0.073412953925093
AFDN,0.05778636988798656,0.0009386684909748034,-0.03313801266868501,0.011209132777891626
KISS1,,,-0.017364265623227133,-0.021617439781000454
ULBP2,-0.015789398163787098,-0.03895291687898763,-0.01167475062751496,0.0355969926944985
ICAM4,,,,0.024059443554238637
TDGF1,,-0.024853228194196057,,
ANGPTL1,,0.03576628924356014,0.019343839045563447,-0.03671901297032893
LTBP1,-0.0016862840883073136,0.07994701589086298,0.11659211234755851,-0.034850560652713004
NTN4,0.08834079703449177,-0.05587159238902385,0.00899537155017777,-0.04282018003755109
APP,0.023019152770188296,-0.04764771784445385,0.025433587278143575,0.053465605369585
RIMS2,0.022075783356914246,-0.08896165343547294,-0.07135416134521255,-0.05309587803370815
WNT7A,-0.00782632093768062,-0.03766024724774762,0.012867022999184541,0.061289422779117204
GAST,,,,0.056877433092772677
GPI,-0.00818033414802596,-0.07521466693658009,0.14834770227792585,-0.020870604831525107
IL1B,0.012101569182391287,0.0661724993113304,0.012626694128038525,0.029751033969351384
SFTPA2,,,0.017003978885005572,0.04831286619875725
HAS2,0.038676143043037826,-0.03450736770595704,0.0349568357948506,0.07023128043715106
IL11,0.04203671732078047,-0.019685324556025677,0.12134351878519888,0.07733034698748009
SEMA4B,0.007489599647617083,-0.02190204952054626,0.03417472497887224,0.09447038535038134
FGF12,-0.046133797218001864,-0.13489560325506897,-0.05020191377763855,0.024719707315771014
CP,0.02307844959478124,0.10010792953620345,0.13269819580504658,0.0213573405851267
NLGN3,0.03168312701282334,0.08806170280274418,8.417516152564757e-05,0.009279679655977197
GZMB,-0.0036399709366134792,-0.033565596312694235,0.0788377028404986,-0.02679818282466345
PROC,,-0.016713667689528054,-0.017424613210254104,-0.005063858131329888
TNFSF11,,,-0.02139139456586607,0.06841199088002876
AGT,0.037370065052109144,-0.034325566144311585,0.07221645797959257,0.08170045964925154
PTHLH,0.07984541409309748,-0.044500686213733306,-0.02378921280036129,-0.0019591547844670654
COL1A1,-0.0028160906582179825,0.061804494774224436,0.10305872732861364,0.05684020169084836
LAMB2,0.0070067324474414,-0.030620210574147443,0.11503681222967144,-0.05298212215150866
DSC2,0.061973347230058484,0.07604307448443859,0.08808165057642982,0.016323967934623564
WNT5B,-0.03114685400190627,-0.038525523340775504,0.019427988630998993,0.04166555057042658
LEFTY1,-0.0022866297178013597,-0.02338912775593456,-0.02331866176689257,0.01835936418874945
FGL1,,-0.004996517160240329,-0.031361856109861315,0.024014738012224344
CXCL5,,0.044143386450561664,0.20221810060493733,0.11303805147023203
S100A1,0.05327500031479558,0.08055808352090313,-0.07186075717169245,0.06208181032851482
NPTX1,0.0027837561361128017,-0.0854360930058264,0.02083007433864099,0.03267052373981998
TGS1,0.029166056509941182,-0.06182587668087077,-0.0064480993697537915,0.05738383747978072
SST,-0.02527365486336261,-0.046615647115039904,0.03131401459427976,-0.018454500136224232
IL34,-0.024892060711998964,-0.033835717407038474,0.13488494211987684,-0.029662775068618683
DHH,-0.0188574380904374,0.11644661985315176,0.10904023014760135,-0.004784268567908771
TF,0.039314007198379006,0.09970610126214424,-0.13855717260863626,-0.026668890478810183
IL33,0.02618017608207312,0.02355047539615893,0.018227263709345513,-0.04773624270084318
RBP4,-0.020968012353202312,-0.0386271501601257,-0.050633664219451695,0.051961121111720764
CCL19,,-0.03909460727056969,,
CCL20,-0.04372534458849726,-0.00564776154075476,0.14825727811238934,0.022437133721271346
NAMPT,0.03261709229638215,0.05920318547752368,0.09279714131987812,0.08246306438588381
