,MGH258,UKF243,UKF248,UKF251,UKF255,UKF259,UKF260,UKF266,UKF269,UKF275,UKF296,UKF304,UKF313,UKF334,ZH1007inf,ZH1007nec,ZH1019T1,ZH1019inf,ZH8811Abulk,ZH8811Bbulk,ZH8812bulk,ZH881T1,ZH881inf,ZH916T1,ZH916bulk,ZH916inf
IGFL3,,,,,,,,,-0.023626242268073566,,,,,,,,,,,,0.0026614443062583978,,,0.07438955759887393,,
BMP1,0.0014684523517387083,0.01699789797104831,-0.002843538938464051,0.042002719609148545,0.04624874556409884,0.04312787385017167,0.017116873876872742,0.06191310051799473,0.12322085938666046,0.03158722612505428,-0.0034546859474108797,-0.08586839663493094,5.1488802940604995e-05,0.06982404794801043,0.10746456860743879,0.14208033349583046,-0.02204937053350475,0.13701366007474905,0.0749720876959022,-0.027561405705225236,0.19176309731708252,0.07325305225194201,-0.0434911335214314,0.030351893005339196,0.10693606646503313,0.06814815792486824
NDP,0.05398253466020048,0.14096800725439776,0.025125176038630168,0.012777970575034872,0.04167588792477197,0.10414978236663183,0.04881872880342115,-0.0068970103545642385,-0.00688998546729074,-0.002798082178237911,0.0808007390534001,0.0046869094313187545,0.0040719931983400695,0.05298170219292321,0.18478793311721317,0.001140421833428652,-0.10722327485322922,-0.03622455555050292,0.0612258984058941,0.14757792959973864,0.08539936969154076,0.019223064386690757,-0.04473525108192973,0.229487266072976,0.1568764250065224,0.015606480478574639
TNFSF18,0.010400809991617568,0.03874188194046388,-0.047037100824677304,0.013574075719570483,,,,0.06858177575620761,-0.018603976587111437,-0.03228728217151903,,,,,0.029875688870885934,,-0.025040238641843,,,,0.009927947813971955,,0.08741554969176646,0.04858695847806409,0.034063526681602396,
IL36G,,,,,,,,,,,,,,0.04818771665221122,,,,,,,,,,,,
RTN4,-0.02518046382810813,0.011483705675071466,0.10389689369679547,-0.02464394365283917,0.07709964159362835,0.0452342675913346,0.07651948909119255,-0.05982619968823619,-0.13043008627404148,0.020055657680153216,0.015941888917561875,0.25819967523282716,0.011556724633883436,0.0626973821715692,0.10131525913402549,0.009708125037173797,0.0375023141204986,-0.051709456207260154,-0.013668919536192453,-0.009480983861655901,-0.1330033571749392,-0.011241379917655038,-0.05765986816630036,0.09783112168989931,0.02191860311330725,-0.005854777084598116
HEBP1,-0.02661605823191849,-0.041909958280405744,0.010549632146733325,0.061435256994811296,0.07365107893824092,-0.0644543529835603,-0.004064296651016785,0.02122575320112886,0.007852144975429931,0.024625008043682783,-0.04499278454137213,-0.049862480346038435,0.04803161551223618,0.11139596514613127,0.09310975746960615,-0.04401368923952254,0.013729069467094674,-0.033950420290143044,-0.010372427139697467,0.10781712714424224,0.003238502353788106,-0.005268496526210056,0.02172233986707583,0.14456432615719433,0.08524834587220553,-0.04247341352977096
WNT7B,-0.02169100980439249,0.14860322198693549,0.06116992741522788,0.028415604284855036,0.0060683066848110255,-0.01603556993245804,0.12388289816693711,0.03962296109079844,-0.03227722811636039,-0.04804316551472315,0.018812454784994045,,-0.03337154062574697,0.030030341888845853,0.1379207807235874,0.03842796174541409,,0.07880336128660781,-0.006944133664970038,0.0024286295746865205,-0.05724909170005509,-0.025748130818077232,-0.002364833451818683,0.018293532629014418,0.06979001219402844,-0.006333966635483995
PTMA,-0.026315518913345163,-0.14892873944608978,0.07890492040785592,-0.07371372793065646,0.11453732160237894,-0.0813538448923283,-0.10443177827490727,0.07685460544807701,-0.10895427706570285,-0.030468179736432212,0.03062499315285253,-0.2612325185343613,0.017502582128543297,0.03544388401238186,-0.01637933397877175,0.009164153582003705,0.1200450553389724,-0.20228085474004892,-0.03259041252376879,-0.07426825974026974,-0.16210769580387357,0.04036499903980535,-0.009126920078433307,-0.19681414561264565,-0.1060560503007342,-0.20603129301479495
FASLG,-0.033255798176939425,,,,,,,,,,,,,,,,,,,,,,,0.05117982659964299,,
CEACAM1,0.01436387952700196,,0.006588572865811808,0.025662628139705965,,-0.008466184838277796,0.010061234639186586,,0.03561767300723071,-0.05171109578113389,,,,,,0.0357623467719459,0.06742903247994392,0.0878636657915057,-0.05625782929664374,-0.01795559690232314,0.04132430409550423,0.016428103921666153,,0.05559934536535122,,
PDAP1,0.0512403848065735,-0.07552791016374391,0.013068755402041773,-0.023700291035922395,0.013882413830306929,0.01924247649162903,0.015993748628143872,0.02934588451050437,0.12524943359662744,-0.046360349459669395,-0.0348725761588801,0.008339027180284151,0.010902117812295517,0.08375483772795936,0.02990832954328201,0.008469310978763068,0.013379565262920827,0.05330174622750684,0.025724648630511028,-0.02684051285303994,-0.023785902568485683,0.06775469886051429,0.04318323581034851,-0.001471352588549948,-0.01754584052587822,-0.06079632944437624
QDPR,-0.03491426794361792,0.11992067885574155,0.04928200682305062,0.010305244103653091,0.056490163408201725,0.023316062066866032,0.07380240862833781,-0.04161684956829446,-0.1242726574972937,0.0717969340318421,-0.0006017179982927657,-0.1360806238597973,0.0028666446169329134,0.03666699139988429,0.028263852150713555,0.12574847993684402,-0.058978633765302414,-0.1716108311947531,0.021186696470693524,0.12029121811800898,-0.12920370552712396,-0.020119056602265612,0.06600405353416816,0.17631211625755588,0.034135230836340034,-0.12590508074159848
POMC,0.02871957134554394,0.1320150553661563,0.05592768435504422,0.04409077342107766,,0.028831280602397563,0.03769016482241108,0.10444014583588812,0.0674101170974813,0.02516807734572404,-0.005430595392846458,-0.0001644189665387481,0.012731162969131026,0.003513840907926486,0.003353093616352526,0.068926070874626,-0.028601879237544682,0.03415721213099804,-7.495771145766606e-05,0.09617154576102456,0.025666431531293478,0.0004239433806030115,,0.1090391942223626,0.04402208507938824,0.11380124777313785
CCL18,,0.050053555910536444,-0.0004615523916136327,,,,,,,,,-0.12346619203762065,-0.010387550379803144,,,0.013034658571868366,,0.021134883150544737,0.04207137799521894,0.04882163207722536,,-0.025987988862417218,,,,
CCL17,,,,,,-0.033010434805842245,,,,-0.0104947262714712,-0.05570560206962341,,,0.05653662817657862,,,,,-0.06048873878046215,0.0191365120519404,0.047885124744008856,,,0.025444087850652906,,
VEGFD,,-0.04094814466736308,0.008110709375741059,0.06410832878835533,,-0.008028318349225206,0.003793996071173676,,0.03381020507411949,-0.015945886625797812,0.024294169158064326,-0.0012775641592243359,-0.01526642004911184,0.04391362531366501,,0.0776799275521046,0.0832407213541457,,,0.08704477470788075,0.07936440091752923,,,,,
TNFSF13,,,0.04068342388387784,,,0.005173613925517734,,0.1018306343270929,,,,,,,,,,,0.021089163139340342,0.06312516868118986,0.038233795378427984,-0.0218718531115256,,0.0462107963433531,0.05303670480334232,
WNT5A,0.012404293994190622,0.03518926536014431,0.020255062061519745,-0.005315860982733153,0.027335678389865593,0.07370861908229115,-0.04371537974277574,0.07480437947553871,0.10476623836446405,-0.012997165499822492,0.0360159734515928,0.007936618289195462,-0.0037951585939420608,0.08042198167863147,0.10400673297100524,0.11117798315203421,-0.053289624333392224,0.09290202202065101,-0.0002772938233953875,0.10728018493763171,0.06852840177202676,0.07972068065523379,0.0037773495922416214,0.025976489975519917,-0.03866597395674019,0.028312571488144877
CXCL8,,-0.14202588047559606,-0.04110890187018427,-0.030083906202820705,-0.15713361540567117,-0.027034083543155483,-0.00923846454578089,-0.006615949100598823,0.11389109359814246,-0.056821762197699875,0.03827029010984735,-0.11432463648501877,-0.04273197452720113,-0.030805639701579474,,-0.03932490413333777,0.06010221562111387,0.05450299784655728,-0.017393455362458853,-0.12655685082484677,0.03531303704800827,-0.036121832536618506,-0.05049509764161701,-0.02192601541240453,-0.1676348821889117,0.08323516993731611
GRN,-0.05871205317938421,-0.0029930315145534456,-0.041655357556774304,-0.029255469850227884,0.06503012602735093,-0.03117830077341764,-0.043405414720403976,0.034850541152926455,0.03320101633260111,0.02410784645085777,0.03280975401164362,-0.18212137253017674,0.04553731915608757,0.00400668584687024,0.1291015366260926,-0.013021460145485431,0.04517560915010995,0.13762054419878514,0.05517559565554719,0.014061243415868048,0.19566159640637978,0.09652664981676085,0.03977185333953385,-0.042928507381055414,0.01928177027258605,-0.03883876520981465
MIA,0.043551350906653796,0.04417716249524224,0.03097969405379812,-0.004113518304875575,0.034437866683682615,-0.013050043735716152,-0.008321062785683227,0.0418397450766592,0.05043261798450353,-0.028569397926108936,-0.03202223105011403,,-0.02070400824352443,-0.0213854490627424,0.16266726791896108,0.06848103298390919,0.14981204081618715,0.10831942429793905,0.11492635438330392,0.08860773497993328,0.06502448534515524,0.04282937212075009,,0.1856501209438714,0.05381636366889078,
COL4A4,0.04639540252323731,0.03800073274365131,0.006591869270521696,0.027449443197939443,-0.0052816352647191206,0.03736529385014974,0.016454059741218365,0.031155704086140466,-0.005675300851022164,-0.028031426209347933,0.05546118840317138,,,0.04638300908534104,,,-0.07770474755749263,0.032202060342986685,0.04749251409690931,0.04780686622200789,-0.02586389789796602,0.10123981053769546,,0.005033575486844497,0.034383419914671885,
TAC1,-0.007723028185738172,0.08340680194792703,0.07301961270250783,0.014066504943882317,0.14725862348279997,0.12051833074512924,0.09238894102205357,-0.052195342752161866,-0.06461604220610273,0.10303671221579755,0.0116371185212033,0.2305310125127569,,0.04517514756692305,,,,,,,,-0.022585539010226068,-0.05836268918612491,0.045857752634516614,0.051500528917007155,0.12648943746229827
RARRES2,0.04875049685615263,0.06236372917811001,-0.009573517903444902,-0.05126510147695671,-0.044654533101698195,0.030532547687325707,-0.04737502406435669,0.07458295130948553,0.138219989709573,0.045637156219163054,-0.07799480308804542,-0.10437840531063333,0.04442262254003608,0.06190309815315096,-0.03506800141464157,-0.06821628696319093,0.006796812371259336,5.9067854260365566e-05,0.0785674416878721,0.010639509542553206,-0.04490897572989888,0.009127578303850234,-0.06307957789197441,0.14475960544125238,-0.09133069880067549,0.06845429804785703
FGF7,0.017846513894956728,-0.025368101869209334,,-0.01869013265557254,0.02666161165990837,0.015575051759951221,0.0656609305529172,0.03608669807119714,0.0828478549961554,0.01575474762290488,-0.0010116895100705102,0.12144688173267648,0.07727203743684055,0.07574602063397806,0.07786341437656348,-0.009361097670957962,0.005428088071264033,0.01751436477627202,0.045225105586927,0.07655599892366041,0.0525373776979384,-0.06269993751925698,0.01199191961661219,0.1665629218179075,-0.008514262164465243,0.006011432942802395
EFNA2,,,,,,,,,,,,,,,,,,,,-0.004665603353291881,,,,,,
HBEGF,-0.03872335668133599,0.007790002618741049,-0.007456498110339228,-0.0026090676911329144,-0.027554678644376066,0.014792227281268435,0.025049868778749776,0.055422659972126254,0.02418879850720006,-0.04308552691437888,0.006586769132551637,-0.097518645213054,0.002594341378191869,0.01703239411559299,0.20772607201536944,0.1338008971099407,-0.018289436625184133,0.11050879960324309,0.06151772032688684,0.05065073994565826,-0.034759245733104294,0.05017616596173519,0.05433631990481559,-0.010005963394604887,-0.01366941783382196,0.045787056223991436
CSF3,,-0.03468088093659596,,,-0.07130582893417733,-0.08421979532167556,-0.027043431063105784,,-0.009444414524403375,,,,-0.02293514341913768,,,,,,-0.004965731736275782,-0.08568281012203155,,-0.012475604849047434,-0.08754012341124345,0.03134509860089745,-0.007687079340539338,
PI3,,-0.1166961104320444,-0.002769597768053114,,-0.03753068988095302,-0.06698323851545844,0.011367251389004988,,-0.016132345200388157,,,,,,,-0.07490238871816134,,,0.004406442166220052,-0.08750100320351722,0.1328822411817237,0.0422630502561302,,-0.09492488253788411,-0.10799773599922487,
PCSK1N,0.07630309689145275,0.22280793005408797,0.0609745778705865,0.05709209374574973,0.11211462499344844,0.007963762941473376,0.06688039215002871,0.015690971880491324,0.0008059006008698397,-0.04857124395787645,-0.03436758993311241,0.30692988404988325,0.05133850356452827,0.04594718349052707,0.01797549867879101,-0.023433656039574247,0.0009104414380186368,-0.004329740692696789,-0.008767111124667874,0.03772783499449353,0.0050295227569542205,0.022749369225905657,-0.08724706316375255,0.22868064470083949,0.07413664391476688,0.14717426502479053
NTS,,,,,,,0.07428857061286483,0.008992197055371314,0.0243348589771778,-0.023275083825461274,0.012083006461791,-0.024222099851782603,,,,,,,-0.06213702989808199,0.07089636758210341,,0.038870988107453146,,0.06507003386634275,,
SFRP1,-0.0025476459879692,0.14190409447910543,0.01961937672108553,-0.0033212523817048277,,0.027462299950429796,0.0696854943785836,0.12077610615548721,0.011865466274686686,-0.0297088295088416,0.020378873719286747,-0.11627165368682289,0.07915514041647136,0.04318560436581544,0.1252828971633446,0.07482612235073804,0.09945623424174639,0.16811315368545568,0.05142661370133147,0.0974780061566205,0.04386268248583315,0.0263972505413083,0.09681445685748517,-0.04270778147932456,0.01727306605295564,0.043591114799602135
CXCL13,,,,0.08347359370485853,0.043385606946390924,,-0.015997481710789206,,,,,,-0.004642739558609273,,,,,,-0.0337373676650111,0.016354346269768116,,-0.00596325268166648,,,0.01997996052838036,
MICA,-0.015040113108075605,0.030398383724057138,-0.04341183850115916,-0.06450560919953317,0.02189865568668369,-0.03207966975645956,0.0008494374879071901,-0.0009495896632151448,0.04455996446075629,0.07668870525385242,0.05056889402777887,-0.010369273226512115,0.036644422217894185,-0.002592605973873954,0.18148458050486538,0.10606453592935496,-0.017182499285161888,0.07249723933020555,0.0453554537828215,0.11949460029011864,0.11243609902010247,0.042927619649175824,0.009719827885883906,0.0854868150718055,0.08887451306110544,-0.04358145462963547
TG,-0.008743040015585317,-0.002086172958536044,0.07638541036650068,0.06176031085866412,,-0.0032815676332742356,-0.01820722937516875,-0.008316260949076844,-0.0028823993202049445,0.056112684599813466,-0.0341147381450257,,-0.0325851589493733,-0.023179746426124116,-0.04221773756923035,0.05590379392067875,0.1452202178357684,0.13943850633807675,0.031788973239587716,0.03825347233707112,,0.011165227538229775,,0.07658490979339337,0.036837226907608225,
ADA,0.03352383573834849,-0.0044004345335269,0.05413922119923874,0.03339758266927854,0.0916940724214673,0.09872823079426676,0.0021368734400198583,0.021429729725963395,0.0856455370160599,0.006175497181091937,0.05747581901700519,-0.0870483313744744,-0.02700752656659958,0.07524458219214229,0.07264595527693464,0.16566240678293823,0.027444574388846735,0.030328457072155535,0.033458433544946944,0.055538567869941116,0.12543184049246864,-0.027527580713917272,0.051405012306203875,0.1435811502369947,0.08166222392093242,-0.06387782613199798
LAMC3,0.10267187022931952,0.0017991979636513555,0.005740990499894483,-0.0068997393509727485,0.07292576672129512,-0.012023010113514011,-0.015909168808396705,0.025943741804558957,0.0733942737060436,-0.025861247171861307,-0.007983336130351055,-0.02316914367587429,0.022895456507308364,0.007851612981238234,0.12090089951425491,0.04515546830571582,-0.002227328093229955,0.12519295245957496,0.02248281330686815,0.10009087832387185,0.0821635778171123,0.024410747799982122,-0.02037588078983128,-0.027590754205156977,0.07785787854425112,-0.043232868320863954
CCL7,,,0.007421599467485009,,,-0.023456076400799886,-0.014138466573734208,,,,,,,,,,,,-0.011467880474322173,,,,,-0.023966208502590756,-0.07548113407298872,
NGF,,-0.029843200466628837,-0.05769363115647895,,,-0.001601720764734435,0.003251754725204073,0.025253786835153277,,,,0.10748332098173626,-0.010215241836036367,,,,-0.008162288497876922,0.07079069647982307,0.06794787404777436,0.024219252530751197,,0.0212928141823898,,-0.02113707157464325,0.02992256915833962,
TNFSF15,,0.03481782187228214,,,,0.05344699484724056,0.00734978884749123,0.018221947005404776,,,,,0.011625165529680754,,0.003298005888195854,,0.04077652329775465,0.08093208632455338,0.08824681627443001,,,0.048485393789353376,,-0.025569854348702962,0.024717998256457215,
HMGB1,0.02846064753802606,0.1530857656003147,0.10136739025227126,0.047652934316184725,0.10160790829618847,0.027511123580618704,0.0659553269406416,0.07315420743245375,0.07930637154833087,-0.007617330570560126,0.07313355197982711,-0.07820903192967212,0.03407511519831476,0.1026143932000568,-0.012115007414362805,-0.009772990792965086,0.002686431551473188,-0.09287784553645949,-0.0005628294247408978,0.0014643988547084201,-0.07891933252659267,0.12905920533845597,0.0076861880565986355,-0.008611997365900022,0.1387293191904522,-0.07209494508065359
ITGB3BP,-0.03253811381394631,-0.010818517738708044,-0.0011170940954568305,0.026637313112423046,-0.0553908644195719,0.03143262272708176,0.043611393648493806,0.0598866281184974,0.08238205122697194,-0.00595793491865163,-0.024634861389637913,0.0322298942393974,0.04768649138265779,0.116443959595131,0.10432014063347059,0.11203321806253737,0.034764657489179014,0.1038237998064928,0.1498888613868096,0.09028284134033322,0.045823327398952125,0.007859794582391503,0.07021336698308753,0.07792131863661307,-0.0032268761657869025,0.051060405726792844
AANAT,,0.06207500870401534,0.03935010577877445,,,-0.027639694209396996,-0.005881914268831211,,0.02879058567848257,-0.007974976052735228,-0.0553914697444115,-0.01773304073887523,,0.014894967480577856,,0.019784909288018918,,-0.06255488467257764,0.050023153558669396,0.05223175137642755,0.08844071323059934,,,0.04327070327651263,0.17634699259429934,
RELN,-0.040932617134000794,0.09022815887085538,-0.028069534484648016,-0.013084587593867037,-0.03684457942755328,0.0346224367104991,0.026427839818434173,0.025088511020182197,-0.05834998440825287,0.058648011260155446,-0.01758125897029454,0.032685739879953116,,-0.014555096940189687,,,0.06204415409396635,,,,-0.01829091187708364,0.00834167234944363,-0.0414619999834625,,0.10262095202156667,0.046975127241445466
IL15,-0.0032347968819768282,-0.03328228577426093,0.05684114727782744,0.1684331448757119,,0.050554872619880335,-0.012807803041132756,0.03616982038946802,0.04028405101419154,0.022476997474367173,-0.012841214361151133,-0.02673319552412334,0.145099723646619,-0.03655379365469551,0.0624599287263596,-0.012086111352586918,-0.025493244899092625,0.07870674840605531,-0.03231878093588793,0.023158233845892356,0.0333737976963263,0.05270986107053159,0.0034194832193982197,0.07227695519954615,-0.001994657958753,
UTS2,,,,,,,,,0.03401330367186619,,,,,,0.06324862141917328,0.05226920366569875,,,0.009460754546133628,,,,,,,
BSG,0.09879399006463663,-0.07941960485137647,0.034846934011268316,0.012142283214451804,0.006935618716151939,0.00383851896062599,0.012057761953944089,0.018807845862808783,0.06222949851691229,-0.005957768596145027,0.04632625654017789,0.1878933877628158,0.007230439630540843,-0.02488139039351011,0.20135404578588298,0.011691694333459422,-0.099106318294518,0.11822538276474626,0.09149575587488361,0.05015110837637306,0.23765691592498664,0.01177073601818268,0.02584450088761888,0.1914031230035,0.14414554157269685,0.08539429343856213
ADAMTS3,0.031210040774996083,-0.0022898499697298733,0.04234085064602356,0.014277549443505367,,0.03974331166202831,0.038817419152553115,0.02800763187036217,0.12673934623655675,0.060985658981221325,0.030536084660741675,0.06689240542094085,-0.015367824217270136,0.009026327716751813,0.1702419689424887,0.10651762232456062,,-0.035745680264154804,0.06785138511119952,0.03012594152865013,0.11060580234571783,0.004644457728119548,0.044609865426684665,0.17646260362315322,0.09798789476265843,
CD34,-0.017196040590794333,0.163859333234921,0.008756352723970223,-0.0030383554670156943,0.03074675788423093,0.01355941621063917,0.057023620152558865,0.02536361820923887,0.025063836239213273,0.04797811609892026,0.03446756524012896,0.02169577198944015,0.005152050929887203,-0.010919559475889197,0.10191709790120854,0.06735501926793969,-0.12489011052419124,0.13345095089206024,0.05055390138680406,0.09612229293650969,0.1438880286678229,0.09148454926168671,0.043926545377656896,-0.05108868770043321,0.05732591975979063,0.005038319276927261
CCL23,,,,,,,,,0.03746313101109186,,,,,,0.10517084359697462,,,,,,,,,,,
PLAT,0.07241278592343778,0.06255268762357616,0.05369643741319826,-0.05253988539674867,0.16670949018651046,0.04218310118005388,0.0598879629255577,0.08185900642618951,0.11161186684892016,-0.0382379400905569,0.024110258019371833,-0.04542103674977196,-0.016075296551933755,0.11143354405116487,0.06744431417944192,0.05618117360231028,0.09840880318465688,0.07832774238668083,0.013042232176051903,0.07080509857584723,0.1335739552321892,0.031456895282210844,-0.029154746396098264,0.08650355100105449,0.09203654086708579,0.009863159863833628
NTF3,,,,,,,,,,,-0.013253618877740845,,0.032568636164329125,,,,,,-0.0034117586254109713,0.1154130376120405,,0.01488592012545605,,,,
LTA,,,,0.00794221140491739,,-0.009500571723172063,,,,0.03436223979630022,,,,-0.018590576248709773,,,,,,,,,,0.05249925366417143,,
CKLF,0.015789096729562472,0.04425430139208746,0.002679684915015437,-0.06133081854384594,0.06787248941712468,-0.005582182052151906,-0.011907009959847862,0.06992860433768641,0.06815777934672676,-0.013706212801546363,-0.06851814888519905,-0.15455956554569197,0.07430182775727334,0.07085984894943874,0.12808373641422688,-0.012608061225871487,0.05959927644860704,0.163782124458236,0.06669173692848666,0.11235778374883622,0.052811411349452594,0.06138795851249542,0.11921781349795811,0.04659130089259965,0.06605121889882844,-0.0037580746790813768
APELA,,,,,,,,,,,,,0.11783738537885413,,,,,,,,,,,,,
CD24,-0.1009519577597918,-0.05061459371610394,-0.007187834164992695,-0.00867073986722406,0.02957759186961812,-0.030821724495993456,0.06723986832631292,-0.0050053287018006504,-0.01801126829393023,0.027067973086818263,0.04503284754226758,-0.015506764009507885,0.00010994304261206492,0.016451431229193347,0.08828023313184176,-0.12272122185585319,-0.07120375327075787,0.10592221401068136,-0.04843939791195246,0.062230071430164756,0.022974039373421015,0.01733752813019828,-0.06409860331940488,0.14209035672002543,-0.0404719145940035,0.0840942982308158
HSP90AA1,-0.02157132918632564,-0.0016201287428598342,-0.0343446442487391,0.0339630766110754,-0.07573072454768205,0.02720711950250484,0.0879159159752115,-0.0774761488962648,-0.0976921973823011,0.024156465570188607,-0.013318330768879567,0.3071351357608369,0.016730494959663687,-0.04473514411134025,0.011966400836156885,-0.028721709938553046,-0.12998263778349645,-0.10178363756147824,-0.0693281025216224,-0.19756970698131907,0.028909427242312383,-0.003331613055577342,0.057693841605237474,-0.11832567861517501,-0.03164551166030754,0.15411341668069065
BMP4,0.03942643535576252,0.09325248522697874,-0.01950137670061471,-0.024238423539239353,0.01346451514781113,-0.07277541357975961,-0.009282383014265642,0.11443395981518455,0.03744786153321812,0.012012909736737779,0.021621854849680162,0.06972888272560873,-0.017683713391398424,0.006377084682417394,0.0574496448389394,0.04315417759941415,-0.07075165577246131,0.150862391777422,0.05078244494444204,0.06565156638263858,0.08003078490952067,-0.0019010990959134944,,0.026333021306945672,-0.07659376072723621,
SCGB3A1,,,-0.012127933911625298,,-0.052075924151907343,,0.008504932685591835,0.007129839932053738,,,-0.016313175463219406,0.05282520308738904,0.05100004515059282,0.05918127152252226,0.07491996103050876,0.03376527561851445,0.06044837472389259,,0.09141375135941589,0.010900023745126367,,-0.006661033803598974,,0.0272223736749053,0.047482246137382875,
IGFBP4,-0.0023437369337183456,0.008233990915640435,0.006122430432825893,0.03347051295487522,-0.03105429288463965,-0.10633091400022629,0.026005664713377702,0.0351888905144682,0.05932052620183955,-0.04390819469052048,0.0001978448960543101,-0.11444759385089791,-0.016361481798043965,0.039240666696444375,-0.04315087632422861,-0.002413887323326879,-0.08998769121918912,0.12900579394936887,0.04316865791951995,0.034146072632564084,0.179464028784743,0.05022841762476668,0.014053310753196649,-0.02618121660894397,0.016458979647251893,0.01997332105458942
RSPO4,,0.17553714035571466,,-0.021341236115670195,,0.028795478539035017,0.03591960922271028,,,0.001740662269076542,0.023971135882102614,,,0.060940991872721145,,,0.02243480131226833,,,,,-0.011255593162708698,,0.12185648188641984,-0.0009387003620102838,
LEFTY2,-0.0003854807098642996,0.043166644708243426,0.06460983954084418,-0.019166219471592187,0.015941144063556106,-0.013011825509279382,0.025865586153935458,0.08959999100103815,0.06018061373035241,-0.0664054568919436,0.050885377009797186,0.024526742639047756,0.007060230472073025,0.033992751456734735,0.14984586078692738,0.06235332525057602,,0.09957116835841408,0.06992779726996394,0.044020683867970554,0.19608696418923413,0.018620680768695875,-0.005502188801787857,0.03145243375847998,0.09070719539816632,
PF4,,,-0.03401014058922036,-0.04447597553054287,,-0.019392143082851917,,,,,,,,,,,,,,-0.04091276972487856,,,,0.04207686140836861,-0.05002355928524314,
ANGPTL2,0.003082995517137156,0.07233966131668244,0.03810599218596982,0.021412444496854418,0.11472801038139908,0.04117101792664442,0.02148504483268101,0.07747881040984864,0.09112625678628214,0.035517506109876966,0.009721728233939601,-0.09325106319302692,-0.025421684179419285,0.02164931922847131,0.12076351129076301,0.046920455984124324,-0.0024017745131358756,0.06635805601982031,0.008199171730337325,0.0766379430785487,-0.00169644249336148,0.02000953712061766,0.0020745682000194604,0.03435416065034595,0.09901601355554095,-0.02393130416507712
LRIG2,0.0021657122949905604,0.08067267965819278,0.0393665729488321,0.001518452558469859,0.062243834979145,-0.0074290921658957745,0.01005783268586337,0.030539043171147934,0.12607508885454674,-0.02193355624533503,0.0010721064146160845,0.03142529518260202,-0.012240832971402618,0.15251452513551964,0.039704827320150016,-0.00787441840497323,0.03133440961516907,0.1362399643810919,0.03680626959337458,0.06835549056990257,0.07962478308473858,-0.007531696582306282,-0.04857681268841087,0.09262088079504456,0.04417468578595419,0.08053519804379144
ICOSLG,-0.030424538796590395,-0.0646360564344065,-0.005785095291634851,-0.03457570045564627,0.0401285937880434,0.0260630929545431,-0.0010832652024197196,0.05955485879599907,0.04545887080137741,-0.01554099267934719,0.020414503545054658,-0.032525476241119476,0.018698716097378353,-0.009974794057117368,0.17124714309635966,0.025348581245164484,0.007061111356187274,0.06414330944609908,0.08726244504903893,0.1310203079575391,-0.007240728593523686,0.04743098389334295,0.04574819138031707,0.1002796595902956,0.01722237215184155,-0.03146717106593193
WIF1,,0.13912264929288068,0.014016462281777031,,-0.010948793792689473,,0.05758602603528724,-0.04107561128512418,-0.06487797234281363,-0.009412868084040706,-0.03742113794614228,0.17720243308211034,,0.0683779331709295,,,,,,,,-0.03384162519055738,-0.005179151914358245,,-0.03700295751927028,0.18948445684229087
NPPC,0.023450576473412827,-0.03489654422409245,0.03785130411291717,,-0.04279230548905632,0.06469565428435399,0.025827902305591496,-0.042452744300788124,0.012191105546938374,0.0070203814020998135,0.0228283965922997,0.049692330896556315,,0.0033620061346480773,0.01081992390424658,0.11772197446730308,-0.04938439328523605,-0.05048243240547522,0.00961808406950304,0.0561130878306313,0.08336342921187333,0.030102874127515937,-0.022983567249493346,,0.028756309959209334,0.21555028527558284
LYZ,-0.03593017160638346,-0.058811874771042306,0.012472324334535899,-0.10763895362835021,0.027571535050247023,0.024039085121569836,-0.03727709970104579,0.060832665130151085,0.06574529161263407,-0.004090627667655305,0.053183935144134054,-0.20234419628241548,0.08528068849616487,0.06016592051550929,0.12793057732114868,-0.035853257510476515,0.029214843403045764,0.06602758852997015,0.04438285085026347,0.04838563050650417,-0.00852269788639833,-0.009333315116819797,0.07936344481017013,-0.002723103681798533,-0.06756574587612335,-0.04401314156061478
EREG,,,,,-0.06674389719006359,,-0.003521607952965891,,,,,-0.021644627887377647,0.28128371377860095,,,,,,0.027273033529645805,-0.009787154583014662,,-0.025639550293356,,-0.009407565660288754,-0.04374718418674214,
SPTAN1,0.0686648829465591,0.17829090285111543,0.07072403444211335,0.05648376509386349,0.04862930603083302,0.09894399453656878,0.07096828961829961,-0.053717973457067046,0.030165586361156054,0.03265341939176282,0.012923852932113688,0.2281643274475509,0.05824276371676348,0.0845944781186857,0.026129125802644797,0.028874612473737855,-0.0709161939927685,0.11067944179689386,0.05281867731572412,0.011364947939420951,0.06966351192313107,0.024511021049556138,-0.07522259643674283,0.07631647461350391,0.14624291221497276,0.19336952412929118
PTH2,,,,,,,,,,,,,,,,,,,,,,0.021054090097546115,,,,
LIPC,-0.023931524240594488,0.05996192223410368,0.06231999891829118,0.010537897208292346,,0.02172556965519612,-0.029665455660114505,-0.055052894126629316,-0.001421666208619029,0.044513196080237766,,0.02145420397666032,0.00778413235697946,0.03642676442509445,0.001846306125707495,0.07237982274989545,0.025177635825616714,0.08164373706692335,,,-0.006259781658176448,,,0.043491553516413345,0.06543641704055117,
COL8A1,-0.026840501641951873,0.057673717435332006,0.004084491924203733,0.06807132899028208,0.0758053182099137,-0.024950776285808735,0.07179454435301873,0.012398351984126183,0.06971459600476497,-0.011650790761663084,0.03196858497149558,-0.15624427229367038,-0.007361504018512065,0.07110533449150859,0.18950106833319727,0.07480408960088794,-0.1259856682733668,0.17800969449664902,0.1097431620915933,-0.000832043471538584,0.1937532174019247,0.09475710419025447,0.007004468320533601,0.05210415076160477,0.0941200917073326,
GSTM2,-0.00576626393463986,0.0355060779334701,-0.014728839166434827,-0.014590488566795864,0.02859936302247283,0.05114648915223409,-0.009187394311425167,-0.00944053523759877,0.029034003864571535,-0.0455110209368595,0.053541127729157145,0.05035430730689103,-0.01397870925946923,0.02988285062866309,0.0425778982095921,0.04184000342826437,0.037891764146533016,0.07779074828193218,0.01022822298673491,-0.01158206758153881,0.011124809866859804,-0.04021638997880746,-0.02932662537791186,0.10123182111591393,0.05100938297850445,
IL4,,,,,,,,,,,,,,,,-0.08454794933836349,,,,,,,,,,
SPX,0.09340349270221251,0.08781899348080853,0.03716259163475563,-0.06287975059658403,,0.027359863072044133,0.028575140727251168,-0.0051971372353076355,0.011516691948828947,0.0076021458194047275,0.01269120208874611,0.0349926596120789,,0.046101089039058775,-0.0368351024883249,,,-0.024000264172426868,0.005949393113058709,0.05075683438740499,-0.15252607484587255,0.018697845771619787,0.008507233390044699,0.14164666653999453,0.14849963898625965,-0.09061420428695875
MFGE8,0.015747840594649662,-0.07403625059973437,0.026255700111793005,0.03431624831547278,-0.011296844232405498,0.0010072035221568507,0.029539116664717587,0.07579369091702544,0.09072119406134084,-0.0007851382481787963,-0.009459868974532772,0.08737288981526727,0.031763882089292386,-0.003536961810384602,0.10682189527624049,0.12873252713439368,0.021605839932839637,0.07220173494675791,0.013745697574096485,-0.029801957743103614,0.14295302578638888,-0.039152331705717185,0.037518569321706746,0.004001794578390087,0.03836216765807048,0.13719525639665844
TGFA,-0.0113219057947975,-0.08024930299533997,0.07910257007015913,-0.07413361901091461,-0.015146211401896753,0.044494918424786783,0.01228121690396496,0.0820614566749694,0.027392855859747194,-0.0403254637119416,-0.022498880675221815,-0.032292480203254814,0.0657711610373979,0.04459241372133045,0.02412558352903649,0.014860632155506833,0.08619151973059411,-0.04831474290281649,0.060029239748113195,0.08927998363694843,-0.09514135715999432,-0.019640254528556306,-0.08631309031468863,0.13942331448660222,0.05161062171107734,-0.048662784572755094
SLIT2,-0.0006474834470544586,0.16794023643223407,0.05571861283896519,0.001511530685133273,0.05172300639549734,0.060047236889748695,0.06351610135562762,0.043484818857174826,0.012735660324449052,-0.029932707505302882,0.01756512743807358,0.11458306926643405,-0.019292845736786902,0.028676031870037103,0.11316440155321694,0.07120863587760513,-0.02247462234886639,0.0413227757792063,0.05272202159582534,0.09646028561883709,0.0018560334222679983,-0.04646970560523646,0.002733172353839664,0.017609748468748417,0.018418500981453235,0.23634818889459014
PLTP,0.06998227203349519,0.046543460773173014,-0.015482465826335322,-0.007118898587910935,0.056988765494578174,-0.02142786877570557,0.031178281339824365,0.06364538879560544,0.1612137993073593,-0.001238366038152816,-0.014161474904181882,-0.2201246453768529,-0.02815589634256694,0.04337407902424899,0.09081680449176399,-0.07449154600691851,-0.13602006886182372,0.12302685467693825,0.060161140652390054,0.0102012518088393,0.20768447271306337,0.03394512202371228,0.009452407996983953,0.034063358384589695,0.05832449442116054,-0.038940850169380814
APOD,-0.07558340667696696,0.035397376329226925,0.03171681748800137,-0.03466077948527966,0.11517093919346809,0.05186042398254896,-0.018417069777678517,-0.02519873863146285,-0.013484441753750786,-0.023610453969079643,-0.020368030092340252,-0.083610229161631,0.06537342806748583,0.009744683256357986,-0.20798198347893962,0.03767899587731201,0.09892724689622213,-0.1786382938315576,0.05526946380667291,0.10344098500857114,-0.1388940383863377,0.008621592033730177,-0.06414512701692401,-0.1220375255257914,-0.002919101220102937,-0.18250466785589362
B2M,0.07279062122603838,0.12893063851224537,0.012472523570090323,0.012089201464427789,0.058470234361730905,-0.011211343289478874,0.005639455185606936,0.01792265932065614,0.11990610785753371,-0.02792584597395676,0.05133994638902663,-0.2982115573695725,0.09762110500567449,-0.009803070968413412,0.18665424019388535,-0.0034607495053044163,0.05329444064916988,0.09667069671926778,0.09723305708455023,0.15108497736104962,0.17135279151437374,0.07485816020101649,0.04297487780615665,-0.12567004178327393,-0.016486867626461104,-0.2282616567989016
OMG,-0.027546771202189423,0.18225281871317495,0.07516667763183953,-0.011694189981878886,0.10373932665759218,0.0010972088033820394,0.1035696019491629,-0.06082832010728406,-0.03014279011042859,0.01849519680730446,0.024363927073569245,0.08399560530692077,-0.012229731864903908,0.06911797628798415,-0.00403738507369364,0.0099411674784405,0.015496006426174738,-0.10047618481786139,0.07046786189162044,0.16122248063391548,-0.14601550510541236,-0.04715713031070442,0.033588481718320844,0.24481683243861743,0.08432066515791838,-0.08023598816844357
CXCL3,0.009991599317753588,-0.03495163992750417,-0.04914359228188004,-0.0010349286790601532,-0.037845024666147815,-0.0049416197639347605,-0.01140120284736671,,0.06746305336612346,0.02008694961365345,0.05202995177135143,0.0053579867448870725,-0.023556406769572054,0.0111775796858161,0.0044203396108374185,-0.0469861400305834,,,0.07507862511036441,0.02176388140077138,0.07406796888689762,-0.013863398264365,-0.052995926542314394,0.032193146601132074,-0.11278373446042214,
CXCL10,0.042586989452952737,0.04530468642125723,-0.003364163236358764,0.032405441555965496,,0.03815511751190131,-0.0023353515631903223,0.0063100968758419826,0.08466348442333002,-0.05123826403618962,0.02480767675272553,-0.05533756218974822,0.1436817016237263,-0.011970122646829267,0.12760816359302576,-0.04480677132988992,-0.01352821741593621,0.05985270266400692,-0.024245558295703722,0.017434863276785444,0.058545906262899294,-0.0412510464367062,,0.05927920814362053,-0.009042308973779896,
RSPO3,,,0.013660546148228859,,0.009926884528900294,0.05063048595478817,0.00648806540388052,-0.007851270990508965,0.004955193301163735,-0.04459342143733969,-0.01037811978618794,0.10676815240333347,,0.04607740516394662,,,,,-0.012629238972785804,0.04621904841019419,,0.033546380489502405,0.0707758483937404,0.05040848941421916,0.02070105349899097,0.09564744376965466
CORT,-0.03672001025388654,0.0074139264385307225,0.03349019380341891,0.04454136845941091,0.12053457059257999,0.052243357833956915,0.03823701126687529,0.01818324828876813,0.013198445769271436,0.08923866280728512,-0.007126812117540115,0.03893451822384266,,0.03396034210445862,,,,,0.008850009623466373,0.05581990220525618,,-0.023313584283040648,-0.060099401885341464,,,-0.07328677483921098
NCAN,0.014217621103744678,0.17965987726978208,0.09012291274117347,0.015900456078199014,0.1179637040497066,-0.003473482961988604,0.11205214416066286,0.05618080970827264,0.0674662629963171,0.03587314844132233,0.03219661596020533,0.2052341999907467,,0.1402343873080458,-0.14340561457693712,-0.0424601239665032,0.06955552685748352,0.06512400655509437,0.036156452587207254,0.09823944155507859,0.17033973764445726,0.003018038348181251,-0.05304728678318777,0.18530875039318173,0.20035482874859706,0.015300017825096688
PRG4,,0.03322363394029537,-0.056301285971858975,,0.09269494981176757,0.044982676383166574,0.09688040981531852,,0.021689540367885507,0.027298108420861292,,,,0.025639253862557325,,,,,0.013145451457883232,0.007329799678615342,,0.06723614223770116,,0.09124447872056791,0.07938800555311328,
ZG16B,,,-0.023059702423790983,0.047109308586268654,,0.02259302348328956,,,0.0028617763780644885,0.008872104265149517,,,-0.02178542354726258,,,,,0.012487353002114052,,,,,,0.043618749428422414,-0.05404618706614115,
TGM2,0.02769364265088781,0.03538036424799349,-0.05725253881066544,0.003603387453703556,-0.03310418760538215,-0.02765937311365579,-0.01813067335852874,-0.03801384203108098,0.034887879666431476,-0.030552617720393034,0.05301265661203387,-0.008245533608326236,-0.036500309611273034,0.02040977063122288,0.07041281167762442,-0.07015934275107785,-0.061549942702451614,0.05043055672045114,-0.013639716370808946,-0.018244847446522543,0.07157329326392074,0.012806365842501286,-0.033991464706684196,-0.00610619205797497,0.03137931707725229,0.028692451080306373
VEGFC,-0.029355249469309615,-0.04252278630402775,0.003887593603161119,-0.005627417271425019,0.02650287975241489,-0.03704936917563489,0.0023064340040658627,0.010062905212821605,0.01802098391551866,0.06735241865666547,-0.009664616045589583,-0.037129535239282495,-0.038951500163903856,-0.010833138355394484,0.022146053848669068,0.08391966288253726,-0.010929298885915078,0.03484297461951122,0.03411816287050257,-0.05037533581688927,0.1051490476455928,0.0360449968134256,,-0.009005143774714406,-0.004178416997841546,
WNT6,,0.05383798020850163,-0.03653901522036678,-0.04949475791035658,0.022233929212885875,0.017627271389945024,-0.02391398227169686,-0.0057483013556070784,0.009395813212607323,0.009372409918268708,,,-0.024360556682568976,0.07554399235483916,,-0.030195046022677138,,0.11047476955592497,0.039322141316129794,0.0748573346968709,,0.012155009571818875,,-0.04536827990051096,-0.07207444501062515,
NRG4,,0.06253947326316169,-0.043859531663327456,,-0.019420490265123973,0.01898081964462716,-0.010423604634967084,0.01737649765315269,0.05336779156621581,0.03964088966286389,0.031817463567809026,0.05136089338175939,,0.041357195640558224,,,-0.02399861033466999,,,,0.03121615368858725,-0.03934078539638675,,-0.007730559338611356,0.05879956561648874,
PMCH,,,-0.06077888651362549,,,0.013466771100066891,,,,0.05778772224964176,,,,,,,,,0.01871372038560761,0.043209204326434186,,-0.06290312580871782,,0.04011468091678017,0.015123248378052095,
COL9A1,0.07130249190472955,0.04761672223810346,0.04880602851428175,0.01276340227382021,-0.0002109845937051209,-0.030756026755275164,0.033919363613620336,0.12111723034817919,-0.018779461824766707,-0.009979184271045504,0.019128017887380656,0.01581923093366569,,0.04897837437137643,-0.016185659415689755,0.009809601963026892,0.0039580621272285324,0.1447685599517928,0.048650041898081954,0.08277522511929236,0.09198600737078164,0.02408993587024883,,0.2808583598403952,0.11128156911358628,0.0974923760512921
GDF11,-0.01555011654369829,0.08960823151464545,-0.005491378047365523,0.020012642581620527,0.13468403973553753,0.01572779828105479,-0.002776512301512439,0.06373541173526817,0.07378808803536364,-0.026991544458357827,0.004742590840610197,0.02020305106633422,0.03294094489656054,0.04807034976406788,0.0410507855561509,-0.08196287250036527,-0.0184972959068167,0.010223803795539702,-0.00018523051660111148,0.017893116698684926,0.06759257958122226,0.025152290372517743,-0.04748868114040699,0.1465886364040567,0.08719007015400192,-0.02568069827403585
RAET1E,,,,,,,,,,,,,,,,,,,,,,,,0.005082378226438649,,
IL24,,,,,,,,,,,,,0.04187549992827926,,,,,,-0.03437925694344043,0.06720975383163966,,,,,-0.02903604231162292,
SORBS1,-0.064484150110997,0.10241343523588727,0.07566400361767484,-0.017166826837234413,0.030959746481954865,0.07588224090027477,0.07310088889240768,0.03611269965505031,0.018362976183601384,0.05067123534490079,-0.0024881639392442434,-0.03679050610083192,0.09476046826363255,0.03197568779142415,0.013377714827959885,0.06257206860820004,0.005199213054065674,0.09268743505232953,0.0008293359779151489,0.051970978694976064,-0.0038292545338940347,-0.005082532332704779,0.010676464882850581,0.14296201441293863,0.11447516750377952,0.05221410690239676
DLL1,-0.03840838616805113,0.12605901593872829,0.02420538626575686,-0.03593875987630207,0.13082197003339255,0.051890565009805566,0.054955294688496685,0.08818040025850837,-0.001769292961424544,0.03233445639255704,-0.022735194232908887,-0.08735902190551935,-0.04149990476719532,0.04995441464592799,0.10708699898997784,0.01239676597969449,0.08361159344784547,0.12879690613734063,0.009629488548353745,0.12084127173481052,0.034882988799179906,0.011430029984503619,0.022638672494334502,0.08470348046827847,0.05958731573675833,-0.0034151744464771933
TLN1,0.017618616312069357,-0.04270893494280652,-0.03639616990039826,0.00399119209297372,0.015147795829567441,0.04845138283944772,-0.0034715442461792276,0.06818069461186697,0.1286054308118268,0.008799144278708895,0.0013812402254791325,-0.17154462803107443,0.05949169219318949,0.00030916358077625813,0.07531153872360571,0.01764606289969675,-0.013140099822018749,0.10440134818219336,0.04758560174113536,-0.01896553790494497,0.08855809582682801,0.025901478899436333,-0.10088715705076187,-0.10676792673622693,-0.0713952648600808,0.01483683977269836
COL2A1,0.04543942914708629,0.015877531745253682,0.025367304186764462,,,,0.03490645540266975,-0.03776408707740752,-0.01567370420375905,,,,,0.005146063718847086,,,,,0.06446904380317232,0.02598093485138064,,-0.011688188151558195,,0.09748737529566281,0.018836109256323133,
SHH,,,,,,-0.026052221544676398,-0.05793469988350105,0.04535739207743647,0.049195804082133913,0.010685994762618584,-0.008150939895782078,,,0.04072534865534714,0.2678755877639597,-0.008008754599508955,,,0.0015610780292996701,0.018530910804313117,-0.0056574443586400345,0.0214160127633078,,0.12962492981325552,0.01349346668393234,
PON2,-0.014423913980111855,0.21138405565916368,0.10450779890517586,0.09303845508848702,0.046311700637799325,0.070402693060264,0.03289925856125953,-0.001854895648190053,0.07283366869701242,0.002678805265416115,-0.003955762355718097,-0.11348307594123912,0.047816469789758766,0.11971840993456319,0.11171086295818278,0.16857618153972065,0.0014976240614244494,0.05186524597482607,0.0995779761479006,0.13352957818033803,0.0932158608671961,0.009545749324758782,0.0094401694302771,0.1775103705435127,0.27746582700536765,0.00837611871629678
ICAM5,,0.15126935201868433,0.04061080481667033,-0.004508493142862101,-0.012317403815660587,0.07196048336508037,0.1008736606726939,-0.037079174790864367,0.00755266017282926,-0.0004138226289055924,0.0028033629103163247,0.21088697804775658,0.04600486807382056,0.06406044045229431,,,,,0.043307618598739044,0.08244555140015668,,-0.03772073910582243,-0.007588701079110257,0.032614437222958384,-0.026448083300812466,0.18292113907930277
HPX,0.009891326315923392,0.04706521603859722,0.012885999469658042,,0.004510881398296496,0.09199138006431787,-0.012097938182175763,-0.006383011480075244,0.0086206041382863,-0.05558196462157432,0.008046148588995692,,0.034302430729794706,0.022749855701079243,0.045220028098731234,0.05703507516667383,0.005309902616037632,-0.04330497789836945,0.09126998723191111,0.08136180586193029,0.058827719307109005,-0.005415012380403576,,0.01987172740004585,0.03804813399793409,
SFRP2,,0.11503233423222824,0.041962919212795,,,-0.005073473038447657,,0.011400024129461988,-0.024157190552633497,0.00487758927834765,0.002604756356454584,-0.12621308111338422,-0.013558008465436248,-0.07486470067281958,0.07792925684158661,-0.07102194441570157,,0.05796396183791792,0.10848958937038283,0.04684694067503093,0.028731966730214435,0.0518195814590609,0.07652849924574193,0.06321261858720553,0.07298520119185743,-0.01337894281822435
CFC1,,,,,,,,0.019336783756331,,-0.026567688868827433,,0.06893517122743427,,,,,,,,,,,,,0.038170764650186005,
CD70,,,-0.017647279051369927,,,-0.046919425005181224,,,,-0.01538389964467449,,,0.024255388820510444,,,,0.0952251703983695,,0.07905967460460604,0.015543208979329346,,0.01342767751380456,,0.030658332237317475,-0.06892548490479979,
HP,-0.011686054562862017,0.19709434704291048,0.04376466452218015,,0.08530197751143712,-0.05040241962603211,0.023985107497102344,,0.06583371622213233,-0.03912214092944565,-0.002740962830297705,-0.10330172295080091,,0.06269133614350847,-0.03595548972349198,0.04705516627382239,-0.03590218016719284,0.1763088628551408,0.12506072838843368,0.09113646652574006,0.04586684294074343,0.060860947039498785,,0.025952003262816145,0.028410190797518307,
CXCL2,-0.05442478331255998,0.08485606261661868,0.019960580962180906,-0.045146020608109835,-0.056674637642537606,0.010718285446528378,-0.03366036390149461,0.007612780465017571,0.06559125562707825,-0.0025106355560493695,-0.0217818861414512,-0.10431941589899078,0.04549697940610167,0.03405328899883452,0.05494039770364376,0.03848962930199687,0.006280574314165708,,0.09515737002384919,0.054140856624413106,-0.05003993474071605,0.02084462847754983,-0.06745761402079158,0.0662292371648052,-0.07153285394213542,0.0570512819786665
NPPB,,,-0.005694773368343825,,-0.10900865789721748,-0.07254179243852354,,,,-0.001533296130868934,,,,-0.0030967046096970086,,,,,0.10140084217668223,0.04845392776048537,,-0.024757248669592714,,-0.04228403544579574,,
CCK,0.04672923106137913,0.1612770951501219,0.13287113721404853,0.04548262179452913,0.08533950214928913,0.09561069389793639,0.09881923786927241,-0.06537788964818923,-0.09202604567033887,0.06944073078305495,-0.016254019787337554,0.28674604399704584,,-0.011466146764190974,-0.030125475823375183,,,0.021137810990246926,-0.007145961996831255,0.07230083070196186,0.0801461721163286,0.013802436610509729,0.03160705542959418,-0.017499631239890866,0.030172390106549814,0.17692037761890217
SEMA6A,-0.020228551081068056,0.1490225879064827,0.09037063637241663,0.007647568875911319,0.0026580596181615544,0.03723753898259721,0.0344350640544251,0.008912069765729837,0.07693375349492862,0.002762851217751174,0.028874170568530838,-0.043119358053010814,0.007341599584914146,0.07612922387646542,0.039614554158167385,0.08227174974315175,0.031719495061311,0.02164073496312475,0.024286795596683612,0.11029429274967505,-0.01455722590664479,-0.03460024668033974,0.05971536817143461,0.1627601866430362,0.2134428529217942,-0.1472502226398756
IRAK4,-0.009801651381549861,0.032587236331599906,0.05222236528763329,-0.02063489450479256,0.08876226991953265,0.02332825546378297,0.021089062052646494,0.06391744333471622,0.045889720369225465,0.014878357761538952,-0.014015256423372435,-0.023885072610347814,-0.03749612294647829,0.05859564246798019,0.023916840943219952,-0.08609848790455148,-0.010790099514003925,0.19115384239470906,0.013119559155595704,0.044703357098530086,0.0904212138682556,0.035218914942322745,-0.014108691797017627,0.15156406964227281,0.07466998563012502,-0.07407257941494444
GSTP1,0.02179994195238853,0.13068734864331,-0.025736494294405398,-0.029460040429134943,0.01911367688892381,-0.01967611171187243,0.048859731467538574,0.07284845375650931,0.05846808577873413,-0.05504767430439352,-0.01472565240385866,-0.21092339390828796,-0.04535941051610351,0.052534344003884986,-0.1009268501450535,0.08077252686112125,0.0014271143345905074,-0.024073373920691803,0.0821405739670267,0.13299130886250687,-0.07635816160528955,0.07717069355712287,0.0686081179477273,0.10903547660426849,0.043350838201682014,-0.05210782748896641
VCAM1,0.005479095339716393,-0.012826379065876754,-0.05797530342892277,0.03277517771322867,-0.04643670451759798,0.03133879067890049,-0.003915912594717745,0.061755861448153496,0.12257579478391893,-0.009395920002506091,-0.013719470510688272,-0.03834295085261882,-0.015883077113433355,0.03706461733365398,0.08586680631917544,0.046688980436786286,-0.034736318598224195,0.16072674055149608,0.10549773538280476,0.09900747601357122,0.0054705260878866535,0.02577586808831332,0.045987856998503225,0.19193752619267443,0.056135591118949106,-0.026505705297358316
NXPH3,-0.03074472618904582,-0.04959743426665022,0.03984993800611567,0.005773996146021434,-0.040953924030449645,-0.006909105105006347,0.038338722798711616,0.04654523598802404,0.006491292932881071,0.036098637502242514,0.002627004357194596,0.1478367785264865,-0.025923728926186298,-0.019610886291130645,0.055119290897101686,0.08191287248239743,-0.06543577145852265,0.039303865510902924,0.09738143569816914,0.1429017310132618,0.1152326838566429,-0.05239371387380358,0.04464993123655236,0.22524580693652063,0.1668736564798625,0.1701963489282539
MTMR4,0.02868181119942991,-0.07288406345648103,0.05611860673351245,0.02285874178876403,0.045889132415313824,0.03812086028252672,-0.03746011165733737,0.0110536561379098,0.0686423252387911,-0.015973348141302933,-0.0065816100337540324,0.04528527225967355,-0.02860052773850448,0.06293234085266891,0.0643442220582537,0.010567563604800588,0.1429953950139589,0.010546537945552319,0.1033244919554665,0.08173451003338687,0.04166740990962282,0.023321709444429187,0.037629345790529345,0.1358208231050381,0.06514844666031978,-0.047383143673735056
LAMC2,,0.0467218055753601,-0.028323379473504447,,,-0.057322435320669426,,0.07530952000952687,,0.012027764871472283,,,0.03944580090478972,,,,0.07501322504589196,,0.004584704962670331,0.04352271740894876,0.04908833339853012,-0.00874416351558863,,-0.008422220863778718,-0.013256065086159657,
IL10,-0.048860590981639834,0.009895986707778089,0.019609043218453012,0.002571265054823238,0.02474340698029449,-0.06346079009519402,0.014307037373867772,,-0.04447131512980568,0.009381389302965474,,-0.07826083302895381,0.017180476172279524,0.06029561954327988,0.1340492614365179,-0.06741421528637337,0.026391780972971315,0.0754861611130403,0.025399799368357227,0.10479305828013508,0.03321837755353694,0.08043913205194834,,0.04677674183436285,-0.04677093863356742,
SEMA4D,-0.08119533933081831,0.13015305432537286,0.047688439778750216,0.045089503329998545,0.1285794586585874,0.03656351783478659,0.045488196220266244,-0.030449723311290932,-0.036537701011257764,0.030198622007053647,0.06867709835773543,-0.034771511302667105,-0.027937973413002058,0.021786908678359154,-0.06604086839208705,0.060505030522021726,0.044956135542178054,-0.04624609894251281,0.022132964342033244,0.1101314288773906,-0.1656659726942895,0.03930866986003233,0.0839397150318289,0.17673633453659512,0.17263916718169112,-0.16311528815136644
TRH,-0.05654820975138008,-0.01614893361619974,-0.06141988132587216,,0.020941077383644792,-0.025883737975039126,0.028245737732532392,0.03933513650751753,0.035479523004855316,0.0008776120458561768,,0.09188762843992374,,0.12251151572918711,0.17020580401054422,-0.09024510418868005,,,0.013811645111607712,0.10968850249131162,0.14910608205075765,0.017068588185382788,-0.04539444772230224,0.09928480271664014,0.06270290720035013,
SEMA6D,0.07505517995314698,0.16682688845974022,0.09259882500981954,-0.027474483600351356,0.11885651682434192,0.02804655635164338,0.11915286365450146,0.07813206346036974,0.09520444043140616,0.02607655695784985,0.03773412813284255,0.09290479684429082,0.002473470395650118,0.09816370678183423,0.08733111111523355,0.08752768496006774,-0.031889089459433154,0.07254790488217586,0.14491255699317251,0.1061639492170655,0.007382926617699507,0.008572438181365095,0.04757625531214999,0.18489172498952056,0.17747939542332297,-0.014810554448227767
CEL,,,,,0.09703782073022289,,0.0351660854597735,,,,,,,,,-0.04978487406279494,0.05553735822214826,0.06917818784148932,0.01447149799557919,0.054780137185143275,0.09438508105636467,-0.05362474344320074,,0.050291630400826126,0.07251036270378877,
PDCD1LG2,-0.02632852614987849,0.05589426187389721,-0.03253852515879524,-0.031563238416836746,-0.024426445305698805,-0.017106313470275816,-0.051904923378079545,-0.0070371731824437,0.04192796242744494,0.009471516403054716,-0.03476467761528727,0.0018348651679237595,-0.029214523462856547,-0.04536918705166539,0.09940724520142445,0.001891640476344822,0.026361381526391028,0.12378456318472242,-0.006710726982033407,0.09860056621717578,0.10811652548703617,0.02483534568270797,,0.20527911247959463,0.048075209335339944,
SPINT1,0.0029443368136040627,0.01313567645523771,0.0036406239794870092,-0.030345781477797627,0.026868655846100688,-0.012993589289204799,0.04854973355468409,-0.03728822343331004,0.07288270498022996,-0.006719891543627463,0.016508944014841768,0.09456210336109346,-0.042702342547022425,0.0788782275286174,0.0489987840409412,-0.06286089521208527,-0.13316080287644574,0.13020621811972455,0.05441647343371076,0.04679879017754382,0.05757731257303553,-0.0014456090352151245,,0.08296046030222734,0.039046575857116,
CTHRC1,0.05420374924074466,0.1181477455385485,0.00617584373502108,0.01923950923109502,0.07116248519802028,-0.06314828369852186,0.03257614090053513,0.12115011258389652,0.04966957050458955,-0.04094725425123802,-0.029500440054133086,0.01785486298597962,-0.0342179843603975,0.047130206115116424,0.16495822336950194,0.01664686864822064,-0.03228210944478714,0.20649782490000354,0.02271424776614204,0.00820539441508157,0.08932060824169923,0.004189011933687354,,0.023138049955325094,0.056335820450967994,-0.03334199719320883
PODXL,0.04229652662340796,0.12911808241511138,0.04354190841586608,-0.04458927538270555,0.141436308610223,0.001740926252847652,0.016840325853340003,0.06718583372126831,0.14399342535104062,-0.02083497603661188,0.01999430674127927,0.06787771714755662,0.06740956005609669,0.04424958892816452,0.22701017981093793,0.08255646363318438,-0.01726220840195137,0.13671153874537328,0.0774477655881956,0.1056392274962148,0.14340302056747173,0.05265615642532852,0.011980806071245194,0.007890787463232966,0.08463727715459382,0.10313554697591899
JAM3,-0.026162857122556935,-0.050029602378934626,0.04241906732646097,-0.00547788548514354,0.03391004681092736,0.08323183803035994,0.05897332322398332,-0.04003523713692442,0.10278375270085348,0.027251625281290114,0.04122054936345767,-0.14456568081080085,-0.014088250660456339,0.038703507223771416,-0.01586831031670578,0.11033295860722114,0.03942568516083754,-0.15992216171776677,0.07550438751503463,0.05882412897091338,0.0035472646180757066,0.01512663075363853,0.039651310334563386,-0.016299009415463056,0.05997391580099277,-0.11159136994151184
TGFB2,-0.06647411674969891,0.05975163482381493,0.039792043046976915,-0.02647684512672484,0.055491772388232885,0.12378215625974172,0.11066503301092205,0.017274399712798535,0.1233282924852568,-0.0006251888884737673,-0.08603484367467713,0.05302686242313242,0.028665635134400215,-0.007145184945223802,0.1766897773946885,0.10590494769961611,0.09757656962877012,0.10538758241284023,-0.010757662537540347,0.1326033634790157,0.1410214509018903,0.013511062554656493,0.11291231570348532,0.09651609198479201,0.14153671893122013,-0.13540778594592334
COL18A1,0.00449163283490726,0.09002953841303783,0.016828063546972263,-0.015191874119648525,0.14968733924496885,-0.05272279618591346,0.0437254747279964,0.08527675830453327,0.07730412173074902,0.021886693752787505,0.0149861748450413,-0.14453034598336117,-0.003377747469838165,0.055238161536991064,0.07089229236041575,0.0029556602445239342,-0.08097037787957205,0.15781116882789734,0.05327304687058893,-0.02504649350667578,0.17666569695450315,0.03306768881479809,-0.05145737512456697,-0.1442141976512532,0.002460600026815244,0.10487322740782126
NODAL,-0.014042474220127414,,-0.00028009951168869653,-0.004583505942532443,,-0.022202782593962588,-0.03863818550643547,0.10207477614547339,0.04225148050061151,,,,,0.03284197949811076,0.03132209701391541,0.03272369358270243,-0.0046381153375155615,0.17973234079950665,0.005221426833637885,0.018485969578841577,0.06803268522555364,-0.05668762124992822,,0.07544359747899856,0.007232362026354654,
INHBB,-0.02147230186617966,-0.06627979017605796,0.020272410053064367,-0.007651221643541758,0.0014960011724097168,-0.0034690417175307245,0.06906472211309969,0.02060995823392217,0.05977746906644747,-0.005550180988263801,0.02333474386659701,-0.00817415825412892,0.023905329501130335,0.024112244532384447,0.06718265465097646,-0.04830644645853523,0.018293675291404504,0.08328472307990711,0.06298396137590746,0.08028921958818552,0.017680990899854573,0.08306230647945353,-0.019604887722123935,0.2307369773160614,0.18959101024850125,0.04169734648940019
LCN1,,,-0.056183651908258615,,,,,,-0.00871707392608075,,,,,,0.04958762800268297,,,,0.008223326773886671,-0.004304099967003382,,,,0.009298442292158747,0.02486597661407274,
ARF4,-0.010971567908588874,0.04278563504264159,-0.05150109548979726,-0.03001185939578187,-0.08071267289442353,0.010796653102018371,0.026255853668813393,0.06269635447525443,0.051828259805106205,-0.04761815640734276,0.019042125450835477,-0.01649665341813407,0.03626099572694005,-0.016149676866582835,0.11696966819275315,0.06406096400363818,0.014639032212525535,0.1169450895943255,0.02729940594841684,0.09912373904005456,0.032834220020673245,-0.0011615222653493914,-0.020914057922288967,-0.10534974099415947,-0.04190995547318654,-0.04399080002804463
CXCL14,-0.05057300625655488,0.07204782106649286,-0.028167114467259124,0.07916399304824918,-0.049665593219384734,0.06672940756945389,0.07577142419202741,-0.013613782892591582,-0.0035993639580350506,-0.0494322323757482,-0.005726307306646288,0.07441059478337929,-0.023141924326505962,0.007425172121184712,0.2569856623637252,-0.009812939841150158,0.027941480689532578,0.17643069785622845,-0.046103875804593776,-0.0006488254776796837,0.24264590096781036,0.04302931325996144,-0.13393413461677145,0.18562280907960924,0.1498851498536004,0.15271135959051668
LIF,0.008967130895018634,-0.11111442566885646,-0.0032780806475784636,-0.0006823069521484322,-0.026237131066116047,-0.06301992717694513,-0.02977496031698786,0.06803348413800998,0.08281883882966616,-0.05291114231246473,-0.015739472878211338,-0.013127744271192768,-0.0005798212638629587,-0.023252597419707283,0.10578237410210693,0.13979417154312748,0.014008846084288318,0.040009028887290736,0.0043093609112079614,-0.04886626602138197,0.08396563924938509,-0.011929672078325564,0.06409839593067711,0.03359493076331006,-0.049546855739990334,
IL17B,,0.023266157111993716,,,-0.01655259527546406,,,,-0.007761503193918041,,,,-0.02082490494035237,,-0.021821048313974346,-0.08382931747757946,-0.05321032114975871,,0.0406899012153947,0.04453499749039965,,0.0033402237285789747,,0.051622361975479376,0.0643604457960999,
MMP1,,,-0.05972087434710357,,-0.07793715800821485,,-0.008491903905026892,,,,,,-0.06341497260425809,,0.11314529262242702,0.07754475086136195,,,0.027264104196593943,-0.011850846448663785,,0.04465039527917657,,0.011184293277268692,-0.073840392191413,
MATN1,,0.049104878240259206,0.03673882264727293,,-0.031217472681978914,,,0.01082006201790424,-0.020301719023916514,-0.04361882698512083,,,-0.013737815489743576,-0.0012616135947628516,,,0.08510302151263752,,0.008154938542897028,-0.027323503471217453,-0.06995952464360054,0.03264947933196103,,0.03976612847648846,0.05663756296397138,
ADAM28,0.01777688736161051,-0.02794729849442326,-0.05841337760220149,0.019067192775705306,-0.03557478828633147,0.05591489824237699,0.0019555824120324338,0.0657756335124442,0.1133486985306646,-0.054239686787119046,-0.0031672173754863486,-0.146140334199729,0.059301190620538506,0.040019934650131685,0.14410062046424557,0.02472747359814637,0.08599538160365852,0.12496496256665945,0.06939849464187449,0.016329073464172943,0.04385846118276091,-0.06105236445459725,0.022004703758133626,0.11277191807081642,-0.018270594695809054,-0.04717086556763806
TCN2,0.022538022688867308,-0.009381784944068744,-0.006611556203440882,-0.01963345825340997,0.019319935444285518,-0.06449074225192858,0.02312822559463431,0.06497621854470628,0.0977112148081806,0.011504382090477487,-0.003916538035287104,-0.08232484336885601,0.04514158324847498,-0.005609005397496796,-0.018756952273420446,0.043067564413803355,-0.047831613200236864,0.05761461413397219,0.09368499225067899,0.09915061722319343,0.1354651650559772,0.027889612902237664,0.03411872412477575,0.11171295078711778,0.08122896197631053,0.07185054102661761
THPO,,,0.01253923596381088,,,0.050540557689957244,,0.04242394361040662,0.07897524423252997,-0.005732726324850863,0.0679675250734245,-0.04656164749652704,,0.017110345953807435,,-0.036197921293325004,-0.023576566849928125,0.09610359362698145,,,,-0.021298485644508456,,0.06129306421679433,0.029656228644822202,
CUBN,0.0031861322155384677,-0.021570113788170354,-0.007521608083008373,0.02002161776657012,-0.002005360235870381,-0.0078099132170936945,0.056194246948613864,0.029045462360305193,0.06001828357476334,0.014876583832206263,0.004320003434343713,0.009972248268416471,0.03789630328973371,0.020189910987983194,0.11595775992483674,-0.0495373181425332,-0.015774312185288134,0.18570767874557603,0.024369596562570057,0.10380779606779335,0.053094383444374255,0.0070017943911967265,-0.05740156515593302,0.16763551481377287,0.04430455845033804,
TIMP3,-0.007080315584224075,0.058560339755548335,0.005805778525655614,0.03951831318134481,-0.054286233531747975,0.018583725996382697,0.030311692631915212,-0.003254260974337556,0.08991080326351215,-0.03870205147348187,-0.017454512863087662,0.08415706631941054,0.0649562444903402,-0.00945951386097837,-0.08892630282400661,-0.07102997536568605,0.04073261545472808,-0.04599385640614125,-0.02682237840421778,-0.005496226452827542,0.1325696202711848,0.07244072269201568,0.03118375781844937,-0.06120937238555326,0.03313800141802157,0.1031557320398434
PIGF,0.0072631874810287584,0.05742841627043432,0.07004513332436954,0.0008772977541600819,0.1041810722829031,0.04512903333582071,0.03060118762354245,0.04345353039784526,0.10712826892094748,0.035597311632040614,0.009772886032414864,-0.0032777023455071394,-0.012566621044584213,0.026195379938491813,0.08788842793618683,0.1276262138958051,0.05650169416688042,0.14579418496333751,0.09751370514320129,0.10661300242470502,0.06304523699354699,0.02874895113751752,0.1881934180118397,0.21717601773055134,0.11193408232931236,0.05525040867980205
CRH,,,-0.056425839502148085,-0.030634368439932724,,0.05204659853440574,0.0009763249482132894,0.0243040196441808,-0.040708037561570654,-0.037322425226689195,-0.012563070189447119,0.07313582202780257,,0.013444202200407636,,,,,-0.00975327643553973,0.0081189867595454,0.05625646001139053,0.008999186479030008,-0.0656224035240812,0.09020086196086875,-0.032243073383660205,0.049558376701876225
BDNF,,0.07137011819052103,0.015245419673515864,0.011144214303931902,-0.01800822465167147,0.010829196523782489,0.0004679549229369052,-0.009036297955023876,-0.0742789993800377,0.007713501087183498,-0.056314807783724406,-0.05276381563835126,-0.021190554353184458,0.0074706316613073,0.08956726006222161,0.06884068107473854,,,0.07458248122008031,0.048353446469927744,0.08613709654642716,0.00044445567562737833,0.09941694439245241,0.1598809633308529,0.05989802858428285,0.14887281431100152
CCL5,0.055427856924098524,-0.006229938273197609,-0.02505308827665441,0.09452034144862445,,-0.05034258295364409,-0.09328440287881858,0.003915802553938318,0.02224809794581141,0.03575902347137888,-0.010800583997127492,-0.12050449499143782,0.00408004625469081,-0.00470104194993131,0.07041091086919105,0.030135360343686576,0.07359535640809321,0.07576010402682536,0.08307536911128335,-0.014568090804219547,0.0011873707568053114,0.015322540053429926,-0.021584047906667656,0.04538652979945685,-0.014256911076389593,
GAD1,0.03776210620024802,0.154150786109802,0.043193670088700974,0.007403869811655436,0.13518324969708304,0.11686361105132335,0.1036656012436973,-0.0644062395485118,0.0024908544127514474,0.017108187254594523,-0.017995136588981765,0.23107447306376708,0.05428355783473197,0.008585079000922707,0.048418476443934745,0.060216867631667156,-0.004329396972932965,0.05930965556846227,0.05315672718305256,0.16123215750746012,0.09110439876790923,-0.010248947219587662,-0.09731311180738544,0.09326556096511093,0.057492631863050606,0.1276693146090809
COL14A1,-0.023167672426267726,-0.04875975300365361,-0.07326359848577418,0.01999308361381555,0.09081775994611216,0.031288437146457876,-0.019363959622633653,-0.012376446584172878,0.022028621858064253,-0.026267716789486674,-0.007772224081613987,-0.0896993856804348,0.10074378801604766,0.05168341572286243,0.0972253165303502,0.09006659600335155,-0.07618624105658753,0.11612740187547982,0.08207653836072645,0.023667729012278895,0.030642207633228776,0.07291187368316676,,0.04820342564292181,0.05023515824121287,
HLA-A,0.04949644103185491,0.0780791616386622,-0.1055923609315829,0.04639641504216213,-0.01107889238028503,-0.07811294140889027,-0.0761325629586238,0.06734481404365664,0.10729501226050096,-0.009986756702677742,-0.041455123356431554,-0.2676411681656508,0.029499912252384755,-0.010880287898334123,-0.08812083152534453,0.04675863080500905,-0.04812685765474875,0.07694850220309757,0.049104106079348175,-0.09783819311974108,0.20345556665394615,0.017675322806623647,0.03237233456994802,-0.07297500602636484,-0.13528620632459706,-0.10572738011492404
CD5L,-0.010512022154103295,,-0.010580423222498405,0.043865859044956046,,,,,,,,-0.057446080220161795,,,,,,0.011920713284727925,,,,,,,,
FGF18,,,-0.014568445577144056,,-0.04323446562293932,-0.022195089826095242,-0.03608647215805874,-0.00041914324177967643,,0.022500352337629273,,,-0.014264401011388378,,,,,,-0.005236112690708087,-0.03235565316987935,,0.02949375586939605,,-0.030057986712374526,-0.022447970945982654,
ADM,-0.02489895274974295,-0.2419601636166692,-0.06451839676317563,-0.0014809209819614418,-0.08405027812299723,-0.05255231351797812,-0.10135304513315287,0.06536009814872,0.10419409997908814,0.013183073440663261,-0.044292039598885176,0.0247584935744508,-0.06191944955940162,-0.0290041566419442,0.21619649384021425,-0.027255613963551754,-0.06122421602220281,0.07475992902925391,0.05009355604586417,-0.09736490700366335,0.054808432272067005,-0.05695451516865785,-0.017039813849683477,0.012672325673660724,-0.07566428554051487,0.17359082077741184
CCL15,,,0.009498608197306992,,,,,,,,0.029773574421878404,,,,-0.01442648014835912,,,,,,,,,0.014931187121238998,,
GNAI2,-0.029082454395358164,0.12805664734617545,-0.05113815085620486,0.03142277552124782,-0.06668333096533124,-0.016119129368595303,0.04816880649304318,0.08611178926082289,0.07682836080728547,-0.04189564166928704,0.05649933334471943,-0.1872019815832924,0.016521101453238207,0.09461514918476516,0.04123171628620961,0.058907207848444214,-0.11423894165423092,0.056881016328739285,-0.02311271606671695,-0.0042799490657710985,-0.01766398835772658,0.057033330397423025,-0.0038079898013224467,-0.030593621716469253,0.06722038665873512,-0.04590090167577434
HDC,,,,,,,,,0.003417282423351275,,0.02100327694835028,,,,,,0.038611976938014825,,,,,,,0.14977625619147794,0.04900459614690148,
COL11A1,-0.03664868479380926,,-0.014744138324155996,-0.05474692343682748,0.03335705051122653,0.018656716682936437,-0.024678994174928026,0.10747543359756613,-0.0022702017820645103,0.028905487380621403,0.01482177842900714,0.024500171384509634,0.05514649486453791,0.046876600557544175,0.18270838636900144,0.0022938470611347877,,-0.004531761508037951,0.07725982430619298,0.024548395220553472,0.07049534377837058,0.03054932469196849,,0.05648607116812654,0.08148294724647377,0.11019884191025345
NUCB2,-0.02998772451957276,-0.02307021772153998,-0.033810140858775484,0.0059263166386793915,-0.11325323368534097,-0.0072436132459112075,-0.03732418689247155,0.030422470530610583,0.05905353977377363,0.019351478674658654,0.014334413874603987,0.029733203345914307,0.007302043998265006,0.04088090242067807,0.08517722463985508,0.005415866854068551,0.024978457468026467,0.034707881484405394,-0.0032507112803425386,-0.005274377231469316,0.005663656595151467,-0.0017078381686338173,0.12231833861407373,0.030351074155198235,-0.1294255722622572,-0.030730745409104768
FGF16,,,,,,,,,,,,,,,,,,,,,,,,,-0.06474404537596992,
CXCL1,,-0.003390792945063042,0.0286156466972998,-0.053029425007492005,-0.03313399473500674,-0.01685294138610707,-0.006498465324022507,,-0.013307821385075783,-0.00596745778431392,-0.046817763530100025,-0.05606632516103621,0.07186526320731726,0.0713760039722323,0.10677308582219582,0.024139864072998684,0.030080787513371593,,0.04969976638321276,-0.06739996935525523,0.015227205994837295,0.038858194458997214,-0.05598468158743989,0.03957395610812582,-0.061701821526351425,0.008434148655997144
VCAN,0.026985613716194293,0.06988452503738628,-0.07903766682778898,-0.03460212079386342,0.13285507956304526,0.06323322945936415,0.0002614179149976141,0.10979244106800487,0.06351034899042798,-0.03651485353466173,0.062098944906144704,-0.023197294560549437,0.041840702989328564,0.12555656834837203,-0.12315107494422785,-0.1189623992933759,-0.039804582750875846,-0.02878892546135193,0.008619636867192193,0.06571992339828903,-0.016079251609370203,0.06371230623955237,0.009015490038712673,-0.2035243245257511,-0.021265642321137528,-0.04836987365673917
MMP7,,-0.059720655642868464,-0.0002147198020757388,,,-0.008170658926030985,,0.0032892594203520484,-0.04680814388966818,-0.022988563177164648,0.0685985043792821,-0.019926018716319223,-0.01431043599678554,0.020245724099679084,0.15644547816570809,0.030122877534881236,,,0.15316377049025856,0.0037890701808757903,,0.03232265503526108,,-0.08271422611345343,-0.09383774048381008,
PTPN6,-0.09539810939135843,-0.044497053507507836,-0.011503633974690402,-0.011920319448151542,0.07155428672761752,0.012014470718479456,0.04507166608737608,-0.012432960480108297,0.08650796418295255,-0.023398483346368282,0.013914977588404895,-0.09062399791005293,0.059262162807470375,0.0737820991697636,0.16296297580064348,0.10176722523563249,0.09384692902755014,0.07006431214344579,0.07358096733357998,0.030559577096952294,0.08080712802715079,0.018278353657892193,-0.04707550772206772,0.17341017011789853,0.08304943252472978,-0.001314587908593385
PTGS2,0.012081539142295258,-0.11907895700061712,-0.0298898114215715,0.012548392070789786,-0.03523146549846844,-0.03457488562542013,-0.053731649019302656,-0.01563269986118724,-0.04101429663106039,-0.002436828521874101,-0.022744366727404885,0.0016115905548672901,0.043221724282855,-0.02642339515008871,0.046671361056115086,0.03144722984228177,-0.03728318937949973,-0.020882183802395645,0.029719172599632866,-0.08188178408783307,0.08562585425041208,-0.08175263102874429,-0.05099656536968087,0.07060960221411362,-0.09837741823985481,0.18216012691378922
XCL1,-0.037187793503875084,,-0.016155511468884495,,,-0.026873363786075383,0.014172159722060223,,,-0.032152592666010144,,0.06895032348589065,-0.02561735725763019,,,,,,,,,,,,0.009806228673867165,
CD58,0.025420044141823393,0.017259530176445166,0.0453429839766146,0.05346608412505367,0.12157912672627667,0.0948996235958968,-0.03915600206617604,0.07118206739451534,0.15740678952784687,0.018609140684250302,-8.156255316541312e-05,-0.009087992346227085,0.03724902755541611,0.09417917747586418,0.15415792158586056,0.13534757831860605,-0.018026949545319217,0.1906886999147115,0.10297096408269887,0.12945771313215265,0.04267416763728171,0.02689115048318448,0.028477212759334118,0.1067524921081211,0.05735470225235954,0.03427741051801831
TNFSF14,-0.027548213430722,0.09506130336031716,-0.012261845239327353,-0.01918145265139659,-0.012799908106136244,0.008961170493605279,0.019080771316445273,,0.07860400734580038,-0.016845244265587825,-0.01525181003587306,-0.05003974429688817,,,0.08423249557414471,0.10020190839432881,,0.07273118118273643,-0.027236049625613136,-0.025754791069832715,0.07608704291451973,-0.006920418949447792,-0.08698562051180335,0.07778700563692639,0.007945539971689182,0.028206160106359544
CNTN4,,0.07355781624917727,0.009641372757618364,-0.052399416894893316,0.03891578280735701,0.039731187828523716,0.09983024814936767,-0.03874962776772273,-0.007075483083261734,0.06657313799778439,0.03304950643240221,0.12556354161489197,,0.04612996597402334,0.10112489864610327,,,0.1047523283971347,0.013911724151843845,0.07237002472217557,0.091304729586923,-0.007995727448193086,-0.016115870743884653,-0.036607786937932374,0.03711984162066935,0.09525185906022252
NTF4,,,,,,0.034274015719872646,,,,,,,,,,,,,,,,,,,,
INSL3,,,-0.0021096125485666234,,,-0.042245079736495904,,,,0.010691494335850964,,,,,,,,,0.021507752960242342,0.019193471230578494,,-0.052897178430434795,,-0.02377349278005083,,
BTLA,,,,,,-0.016011751243090344,0.06967704182806791,,,,-0.008410023452273437,,,,,,,0.07593940814236087,,,,,,-0.0178254721278923,,
MFNG,0.053715015144615345,0.010414193750670833,-0.0020141218106676457,0.0680341200042425,0.07737262007794807,0.02897713152345812,0.07883476961205761,0.155708198898798,0.08150985022534711,-0.08996329482959617,-0.007372613708997743,-0.010407129589919283,0.05185229538479802,0.06815026165814862,0.013934378888728153,0.0750410005374041,-0.09091204930806913,0.057143981838415285,0.026011666985158704,0.09759745065664928,-0.00268675722335376,0.03432041678081926,0.08791113521616024,0.15429398295327723,0.01559409673538693,-0.06827353831926927
ICAM1,-0.06477776858533138,-0.09724846502767412,-0.032415867259430485,-0.010184536594322518,-0.009644654430794642,-0.043777111339749285,-0.06891291512226448,0.054038825225618294,0.0700988240771931,-0.013303687471846246,0.011489438920523204,-0.09005395804204755,0.014593469616561746,0.006598645349945422,0.19752336722812916,0.09712798053722868,0.09454405579453991,0.10197585510838772,0.06317127908887242,0.010585783038418494,0.14399319510401892,-0.033837115614340225,0.003617194719877055,0.1757536033613217,-0.007297498592898194,-0.05296249056295753
PROS1,-0.015168511260289794,-0.01713267723593526,-0.006422388818743433,-0.06743506861181495,0.039289791609947076,-0.05427557618914295,0.03761534871982224,0.08716434279952673,0.13119239318561005,-0.004054612641963855,0.04542231478915342,-0.0509202312572277,0.03367462540444325,-0.009348974851174323,0.23359907673223781,0.08929700256319117,-0.048968998671954624,0.22439870703651324,0.10708561451066016,0.05143662570380058,0.16029917596411916,0.021835826509271298,0.12156476516261314,0.11769391524495573,0.043376979531116786,0.04231767907538859
CLCF1,-0.04262317387729587,0.005291668535375925,-0.038196965011202504,0.02782297485170081,0.011307417424287711,-0.04605655592992653,0.012466682877533998,0.02734058312726857,0.034446772104843544,-0.04472049135243495,-0.02075641498323173,-0.11235891711755785,0.022251127086729074,0.05308571533605927,0.2057029041020627,-0.051644839459160236,0.04167912062369877,0.16694159072706607,0.12337838935891025,0.15035509552383539,0.043303659885202565,-0.0348258018696096,-0.040874850512721043,0.10554883789119064,0.02598509814180285,
PSAP,-0.037839005690297675,0.04293162547673817,-0.07222251280678492,0.010557215132498283,0.051879366605407776,-0.06247345860944488,0.042330449729306684,-0.030979564504309623,-0.10046167775483983,0.06020343886721393,-0.028743819091635398,-0.06105644244293767,0.015035819090981895,-0.011678739719148547,0.22333579870978418,0.007857679857652232,-0.04564658822602158,0.06998975072280524,0.09807798631453095,-0.002923033684302008,0.10727509036170502,0.029372029706147943,0.06879196313426247,0.13648287875263485,-0.1098703218722661,-0.045755629573471
EFEMP1,0.020008537564699527,-0.049909076760237,-0.010060189050159683,0.008102012593694585,-0.027449694031918673,0.07233853110448654,-0.03880621503082588,0.06913455878854526,0.10581065700178371,0.0254593649481527,0.03654843461732088,-0.19168334980937826,0.06748283288699516,0.06025890229531387,0.1973122988656361,0.03571841657309395,-0.10431275744053026,0.21198092588477638,0.11815732231846425,0.19711515576315297,0.060447540759651294,0.029251068935768974,0.07365924293431475,0.04317497640395212,0.0782833633809794,-0.06623811654321007
C1QTNF1,0.07402064371710751,-0.0030375553672346337,-0.07955281319550335,0.040516251366761756,-0.03733713648956963,-0.013815177796543792,0.015960760461851464,0.08747323977556339,0.09423933857121024,-0.043001893663027514,0.027133863215835385,0.02401999172689663,0.024969916624211504,-0.04969813616444401,0.06846688273096556,-0.00520115625255331,-0.06606385180679622,0.029370118214586086,0.05664682738004284,-0.06486336394052174,0.19403331098627272,0.030435453147342893,0.1391730339277573,0.09566449949981572,0.023617205189092636,0.1262437310046128
ALB,-0.0544399379623692,0.021310649764499066,-0.0012596724951448117,-0.02686920538142892,,-0.013349649968871051,-0.09323583016095124,-0.020738731727037815,0.02706444603609427,0.002663601391289813,0.07150250523931227,-0.12084668973058514,0.22156179623872316,0.05929042776328704,0.04733290456226862,-0.06605787457227127,-0.07940832336468834,0.03932665241748382,0.03270365300102644,0.0303353209580733,-0.057850797698883634,-0.024043445940117862,0.13159070716601254,0.07582562778629867,0.0289840730459522,0.016517403123958756
CCL13,,,,,,,,,,,,,-0.024785318767628323,,,,,,0.009058909511366677,,,0.028939423942294457,,,,
EFNA3,0.0573900328724377,0.015941426073992696,0.06323089723258882,-0.024608239823850422,-0.005970022469721674,0.003366625965290005,-0.022589313514785613,0.01853531685054871,-0.010611656552652119,0.004628308976430225,0.03514740919406083,0.1514818368467429,-0.052129506434816765,0.05477571454961034,0.08691777693872917,0.026285143664732877,-0.08688343235843425,0.044932707804675495,0.08154930370265823,0.033776822265947214,0.09907707111368863,-0.022432150695010405,0.004886579733876869,0.100987161417906,0.1671858666683387,0.11226143147326953
DRAXIN,0.027511266593010484,0.11001218295341476,0.04476692997416019,0.03898561426571389,-0.012079492833684417,-0.01942335849743076,0.005795616136313449,0.07989495858059228,0.1274687248283867,-0.01844309597860677,-0.003334965595021953,0.06979891659196541,0.05039198144274427,0.0321199137493513,0.21643481806082734,0.011986932421317155,-0.007178348776415509,0.17641167730327817,0.07965926416642827,-0.063560262367671,0.10332680401045985,0.01349656660534999,0.054813211518229835,0.20167592685850314,0.058369376343745304,0.17676757925366074
RAET1L,,,-0.0513410492626424,,,,,,,,0.008685146433727177,,,,,,,,,0.06867825561687042,,-0.026631223148546282,,,,
NPTX2,0.024030572058905707,0.18929569970314855,0.0860185094061547,0.024256538959446624,0.0869274449207658,-0.05366038008146614,0.06312425916836141,-0.10810681374276762,-0.07112754359914186,0.0762278868997549,0.031739138152072015,-0.08271562212699878,-0.0043832756727569385,0.048661512927205997,-0.04062470154141173,-0.004717847949050512,,0.10882600804715621,0.06075460043814928,0.05498493102516118,0.050015290959068336,-0.00306895888417677,0.03384032622630039,0.01083081320705543,-0.021167221307738255,0.16664875721786548
FGF11,0.08194379328325636,-0.07322319440786831,-0.02111215534161952,0.015484781479627816,-0.06533631684771736,-0.08446680529883342,0.03189422331484548,0.027885581084430334,0.12530188000894252,0.0298501335133201,-0.028657637806295492,0.08044597812843768,0.004534326158987146,-0.008488468534222096,0.07512992504635779,-0.007300238381571899,0.0008665964215045101,0.1514625358202267,0.05921865366898201,0.027186700879118616,0.16532730041568547,-0.03533744324254353,0.05335684866158296,0.16912844047720868,0.0916159323922961,-0.00899621629094893
CD59,-0.10504763369667203,0.10492804764738034,0.007737032843032122,0.02267218786554954,0.1143070020632894,0.010207850293659101,0.056051224736079576,-0.05927709132689359,-0.01090991308380048,-0.0003960510370024377,-0.0157198869519478,-0.0921713664740781,0.088136488382435,0.03504521554729995,0.11504632854434509,0.17871447974193644,-0.032549564022214206,0.052869235855845235,0.07202826448655582,0.04400095412885458,0.08571564191066093,0.0556501277934808,0.11366968873868354,-0.04544435330419387,0.015811604342298644,-0.012027848454629165
COL9A2,-0.014161920532948973,0.11773364646133841,0.048220289702012906,0.029716163947463882,0.052537381346032405,0.02038990419499575,-0.011623308642916854,0.060587453896722036,0.034073699972271096,0.01483868113892035,0.03193030309419611,-0.08212563607483868,0.0030785803192057873,0.06657498967028175,0.08547793970678597,0.16039446283902567,-0.013589915854348234,0.09912001969923298,0.011995126862096877,0.12004010883957379,0.01879639281038766,-0.042261604878212095,-0.04418319515907752,0.21747585830413063,0.1469485972050557,0.05520545290373913
DLL3,-0.06220362785492727,0.17108525450629286,0.04021204527404474,0.017689280372097563,0.09399097999355523,0.060104919845797716,0.03923726172912304,0.0734283189078533,0.04447274081824535,0.04781978992984937,0.012234621465984403,0.1442630283779417,-0.01666426357186402,0.10896438422010535,-0.18228845519907838,0.03571824788609708,0.05444937185610916,0.030937524579404425,-0.01633586651552241,0.1507637858699683,-0.05950232579294463,-0.032817730954752586,0.04480504594368347,0.14129816334085382,0.10943979003987332,0.0711964515319779
FGF5,,,,,,,,,-0.013196938598875543,,,0.09859061637716005,-0.00628631996038046,,,,,,,,,,,0.06185373838548107,0.004276350671587233,
LIN7C,0.01883072031008944,-0.003697222177047318,0.06692320900147176,-0.0033069407183698826,0.030607906502516026,-0.04050353155934296,0.027527821732302702,-0.07746371309824186,0.061440701047359325,-0.016851474752274193,-0.007814424393288926,0.06564568511425369,-0.023018308028902073,0.02681296549899654,0.07022672205182355,0.07659930141342587,-0.01907120102993911,0.04157805870351363,-0.003569478953104344,0.014440714984094074,0.04707764375638127,-0.02599884258534682,-0.0001271129655672927,0.1031627315659213,0.043831838733364645,0.06941527591349358
GDF7,-0.03882539796765931,0.034533137623925805,-0.03515097337956649,0.016544927588287295,,-0.038679442076238905,,0.00016318932609146468,-0.042035457270505304,0.00979683886032842,0.0674640614284855,0.13870070923914507,,,,,,0.02255015967951628,,0.06265525376162494,-0.05348868423285764,-0.005010438546687366,,0.04092685893788487,0.026409436923927165,
PSPN,-0.03872097465502152,-0.0053953192305641745,-0.0001770905509944692,-0.0264364873310315,0.042887071544558224,-0.014880064380013385,0.07138278567249588,0.06491142202937834,0.058783196691124306,0.04891197849317764,0.011181830561265097,0.03421581062706246,-0.03799639700130987,-0.021244884138992684,0.08232540167232726,0.026983985092923327,0.0861761493718196,0.06904052770848056,0.006136698946737828,0.014098683716605121,0.04761355498884966,0.019660496476081004,0.08508803041559898,0.20048816989165597,0.01695870567319627,0.16950914802687925
ANGPT1,0.021029820156528118,0.041751536047551344,0.00017094145582329946,0.019160074025629147,0.0265094182574425,0.05619063193439969,0.05458212313648368,0.10892860630444894,0.11098633004520188,0.05146352305185691,0.002558157635973379,-0.07321047414847354,0.08759629725145232,0.01625013862243614,0.02489413099961046,-0.0026722348136717865,-0.11032835487449064,0.022795088479370864,0.12363807840247874,0.07382747198935927,0.1238968218133374,-0.019180897001395646,0.10998330445338443,0.10968309094374433,0.13789960580424462,0.01804123089992633
PNOC,0.05726599832639571,0.1377915869363769,0.07243482561002547,0.05106278278173539,0.09677096044358056,0.06600367047778925,0.07173218611612994,-0.07375822200325674,-0.0347414756119728,0.04980600311844288,0.024316583109689552,0.1085833927636474,0.016369671560015675,0.01680837234113454,,,,,,0.0011634626868923443,,0.025866159401429206,-0.027857572969496106,0.05189552536391914,0.03004315808158454,0.11260721442035924
L1CAM,0.022543332572210206,0.18772901818876164,0.04070824237319921,0.0005014359271330069,-0.02677531547798872,0.011858487348830049,-0.012145747793062725,-0.04658990715176065,-0.01633996995344918,0.019416298393627986,0.03804774516701297,0.20427918069395642,-0.001731447800355353,0.022567436644002688,0.001985912882723622,0.03741306799487145,-0.00721077108595567,0.0007708444868570388,0.08274493905982365,-0.059120204006446846,-0.03057246564301367,0.02966516890125364,0.04367964069282123,-0.00482400706365034,-0.010413296759571549,0.2500567151067878
APOA1,6.231250947823954e-05,-0.03551234176651564,0.07277117786637863,0.07342292046443442,0.03879857939304746,-0.01190336444890551,0.032709376232937654,0.1893071499645907,0.007368913527671223,0.036147209441734565,-0.006081099652435207,0.07789413030063935,0.004366978515349168,0.07595039063422335,0.0311903543905199,0.08203379797882561,0.12955699893006092,0.04757156884053875,0.07336393883135095,0.029102191400929844,0.13704717704685007,-0.004969617907869922,,0.14503805188006577,0.08925675923248566,0.09229156325009208
PSEN1,-0.01737187053775104,0.0606781697571645,0.056075101302738815,0.1023074995153464,-0.002437905562282934,0.017299082274887568,0.06313901736479356,-0.014356052892153087,0.025185247082679014,0.0069407697320559136,-0.001810706693701568,-0.12109608745363112,0.06854520390504418,0.12713434813015848,0.03300288036496539,0.04683541341724249,0.06575779736450915,-0.11511363281110469,-0.004622074166132612,0.04496317337913312,-0.053363912103291826,0.005420337633581029,-0.031484617947097795,-0.020711461141927894,0.07665038269195994,-0.07579830147222097
CALM2,-0.04755014120328889,0.2388491658841122,0.13271418353809433,0.06291331672846844,0.1142979766928584,0.013591173235804806,0.08461379016841951,-0.10622439001770778,-0.13038288404293816,0.029261047838048414,0.00276913142756858,0.32042159096012346,0.051198944590806365,0.07943258263454687,-0.012654063606910104,0.12890837005944436,-0.02143143464183725,-0.058722316073805514,0.09936480065409424,0.1473447643759553,-0.09818261912032578,-0.011934224397392204,0.028866737471914677,0.19418228100620605,0.15647126176850923,-0.1292030392716209
CLEC2B,-0.014532688213169376,-0.14456820087953592,-0.0014173249708471594,-0.011919223223899355,-0.10872192886544696,-0.04427656653496272,-0.05940305944518009,0.05194253044860905,0.06530569822969741,-0.026961622197436322,-0.031447804775391365,-0.06058099547807478,0.004639101905896099,0.015728855813195955,0.10460094486252167,-0.08310813487278686,-0.06615856614932362,0.06154139375813193,-0.024924769324203094,0.03892119741535705,-0.010825950204193828,-0.007360701556685191,0.020284249891629087,0.10076782865447109,-0.06059906076388498,0.07339368037258225
NTNG1,-0.00791301889601122,0.06368312004149641,0.07071937095127584,-0.0032104282682988783,,0.03619815242310825,-0.013329271874954836,0.05262859110863989,-0.01417245775563369,-0.004941396917409711,0.04306503004402278,0.04834236620929303,0.06790447440559719,0.11200733343217266,0.04773773554709682,0.014549791906749761,0.11708533877616621,0.06450718041678014,-0.005907797389417223,0.10974873742317676,-0.04216002173958868,0.044763050987650974,0.07473280476602738,0.21304285172349277,0.019155051834552378,-0.01026704238779417
LRIG1,-0.013366419111165827,0.1252135021373449,0.09996071775559955,0.03818412390333667,0.07231061291307485,0.1294432049764161,0.012891479972946353,0.023578777391643876,0.12454245536289911,-0.022173655290429344,0.0005266833640304746,-0.041915478583322695,0.002383088495360627,0.1235524982947213,-0.01608566700188152,0.11125607357857527,0.08110301954115783,0.07020051798565258,0.009528672974566228,0.15724877837507636,0.1911456020985019,0.049685572266847056,-0.0501242088316292,0.16637625675756107,0.1578556453198715,0.013272889526261085
CPAMD8,-0.0054280200833085514,,0.00972311912117372,,,0.012742970056161203,0.023417394561045475,-0.044971414226986244,0.03113215874914642,-0.026883942135992434,0.03198270512157055,0.003020073782730473,,0.07470123424119683,-0.03189234555619811,,-0.02565731255949929,0.03367989532867832,,0.0344144813261012,-0.03336313892485207,,0.026655273523351532,0.0296245220778706,-0.08332034501094651,0.07968663926048797
GHRL,-0.00954528066531554,,0.05440112266267343,-0.021184297519349055,,0.04401229833918878,0.01854630709287545,0.016335055024837505,0.010507818953348118,-0.003829237919001806,0.06356087212679133,-0.018665376689261406,,0.04458455484873697,0.05392771033873211,0.025290390694891834,-0.04298067404897865,0.08436519117854892,,,-0.023279246086445264,0.04906211356898607,,0.0930855526755817,0.006141688965059613,
NPY,-0.024655683128049683,0.09429307251494594,0.05400866958082478,0.026622872292471556,0.03474494405840028,0.05315276727664926,0.08223236812242711,-0.11658944915312157,-0.038694389754483825,0.07740171075058351,0.02909347313511034,0.05708305181170219,,0.014022137327228613,-0.08295537733314859,-0.0288611077638235,,0.0008336150489091129,0.12133043748932018,0.10321579517733905,0.03963356366480603,0.0012927532573854905,0.024316395135775985,0.011476992193212956,0.08403881088264668,0.02518839977975159
MMP2,0.0349392503063003,0.19527650124247695,0.06203768037418327,-0.0023151016949787863,0.07285232220397865,0.06328669401834582,0.030444452907477926,0.03625106264012828,0.08565968338448277,-0.00997505005028303,0.04179907637264792,-0.04748506424420427,-0.01109763526231763,0.13507317020292348,0.20485874353014558,0.05684341319018119,0.06732394549810516,0.10841920366333363,0.03588991145504319,0.02793655146429507,0.10080321881447488,-0.0053381396125389245,0.028605316766116436,-0.04778232387181643,0.1425722623606682,0.033803113317427906
LHB,,,,,,-0.004503162391790368,,,,,,,,,,,,,,,,,,,,
PPY,,,0.007271778650321041,,,-0.016421810076831928,,,,0.04329444791050044,,,-0.012028612854326366,,,,,,0.13265996874613262,0.013951118020122787,,0.0225908291881743,,0.05765478449569355,0.06843471518695286,
ALKAL2,0.001015432321236881,0.0847637243458727,-0.0746428484475546,0.02495918266591726,,-0.02947931940444651,,0.07080759644250813,-0.06921610466483089,0.008717342299722774,-0.011156559919495171,-0.10534381540902552,-0.030667206496501058,0.048389464134275334,-0.045626504450252944,0.01600177433488271,,0.0750413468625332,0.08889314059446156,0.06357524731887856,0.00873148220583036,-0.05085877508320002,,0.08445770378134045,-0.012449444161135201,0.020183246560862803
CSF1,0.029389020858097848,-0.12239256365612976,0.029920605090657918,0.002705447721619129,0.06213234574781762,0.0014752528144983718,-0.05366851553227747,0.1160848769530885,0.0695072501101555,-0.005284116341033214,-0.003114513716829396,-0.1303793086657458,0.05685566492305438,0.05727465138169234,0.15663234957224875,0.014824783990435342,0.024457881237904086,0.09944112049462406,0.13554388944932935,0.07592326732419773,0.0592921939502606,-0.0156478156869792,0.00810728102375835,0.1642232509083486,0.14149694125367712,-0.08943050576123213
SEMA4C,-0.05756348659628435,-0.011523853770408612,-0.057676055247484044,0.028634125796772984,0.14342412227587417,-0.016624736161676975,0.05906653109597494,0.1298853833039093,0.042239663502961114,0.03207731344762003,0.023360877070442158,0.05002659714442992,0.058240028233465975,0.09966953306675955,0.0109559970824253,0.07909347671649776,0.006029182745829652,0.02281003098327925,0.005131515462780856,0.07205175334700875,0.06386222417628869,0.016787071882150666,-5.2067037932377e-05,0.08192755395817394,0.10218713444643451,-0.011836695031397703
BMP8A,,,,,,,,,,,,,,,,,,,,,,,,-0.008869533505094415,,
ICAM2,0.03346499861011326,0.16947348669713996,0.05651218418827512,0.019671246244409732,0.10259935168247082,0.016032025273483963,0.0010293673222784006,0.03662752790048959,0.04916851060560497,0.02120649858907104,-0.012076220543166784,0.10404609806837435,0.03730588304015342,0.0418590565296793,-0.02299932061833703,0.010221007261435346,-0.09623030772919099,0.06659821477612182,0.0171808362594586,0.07995547989046665,0.11183355349433491,0.007187314165840145,0.041462371938968214,0.03543699602110793,0.00955142327310543,0.038193208626526566
SYTL3,-0.03261088569524058,-0.05609688979984817,-0.04400783583606399,-0.005574085520186182,-0.0393432750588931,0.058615310646152136,0.021205950207156283,-0.06197080953390856,0.017700916113869026,-0.03519807165260408,0.027176983251574104,-0.0675184534476656,0.05104250293449455,0.02460785953688869,0.07527513780407472,-0.07283910038120164,0.039296423673798195,0.11095677693343739,0.01961878746320015,0.0842900994634528,0.009110214026211188,0.03968662360091072,-0.04596608821446702,0.0967654318812389,-0.02974174327365842,
IL1A,0.03243566637194918,-0.019131474506286206,0.015693513719186234,-0.037114580309360774,-0.022598102922450767,-0.026944614374695544,0.011588926495604562,0.03676810228685495,-0.027674267768234336,0.025910807809997577,-0.0504685414948253,-0.015532661619109727,,0.021335848535521073,0.060002501622082295,-0.032236362483090926,0.09807953330354437,0.02568162954934895,0.0016535517818495793,0.05943449520943584,0.05940489995207841,-0.012562382970639635,-0.03971358872915286,0.1350045897503489,0.0005512915130200106,-0.04851374283823266
HLA-G,,-0.005010307428658716,0.03059869663321147,,,-0.02407920730106105,,0.014298298648345243,,,,,,,,0.007860533425083218,0.03384013319043183,,0.07963537321229319,0.04046929388213295,,0.03083473193125527,,,,
PGF,0.1002958582468867,-0.12011409740375117,0.0036343839939571056,0.052452704183585365,-0.04005721497731019,-0.010748890149520787,-0.044710328295349426,0.07211310028471546,0.08445939334158391,-0.00391214228602826,0.01106766610082183,-0.07005947059152529,0.047928094470762204,-0.078604416939422,0.12666626966336386,0.06513306151526341,-0.12183343349070773,0.19506788842917233,0.054849961486359476,0.07501817708393285,0.08879961086113053,0.0036239766284911147,-0.0428021419857944,-0.0004504378687876575,0.042706969457418205,0.04958826279647883
LGALS8,-0.06007723475418757,0.03262210505752039,0.0013271420085073247,0.0029599207116966465,-0.013241022783434829,0.041615817340291746,0.05727806801174424,0.010010871134916588,0.01774642504070259,0.03387260840105939,-0.01495138538064047,0.12029911828724948,0.06702266288683503,0.08869619639498307,0.15225783983086824,0.07140717005390876,0.016748090182923274,0.06110208174388387,-0.03244491159017441,0.0005765030161037924,0.026853166782925833,-0.02017526428419985,-0.003823433088648415,0.06246492255980862,-0.0004416267497477295,0.09456638073528068
DKK3,-0.07832070599095235,0.2850620326220668,0.09293935423147648,0.05993463367572382,0.11615706365911851,0.039857884513517315,0.0960088576787279,-0.07084457258463078,-0.06790035897458777,0.018800330439865176,0.031587859297604146,0.30423938886835955,0.03440811670009327,0.005508601799567789,0.11375932758227594,0.06928509289247131,-0.014465857902764962,0.06273305100066418,0.03496451905548548,0.11842738474057363,0.12367735160168103,0.03191606053819366,0.046178289941543084,0.10756058779231265,0.07064129948561655,0.1850424085093311
COL16A1,0.06794561188795654,0.09177441378830296,0.0818228680394977,0.04298898912815621,0.14185951559029442,0.08074629832178035,0.03688924383638206,0.016069369018215093,0.04493010318549159,0.02687560605652373,0.03192009087689223,-0.005886324694924775,0.07734540930276718,0.17810550975431447,0.07246612896086975,0.059469596855025716,0.11030191352681754,0.10339630427008932,-0.0031829504083929925,0.01235901031882325,0.08411939394562806,0.032341608606538313,0.011065385448807136,0.09859601342534899,0.22788914881763261,-0.018975769351888733
TPH1,-0.008350832658929849,0.0071375398859193345,-0.011535878300152886,,0.020493740926829217,-0.0009376956804550867,0.04127672302273285,0.007632477534076945,0.03596537661912179,0.008883046326336463,,,,-0.04031891789595693,,-0.09128612673150717,0.07469728144909668,,0.07444582543787868,0.06195007797597783,0.10690916345046045,0.02814340552733347,,0.0985507328477401,0.10113483211645001,0.012843275728951027
TNC,0.011304538720886742,-0.10025329258984274,-0.018229654521380187,-0.025437639202440444,-0.02395389994747875,0.029536092819920246,-0.008898220296981982,0.094264143152082,0.14300721484141807,-0.06140880454032796,-0.032316958668165925,-0.15869855465403326,-0.06752013891969,0.007143316916177814,0.23159036155518598,0.03282636307812323,-0.043483240736031714,0.17960998645271012,0.04338649447731987,0.05944824151611549,0.15800171132356583,0.08411377657114007,0.0767567319311124,0.06581323598047013,-0.05138142483552147,-0.02872357237266072
TNFSF9,0.031009707054610276,0.028883742645637533,0.08736957115197941,0.012421475447151178,-0.004748417237488179,0.02492583261384642,0.07116284067982785,0.04748387297888768,0.008322097249957694,-0.05742320063464081,0.01407826765987207,0.052564943963949874,-8.3828279870884e-05,0.03212302860098264,,,0.009749452058051321,0.0692624360854482,-0.01692611040621362,-0.013360229819676902,-0.016899830987554938,0.0015242235311896189,0.0444350490214576,0.06945554915062138,0.01754830981605927,0.13056134176087286
C4A,,,,0.03782139933271463,,0.021640840495677372,,,,-0.029054368899325465,,0.05227710077494004,0.011960443959388648,0.0471552840915227,,0.056555753873860325,,,0.027893956296484657,,0.022352303093496298,0.004626276890674972,-0.014669117454629194,0.044085172047733795,,
CNTN2,-0.04769102483346585,0.12815112206300888,0.07627141468620169,-0.02139586152064863,0.03490142325115081,0.008936730008921335,0.040596454005557045,0.0120749731858149,-0.02162756520364309,0.043992406822887326,0.003398204809257765,-0.15666935572190363,-0.015103733160009791,0.07391142836202187,-0.07262389146335158,-0.046429540224813486,0.1164837995785293,-0.09682552772142514,0.03465974326628031,0.1053356912422881,-0.13841049412452755,0.057498640492529556,0.06146383256217066,0.074043779597353,0.05280942910001855,-0.1553277058269794
F7,,,-0.03514223702848938,,,,,0.002780302174536437,-0.023930642646414736,,,,-0.013004534534706024,,,,,,0.017415415308623224,,,0.025097172543332318,,,0.04283887945808441,
LUM,0.003659731122411197,0.010871249296540073,0.02579546376257144,-0.008213657028759631,-0.01066742218630127,-0.005883994515093556,0.10400272589556958,-0.046760845916239496,0.057465377933740756,0.013080792537261096,-0.020657910465605358,-0.08710823871499902,0.04645358294497504,0.027493755676864684,0.08868497372887095,0.08090054856656956,0.08223241503048347,0.13765585082288062,0.0697876802924758,0.1086015204277428,0.11530085752997431,0.07009312571014269,-0.07635830292951293,-0.09058796127946434,0.004733705552649722,
IZUMO1,0.03397198230859841,,,,,,,,,,,,,,,,,,,,,,,,,
BTC,,,-0.057225919985928804,0.022818043543820304,,0.002034458966001542,0.08435003688507671,,,,0.02923570895587158,-0.05045656608350413,,,,,0.14862587953931194,,-0.006715110488251069,0.01359574138446499,0.020241983443290996,0.02634548646805671,,0.10861193418408566,0.02426520077373072,
APOC1,-0.05263938653877168,-0.04728366105419473,-0.009217727468870491,-0.08035752094634759,0.08666320014729692,0.058762971336200925,0.04476040970575801,0.0743847532465977,0.13076479870357346,0.028901537660949477,0.006374049599952834,-0.3089305668868167,0.09312112911710926,-0.05243791913334138,0.32644752756503875,-0.0692724505745192,0.15864166819847839,0.14662211475829826,-0.007677900169250286,0.08607485208888144,0.15055457448029946,-0.011358065867603715,0.09512501560582937,0.12872136893866803,0.008366324888649515,-0.04709287312612702
PKM,0.010822748289371296,-0.10721811781060288,-0.03388695412828612,0.01770263003855561,-0.06452759401438918,-0.02722871559236397,-0.02453549794549081,-0.021580979719643286,0.1078070736462995,-0.016239726646943273,-0.003623019038099463,0.3296631924587143,-0.0480805373179242,0.004399755297134873,0.06254008601640437,0.005053435091573361,-0.11143793396437546,0.07373254085074091,0.07961673535382915,-0.07039958525984769,0.1494618881424288,0.04061908152951665,-0.008186291266184231,0.09017023470695047,-0.023556568944008698,0.12484584874467647
TNF,,0.07400257299891218,-0.0013750191737261176,-0.02544061387377832,,-0.01046527115712877,0.02149614194766686,0.011600596868901032,-0.016884199953050967,-0.07027222098632481,-0.053758603564478924,-0.16351852748616733,0.002062397873358012,0.009890985048129537,0.12815075136813717,0.026043515576189735,0.10263948730363937,0.11898570167069639,0.06464525498041666,0.13371409090032624,,,,0.13821245829249942,0.026527680666663084,-0.024346064785924312
GNAS,0.08781665755573907,0.1879985955459732,0.027271601448131986,0.016799926708582918,-0.02977943049929145,0.06500099889714167,0.08747024494142833,-0.0601174669515708,-0.030023433492431664,0.01667198297971456,0.02132695533864882,0.28247783001050863,-0.029547859068883547,0.01384750522680822,0.3033891937533259,-0.026906338309657673,-0.0410528486809099,-0.05588924303873094,-0.028558582752041435,0.009736449852367652,0.22738866278383288,-0.03389783608906301,-0.036531022677623634,0.05922824269306775,0.07189883133891907,0.19647450718672876
BMP8B,0.07731834712636974,-0.03779850971696569,0.010348223887046077,0.04395588579173126,0.04449831431295211,-0.05052563244195627,0.03193095080014368,0.0952384051016712,-0.010491888455456361,0.01188722255113661,-0.013958457919921185,-0.12009556015693675,-0.03030896546142748,0.10404811068332313,0.018519965056477985,0.005170446769147162,-0.026988689678890055,0.12977113771576768,0.11723178103726792,0.016050678865479538,0.013666089861085707,0.03801969153151463,0.035208416386194805,0.05757456266642393,0.0256617723789787,0.1026044291655851
LIPH,,0.0177366496546564,-0.0072298019091595256,,0.0063863051696661935,0.012840039779903835,,,,-0.005905376027094881,,,,,,0.05709762877765082,,,0.04646305260582867,-0.012784728307450834,,0.036472878128575525,,0.13827861975909303,0.11131051783012788,
CCL28,,-0.0030245212941830434,0.020633141332609413,,,,,-0.01821998730352383,,-0.00827702864198755,0.025148355109250724,0.021561189899005843,,-0.0028835160333887115,,-0.035011631481178265,,,,,0.0515126636651722,,,0.009239278000340157,0.04839970524345343,
PTPN11,0.0017415675939775547,-0.035302034545989604,0.03567541056028662,0.025799674426851462,0.07384292455662252,0.01754864868860236,0.013232786963453525,-0.005438456260979945,-0.006086246619614486,0.017463767428089937,0.03465712790778433,-0.027009984381922834,0.004866729183613259,-0.013420171037064662,-0.05120842308329762,-0.09940878525551397,-0.010176150214605263,-0.06501042279495395,-0.022998570818694407,0.016187490343400057,-0.12617158162305336,-0.01942745035929749,-0.058248546316947425,0.10467931598951842,-0.04515992271638609,-0.031197122610578113
ADAM12,0.06708729955486438,0.039030675807294975,0.043571544586088376,0.06059564131360037,0.08236879779522192,-0.00620647046248137,0.06099543932797256,0.03142603294724184,0.11731078562831915,0.012658610581071256,-0.025706192727624866,-0.01831364789182194,0.01618871467973881,0.07935271070578853,0.05400625136402597,0.025883023829773144,0.057693460675132056,0.1726913819611274,0.038086187127326115,0.06534038956073257,0.13996792473504413,0.03326474311245067,0.046394104086261725,-0.07626513885727475,-0.010751860045971237,
EPO,,-0.06853447740788741,-0.03154753194834782,,,0.00751747068081482,-0.00923802213376193,,,0.009121402884160544,,,-0.011824224611363085,0.04306278626116325,,,-0.054874108700019235,-0.07903534940660792,-0.02668086322053187,0.057713688470407844,,-0.02053693769470635,,0.01572044120400887,,
EDN3,-0.028042276434102165,-0.030614102915645622,-0.016324917402174736,0.07828284139410994,0.0032321601495881517,0.036041207899464224,0.003251275805852832,0.03551604754699758,0.03288192485381257,-0.00017052843007875517,-0.007821024672009768,0.050653723669176295,,0.015738658910097805,,,,0.07560205795409394,0.10002138290706679,0.04816516793189401,0.05107744145144352,-0.04303613829742137,,0.06339162562746287,-0.04978284452016722,0.06940462532556126
CCL22,,,,-0.012558346679624502,,,,,,-0.030306119594866683,,,,,,,,,-0.02814885903697074,0.07600789234070837,-0.012083998315962772,0.007606012192749346,0.02067575356772789,0.0364637082161484,,
CCL2,-0.036056350775568506,0.007762682726674825,-0.023611706646311972,-0.021943621801393864,-0.017113364223928843,0.015765969803202214,-0.030063543432000923,0.0350936792177902,-0.005145416889084235,-0.010851628072572539,-0.016174581244217834,-0.17901423054509702,0.12903796616718705,0.002791547629268084,0.2230474601139281,0.10831364371498481,0.07714453259185716,0.1885370881713316,0.03544756152271567,0.08031485110559515,0.02350462854996154,0.045360829044916694,-0.07875860886036573,0.050456717462179106,-0.03858903193464242,-0.02225488257324228
DSCAM,0.04887132057728416,0.0065088152433836,0.008620431220204394,0.021280020989555882,0.1503438896650698,0.024865132283183558,0.08861234631075189,0.09413299431847297,0.025358684677968212,0.05585138003885994,0.09576385662005799,0.11812229154030814,-0.017396091773618214,0.066575673741967,0.13463909463723162,-0.02958794392892409,-0.05673621918136928,0.11147100232227009,-0.02686464936380951,0.1079575306867491,0.019298687062208487,0.03285871735157474,0.004071369343615242,0.07967567223545849,0.1855894538598345,0.14120293993848826
GPHA2,,,-0.0322214349926427,,,,,,,,,,,,,,,,,,,,,,,
ANG,0.0016215041101770044,-0.16800768499020782,-0.06124927181815883,0.014382831574919859,-0.09673864003021514,-0.03549303541707154,-0.044354740911101545,-0.023340880934550317,0.06468888664584291,0.029363533522943557,-0.031015591552890912,-0.04574660609887352,0.03549505424131983,-0.06241368093430675,-0.024452318573109342,0.004977173344258891,-0.1078386662487591,0.12926169041078872,0.09483301309687506,-0.011253286259297066,0.028681402088619978,-0.023844372337045974,0.013976841987399112,0.13776604098340617,-0.1029488762771292,
FBLN2,0.0300296754138922,0.04961219876087664,-0.0054002846568045925,-0.012429520592579792,0.02449600785270332,-0.01726998392297724,0.0459997529460849,0.047164413060451466,0.02580755302678721,-0.014919441306709014,0.022642456680733156,-0.00436826863594479,0.020441363286470206,0.014801080236511634,0.00876691102476156,-0.15036690991701407,,-0.06089340702786961,0.05517583019027223,0.14496453986605898,0.057305423470081815,0.021442066605634035,0.029242293423141004,0.062315743745717675,0.0008893158356482671,0.11392387599148505
VTN,,-0.056503666528203794,0.030075939064176927,,-0.04620064257615305,0.04569894794826504,-0.004288688068040451,-0.040792336373928643,-0.050883565964945025,-0.04276492096246051,0.017640113189864907,,,-0.05080043432892701,-0.04024487629390347,-0.03399839577120138,0.019445069723163944,,0.035943386688446675,-0.022998831164493246,,-0.054356381975309995,,0.05873663537856365,0.06188160323622747,
VEGFA,0.020613792885823354,-0.22228743181779698,-0.07087488996454971,0.03347909840176694,-0.09531668571488126,-0.06847372724278954,-0.0855623146329793,0.048228423557595046,0.08989649362974958,-0.029953029897193832,-0.002130396208321058,-0.022399197828940846,-0.07932444418833465,-0.019722294574281984,0.1202481585845603,-0.06450155124147594,-0.007048994881737716,0.07650460380324238,-0.022447749783709184,-0.11108086570748757,0.0033655458879901312,-0.0664493141320738,0.022785890863234303,-0.11295442820580032,-0.10594342644183909,0.08444277938410534
F10,,,,0.017678308451376256,,,0.02067519457461441,0.0005899658169268275,0.03560381455448679,0.01204529965849963,-0.01906547138758575,0.07326318698426079,0.006661515528311248,,-0.008096731618344535,,-0.059681459843269044,,,-0.041947354374522454,0.0121540601079666,-0.004330995005074445,0.023230976352670157,0.0888248681529937,0.04778234971412991,
SERPINA1,-0.02571547204824462,0.0073593549267606355,0.01985349783475961,0.039729172744197516,0.05372178017095849,-0.04690008682540335,0.032628405418163954,0.059634514160493986,0.10380012716932151,-0.012671173849509646,-0.02454054744951809,-0.17721818776891124,0.07268146893743438,0.010732907568279763,0.07398181248717106,-0.04461597849139831,0.08702813751648647,0.1351404052736977,0.0019041666682923387,0.003393422188642168,0.02263466984045154,0.054757876123182246,0.07805749386659858,0.05875902840852665,-0.06243011611027563,-0.0474419636001084
VWF,0.010309785334365149,0.17039869350773598,0.04327412200314923,0.012196782915583713,0.06611551358045484,-0.03971406150780127,0.0920962805944895,-0.006301549793842737,0.11664662681373292,-0.03807368933480098,0.06757782830883703,-0.012234444375184693,0.034978611120817106,0.07341270305038318,0.004411951759778569,0.1059526474317634,-0.06571016975580125,0.09131321818879881,0.018810802166086747,0.1021067660164312,0.13961996593974121,0.038114016227240866,-0.0022660161163621457,-0.13423039901791742,-0.02088865218007129,0.019204201456873272
GDNF,,,0.030940108775344942,,0.11561156309593391,0.009873366987380984,,0.0541229782285542,,,,,-0.018145895966479014,0.012257901306187773,,,0.04644675002802973,0.09650188774988123,0.03166882675125479,0.040705831488818206,,-0.05887708522116501,,,,0.1200487470471059
VASP,0.020650768871517407,-0.09679602659497562,-0.025711791533630134,0.027535528206953284,0.09277524112099605,0.010911481961502257,-0.08169052136031069,0.027804844147724567,0.04612313236305321,-0.04383992170783815,-0.0026542713410141368,-0.11081734000096845,0.07227963358082244,0.03018967108399861,0.15327507230358117,-0.016005626089053652,-0.008222610493619071,0.07779243625934942,0.030687775565340643,0.06116942822480341,0.0601255111436712,-0.016768493351614986,0.07588787896766379,0.003756514882606171,-0.0654654011653729,0.05269760073539582
ADAM15,0.01782427221932795,0.033716511985996345,0.02846719101776119,0.02705675248561245,0.045577253707233666,0.0186558061691177,-0.023134891103864505,0.11474816341520606,0.04871462290227687,0.007298598326059449,-0.02540218186641139,0.011529915009239148,0.07562846390121855,0.09247145865501855,-0.0077227566965455685,0.03637373839005734,-0.0425085175796684,0.09397796092200902,0.05461611872813472,0.038824660890415946,-0.04845894661205526,0.01765465372539809,0.0738122720563842,0.07247039406958654,0.057809089170090214,-0.06827818298018683
WNT2,,0.15616420137215453,0.01878626510591414,,0.0031011189236455437,,0.0007001855803303185,-0.06186830731152835,-0.03775840283906523,,-0.024781779188406954,-0.04707967406263775,,0.05239159031882908,,-0.0709611939919947,,,-0.013490312553647387,-0.012352057471538941,,-0.012707662020439488,,0.11486307478090385,0.07028692204862451,
CALCB,,-0.008477989671688307,,-0.002596709348127215,-0.032787937487577606,,-0.026189810394980403,-0.02630421805046372,0.00887862790681272,,,0.0977094670268362,,,,,,,0.03043262320857237,0.07983008128770314,,-0.0019000194365543276,,,-0.019056885263938915,
OLFM2,0.0024524640470026202,0.19233716686207897,0.046761839300399774,-0.01478975113489643,0.058288070723827634,0.05704804075761292,0.04238986594906219,0.04840554378774053,0.0033413693628076757,0.050476821107687704,-0.014450061072238465,0.13439106282242785,-0.047432343705172346,0.10211234104769133,0.05248858553299867,0.03788826206726787,-0.025299539592947853,0.062885633427882,-0.037841469395290525,0.0027957762046009874,0.09676994060360858,0.045005448089104276,0.03772792867119382,0.22350334905018487,0.17260016498826125,0.11088691974443586
MFAP2,0.05205363243980173,0.02845454015806981,0.010844689286161825,-0.022015711172270535,,0.0016561899759769193,0.007501418238143702,0.042389439253829715,0.07924993301372206,0.026727838014302754,0.04143607682789715,-0.07427099449123545,0.07131790075339142,0.01280360993234255,0.09097386706663894,0.11891257317933762,-0.03136331488643772,0.1848513805133535,0.04639524672553736,0.0768500027827206,0.12848384975018143,0.010114522885443337,,0.09647018525850001,0.03885145886742834,
HLA-C,0.03722988735050583,0.09881901899041626,-0.05954234383766333,0.0489549429908715,0.04679157510606768,-0.03671713694513749,-0.03977209948969394,0.04535867004689268,0.12467968965899504,-0.03508507321650611,0.05975491700460651,-0.25927078670290443,0.0399063267564249,0.021274990087283684,0.09622253869129296,0.0069670924882263355,-0.014464315330457753,0.04557466974445343,0.12689847656960546,0.018421120485033863,0.09434884078840916,0.04011169795522209,-0.03439522435870151,0.10794408880941435,-0.06733672016243263,-0.08009819855603169
THBS1,-0.029509006589031495,0.0012807691053653722,-0.06000961432505171,-0.03132693660571997,-0.08841363926716715,-0.004284963148652349,0.028817442355931946,0.04685113399384767,0.0398386813559292,-0.04715064288812861,-0.013870946642620481,-0.09576347170564384,0.03911400531074156,-0.011804410508041568,0.060172626776676515,0.09577257211304495,0.02803715801334593,0.12628861688490264,0.027912004676753255,0.05411282422657527,0.15647598821582617,0.07841287608492178,-0.06035989561519631,-0.1866557481599945,-0.080025903116827,-0.004969102079246621
HSPA4,-0.004788954124233713,0.07134068890352382,-0.03368665876551414,0.007628974517608788,0.06347531097282685,0.008917556125727297,0.0013076207320088166,0.035600854678222625,0.06981405980468147,0.03624347077615591,-0.013122086060260649,0.07357273861853195,0.015923345054911133,0.00020852319866224563,0.12920082341427525,0.038203128926518296,0.02671220103801689,-0.02567781951187046,0.04762740507214737,0.054515588691584155,0.009420271221278746,-0.023434473043455133,0.007613489717957014,0.027906548587961332,0.02426541128348055,0.07518270631918486
LMAN1,-0.07339200856977235,-0.0936234735164101,-0.05985049796120052,0.026954049176700034,-0.10081283275236007,-0.011567041133149917,-0.05434401864480157,0.009707026439234597,0.08426622612196047,-0.024667913896834447,0.05316394182929878,-0.04240909911097516,0.02524508779141735,0.031028155793394196,0.10377084334921635,0.01619853877227103,-0.009452187863285067,0.08016644958914591,-0.03860324432201156,-0.06608107644318967,0.02266364542965981,-0.01610145879897366,0.052383626552157246,-0.04904806501781594,-0.1545271358270858,0.03548169468140825
LYPD3,,,0.036687374751818776,0.03181121631525186,0.018461991768673428,-0.021618157019439126,0.02566312820824935,0.010958552918422343,0.04658513886949738,0.009464099014691087,0.04025320330227574,-0.028754366791546082,-0.003466746471203353,,0.037040624162941974,-0.03008243414724337,-0.026648523934567375,-0.02038858297452471,0.06312142897744,0.05065878531959478,,-0.027355966141975246,,-0.034930596309024085,0.0929703433649734,
APOE,-0.03808460956966213,0.1341419416372314,-0.06211790743103026,-0.02314801180424747,0.10490939732798359,0.040376245239001136,0.011153575665969211,0.054827617221721636,0.08389759960778179,0.06230011526060534,-0.0551274570613993,-0.2822243996011711,0.07869351639931207,0.00013857724879511252,0.04164456204147909,-0.08695999725317899,-0.0006297335483737484,-0.03481535570538785,-0.11306343954614403,0.0171603447862925,0.14257197963036916,0.04440209329172845,0.0958374631101142,0.13669491342689316,0.014273281641987908,-0.049639750820741735
SOSTDC1,0.001749229659430142,-0.026266674836514268,0.04868945908898559,,,,0.08654407680155699,0.015048404742490177,0.0014495476936256056,0.012436485563524394,-0.018266993941204512,0.15560043105986548,,-0.017924181688557504,,,,,0.014145715260953805,0.028428069601334448,,-0.04704950269525322,,0.06008969312049266,0.03470727351492811,0.15474684736066066
ANXA1,-0.05877871062576915,-0.1587258427531664,-0.07528805949312979,0.01804865548666051,-0.015336833979393227,0.048127008043383726,0.04910897422799193,0.04081482539135935,0.13393196459669163,0.015101049577335168,0.00516024171848835,-0.2134980069842444,0.024481025421013946,-0.014525614105858547,0.1302803359014121,-0.03672082956138895,0.1001978556763875,0.19974000362838393,0.04786342966051381,0.01745748527441205,0.07672661275006444,0.05335657181138185,0.0479729586602916,-0.025766919997782176,-0.05568858669524241,0.05103757831506494
WNT2B,-0.032450780063853865,0.09373822988383423,0.015185427043877818,0.052647480689436456,-0.00035925435200723487,-0.0063976839201345765,-0.033678351655207626,-0.06206691439334324,0.024394200017997466,0.0014118416630144355,0.0394377719221509,0.09775163107048776,0.056321336619043434,0.03688796959332181,0.0803028977684999,0.0059032512281805075,0.025883179142511998,0.12317946586606651,0.07125224957073943,0.06233670488263919,-0.008315735121789231,0.03159393803212983,0.06998510177528634,0.12658031767293848,0.003330530184370798,0.06318590646005377
AMH,,-0.007684183570491585,-0.03180965918278085,0.05696796872648021,-0.0030121910099161217,-0.033159526947978864,-0.047504955465122636,0.01617703362682381,-0.029331797558273975,0.004143067236843345,-0.00907880040490605,,-0.0009184531375443542,0.05347799953799966,,,0.15194701420209045,-0.0032222740269085403,0.07053652057991952,0.030134342752848105,-0.06869336000815962,-0.003330146375515218,,0.060530962379829356,0.008018580289720072,
GDF10,,0.15135803093776606,0.005225470184134706,-0.027201815890241707,,,0.034024148728751286,-0.014027767447504792,0.028667910057551056,0.060052238022725635,-0.02896746556398779,0.15613238240772262,,-0.0038132946573443314,0.13192740376769357,0.04880046014902785,-0.07988284693910461,,0.11074346952292502,0.028132085158333153,-0.06251649997627241,0.03737068733099166,-0.005787276825681639,-0.06520050386821219,0.08101459849354282,0.17798358845277382
EFNB3,-0.01902750200450726,0.004541262756060843,0.06021079193057622,-0.05623886918039433,0.003585855098246829,-0.00010663142443147897,0.046347567084410644,-0.010248205877253763,0.004198421032214047,0.03416656252849906,0.01474700606027091,0.25389931655795295,-0.047343159171186325,0.06368425614587765,0.11026551339604482,-0.06407897446278218,-0.023811872262254744,0.01477504988569622,0.07014993662577505,0.11381340495489074,0.17362425866407757,-0.0034648980072319036,0.08918484179155738,0.18001418602737437,0.10281855855811176,0.1150494591918286
LTB,-0.03488269002329796,0.06849098648319732,0.04120154565236024,0.034281668683742404,,-0.018030527662162867,0.02712680520471955,-0.018273926077904918,0.03489562243625036,-0.022285029514228387,-0.03522894264333507,-0.019605985764198086,-0.023381516354167145,-0.014810881779259032,0.055854871851838364,-0.033827016836193026,-0.04364837762615756,0.17376650348029868,0.058166084780521495,0.08936642945916079,0.0726667002222764,0.035441329149530694,,0.0902446074919641,0.0431213747280497,0.07790309432413658
ANGPT2,0.015770872154323233,0.13369305185858574,-0.009570450773237434,0.012128858008561045,0.07085868925875574,-0.02217455499482233,0.006206353477659207,0.10663784471741712,0.13791895792998887,-0.04508046586252223,0.0490200458977768,-0.1047827231678479,0.034921159734737174,0.07470012648215088,0.1052997880015707,0.06703216910872778,-0.0788742475233875,0.16875006016746938,-0.0020782777930266803,0.08381471301714928,0.14819226474777009,0.058592247895831014,0.056364624189955886,-0.015563660515879745,0.005299735188840215,0.028909153860463766
NRTN,,,,,,,,,,,,,,,,,,-0.007929194807451957,,,0.04971585783933302,-0.038624359552813965,,,,0.00262909405936373
ADAM17,-0.06983475846264425,-0.0516389225019289,-0.016618923914809614,-0.018391908537170043,-0.016184046850731635,-0.031751822312455616,-0.01978830411004462,0.055180075225043146,0.034305833697602324,-0.015527887528387971,0.005689798083267658,-0.06128946275935673,0.05014673525370233,0.05802716763989796,0.19032643510711209,0.02357822982419384,0.07435050742969522,0.035995187737487715,0.016028594023041486,0.02319546684382128,0.0915292276755816,0.0393287077572242,0.05731666795452223,0.08394207567971951,-0.015993314002429277,0.09370103630549845
LRPAP1,-0.03788733488055999,0.06579491147279083,0.08675221189781981,0.01803038624916621,0.07166395708095592,-0.008019041956750104,0.027407387423974514,-0.028286483579369644,0.0937841607599459,-0.0088821960756368,-0.02694418763643431,0.06972971828755453,0.040988849692591936,-0.04282779868407066,0.08714615024693599,0.08616565607063031,0.015086782268278998,0.039743956669730546,0.04880273455039982,0.10822485715678007,0.02574535408183857,-0.038752259876483695,0.06727854601912094,0.10179675124513712,0.07529091196297837,-0.020689067680099184
NID1,0.057481277683212074,0.0447307577139943,0.03992347621198782,-0.015282150406205978,0.03565787361640405,-0.004521520370369228,0.035192687500105284,-0.007840637661007309,0.12979456839646905,-0.015108522280543666,0.01676612665289431,0.0037305392778570765,0.04501916862177517,0.1143993077735455,0.08946914225672024,0.0470855986327412,-0.0143399352968338,0.20279468186495073,-0.017532889367478374,-0.05036982502744099,0.1083086114505943,0.11117343393307971,0.03902401939716114,-0.11689148533376986,0.020448131212194746,0.03031567170533763
MST1,0.03476429894590911,-0.0793433253887255,-0.026126748301962266,-0.018597872743844453,0.07398749548526769,0.04476066810774325,0.05259896108106879,0.059756429668555565,0.09690177515385412,0.05509746170964999,0.041934116767225575,0.016794052510362433,0.00047895195248443353,0.07714943260840697,0.07121055593057704,0.0647020102077703,0.05781543529179104,0.047581905472705306,0.08278497517741137,0.0526966838213183,0.022069461339096316,-0.019060313263752883,0.04928274171158524,0.18655788214372523,0.09134078471178372,-0.03743401812899642
CCL14,,,,,,,,,,,,,-0.018238919865879322,,,,,,,,,,,,,
IL13,,,,,,,,,0.0008571127003531868,,,,,0.09636190137203499,,-0.07375200197728594,,,,,,,,,,
DCN,0.005995747205822806,0.06372964350513265,-0.03132861662231,-0.005029338938038725,0.023925489395650795,-0.013018177602449037,0.05518078832279933,-0.027477416928402856,0.09411600482814671,0.02521348662372003,0.014089524413873976,0.017051730022960898,0.06929828630088954,-0.006803241203217541,0.03348651173005756,0.07586797280312894,0.0029756521278289645,0.07022686046710411,-0.01853778030390276,0.05874781339243587,0.10422625295476523,0.04710460732598038,-0.006294731871040044,-0.12611936181856948,-0.010540880192281983,0.03230485672597757
IGFL2,,,,,,,,,,-0.016974575972537268,,,,,,,,,,-0.04649801634550684,,,,-0.02130590723161854,,-0.021341693534888292
COL7A1,-0.014116174385201742,0.03503941272416029,-0.05633993048577783,-0.05107536673965352,-0.0032949954460414505,0.03266781175963103,0.0010308836169745097,0.03531134055006818,0.0735289935005718,-0.016976589174980284,0.08937844624264765,0.00199337424895712,0.019016380417868874,0.03166222104838129,0.1496360041632542,0.04865191525379977,0.02548594989713043,0.10680067158376978,0.009765352797479407,0.020509119146483817,0.020252588020665204,-0.06457079524821174,0.0473277618821356,0.046471177601317214,0.09142071125760558,0.03144490991027155
CALR,0.07583591052412877,-0.04571556305528852,-0.0160033057675728,-0.026455176091356863,0.06471622919628597,-0.08890273294371771,-0.0902492537553009,0.0902290708910966,0.10312461700377207,-0.04236558270379139,-0.04198816262454319,-0.18033079659044374,0.03285743075730219,-0.009058160362261179,0.08395013825588048,0.11539593009644497,-0.060827290330055905,0.12926614401831385,0.07772308991647199,-0.0653789529729204,0.16067037436744322,0.02489521978555252,-0.03615718633338802,0.00029607237041358444,-0.062374791367512984,0.05904417565012635
PIGA,-0.001551178852327352,-0.035611014747640266,-0.0030337596743076605,-0.04453602683568431,0.0380598226197154,-0.032338560865155415,0.02408830017845155,0.043892141238520345,0.031463861147654995,-0.03956475026610437,0.0004555893254824702,0.04488922471848066,-0.001503486815840679,0.09615563890485111,0.11740660018520341,0.10323763041577128,0.13022655130556476,0.02545624056623129,0.0117237656034705,0.048900499681512846,0.07641503522699405,-0.05667977271767724,0.07351687022871936,0.04815757734435054,0.041682421547070574,-0.0335140880510555
CD200,0.0330955874742677,0.17486011861901127,0.10854465054478604,-0.0006845648320138712,0.06708274365197489,0.005887196620921828,0.03900232897521487,-0.0034742282377593484,-0.004105590256562078,0.021596174831796922,0.015019159181767295,0.17765793359412194,-0.045420216216336746,0.04990214486222228,0.06634439135554902,-0.014626585266718907,0.027785336296793535,0.10891329081619068,0.019938303006241623,0.07589240463652426,0.05478272082488301,0.017785283550089258,0.01585581652491053,0.10578774796016295,0.052494878039307385,0.13356304616540768
GRP,,,0.06619080888577394,-0.004808609319805327,,,,-0.04297846571999076,,0.035987704199117926,0.026807261865722548,-0.062223397709571866,,0.010863004849673267,-0.014358309787190009,,,,,0.06309283018449506,-0.019981181002222032,0.0032109623962564005,,0.047014322990032616,-0.017526448937102704,
CDH1,0.02550083869945683,,0.0325886743653927,-0.04087308216235734,,0.05891613528035577,,-0.0013174353435278928,0.03363212568901752,0.016593806508418966,,-0.05317746082295333,,0.03142753285757773,0.030595756115108962,-0.010573292225087894,-0.008143897347458502,0.11359636449219242,0.023049515547077015,0.0675338220119818,0.01781814445751312,0.031169527430867167,0.1287385296666835,0.042287499253078134,0.054135600606911694,0.09559695932199228
LPL,0.05515911829788359,0.07491965160159401,0.02304870853039744,0.08684074404032649,0.04305644989805203,-0.03461128643315248,-0.014264507600487945,0.08258370913913333,0.16505317649936282,-0.024254821586948944,-0.022110173163563927,-0.02057925453977969,0.07278519575610036,0.05714460006744252,0.3109446209903421,0.08319064954666844,-0.020807733320283177,0.04578489800146768,0.08026512475819393,0.13353423357141345,0.11709513337748541,0.0538120799944604,0.1143203304625171,0.18185164930998243,0.12938643477241857,-0.10320985381818555
SEMA5A,0.054902680947535754,0.10403184045300451,0.07015754749215929,-0.05281836792259356,0.12891359520877835,-0.025387907074553136,0.05139526695746553,0.11375504565901261,0.09581600413213186,-0.018005645113193167,-0.002773605776067282,0.006170594416628508,0.008098097658546173,0.0565559376355282,-0.02179554475137429,0.06909431009275001,0.15912079389745637,0.11579481870444736,-0.0042642851943881415,0.060479603442659305,0.10130142609004006,0.03642265170149123,-0.06801210523802588,0.05644373107357313,0.14160289009665397,-0.09182413501705736
SEMA7A,0.020628580476513537,0.03460497043744485,0.060459366518940634,-0.0008422537220705554,-0.06014374086038993,0.026934391814808237,0.07626565067515252,0.04347486541011897,0.03154067081251669,-0.0014576068229341808,-0.03619390918239251,-0.03304595476762423,-0.02893067782997129,0.03769155634652747,0.03169442196365457,0.03576289713287393,-0.08889936233764639,-0.0051470278691385304,-0.006141577956637758,0.019244434204717692,0.011157684474062526,0.07546527896819297,-0.02856897476348011,0.0701243621135079,0.009913315851625141,0.04638011442417181
SEMA4G,-0.05101813579690214,0.06312573445406917,-0.04705186221135484,-0.00414648764827416,0.04256196229633929,0.004715975449381116,0.005224154546947229,-0.020909599128036038,0.1335270841022551,-0.005062830156129475,-0.012170159651240249,0.08004838422695278,0.033387923836090384,0.08282192740018703,0.03568398697616246,0.0208909756259483,-0.1212850373890369,0.036307303675892924,0.07690700676811268,0.07392705647981956,0.0837421909929853,0.05028781531263824,0.06522436143047756,0.04681575194818004,0.010939011495296832,-0.01926568821160122
SEMA3B,0.0036522138443566294,0.06522424548943304,0.09110923322958811,0.010900676925581077,0.013801054624427989,-0.0043522800733971564,0.017225082734941794,0.057008438287649725,0.012359643590594337,0.041031440474890435,-0.009364366323078216,-0.2005802667708217,-0.012756353291875367,0.06768984770240008,-0.01385103569655412,0.05483198572537655,0.08291015586866737,-0.08691442193828681,0.09799013357243155,0.01887747150082701,-0.07105828287191204,0.057142186797467985,0.06767527195394561,0.1282558095428534,0.04206873131191235,-0.0564238985753861
RPH3A,0.057595944338018214,0.24022943841493835,0.06711478262288,-0.022949393216637692,-0.026453341614972696,0.02606610048835347,0.0848662235755733,0.04991077814674991,-0.021596029210831532,0.051430572837416096,-0.025769985501654526,0.22460980988057985,,0.1456297540736099,0.09420944649330631,0.05290705170463338,,0.09217831474904886,0.11471941726872549,0.143829916956797,0.005506809611605325,0.04924282112174247,0.06352533281450595,0.11396722095046677,0.02182083196882827,0.13785799951574235
JAG2,0.08438086213917771,0.0034033781667513327,0.007888954351610846,-0.017214097686105205,0.021452644136612842,0.03391265357729927,-0.06609035633206334,-0.03635906913277072,0.0024606079943542366,0.05122102189690103,0.00899922082996386,0.1398472235782523,0.04671327879017967,0.03629581467956597,-0.04137659506592298,0.03482476831072029,-0.05777491778042739,0.09130038482348152,0.06738866647193761,0.08760995723678498,0.10428236752700024,0.00927235536734744,0.021217540190687625,0.044316722148213715,0.07799877824999671,0.07447871707842417
CGN,0.05429783133705167,-0.0216073834746004,0.0005309128133133856,0.005780072135800621,0.07163874712322608,0.031771010862725144,0.011658436515936102,0.002292397981200645,0.00311451376444566,-0.029500997435445573,0.0469934517104221,-0.06579706658042636,,-0.018827316841352505,0.07641731764771846,-0.011039042396852211,0.036330283973333564,0.0711527700983148,0.07151338306366312,0.03466859005303356,-0.04666955024028164,0.012403800214789533,0.06095808589586607,0.08047106679106751,0.15456124557882575,-0.06090448872392828
GDF15,0.011879425778308963,-0.10819292797701571,-0.0402683242505941,0.006933405062697764,-0.06554009462511252,-0.01873069164654643,-0.052214350240537964,0.07044527453518293,0.07011055453794761,-0.03250879561558555,,-0.0818443988345726,0.007341134427076703,0.014346132063551509,0.23942592913785055,0.10190325715454354,0.07258782438839358,0.17131710752212234,0.07692222568658913,-0.02832605292537762,0.008078832770553573,-0.030016246750786357,0.0680023936941868,0.13471435969805465,0.028030284141886776,
SEMA4F,0.023100426809998967,0.08953871846110396,0.02114009863972544,-0.030899057476642858,0.050180778949630266,0.0200847475679258,-0.023937005291545313,0.00016313152924249828,-0.01786310718557081,0.02909251867118062,0.03491456499563456,0.16068877573165452,-0.01417070395158952,0.09936312714699956,0.049238393575686934,0.026111820526405864,0.03396566507769644,0.06631850866612765,0.06566273043237475,0.07146596599516022,0.08344516896061567,0.05785775501102587,-0.03182647313800853,0.16002604942868728,0.1466631301289415,0.1657617343407421
NXPH1,0.02276830347967393,0.09311518408809273,0.06283371129389348,-0.030117209180025452,0.11092228271145571,0.02600332385954154,0.09874526758421474,0.08478588581558599,0.06845239199504671,0.026113357428214776,0.02678885041356819,0.1559351536155782,,0.09512922505575758,0.04238890481965845,0.11049815600677199,-0.06811605270418412,0.035622635068058225,0.02857803869185053,0.12797531431497464,0.07178617561540317,0.030531929802508295,0.14044582104946696,0.13202672695033119,0.115877159822646,-0.07006259751482069
ARF1,0.021636868954154016,0.03745825196989224,-0.036411338920561746,-0.030333600188010266,-0.04021719284632946,0.028035281668898546,-0.02683793583541706,0.000469912041285983,-0.011688873150349409,-0.031055216415005537,0.02007639459812024,0.17846153919627233,0.08678810502361234,0.03914765187848742,0.09113206601327563,0.05068755269803598,0.038392255221234586,0.0415025999368346,0.035646708917557085,0.09189540454498192,0.07575923337145048,-0.004638276248670718,0.02364498033410337,-0.07612693840945892,0.03576797721367431,0.006442843001720559
DSC3,,,0.0782150745974315,,,,,,,,,,0.009173640884500204,,,,,,,,,,,-0.012369143078668751,,
EBI3,0.007002444386934235,0.09356401043689477,0.023763409958118514,0.014602250232526095,0.001471014798919607,-0.013273365377670768,0.0518281058183263,0.018564789173230442,0.008311718031791482,-0.0026385034287378984,0.04508162034265783,-0.08357560875418638,0.026719249920620212,0.04309403774365172,0.007535834413873964,-0.07112628771426292,-0.008645737232161936,0.014492962769981734,0.08154169935901806,0.08077182429579345,-0.032867907934378625,0.023131778962906663,0.13503425864429944,0.1383546460400376,0.1027889119787563,0.16648824572073231
TIMP1,-0.0698555043330149,-0.03397054312709219,-0.021053834082960507,-0.0021789959628826113,-0.026554027094873055,-0.01261892006401085,-0.08083229120807506,0.05847717505754672,0.09084447822686376,-0.07069463907695758,-0.014210043295905998,-0.19415270211003427,-0.0071501732460646705,0.009992035649513623,0.27251025453306843,0.04052053504613607,-0.017517271429680008,0.1855432126294264,-0.006537023603453273,-0.13964359196843956,0.1962395934511309,0.052443815717180514,-0.016968489262031167,-0.12093727502815825,-0.16008601395264535,0.0969947838773654
SEMA3C,-0.01322086016567583,-0.05868779597230763,0.058333257182173075,0.04251413298691559,0.03642666301583025,0.03355699718307772,0.02128870708342151,-0.009120025266986992,-0.025629361801597143,-0.010718371665394645,-0.012086242324806677,-0.0571068738783331,0.04710986905251383,0.03231566407265376,0.04596351801738716,-0.04569374755867332,-0.06437780520981069,-0.0037996722636190385,0.017061990302073813,0.02024211173491784,-0.04278455075532376,0.014655085358771587,0.08630635419324675,0.03170795048360956,0.03667311967575307,-0.052798135575716935
GNRH2,,,,,,,,,,,,,,,,,,,,,,,,0.05639149117993259,,
GAS6,0.0075504419728981064,-0.059829655038507755,0.028505909755883657,0.021896263291224634,0.07670882072374502,-0.016898621242840958,0.0021944789961558134,0.01973720789311714,0.13223731631571448,0.02390195312871792,0.03228713064148936,0.015517328352554679,0.03967558001527637,-0.03800630758822112,0.1380215351775814,-0.04747538216305575,0.04100770183769238,0.048124176515326494,-0.022096320770959448,0.06330817977097461,0.06797088654898555,0.012144988586231094,0.19404665136598082,0.03846124172121187,0.006047282828729644,0.13060613384354647
MEPE,,0.05984620203314732,0.017962537922302978,,0.13560253145634868,0.02543266224391688,0.043556391893978835,0.0005695209100157405,0.0010914388072018446,0.030753496880053625,-0.03227709069631996,0.1248742849274609,,-0.0007654403194435694,0.054947648496521416,,,,0.03356302778664318,0.06126867361606953,,-0.042523067702267575,,0.014687298178760898,0.03828241442342139,0.08969781405612388
SERPINE1,0.004376456910626359,-0.10226782037628428,-0.05748030083517549,-0.03440937049426155,-0.12192120470562891,-0.022286161949885558,-0.03914415073315578,0.051451287395450115,-0.04210830191429673,-0.04942995125743234,-0.007463705555417513,-0.09259694782967084,-0.0655618091975592,-0.0017265651047799705,0.30396427057564857,0.073307862292497,-0.0543765430236055,0.12168868311950654,-0.06524907442049165,-0.11369139535410029,0.06393637823441482,0.047192566047888754,0.07927891379168872,-0.17276914037423438,-0.045564576210733225,0.057218146806603386
RSPO2,0.06141253561254323,0.13960531213931482,0.05262254271028927,0.0013550072590513104,0.0003054364246165634,0.017254299294343186,0.051421040653772815,0.003591639967528918,-0.03789320670074894,0.011245263088778639,0.029905037514716213,0.12158134664394372,,0.07585206239812728,,,,,0.05426814134029033,0.0755934831534063,0.09656868436096888,-0.060216218839040596,-0.028750853229414185,0.12028025601283719,0.08081262909824605,0.0846822899592014
SHBG,-0.01266461463413349,0.032704757334392105,0.009878566505813372,-0.005050033420232553,,0.014356439473093474,0.02814551169472249,0.007930315804134,0.062064204975318255,-0.0034642464723187846,0.02902254168839822,0.0287969724106698,,-0.0168725605959455,0.03006917779768128,0.028608642943816327,0.1216033105116342,0.03834537015755438,-0.010441233240847262,0.09461193241427865,0.009082779342810175,0.04508697859209526,,0.0439722396263358,0.07945634895610569,
LGALS3BP,0.005186113354579738,0.023291708253714568,-0.06806766884737445,0.012912417094480242,0.11083959071676856,0.005629966708734382,-0.006992709321342901,0.063834173724389,0.09498572675352558,-0.004044209486108874,-0.0183339858667998,-0.2520319315232862,-0.038019931627275204,0.005007372997329617,0.013549670271892222,0.040257151995975494,-0.06736325536063109,0.02444642340949442,0.055649467356990535,-0.00753430778961125,0.046569425424274995,0.036000809291122794,0.009087621148698505,0.22608839468054082,0.021318725485808238,-0.1311074177655924
LAMB1,-0.03458170689126926,0.08322124265973785,0.059092165874810094,-0.02579425207623733,0.027565110531115617,0.03741104295382198,0.022708548965953305,0.10360738540376108,0.06677039124605134,-0.04280492310477948,0.043800685286356,-0.01797013691809662,0.005582019865223936,0.0322437302698764,0.1605540500053861,-0.07178819981790692,-0.0645133337933097,0.17329853910027115,0.05401085007153233,0.035699048836522,0.1718495029132805,0.09179669450107424,0.0356024159220162,-0.056457576435211425,-0.024406904829643705,0.038547597394740576
SPTBN2,0.03783091967823453,0.19322674201704376,0.0324004541846588,-0.005521868406705594,0.16179421818088557,0.010705483870550618,0.12033077805381667,-0.04803452587639004,-0.014690346141952828,0.03748038976620239,0.01311651038760089,0.2660873587163826,0.06279538938223479,0.03644664155262129,0.08626043825749947,0.03309549779397349,0.07489821281571928,0.03420908933399018,0.059889961455154836,0.11926135237822938,0.03146900442105485,-0.023504875004816503,-0.0734879327732641,0.1624235013808544,0.06921971557225447,0.1624348442535533
COL1A2,-0.035834880642143414,0.10940220314826322,-0.03593412240876905,0.05289389901709459,0.04712028471684099,-0.04090420859900071,0.020397263825066268,0.035889046008447195,0.07934021835031896,0.008479330804992195,-0.01332007753671798,-0.07755594120867154,-0.05961458020209731,0.04170880495971104,0.08458658033798871,0.046220450887857485,-0.09836373689692905,0.18844510436018086,0.018016581382413153,-0.024253392935111143,0.11768550992590512,0.05129879789928407,-0.05293910469776197,-0.21905101228487917,-0.03787629444953585,-0.11826976248330871
DEFB1,,,,-0.03484610966016317,,,-0.021282840637566115,,,0.0022707950130665512,,,,,,,,,,,,,,0.03781917119957346,0.015242657465733932,
CEACAM16,,,,,,,,,,,,,,0.0031910853694975577,,-0.03700166675220594,,,,,,,,,,
SCT,,,,,,,,,,0.018702689679769863,,,,,,,,,,,,,,,,
WNT11,,,0.026867237277648025,,,-0.012822524022311498,,,0.020942202554492508,,0.019606645680774307,,-0.01666426270322113,,,,,,0.014192304722399175,0.10387072846970927,,-0.0005042994729842778,,0.05375428909674486,0.036938480931585096,
LGALS1,-0.060950172779858605,-0.13271189379014167,-0.12179428756379196,0.02598362444295917,-0.1419423389013564,-0.09469632002017257,-0.005174324964727582,0.03817396899596145,-0.011421506121841087,-0.016310121602859905,0.026023267729477023,-0.21811527261020705,-0.12497824153595001,-0.016963321749853537,0.01100578134403678,-0.07207047318865809,-0.07475917875694776,0.20630578893061988,0.02742894048044662,-0.12191982061650493,0.13658433278276794,-0.0560595944639944,0.02212497621706975,-0.1382484924453248,-0.12471844733945504,0.0506874651922683
BCAN,0.03891365589003179,0.20078483528780375,0.06745711286371561,-0.012264200974191928,0.1263999896708765,0.05470174998138313,0.05244961582815129,0.09776400766805247,0.10232580431400067,0.010854886452844041,0.034837313557923966,0.1994918265873343,-0.0168129536201948,0.14505447152713827,-0.21130114527624105,-0.0014461193606844507,0.013213382146646975,0.03370743698652193,0.035208067672617485,0.13858281822512666,0.13883960419647592,0.010552387364439551,0.04497791549958228,0.21355599466167624,0.25830915180731523,-0.039065052615151384
ANOS1,-0.013871144220764318,0.10944569373732617,0.06323121418409916,0.012145607175965443,-0.0403344920208595,-0.009337367126552075,0.12383141350531805,0.09829995827973151,0.10723912389745092,0.01664646447869113,0.006088061613001244,-0.013846869037694049,0.24227505571907132,0.09604974993108711,-0.005800721732768049,-0.0010955540634001524,0.042377327618229536,0.10098169023781604,0.07272041922444158,0.19785432693775273,-0.06801509501011925,0.005289390138869884,-0.03283424068887429,0.17825681926700618,0.1582732451688304,0.021485792061320633
EDA,-0.06003811019968571,-0.07166419398256904,0.0030799932303937324,0.015096585183646215,-0.018083508437917947,0.004757022709828514,-0.03806494021636315,0.059874897857547155,-0.019886890395612623,-0.04812053546720041,0.009907850716400305,0.01921471375036987,-0.017539111144121773,-0.024420855765019088,0.019181427318236542,0.02365027832090176,0.021763440027361986,0.11421909983051579,0.018903105042586157,-0.0026925830832562753,0.031121868912829604,-0.04152608241350236,0.015149392833561058,0.055792091951359965,0.057236897169201335,-0.07476484401720626
FGF22,,0.04929212737329834,0.029098729561800755,-0.013141946818798477,,,0.009161220535443536,-0.022387300571660388,0.010498340087223895,,-0.018034626107358915,0.06208782044547981,,0.0043603665343205445,,,,0.015854694014813098,0.024250572453659153,-0.028494479817011555,-0.00781299939788729,0.025658561213532875,0.012618882379291464,0.08597711898848187,0.1053268977222526,0.15128618360135787
SHANK1,0.002043123537694408,,0.007756346422430427,0.03991166607825339,,-0.05933414526647749,,-0.024164747669253122,-0.011027344388461017,-0.05112338644244953,-0.020229332124780706,0.03629412769228987,,0.026998590309392907,,,,0.0886508791253479,0.05439905372052117,0.044603938180046564,,0.01640638152633394,,0.0727385709389279,0.039728797351923514,
NPVF,,,,,,,,,,,,,,,,,,,0.05279917380035828,-0.01011707971708262,,,,,,
RAET1G,,,,,,,,,,,,,,,,,,,,,,,,0.06496326176446887,0.04097701858325521,
TGFB1,-0.0054583138413628884,0.009810629567264494,-0.025068353832647428,-0.007480972011193859,0.0003617028710600428,-0.021005476713500854,0.009961793246111413,,0.03539177733690884,-0.008733722623110686,-0.017678184714970797,0.008390071830095347,-0.026008750422958207,0.024139838276006218,0.11704524247688788,0.04048561618680273,0.019044026506057837,0.11229910506605481,0.018706635651985114,0.040526741400987415,0.0942177279378517,0.036408345657508424,-0.017796121458463286,-0.03428012849350169,0.02232253725039607,-0.06729502535578032
MSTN,0.06751638706136256,0.07155073837354219,0.04135953782495331,0.013944554562689428,,0.03797777922935957,-0.010883951900793524,0.026611660477865846,0.08911517670734904,-0.013241771675621824,0.0038552643207140458,,,0.04762199025950851,0.028881863931210217,0.011079091633403124,-0.07468896647163982,0.058179443207566975,0.09544198601105192,0.018805802434518685,0.07352638365078668,-0.009008407633904352,,0.12200934717750088,0.004926858871175501,0.04707020878802366
WNT4,,0.026117881305781913,-0.03352072119630032,0.0006606401818731658,-0.052213048622607526,,-0.00087904810171499,0.0005006960804866074,0.041052592681423,-0.04254769938952053,0.05387877819701393,-0.04497222806678847,,0.027674552860409037,-0.0765804347989827,,,0.013973087469611933,0.0842324241409328,0.06712907735885654,0.06912182225149144,0.0604056709839929,,0.04791136815291925,0.0562454299669091,-0.029296146899115954
TNFSF4,0.014376899300811659,0.0633832594646493,0.006664635821379127,-0.00725711381164856,-0.007017662934912351,-0.01485676369231388,0.06534862989082338,0.008237035763881543,0.05072905583922488,-0.021159442712019423,0.002857559419679489,-0.048310623870486714,0.06983982041808545,0.10941759353309084,0.11419455021101368,-0.05385431713367864,0.05094069332902809,0.013943324281371681,0.04460248526486605,0.055374267453486725,0.09712552441692027,0.03351062501866759,,0.11415680300324786,0.060476385316922884,-0.02625949659000022
NTN1,-0.04656939852101592,0.03222844642825949,-0.014908915647073844,0.04272564992345242,0.010880203452437998,0.0786558538149485,0.037729129473238504,0.04846438670909961,0.13131771144953147,0.012886338569159368,0.014770505612971406,-0.05616224909057113,-0.04769521080635259,0.07147943229556311,0.15954132775407334,0.08114052792440131,0.09048097886302661,0.16391825523913314,0.03351950938777334,0.060741473914037496,0.10076621085272446,0.025653091675575675,-0.03371698109745757,0.19161904928581505,0.18850924426838858,-1.6297178345006216e-05
CXCL12,-0.06780177048069282,0.07848947853051504,-0.00800566979181129,0.01971046450621994,-0.018658288342785014,-0.009830920048041876,0.05707390087870478,-0.06356051955874449,0.031626911505821836,0.057139344358717155,-0.02271836829180212,-0.09020058256291393,0.008132284392052486,0.028122653861203408,0.08028831838163832,0.050859375050956064,0.060258343760155104,-0.026222887755377643,0.08088520654551314,-0.04025993293699941,-0.03669872338067557,0.045995350632881876,-0.0009552759302532527,-0.047917963245998355,0.002730446010314274,-0.03164747730319301
GNRH1,0.012299849458845316,0.021499091478387845,0.03090984865512278,0.023203689930235142,0.03430188883182015,-0.019782751502166893,-0.06068342563161893,-0.003762041932138711,0.08099661578335744,-0.009016637442097436,-0.016961500159549916,0.04465274535975673,0.05260374810868737,0.004557098250770111,0.11749848498810016,-0.026987352410750648,-0.04295707839757288,-0.016975695165831493,0.015174037752505363,0.028219327407856723,-0.00183232400030726,0.015227055577901319,,0.03081953878438307,0.027615983950077007,
FGF8,,,,,,,,0.02828010356399974,,,,,,,,,,,-0.003314284297832329,0.01092405262095808,,0.039298231219542054,,,,
RIMS1,0.021257340586088105,0.12283982869182924,0.030662569308355345,0.0393684555229016,0.021102140486597847,0.02140959940117435,0.05760870093290414,-0.004409169298612225,-0.04026162202758173,-0.0008148556832552052,0.08518211782724054,0.22153234291429427,,0.03766446607727322,-0.09893328495947602,,-0.04574432989307717,0.026218070177632846,0.0699069809123158,0.0024537857579992324,0.057239249903824514,0.002216638354017034,-0.10063364941088693,0.011659307949504268,0.05253295393562473,0.09252525002750503
FGF14,0.02280483057246314,0.039271220650741887,0.0785387573751703,-0.031410971303163664,0.03407486494721999,-0.016354547215096774,0.0796693305055142,0.027063432684056896,0.11198633932416104,-0.004269689723943753,0.015878094126720133,0.19790881542369906,,0.0546140075836341,0.20638158662281464,-0.007609194828247373,0.12466389008843495,-0.07213107984776461,0.0582388970864104,0.10119143925358366,-0.024344313443855414,-0.0010780447964098125,-0.022582493698046494,0.09164556317177139,0.10192697422443708,0.17213691123508518
IGF1,-0.011370701179155722,0.1140846986840563,0.05117344870310039,0.014128497789946595,0.12968697980544205,0.013172619659072704,0.07901985255421326,0.03360101925827605,-0.057236912763997255,0.041013780593619514,-0.007238521377980226,-0.13655671619590962,0.12281857917378441,0.07488653330980154,0.0695207960115973,-0.018965836372613367,-0.03073952947134697,0.16838030120679293,-0.038251860480163574,0.06161023549667023,0.09773303463306669,0.015282097247424907,0.0075903055256327,0.12564499368405221,0.03476745081551156,-0.05693508696117213
TNFSF10,0.07394775994050652,0.0030692685551582397,0.005594660503102913,0.0005522159153972487,-0.010476771201841924,0.015394456552390821,0.04178626126733372,0.06895636905390211,0.05400572245799571,-0.0077308878906321475,0.05154642695287596,-0.04190260011145769,-0.056992254053768586,-0.0007584432835317658,0.08159550437284974,-0.000586212332529488,-0.0752135026853103,-0.0003483658111900127,0.0674980696471087,0.06676523579265872,0.07411284539059092,0.04558816084413071,-0.031757969530255614,0.12412566369499398,-0.04946950268559477,-0.028585004521639305
GDF5,0.01699118200198289,0.025072171059268122,0.03807577123808705,,,,0.07568304660945235,0.018023300920753296,0.04316315187103847,,-0.024600857376188882,-0.0014164490708513868,0.04646840731471732,-0.009075470036681141,,,,0.011168851341307521,0.006626683003042741,0.018854259350987806,0.03536828658441534,0.030181556038882767,,0.15074047950584174,0.020340186651202952,
CHAD,,,,,0.040408412108672166,,0.004184333369783864,0.05133433012227809,,,-0.00892722481426711,,,,,,,,0.05181459450331293,0.04931977776381785,0.025085651065516395,0.08214474396777051,0.008764034419263633,,,0.034101493854217686
RGMA,-0.04364675760606696,0.1521065850491192,0.013430262250619246,0.01948523287693401,0.038144216653093165,0.01445054683787743,0.06714826018622055,0.07658065324150712,0.13650400821147876,-0.04524613539132601,-0.022949918473515938,-0.0013429510796163337,0.058178437022349046,0.0899669658052797,-0.06928071082154343,0.01441467347140121,-0.0688099912107311,0.10413388749453596,0.03106737026355604,0.13932163431270508,0.08087018557546702,-0.033661862258510374,0.06464135273248414,0.27143221810197893,0.1648646869271186,-0.017923152966086795
CLEC3A,,,,,,,,,,,0.007061114885427887,,,,,,,,,,,,,,,
WNT16,0.026863282238317653,0.050500051284170934,-0.02109515011497539,-0.02847776967697364,0.006338958196021969,0.01883845517217036,-0.0005717348422336292,0.019507962499455588,0.01230433536909898,0.052746698881431076,0.021654003573873946,0.014820694820883525,-0.06436209608765821,,,,,,,,-0.026470737439750296,0.090417879595156,,0.008792687758680905,0.016167206038425593,
CX3CL1,0.013454862055814459,0.0015675144794836235,0.017405692210877764,-0.009238608920176587,0.09361790661625662,-0.004590246134075948,0.06886748123273012,0.00752875171822468,0.02847081168021338,-0.0010443386129572404,0.011619197514007711,0.2044910099619872,0.06511206968598544,0.03698307564746498,0.1157871203997587,0.02044093107876318,-0.03122999615630535,0.08771956261059724,0.11968016034986553,0.06730216167803628,0.0715332051612953,0.05849501519124866,-0.05849922812427699,0.11559963248204577,0.0005984525414083627,0.12865868327019572
FGF1,-0.07520956224148485,0.1640577209554643,-0.023292965369584653,-0.01205518773656556,0.08803125557246158,0.026569799371239468,0.057315952611852926,-0.084570971262767,-0.044031804080262096,0.025100802136703897,0.017922568366630174,-0.1578950132473281,-0.024785318504583872,0.014162989259477184,0.11644347559090099,0.09009850768146936,0.0800451781673702,-0.08481779969202176,-3.785205600766369e-05,0.08495371826218039,-0.057583534684208716,0.054135627380144324,0.05183910600211348,0.10154635067009965,-0.02203249181467531,-0.15256021794124183
ALOX5AP,-0.04931063788008393,-0.07927269621015641,-0.0366938322089086,-0.026963860004473098,-0.026862223897347146,0.03915290626979936,-0.05237753538218175,0.04408283229317599,0.04422244183662752,0.019849464345569213,-0.012324113935128238,-0.3235927542695689,0.0649952612999192,0.03391932153746944,0.21110522795541609,-0.02812982535594275,0.11637408114907864,0.05201964269331703,0.08900604512653953,-0.007936807086950083,-0.02389890924303122,0.05370324240826321,0.04006281338066613,0.06466388592873781,-0.07019899568601778,-0.026194114321208755
IL1RN,0.061875303322742124,-0.12271428606191613,-0.06661184349944752,-0.019107856614622422,0.0013395125269453695,-0.03746340722028593,-0.010933305484384743,-0.004886028508920438,-0.024053392789028363,-0.01906813125864972,,-0.061767873922862135,-0.012370805360407492,-0.025256629171673678,,0.005210704652408725,-0.005127229905222863,0.06175999669354566,0.01592689184614983,0.006423476391394082,,-0.08362752722041052,0.02975886428171685,-0.045308460147398935,-0.03998342489874073,
PCSK9,,,,,,,,,,,,,0.061003466473325864,,,,,,-0.03362141781615213,0.012581461197287749,,-0.0028087582781885353,,,,
FGF23,,,,,,,,,,,,,,,,,,,,,,,,,,0.036879473450592955
NPW,,0.11678049013648888,,,-0.08796111204030901,0.03855275713702115,0.013444547499159746,0.08252312915244114,,0.04847769776098911,,,-0.017251994466915742,0.04091803323651625,0.011352641831464443,-0.09165549564679655,0.12445161292036284,0.015524305162618634,0.08798359521492628,-0.007114447549673291,0.11416319728253163,-0.0020877236044667324,,0.04466112099088041,0.10012943336691572,0.006649235811408633
CXCL9,0.05232122261650531,0.08505305308277772,-0.03845183213090997,0.0101894989506458,,-0.012261887958700517,0.0009271487670721177,,-0.005443456246755982,0.05420257789978881,0.014182719800753207,-0.03234268277427013,-0.022251404246986732,,0.08742257268495073,,0.012071380935658932,0.11000163435180246,,,0.019907010461351585,,,0.07073689194346121,-0.001632605549756775,
ANGPTL4,-0.013243227391883307,-0.22838830237057964,-0.12086449382434555,0.05094044872231995,-0.0920740176770299,-0.04555204810712882,-0.022612656149588756,0.05446796178354201,0.024485137065238045,-0.02463482480998557,0.03530459641730861,0.061864361952438246,-0.08279042386431597,-0.0674503275446324,0.0111142652823087,-0.04286733006873605,-0.04942339254566072,0.0779756560552566,-0.01241476689586429,-0.0537184987810019,-0.06510914913862033,-0.014319633458879216,-0.04968785669644268,-0.04384279397410192,-0.12200033236152025,-0.08367925558355976
CCL11,,,,,,,,,,,,,-0.017396088909984782,,,,,,,,,,,,,
UCN2,,,,,-0.09211907194091137,0.012886247979124814,,,-0.031046388766160993,0.026878151025859137,,,-0.03812737395011801,,,0.04152697476321633,,,0.02185537021436858,0.018683758868608836,,-0.04100117956469381,,,,
OBP2A,,,,,,,,,,,,,0.012946994473601208,,0.0885068523832608,0.05978529574291321,,,,,,,,-0.07091047846681145,,
COL4A3,,-0.06465319474891429,-0.0008781587241682545,-0.0664668140994072,-0.0280146731615714,0.014547419047147339,-0.04877931741027556,,,-0.0038054819099692704,0.03242339802174608,,,-0.008139951888054437,,,,,,0.015854795983351495,0.006290511039783159,0.016070262042833832,,0.037214336725103374,-0.0014765252527772985,
NRG3,0.026001127307494102,0.0833754337063413,-0.02124156789046755,-0.058185002188235226,0.011311716536097551,-0.01391213941416887,0.019930372451901636,0.02912418028789903,0.0018570747443326444,0.07397976678234061,0.01301043279982632,0.20890250094349952,,0.02630353114830146,-0.022182448002751525,,-0.054498001245315765,0.06073586711825366,0.07001095054853584,0.08869097407956911,0.09691241770629633,0.04102984395250627,0.09951791204595703,0.14934340543912425,0.13302023304881483,0.1137688313362409
IL23A,,-0.0348580198175907,-0.022270800594096248,0.006741188667220357,-0.04545646292927669,-0.032948020401159885,0.004620661644962614,,0.028376508491282506,,,,,-0.010086447306203504,0.0009029659079233031,-0.0450076693860618,0.049854877881041815,,-0.04655783350752832,0.06383061587317335,,,,0.09399603673641782,-0.049108026688075915,
COLQ,0.018087334032155296,0.028964190423194862,0.05432522650423829,0.008987333917232748,0.0331888262598261,0.00809014214375987,0.06956556168474134,0.09109200066620991,0.0708644968134523,0.013685497885428907,0.013457086262191604,0.08664211453222638,0.04618025100264823,0.09332529391407167,0.07603825735450746,-0.03186057077022272,-0.027506513254087553,0.02799809397235764,0.09146301297077389,0.1497547573075952,0.09084958413796387,0.06695129143850297,,0.1378507805170905,0.06020821880385122,-0.0025862435093248833
SCGB1A1,,,,0.004804707085723486,,,,,,,,,,,,,,,,0.029960172286590238,,0.030581879920345972,,,,
TNFSF12,0.005200780112706812,-0.0035472761466193263,0.0019571691471827342,0.03425668711370171,-0.011583122134491385,-0.029743993052666718,0.018456933836071204,0.04411232261858169,0.10358203073325165,-0.04681797062239139,0.004779930313166417,0.021501519304713158,-0.014693127834874628,0.10398435309998505,0.04784653949734116,-0.04416838187883651,-0.00708233572193208,0.08698970693976431,0.041747438048862606,0.04657100862733152,0.09692961618293876,0.012746396638866925,0.027785824948386436,0.058701257805825295,0.07111152193982075,0.06719519024428607
DKK2,,0.09690014943609962,-0.05445098517266963,0.11974265970093499,,-0.0667880242631889,0.004350853995956623,0.011930764826250367,0.007229180063457833,-0.012807890852409447,0.009073694057015734,0.11835981227133548,0.06992643583698477,,,,,0.02032037080800055,-0.018284997305198045,,,0.007789706772822351,0.03881959978681208,0.01067181011932531,-0.018873755747437146,
FYN,0.0731980564277637,0.08465890984045003,0.02473074114819882,0.06074109411738843,0.08491610244963285,0.05630901624697821,0.033162502157207854,0.1549996646330693,0.08540086787338214,0.015546492874725482,-0.015353711229319021,-0.041578163975041514,0.032171136980711106,0.05625213768135558,0.04438641762049042,0.025647201406518955,-0.10199025710481585,0.032547909479697046,-0.008794288675456851,0.11067180435888253,0.15304292359166033,0.029549050689190677,0.006862744463230537,0.18358366326638342,0.19383973190133602,-0.02091527345993253
ACE,0.019425668594036476,0.06507035259336179,0.027721301776031833,-0.03744921859676977,0.06838283567163703,-0.028595100892629493,-0.005974784248640249,0.047717456986585395,0.03626194962750875,-0.02905901875875685,-0.02289501883836985,0.03154367839409742,0.019961918844600284,0.03586875163150982,0.1225326934469624,0.021330190061095357,-0.1025526552812775,0.1727559367679484,0.04995177209458992,0.11528831359724387,0.10872385540827856,0.048811154130124795,,0.006283638917014707,-0.008505403971255623,0.03705636860469567
IL18,-0.07052464290842661,0.06400414617226244,0.018047230526195366,0.05546758033211983,0.08530530709133491,-0.004864623666472538,0.06838090652774456,0.059563050610468016,0.0998754471385144,0.030102905125805327,0.0033825457341943293,-0.11583199721314426,0.09672354489890864,0.08650108369841317,0.0805004439427978,-0.035393691247384534,0.06237812303236465,0.13233889962756323,0.017644834759031072,0.1245167254641007,0.030331949104000902,0.00614377290339824,0.0659060478370632,0.11463121779291609,0.08205348465007223,0.10026675447887239
PPBP,,,,,,,0.02825636027073463,,,,,,-0.013004529998625902,,,,,,-0.05798752378582291,-0.04188478928547228,0.0023889513700289023,,,,-0.04279449612610167,
CCL27,-0.03557856157122547,-0.06099155015160262,0.04150239684192587,,-0.056842797163469246,0.06168296399403331,-0.009111849218768895,,0.06471682505985234,0.012393408094764018,0.10390516213369075,-0.01896410247347494,,0.038546635429553264,0.1076590646938942,0.005814946714156445,-0.06338158939597403,0.029375765268817883,-0.012530041604434178,0.05974708947252197,0.016950190048372088,-0.0020803210867515885,,0.10301810521245112,0.11656329685104026,
SERPING1,-0.022024499420931147,0.04240888905533528,-0.04487720240828108,0.00712560579149357,0.06158836067006047,0.006544425551510196,0.030384095303210793,0.011204024344783322,0.09863024576462262,0.012619131110421497,-0.005262635075939335,-0.2039794662577712,0.02155741557530375,0.025124163432850278,0.11393248263617418,-0.010068593408574343,-0.016784571171003466,0.07983892106432554,-0.017196936243914097,0.05992245189581034,0.1628150750388384,0.040786134316754416,0.044285593087519316,0.07971108790104704,-0.0077749832679446405,0.022049425932818587
AZGP1,0.07290668212508157,-0.10547461735191042,0.03554967936789891,0.028457853457546745,0.04749156248347449,-0.03324388645383301,-0.00712273086911788,0.052875562608986605,0.0072269084272079944,0.025652916100306334,-0.0009225938084815436,-0.031087001545540623,,0.053447433608811136,0.15563791089275122,0.1718964294304887,,0.061576998836691925,0.04095102114897166,0.0023368255902953064,0.1492585606752483,0.05353352983275129,0.050944922435214125,0.2070729979981466,0.04939791318889946,-0.0044382809841489014
INHA,0.008119276951716568,0.0010742525327355687,-0.002545662739004098,0.01776863961421574,-0.021444455843809947,0.011934716248997005,0.025913748663167847,0.0127911298292014,0.09159289262626609,-0.024164593469155185,-0.01678460770194994,0.036755161475751204,-0.02392956573375334,0.039481280702084,,-0.006521318762310272,0.1371485475313287,-0.08050695962984253,0.007534102321416146,0.06367874726916196,0.05326740935078734,0.06726594576111876,,0.10855581654441582,-0.008482411493200623,-0.06193729794635222
SEMA3G,0.026326817170083592,0.0793696061949782,0.017730161951307877,-0.02824908811710793,,-0.051716878666408825,-0.024079410341497975,-0.04335614142310873,-0.027529218794737253,-0.029014221763586773,0.004414663936699204,0.014142727266038265,0.02160259234579355,0.0027835473330602035,0.04334535703119071,0.049763074568875236,-0.01452390967430428,0.08771762080095981,,,0.059361971788446384,-0.042223782431487236,,-0.047721073364353744,0.025162612089911725,
OXT,,,,,,,,,,,,,,,,,,,,,,0.018012849437404683,,,,
COL6A1,0.001215829710895465,-0.09580225423974192,-0.0526067054120573,-0.0014331503235665412,-0.032899381166116654,0.004404054670740473,-0.06336607908972472,0.08939369758718473,0.14134988524819117,-0.011219312445783785,0.009115232792621447,-0.03554310749374159,-0.07984202320202465,-0.005527545642613116,0.16212880781313052,0.10467266134180069,-0.09710194772684842,0.2064461360490761,0.07695505795897009,-0.08466892133359886,0.20358122500524642,0.018533061271710245,0.03812797359378197,-0.1712002278692403,0.015890520962674477,0.04931723376570559
FGF17,,0.13151523594755996,0.043738963948546865,0.058744858884347634,0.030460342692747996,0.022395330093418344,0.033602509581404025,0.057077051442847804,-0.04578253921695028,-0.015922002253176613,-0.01938266770548254,0.011800188956739321,-0.014773354339054225,-0.007324114414417886,,,,,-0.006934377420818855,0.09840294717429209,,0.031757575397476784,,-0.00032116776715364266,-0.008790676087745385,0.13975471776601306
TNFSF8,0.04286457571238055,-0.01356422163335099,,-0.043810123058366984,,-0.007288775414377613,-0.03178222146227207,,0.001693994316597769,-0.02462284588921269,,,,,0.052986421141799,-0.09651399618451151,,,-0.019213373095848637,-0.024737098743354616,-0.01959547994284703,-0.0020746976580157317,,-0.004454884754211087,0.0031171027902261858,
FGF20,-0.0042588203818342135,,0.031373485709383246,0.005059159759728895,,0.015796191654080232,0.046937253483272955,-0.000851993626216954,0.07946395546939458,-0.01632258543268449,0.03293314121294453,0.016107005483593978,,0.0038016876096507285,-0.029347587066229534,,-0.04023978326987051,0.028582127752310185,0.0034994636766795075,0.09215334638870934,0.013755672611886078,0.08235365495700912,,0.1226151372177258,-0.004108154155048364,
ICAM3,0.013380122107951403,-0.0669315347895466,0.014464715369479837,-0.02531259135024335,0.04747194178123485,-0.028938870413149444,-0.004145748356108205,0.01589247136379715,0.12274340748305812,0.04807884344268002,0.022294873014987074,-0.03933899754343236,0.06352463569260594,0.041933913486877875,0.1252725253215148,0.04705664674555976,0.07274918876419806,0.0224116676946434,0.14405712887964292,0.09064739431098227,0.08950708305625357,0.008183919511677672,-0.09554257175244758,0.13370897414617625,0.06113423891220356,-0.04251223288314167
LAMA4,0.0455288888800521,0.04785570030617798,-0.003568117888657014,0.015100505206374324,0.10132907110684407,-0.023227556552801523,-0.008077557210197116,0.08993848070027702,0.14604339036568145,0.00713090246745812,-0.04228068918066256,-0.061326821955012226,0.03604773188257865,0.06213984739806803,0.07597032226291107,0.06461680652557591,-0.05140318527855397,0.15444418830262918,0.02020545435967245,0.0017643402141492483,0.166980241514821,0.01457306145923845,0.07993943649476848,-0.03140997421183603,0.0642946976674813,0.0985873628674968
INHBE,,-0.09719728718626319,,,,,,,,,,,-0.017106790571035778,,,,,,,,,,,,,
DLL4,0.07945017128817745,0.07180289508631446,0.0226990808027842,0.023591018680030672,-0.010389305672923357,0.023142033437058316,0.03567439893220654,0.030754634814681908,0.0661872609966956,-0.03582081829954958,0.0009764589965076928,-0.00993083490609417,-0.05277895088736764,0.06352843048097549,0.13963318517593307,-0.0547060831953206,-0.02559355859198537,0.18121865682859511,0.03997966724037408,0.11101058392536164,0.07193018607924999,0.015472116053505874,-0.03395455444917893,0.06230764639646036,0.012447700736362933,-0.07242457833866729
SEMA3A,0.037721672530000125,0.06518935226441232,0.0023335257608349726,-0.007376388014098361,0.03191147684040849,-0.04746831201116755,0.04257936062904172,0.00027855352046996803,0.03442295992830199,-3.302080125064457e-05,-0.003057087024158526,0.11947257130312985,0.05271942246393103,0.026115839247332177,0.14602316551316674,0.03849570150444809,,,0.057256219375566235,0.06350781581575222,0.03662518242751957,0.01849971715997332,-0.04638552911918788,0.19374297805365126,0.03034152425882898,-0.013971888495385072
RLN2,,,,-0.017673220297072953,-0.037533303143381824,-0.01890308839097866,0.005120456949254483,0.021615802961654003,-0.0022254597566893023,-0.03633960250799243,-0.02394841014351808,-0.009039264195003715,,-0.001331064791504545,,-0.04368263845877483,,,0.0025881936899309547,,0.05999904573008249,0.011132753237274374,,0.017875625091507915,0.057439553005892784,
C5,-0.027912912273429687,-0.011567195698925165,-0.014508553721385197,-0.01931868687602249,-0.0006008046858407406,0.01507647217571508,0.02686333212366434,0.03947192879337623,0.09481984403502608,0.02289880499500787,0.016515067909700094,0.0012932322877759119,0.07678439228081739,0.0394314720123511,0.022248306209509693,0.0144799633501222,0.061334129549571924,0.026163358393860275,0.025893882156365493,0.03358065551354209,-0.0055409749714928624,0.04296916197988735,0.011400647354429213,0.15461632253027205,0.05998744521425147,0.14724671533364464
COMP,,,,,,,,,,,,,0.058945692880177085,,,,,,,,-0.035688700934152766,,,-0.03022195697484446,,
EDN2,,0.0857703290925914,0.011031623409875273,,,,-0.05028394462305676,,0.09420464448061681,-0.017457745731229577,,,-0.013558009868870112,-0.01651669573553974,,,,,,,,,,,,
C1QA,-0.04141945854872734,0.003776508265536038,-0.06166097712026392,-0.05073394291428053,0.023162722995182964,-0.08047887518457994,0.020141867641827984,0.07233615665332878,0.07390517019848478,0.040993318590523235,-0.02358100659210932,-0.31773970111274125,0.07510898585749987,0.07032751838468725,0.03573881644294999,-0.1345620325572328,0.10037452219851438,0.09097061225249171,-0.02375132083632222,0.05832871896368286,0.08669684532660156,0.08205209380934306,0.0015599567597096406,-0.031928941964737445,0.0051944196524899835,-0.11260593758339842
UTS2B,0.03511743113903995,0.04213459774400722,0.014862601071422045,0.0638435387393366,,0.06700571891168372,-0.06696455882874087,0.0496264947746169,,-0.026543178529243733,-0.0037122862333870492,,,,,,-0.03341751660438077,,,,,,,0.006674337398705693,,
COL9A3,0.06078140122875799,0.18334670650028956,0.014530753679322016,0.004270436369806213,0.13100122423988098,0.05360727833541436,0.07165150602876198,0.08811107250587578,0.10032699879440587,-0.026626979049501794,-0.036823941276708884,-0.09480280873548955,0.017030162003112366,0.08395654755053636,0.013543552194638087,0.07777702095514463,0.0723166527383422,0.009388213713462136,0.12678563192548317,0.14526188495580158,-0.03708725865964804,0.011596435907646812,0.0228392549639146,0.20951142996994274,0.1262513583982761,-0.012016881724893024
DLK1,,,,,,-0.029684897312383926,0.01904939732174655,0.06662066654979831,,0.001579338605422551,,,0.1240153328120526,,0.3479127232176855,0.13713598841126343,,,,,,,,,0.0010479868188330872,
HGF,0.02920528076056759,0.1431093248828254,-0.002353924811962617,0.01705815743623813,0.03542382360732753,0.03939583056747899,0.022389621133089545,-0.0028710116826008896,0.0018226982368976764,0.039653345874095136,0.04064840445586167,-0.11402536615420522,0.04560872166942969,0.04680350140131434,0.15260475214326094,-0.06730244264982953,0.0288514534535626,0.016026235550368563,0.08014553302340721,-0.00899488221953029,0.06542451370886362,-0.008806113450059777,-0.04582752395282591,0.09697632153252261,0.05583963406069902,0.007549155165773282
GIP,,,,,,,,,,,,,0.1355211809034892,,,,,,,,,,,,,
P4HB,0.14853644667622848,-0.08592373851925751,-0.07807155047024371,-0.032903963457650995,-0.12002680555714187,-0.06514216282674276,-0.09778270165414135,0.10448562613092072,0.06314920642457918,-0.025101116982887597,0.015591614053777425,-0.18481655922702986,-0.06321554682781802,-0.06079507512276389,0.03654804831175994,0.057177969903620667,-0.0831956897672531,0.15751142868915155,0.01053863722448799,-0.0970813369451984,0.1449031752028734,0.021590742035402646,0.029152883080445044,-0.13396249433613558,-0.12795849323079356,-0.04989776109337205
ADCYAP1,0.01883455144074231,,0.04699337426811876,-0.017372522685480774,0.004710699606961215,0.02283191403028585,0.030624874153786577,-0.005073954530953993,-0.0033347650703119693,0.03256375134567256,-0.020283568900410796,0.07814755663355402,,0.05089305514524553,0.04244944195634828,,0.021596362765846477,0.08026527653213908,0.05124301910256691,0.06833729141986537,0.1320445930918103,-0.0007794122281451558,,-0.0041178764740561835,0.01307545275811581,0.1896424631573973
GREM1,-0.04969967260204513,0.03788129738571681,0.0016661956836450684,-0.005783718847381391,,-0.014840124319959954,0.04938266401074579,0.03507993441615978,0.03224562462701342,-0.05917890507404285,-0.0379466927866368,-0.09486397360196597,-0.024166499049359465,-0.03333442178648846,0.00689783235121636,-0.09396967633129726,-0.01336004484013976,-0.029449227541641677,-0.005314471624304594,0.009607428807534747,-0.11900396718779815,-0.013395215223828723,0.11823047118241577,0.046803445486458393,-0.0264313435447751,-0.1028782245779668
EGF,0.06175984415507142,0.012104315935531643,-0.021566299524047407,0.02136209931315196,,0.015907794244461287,-0.04856509682976022,-0.021694979401944526,0.06272533033720984,0.0870130565936748,0.001209143516364455,0.05244311224191259,0.06932383588369243,-0.033007043691011394,0.022249697312363023,0.010554531383296557,0.05006521830013764,0.013509046322500426,0.09473380196440213,0.00295676213185612,0.06416405034870112,-0.006577833204642535,,0.15060350985886142,0.11521734080087402,0.03709252568923635
VEGFB,0.022281065898165035,-0.11237150261486265,-0.04860949206275196,-0.0323571037588258,-0.06829490619467829,-0.015510692716820576,-0.020990712783938416,0.048862138409286784,0.09528925173810636,0.006141901335679936,0.029262924799077016,-0.05590579599517588,-0.043192931436776445,0.01349474734834341,0.10249404432308998,0.1040221260917571,0.0009306671665140857,-0.046854272456958924,-0.03375997057794801,-0.029348117396789407,0.04463024125826275,-0.016094881163829185,0.10393411827044,0.08614400046812234,0.03127989983388317,-0.035992280292561976
FARP2,0.03403713603958637,0.02033055198437325,0.046593992290688176,0.02089273519892499,-0.01967358386772736,0.02323503860915939,0.01701923176604899,0.07159898397035315,0.06775360413421537,0.0007288375701371967,0.011846601069667752,0.048022461853828316,0.01767053059145322,0.07073935065921391,0.08878617929305169,-0.01460881172655562,0.06623644205176475,0.1643932368274147,0.014973291906280899,0.015177416191792185,-0.01485865989341904,0.03840388101525286,-0.05336068692886003,0.1603637493116462,0.12712723089605638,-0.0020239752731199385
BMP3,,,,,,,,-0.052027987018234745,,,-0.0070708933559336905,0.11677263599064656,,,,,,,,,,,,,,
IHH,,,,,,,,,,,0.022003551311500502,,,,,,,,0.013704342797426283,0.027814259247278327,,0.03436669595549859,,,,
LAMA2,0.05009980134448572,0.013712191439792444,0.054655270512605963,-0.002787964997535716,0.08086497194228645,0.017651162644120408,-0.020778843856739497,0.041725697169082976,0.03701667764771138,0.041898350982302594,-0.014580954899266627,-0.00743169053505892,0.055850469416366046,0.05346620022484019,0.06056802194087876,0.003143612995847797,-0.016914929941779042,0.10134476897156655,0.005925155661257641,0.08802517071368594,0.11450279612381233,0.037023923214830834,0.052404363985749956,-0.09126510322784336,0.007741843628376562,0.006045923541089364
SERPINC1,,,,,,,,,,0.016051442850894573,,,,,,,,,,0.003315142501733612,,0.015464265515679254,,,,
NRG1,,-0.005890428532819796,0.02320111947293811,-0.011740401369955532,-0.04185822003721095,0.06347020408977273,-0.0516197478574256,-0.0071728162371782166,0.02732822065201845,-0.04941453683965582,0.010130564725745488,0.027896028732848976,0.009842801571706108,-0.021652892829682628,-0.01239276068219675,-0.04381085621304129,0.09489885114469725,0.12022239973835556,0.04616820748690164,-0.024209591720745684,,0.00895244872299377,,0.22306364874037965,0.06084182257449328,
SPINK1,,-0.13039713517805782,-0.05014523512547076,,-0.05752243762397208,-0.04174805274960667,-0.044768086941676256,,,,,,-0.02304741860775766,-0.011420071940291899,,,,-0.07385878292485888,0.014589539833320883,-0.04929414837067513,,-0.011395377420361225,,-0.07597878130963885,-0.14503777658124295,
EFEMP2,0.0458884044619309,0.03264904975629388,0.0040413816044073585,0.07717300021967878,0.013220003092050616,0.011218208852920448,-0.01542130061283065,0.07727574313830211,0.1029421792873338,0.007873339537896162,0.003324837423781273,-0.12313021740078334,0.018511542825279347,0.060196358296516046,0.1487115519447065,-0.034297860679063076,-0.010497352876500833,0.1078808629646966,0.016858092681308414,-0.012738881600727014,0.10238990720193356,0.0028422757310585475,0.06212662268260548,0.06627184463908167,0.07721494397432105,0.04342546734451978
SELPLG,0.005249305481421282,0.007018985461079456,0.03877385513273167,-0.02686744716374914,0.044633889898752874,0.037559297576196304,0.09213820043077028,0.0203579112103724,0.09882396018354338,0.04348146104137785,0.03403442429586408,-0.05498596536480044,0.04659370690240609,-0.00782949805749109,0.04894890470437181,-0.05330672118514409,0.22518930126390657,0.10739265650460936,0.05091207301559848,0.07484209200550834,0.012416689215021212,0.021775221506624184,0.1450931422895109,0.17866949158422088,0.0992959150127842,-0.05451927137758787
GDF6,,-0.060843935444370174,0.010750329010209012,,0.05940747595452633,0.05436140893809566,,0.09732082329495859,-0.019874023051263314,,,,,,,,,,0.05140666104184969,0.052634795497382765,,0.014676816685449064,,,,
HLA-E,-0.017110518521453913,0.03392650851996938,-0.06360022433002652,0.03378565554490804,0.06897863758302462,0.021957596242369603,0.03740787073496047,0.038001186452479664,0.08377616879717811,-0.03504848250952015,0.03569361727168254,-0.22974401311622364,-0.05983211724441283,-0.011932388302975647,0.0105556457788913,-0.02738345558146516,-0.0721640276475447,0.13772404005118094,-0.022849301648977402,-0.03072130408905564,0.12317356694986584,0.051278832924125946,0.022161421274022538,-0.10006727711378363,-0.13402368850495716,-0.1092761864855892
PTN,0.105995636351918,0.17437969077886029,0.13156829666043382,-0.001660683656862145,0.13752650920524995,0.1286985991928812,0.053680110244079086,0.07062101312082085,0.16933234835371178,-0.01221486816593698,-0.020166636202098645,-0.08844511613171747,-0.012018792595413176,0.12894588970392556,0.34855747124822384,0.113996900971071,0.20056719220752137,0.12252633066940961,0.16474270439259722,0.12770694472101682,0.21708862636631746,0.05551955790854939,0.05460583751890093,0.294483506022223,0.22324866162290752,0.0025148378038140065
CD274,-0.021477968043984365,0.03921689124583612,0.049915649249818686,-0.0034164903937976263,0.029589970868123264,0.008282809008254326,0.021796129514490652,-0.012397400299027151,0.014225650623379719,-0.011511730120689474,0.0225184327258372,0.005033730051284892,-0.02446732281456456,0.0078793695544537,0.3159619457432583,-0.07551697327925676,0.10169945168645274,0.011706758223177181,0.04504169647664584,0.04460641428437726,0.07974807187302173,-0.04661760205786046,0.03092390555275486,0.10374224406210507,0.040946113491115856,
FGF10,,,,,,,,,,,-0.04809562026817269,,,,,0.02967091430488621,,,,,,,,,,
CD14,-0.0230992077618698,-0.04891609439159354,-0.06743668326962884,-0.0005809214921874057,0.06734893354663919,-0.04699058751122742,-0.04863366190137109,0.05533611599013688,0.06156546082383994,0.003064718926626876,-0.02030295904764711,-0.2524456430527693,0.048677462742843174,0.0008369743060294612,0.09554295850534049,-0.09162713150265939,0.07299218953657939,0.1294428966138717,0.033794907692854,0.06912479642964273,0.16484613699336467,0.028370145960491307,0.036357314625132565,0.11497981228396054,-0.08357530741098401,-0.12905151877094376
SFTPD,,0.00747746189477118,0.05118253259546754,-0.013532526535500924,,,0.04565356818573094,-0.012661212439327227,,-0.003909599895078077,-0.003924819650744436,,,0.045135151287169266,-0.04970052456507192,0.1035355609276602,-0.01873561774086917,0.04741227651475886,0.09453362558333217,0.11581305449124729,0.031707729528070244,-0.04327328280515672,-0.027263643342094107,0.15258681168688795,-0.02251040164310362,0.06424612560455925
SLIT1,0.03113644192558863,0.1940709215328379,0.060916268038291206,0.028500966517153416,0.057712513886761595,0.04387426499257345,0.020963842036473553,0.1103969387350504,0.05165140504707452,-0.03977667846760354,-0.006212179266480911,0.2616648202078415,-0.01605688130589516,0.120815875239011,0.0756719789513672,0.06605386203418745,-0.026670917652567027,0.21988886056051193,0.07609513188161118,0.10251466312053589,0.11588131758049339,-0.01937335318378459,-0.09593763114998774,0.07765932985419433,0.12844097199517557,0.09900188388271801
LPA,,,,,,,,-0.004968561212260396,,,,,,,,,,,,,,,,,,
CNTF,-0.01054449835288931,,,,,-0.051392275385087775,-0.030820615038903088,,-0.019952565345520812,0.005794441566004035,0.045037717643218594,-0.08613152390495853,,-0.011659586377843627,,,,,,,0.04964917273069374,0.0015350791678982428,,,,-0.026960104572589398
BST1,0.04541547804543132,-0.027061411475277825,0.032998299072433894,-0.008699524167010444,-0.02240291455412844,0.014472762619366843,0.021840102885333834,0.02454033218422972,0.1391177170586977,0.008546108430581578,0.009018868310184945,-0.0845037760768544,0.08167708485698683,0.03762019515096477,0.07522710296289381,-0.03582782606938914,0.05979781691765303,0.1326718666256601,0.06759527874103427,0.13662144260263615,0.0002055091345443154,0.044417256503885734,-0.03023110190416423,0.19013042138051447,0.06144767961873156,-0.08977413133825136
AGTRAP,-0.045804290976772764,0.007853439475427555,-0.001912552262051603,-0.01889255562115349,-0.0001346214037742868,0.009782034682593897,-0.012000836081787595,0.07048638324337661,0.11548477351636187,0.011694457954282499,-0.0444795792607091,-0.11637437712175841,-0.02411932557483847,0.05357019634706375,-0.03150816689640941,0.014043655673296426,-0.020018653646882288,0.06526039758813287,0.06625862711229234,0.0021577020362735263,0.07651942820933591,0.03541394302156106,-0.002658565926552507,0.09897845128134829,-0.022321598966562776,-0.018385990215981845
LAMC1,0.023292268046914782,0.03196078032018753,0.0288559749900307,0.02701243675321547,-0.03433403352540407,-0.01893195339643142,-0.03263523346909626,0.05665232602147238,0.11611204004036446,-0.019236100966672314,-0.014805119477218947,0.026602519278404662,0.07215522295275564,0.04797810668656638,0.07415411594459667,0.11155541899410082,-0.06092289576913266,0.16918059756388423,0.1057522798644358,0.011966194479414195,0.1310346610140333,0.07965044909324434,-0.03976516485602502,-0.05905285240256558,0.0024527146700006404,0.04437843525162344
COL6A3,-0.013288082471462294,0.01895703132403106,-0.02604712799967971,-0.03621849610663594,0.021858685028644326,-0.04827644125312896,-0.039078984195584025,0.02422866375638735,0.017625491186362453,-0.0442264889489792,0.023662806280671272,-0.08277419852692547,-0.07187624289244335,-0.004395805946444423,0.18702439245699967,0.026597642770345528,0.04512828053185948,0.062268487410003216,0.08095559392432847,-0.039467649058438956,0.03822319511799008,-0.0029122983776168746,-0.009951662913001222,-0.1123377694493647,-0.02908120709070163,0.03303909303949418
FN1,0.03616194564921935,-0.2138974407108696,-0.05664461606426711,0.03875099981257847,-0.05567815205923033,-0.07339475467761895,-0.09452337143775616,0.09090564884537565,0.09585045482277375,-0.027168817477213374,-0.030055791796278018,-0.15197660927506326,-0.0648119294855457,-0.05242376255889706,0.12772777186905904,0.0190932042133169,-0.12336834000715952,0.2136845442020448,-0.03381991015796876,-0.10311988151621866,0.18880839347371947,0.020089710451701263,0.06580026661483462,-0.23042924683897667,-0.1587930450329176,-0.05652940508456445
MIF,0.048186342201085315,-0.15478440770249194,-0.10044738853115931,0.028407823343319018,-0.14214551342112483,-0.017356761800232264,-0.07716210515340861,0.02343338546477606,0.04175717996899971,-0.015029364351314738,-0.020519391092853903,-0.08226598431533158,-0.08114023590829966,-0.10857346333536896,-0.10838388033974927,-0.04664251960540505,-0.08222115552624056,0.10279668042864508,0.10445868849872102,0.02330946177112254,-0.06493986181575,-0.022238255351962576,0.05651992433189166,0.15588677329523287,-0.033968946610280076,0.0019905341752586765
JAG1,0.03861781640983184,-0.027870614623746393,0.08897524244130735,0.01966326287896784,0.08272236592415945,0.007940620037394623,0.008091760391336337,0.02969296305648256,0.12000521282682053,-0.013768598397814327,-0.03176239682593683,0.019558918393120104,0.035455295556372356,0.13003184753385874,0.10782197667185789,0.12995340694434382,0.0666710887675235,0.13735940504987793,0.019840456565835045,-0.06190614189982942,0.059199813216454136,0.02533705310778276,0.0050864176145095875,-0.1410901237169295,-0.08664424314151524,0.10652266467027012
NID2,-0.030538679466366882,0.07144560911673174,0.053250075009445265,-0.01758207623550982,0.01812071492915618,-0.04816484654078967,-0.03139349731915515,0.11741315651143257,0.07547452282224223,-0.03099878333555002,-0.012211984984106989,-0.01946637209697426,-0.008287606824791658,-0.0016350973871403936,0.16111447320110794,0.06937363376807397,-0.07686868474084375,0.15518126284497386,0.005163251503927517,0.0767157132857397,0.06661867397305428,0.05764862543507945,0.08678809213263984,-0.006247488947821651,0.0026473806818322248,-0.06283203936024033
EFNB1,-0.016922074313330815,0.07587722961558545,0.03224010537760005,-0.050975389579974155,0.02633359724915087,0.008026003942696987,0.053506092621498455,0.09746563648732783,0.14904394095904297,0.04202692453903932,0.04992191898475047,0.004140845847983394,-0.04241018230196947,0.09128538983925125,0.12518416077664268,0.04506863333830262,0.05921682822258083,0.10469936254805039,0.06540978927573654,0.08233873441212335,0.05286842030292314,0.021814941884804442,0.018393385623043056,0.17207017472255373,0.08008525600558986,0.06776920572379343
COL4A2,0.04259975569868408,0.10584905531899884,-0.008200802805077708,0.024986244002418848,0.032078810451788495,-0.04633475897395964,-0.015034795569841612,0.04694371399789143,0.10896735530534932,-0.0619259876475281,-0.033046490639297786,-0.06039191058171571,0.014141549054421903,0.09524355476573575,0.06919574350757332,-0.029323063461614104,-0.0889777298014503,0.2051721320391301,0.025933722445295508,-0.01472812699303119,0.16587717669987567,0.032602495769702755,0.09577911259166291,-0.1731667229552065,0.019530341539312716,0.10050275911833635
SPP1,-0.04961044485666797,-0.21624608106215204,-0.043134377036879355,0.10812371362091733,0.09423749851905616,-0.051065011913195645,-0.07454887812654591,0.08836972364501253,0.09248875379840041,-0.014410601848947909,0.00442716834494589,-0.31249024577227014,-0.0832674120140457,0.013928655623028502,0.3031564071338572,-0.09572156406275427,0.05280858014900109,-0.07369221363149674,0.03931702778113144,-0.0021729867388765724,0.1253519490635079,-0.0006273148480798543,0.0876216794480831,-0.08910033257757957,-0.10453847706355396,-0.2056679176552377
PODXL2,0.056698477383391184,0.03241906156747767,0.03465920165593607,-0.005590236354244679,0.061519724004363334,0.056453326049003195,-0.009576175802792367,0.06635475711375746,-0.0005661270879961833,-0.023606418061792925,0.008308433599633356,0.16585442730964314,0.01915682271531546,0.03603619505862237,0.05388457314231839,0.036027745660021246,-0.030864682278825568,0.08520215689840115,0.02983795584528696,0.13461430877000463,0.10269865133110634,-0.035892596382090525,0.09297593836114272,0.226884438363021,0.1470677168942683,0.09895312965435948
IFNE,,,,,,,,,,,-0.019060953491940365,,,,,,,,,,,,,,,
FGF9,-0.005245018519974185,0.13705925841021824,0.035629449319656135,0.0363965303936878,0.011133911925996434,0.0027181286411322955,0.06502159478312063,0.03198247433352978,-0.01941161243946593,-0.012610064981628333,-0.035435100229165926,0.19209263364754126,,0.007091617519068612,,,,,-0.0014997220203797237,0.06686532660649024,,-0.01575518601784301,,0.11019945227296035,0.03560444882288056,0.047882272282741764
ITIH2,0.007219913209148043,0.005609145413044473,-0.02343049739822856,,,0.07699908157728386,0.039577830189114115,-0.025415857420382937,0.014657106473892685,,-0.04569993225183023,0.004775593049590212,,0.041043668921912864,,,-0.007181942637646338,0.004536172986168379,0.018771634078360386,0.08495118138465234,0.0663707595039904,-0.005639530925379993,-0.05349891829233986,0.037926992002442116,0.05984972042414153,
ADAM10,-0.04775883853186958,0.057815383629953546,0.04613799567857865,-0.018582205573475456,0.016835035652874114,0.021579905145649326,0.026756408724580738,-0.02417706268783125,0.05517292705734198,-0.011259485926071396,0.0017667503329609337,-0.06761627351884628,0.017876083911896497,0.08252813922670617,0.15175256937388198,-0.011702893529870568,0.011472794230662242,0.11694696151141151,-0.005507470239803533,0.06620670561005121,0.06760210851783424,0.06669746055180331,0.008154431002791035,-0.006451161287600822,0.058601823916000856,-0.031964864254127257
CFH,0.036678479643832286,0.08786941211311995,-0.008335111459506947,-0.011038203862939482,0.02431662174672249,0.02850668450573154,0.11759877348605838,0.05305014048887469,0.07735438979101629,-0.042355424976298545,0.05290255951630767,0.02665291553928766,0.08376344476957044,0.0374099948745266,0.07309219162226248,-0.01880612400185935,0.04924488287516978,0.14629557588653513,0.00864030387795618,0.13322300560680908,0.11221814594333912,-0.006680446480941192,-0.046871430285916074,-0.015821671319837614,-0.048288076896707895,-0.07501757242183774
COL4A5,-0.02089390323781629,0.10818437000189352,0.06105859320916999,0.039912283232670244,0.1041015554453315,0.0007147466892216314,0.03922970907264807,0.06024392584962718,0.050247897784183905,-0.03469759419723659,-0.003308810583638698,-0.04777143886842124,-0.02688661983904726,0.0383360699252051,0.0689617423586504,0.08717971906665672,-0.011703243519588064,0.022017211276009672,0.050722386751296256,0.13515626784948584,-0.03519998554952958,0.04105740855150666,0.15080290422330925,0.19917100590475456,0.12805944914465686,-0.013338207288710838
LTBP3,0.025179622458710155,-0.04292076944405582,-0.004440914097199049,-0.03174020064560836,-0.013569516669746222,-0.02639257010684673,-0.018833447937451387,0.06450868309092297,0.06106535366730422,-0.03694060193150663,0.04218218155606541,0.012912785394148897,0.10447709957054585,-0.004707415447089885,0.11887624321412499,0.00045131162842302545,0.053984099565398784,0.0007890673674249056,-0.06139310269915948,-0.07466739857531943,0.10566588948246863,0.029184947867346066,-0.003514280360095896,0.06065056965104578,-0.029112936954454736,0.005693712180294498
GNB3,0.01585880083623945,0.0012032479561060738,0.01587832098963181,0.001238781758532852,0.06737411804549584,-0.02176009966059619,-0.004576088731436276,0.03865241995015866,0.07915676279207061,0.004020914397798599,-0.03239872052255035,0.040054014611707774,-0.019546479329591627,0.0363730370894243,0.08497857524422707,0.06402835436262065,-0.04411433697962886,0.05703020129134949,0.019867017475852313,0.07910392170483778,0.062407409059504086,-0.009763528623541252,,0.12542761818602025,0.007254846512495139,
COL6A2,0.0005160740727091928,-0.08778393372973031,-0.04126965999225651,0.023587029288864275,-0.08530265024149647,-0.0171887908688111,0.03150480565970504,0.025651918329353266,0.10262532002804257,-0.003963696042409007,-0.029292946949941265,-0.12926208610515372,-0.1164007742803201,0.012337843153557628,0.17631176845630644,0.08331375438794035,-0.20933012006452664,0.152805821161513,0.07792638888944371,-0.07442961002937828,0.12599247223293236,0.005651781062321179,0.07098897269320172,-0.17731585777226622,-0.005064111145539208,-0.06384298749049347
PLG,,,,,,,,,,,,,,0.06605150353015668,,,,,,,,,,,,
GDF9,-0.030637609757076533,-0.023837897917889723,0.04797222442473263,-0.0008551689719545132,0.01473454002214381,0.016449397946502898,-0.011422579192754218,0.08898827536849198,0.09676540856310649,0.034128949076397345,0.028243154525335795,,-0.01891531682682098,0.033070456224016276,0.06473761867716196,0.058609670350620854,-0.03310367818702656,0.06397165394999516,0.026235459847845578,0.05716515072597261,0.03730263154178079,0.04060638157793532,,0.097177785431654,-0.05035687973584516,0.001946107354746648
NCAM1,-0.005616894804989355,0.1783909557429065,0.04243632695499873,0.012000652841146715,0.0725175154750595,0.03460752348697906,0.0764887741684652,0.04801706910018606,-0.06818497069980867,0.04353618063543505,-0.0192991905517316,0.012574438596282708,-0.005852418808885641,0.02634431654779616,-0.06574882095705133,-0.03767916167619974,-0.10298543751286122,-0.07793956430376907,-0.09735441177776767,-0.007592241367279021,-0.07453124423763513,0.002823642129931037,-0.045500544433141506,0.13564225527250015,0.0711960198983162,-0.08361018775630714
APOC2,-0.04179191789269791,0.08726495083142867,-0.037492080605633166,0.047432683486857,0.062314730296775735,0.022295917980929364,-0.015093200002069889,0.10010709170156323,0.03477238160393767,0.010100076214173585,0.025784306762772356,-0.1885474284641992,-0.0223551779415357,0.12976197792047278,0.1145866794045432,0.0032789286104258197,0.022654969222905892,0.11762543837410458,0.07968751251116396,0.12460735655177677,0.04264209304991329,0.0323875608295581,-0.02738275932775193,0.20883208858178767,0.09982140026045644,-0.07313263550344987
BST2,0.096454545880422,0.061598827761965506,-0.019103647527310964,-0.004774811595832034,0.050879677396571614,-0.04141163268463786,-0.03701188158951738,0.055783179340016864,0.12141324519440751,-0.05130116977236561,0.010366710553662192,-0.13951146921101837,0.10092985003584674,0.08616893041789772,0.046449794761321536,0.06936392974994841,0.03517220141279536,0.11752059962159202,0.04874074067907073,0.10806068424885523,0.15528304775129356,0.04879052440304834,0.13604051388121058,0.12514764820439714,0.061945068003184334,-0.0897546176329139
COL5A1,0.044589580156948645,-0.1611782268859414,-0.07681712960585077,-0.03014076132791874,0.046310266566263025,-0.030357770889067055,0.004232179377636009,0.05229280115604669,0.04219176129312784,-0.036807120414928396,0.03214144446465136,-0.10957383610229762,-0.09315514836715799,-0.029982945617006724,0.15456214358440762,-0.015752009230375234,-0.039330982327226816,0.20419251979707032,0.03974199042514215,-0.09695024083201118,0.13084057521756362,-0.01185965456462663,0.16747816229549195,-0.13839821029225297,-0.0909955470447841,0.039184560850369594
CALM3,0.07447360034595736,0.16712669256627674,0.08156691006396316,0.038682741543297705,0.049828510762153756,0.061835809925011954,0.06945314062178341,-0.06687158867022425,-0.05654857750418082,0.07303426327996647,-0.02579061451179949,0.31145092275538977,-0.05826276719340055,0.021181479769232344,-0.006688343988666821,-0.060325744453611684,0.010346828255000832,0.027999951860682475,0.01682640896184034,0.07989740816438418,0.0923120828103043,-0.004818937890756072,-0.09447484092816785,0.0017689498059191937,0.004914525548283908,0.14807649705291456
THBS2,0.019286240793101025,0.1420872648845353,0.0006930311748280191,0.028968935137859912,0.06379069556465089,0.03428987932941164,-0.0449182176583085,0.059438905737137594,0.08258494249569277,-0.043238328698716307,0.030037499617626747,-0.14052866853694812,-0.05975233238334567,0.0057187528913358295,-0.05981342370033665,-0.05134351007981143,-0.02983645667893636,-0.07111280359045104,0.0008683616747789701,-0.008538390818027626,0.00342399505938532,0.011915182009884439,-0.021838530709004163,0.0028265924685554294,0.11714627232007353,-0.005295116252789113
SERPINE2,0.07144085363918797,0.06542955530454436,0.0017744500612340757,0.005533712261437982,0.030150737234720244,-0.005072598692686268,-0.03810933546081978,-0.04324772610617031,-0.02992546614413092,0.009218842085175084,-0.011491667890771952,0.09487186257904674,-0.019111090914187192,0.11577670429547085,0.09935100108870604,0.12897933867849046,-0.0933853166698678,0.07562820892429484,0.03393373239290987,0.014477323053700917,0.09435109872092318,0.07373368030168466,-0.06967300644177554,0.1584452788110852,0.045102120870373845,0.10716354087491378
EFNB2,0.06529056866653125,-0.043841146040283115,0.024750842763213845,0.003183665004871476,0.052330669084557364,0.00697332470482602,0.06917720448801833,0.07977680325562832,0.0407702281376298,0.03381233270506735,0.028193994852692864,0.14266548914150043,-0.006275901497396409,0.13317830032590944,0.1370241178993141,0.10215192355433286,-0.03429830724991997,0.13468142623684273,0.0378630512823557,0.038387266631288004,0.06514585886397273,-0.018776042320125717,0.02088369436032145,0.07069579091192302,0.04090077142424866,0.16232998775000348
PROK1,,,-0.006783232401924202,0.004045956331460177,0.03467879855945871,0.006019871227729811,-0.006134744203277171,0.023523521039424962,,-0.013471551642300033,,,,,,,,,0.0614134482816927,0.025953386190622887,0.017622416329908974,-0.06058242852130223,,,0.11926545583517581,
LACRT,,,,,,,,,,,0.13101037291907605,,,,,,,,,,,,,,,
MMP9,0.002742472366956258,-0.07241092468181036,0.01791615859064826,0.0037267253904154666,-0.044430310087397805,-0.02314914560824178,-0.07020856538662787,0.04951401667042788,0.07150624908491383,-0.044036996250996704,,-0.05712843706327769,0.022355155929947943,0.027077888574825043,0.10132149679385331,0.03422954809292773,-0.1227836912900559,0.17119201950206397,-0.03346269550860807,-0.06203321270830316,0.06807028084441258,0.03466268042897538,,-0.10119847461847353,-0.020401745696024518,
DMP1,,,0.022948908831152033,,,,,,,,,,,,0.19087532133266702,,,,,,,,,,0.04209934793273316,
NPPA,0.03799968097821894,0.1795367853735793,0.11747069901811427,0.03493359576559206,0.011926746554180292,0.061569508530031715,0.0344264923864922,0.026890286598718078,-0.01099151741747745,-0.02102554491207707,0.003445827581216573,0.0283177495456634,,0.0838866872658484,-0.0630363326540719,0.10625701263053124,-0.04678651303685088,0.0836222269272815,0.07445176149982607,0.17812935901451055,0.007888604502913552,0.04703283454603232,0.07259598140667192,0.03660498724243171,0.08700141275639867,
APOB,,,,0.016214357590741288,,,0.029678496132212333,,0.05326682707008366,0.016021841178794283,0.026281445712798814,,,,,,,0.044805369787939725,,,0.017991532279951605,,,0.0781064059045914,-0.03512484128335321,
C4B,,-0.02416495947281893,,0.014536075041690837,,0.07142330538293636,,,,-0.019710121493394735,,,-0.014264409086758838,0.017657111466753094,0.03175188906850309,-0.06428382880290456,,,,,-0.0743290301691344,-0.010837046613604188,0.03602922683615993,-0.018978093415001538,,
NTNG2,0.03764693503215745,0.12064560351272052,-0.007421262139985242,0.005866599226782671,0.025552192834793173,0.02328758060157067,0.022302482240970794,-0.01719428184867711,0.02903456966640159,-0.05074731985532189,-0.005249529287587947,-0.0076336076783481595,-0.00651404468027088,0.02182106386787936,0.12621129540033893,-0.017099086633078416,-0.01174737725143729,0.05856981698491804,0.06098327721841705,0.04543915593903057,0.005725480824358757,-0.02089554282350945,0.06553684548411617,0.07679447764015938,0.12041497135743026,0.0418845597507214
LAMA1,0.0008136040229859904,0.009874040022414548,0.01699246910812106,-0.022480946616221367,-0.004392882916184819,0.06300077374156361,-0.021033275653967433,0.08765304085713987,0.15679127001427276,-0.009772299714239506,0.02508870695367233,0.07353181509285478,-0.007938010277666399,-0.010518144245172813,0.09661266908769704,,0.030760696561256115,0.11072345386308147,0.08026706057990428,0.1436341874267254,0.00751090274980411,0.03685467729223524,,0.10310754058361665,0.08101554566002488,0.13868657016719702
UCN,0.024405502470419053,-0.031642864812389766,0.008693032451553088,0.02666819680396832,-0.010783597634974298,0.054544287811767844,0.018257280953496293,0.03017130066970912,-0.01662204402369415,0.0008934962770515145,0.04705443611574515,-0.04367469009303468,-0.0027695076672384867,0.043885166403041284,0.08760029575431366,-0.06618073024757068,0.007741954841169959,0.05827516430436812,0.004233702793849568,0.06169200796184166,0.08403752565261362,0.016847366268109693,0.06965705594848573,0.14290429572721966,0.09455240013435412,0.17664022811833385
ARTN,,-0.017415586490873984,0.025851730479993347,,-0.004175182575970334,0.04230755755971539,-0.016031259096566452,-0.001844841916897364,0.06866863466371656,9.80454667203425e-06,,-0.011496771154007181,-0.01932094084108289,0.007667191217590578,,,0.03127993842739731,0.04033490510153131,0.044254690698790004,0.09464317313475254,0.010098564402782005,0.0253276355323823,,0.09639234526787686,-0.029197601652444505,
PDGFD,-0.04355028153062573,0.13045236786430642,0.03606706418350104,-0.06416963831633506,0.05556145260714369,-0.02524619457168115,0.03076659553742818,-0.015381563306547887,0.013624421232411409,-0.061922370112823685,0.015840337777853025,-0.008914239828398318,0.06168732556026637,0.11405270378466198,0.13957938812951826,0.08776172904157048,-0.015397864396327902,0.07038145445041448,0.07645044933264937,0.08165831017647068,0.16974244350813106,0.059262648946325366,-0.06691451553778474,0.2076619373348055,0.12654492019064995,0.07135657129919112
EDN1,-0.009870840781909064,0.08914812099145995,0.014169683430222334,0.026522445258685034,0.03433483886880285,0.0260011791017621,0.036623248126181326,0.14517807458187823,0.028081163018916926,-0.05671429707709135,-0.01572506611168638,-0.024422992975509764,-0.004278035240096584,0.09213345759490839,0.11153018779228684,-0.01823161839358745,-0.05889330606157783,0.11231991525607614,0.0034217696532899415,0.07212089981032442,0.11133550116679958,-0.005789580415755504,-0.024436998208986753,-0.03439888820470868,0.06484719023753102,-0.030402834500768028
ARPC5,-0.015638502067796805,-0.052652844103575576,0.04872111826838012,-0.06239543900962374,0.008519354431126811,-0.07094986751638813,-0.03705598768595727,0.029977250168795086,0.0007794780325922957,0.03230732009140005,-0.02443034211905937,-0.14017955548838937,0.07725960329664033,-0.02964223550186963,0.07712347193215854,-0.04427723233495019,0.04842580483032129,0.08607890371814521,0.019867083399222885,0.007551234776133094,-0.011327499043965761,-0.009940115367931303,-0.05529118625043377,-0.038987367524875194,-0.061805528350907364,-0.032295766369803525
GSTO1,-0.03147886415997512,-0.09685619069529063,-0.0015914321030930075,0.03251904489739538,-0.0014767879851338974,0.012320914600346778,-0.02465433904053995,-0.047933883647106657,-0.06631408673110274,-0.003469409551873039,0.00015663472691059932,-0.05439885321429462,-0.062168223487099376,0.005149651669775188,0.1579201243030086,-0.025079470397885602,0.03512118069718731,0.11841833453071507,-0.011144731046346295,0.009943737070904402,0.02680650236692409,0.028729340252836584,0.034999532772904275,-0.07269349204831599,0.0025979356697625015,-0.0022932604939614547
PROK2,,,,,,,,,,,-0.0028174314029700597,,,,,,,,-0.038548187337064055,-0.014850867645488182,,,,0.011681371728590646,,
SYK,-0.0011481913572129589,-0.06216726921560159,0.032380080152853076,0.016676994888495517,0.03528374934987463,0.021334200746318484,0.024884300897174,0.10089096479924253,0.03358215163532892,-0.020394651821145377,-0.002159931874800016,-0.1060199915136608,-0.05336135410310885,0.052657647503173734,0.11761295442889833,0.02155071107156342,0.030708961902434398,0.10765268239448622,0.06357461963195765,0.09827702328253159,-0.0026871721803934483,-0.008302041641245553,-0.02617112249864445,0.15228232941549094,0.09815133032673494,-0.02730301959460118
CD40LG,,,,,,,,,,,,,,,,,,,,,,,,0.026494288444240517,,
ST6GAL1,-0.053362312964623855,0.08739897480986482,0.024952946352021062,0.07413639742425085,0.034578109394253126,0.051704422249413406,0.05077805394357206,0.06010059683675439,0.024073867993316986,-0.025491844669858727,-0.0013777136210557715,-0.19438239585891567,0.03046690634611834,0.028251150920910493,-0.03863541148874794,-0.03597028498059108,0.06194872760214923,0.05681144954523144,0.022952499592078873,0.15259615724183534,-0.01988404281834561,0.009488603554364027,0.04420115409903844,0.198694941112648,0.04090577411745968,-0.00390755268940404
WNT3,0.009214630300550827,0.054311670966735386,0.02656308347614647,0.027891917730573045,0.04732141578642239,0.021367210160094376,0.0678105415191552,0.03797355649754018,0.03069433222394703,0.01403357398205527,-0.0046584454816767425,0.13568005986971846,-0.010951627805614522,0.043820868290959936,0.04995102996869186,0.016103718089475343,0.08092569663660014,-0.008500546390451008,0.07415698749715932,0.0511161963104481,0.012471593608432835,0.017604254369611206,-0.014094680849721961,0.10554027877358393,0.027633506132420715,0.0531640411684955
HSP90B1,0.03348994884758764,-0.09505542349666565,0.020179408547480168,0.07132315694951413,-0.042203115918834494,-0.05176659567711111,-0.13801788118962766,0.08131544784448412,0.04811715241177992,-0.047026302515278284,-0.03991113571809817,-0.10204347228827543,0.03218519389317614,-0.006968542210813562,0.08488255637557345,0.032934377640151245,-0.006011313073724727,0.0698552157269727,-0.004626572901119474,-0.14010541732945517,-0.03641781652246376,-0.0016624540490986074,-0.01424347187824281,-0.22010743006096314,-0.17708557584237827,0.07486036103702293
ZP3,-0.02006762719052627,-0.052829447408880306,-0.033811193145948444,0.0018008586833612456,0.11227217554423118,-0.005606808418233944,0.0018283993374351647,0.00441192831538137,0.11540308751897518,0.06586851976348643,0.023476538360160372,0.028836580676248738,0.0042500593413548485,0.031242297724352688,0.05274298261661672,-0.0007830867271350273,-0.023493821051203952,0.1213440928677479,0.07356520394029496,-0.015435886777955717,0.016801280047321055,-0.060019898393584584,0.01979458698902829,0.16454015313034362,0.10652316493680053,0.06180103342195393
ANGPT4,,,-0.02196350691141076,0.011318688156606693,,,,,,,,,,,,,,,,,0.02917874390933742,,,,,
NRG2,0.0064996733920896005,0.12913780565981403,-0.03076354242824802,-0.03062547777870866,0.018427012860716487,-0.010130788745443126,0.02854456734790463,0.05170600554836865,0.04714169647627809,0.015776975111921256,-0.01652667962265572,0.008250053812704737,,0.07694060815365904,-0.08662420401736147,-0.04813668576096963,-0.04165557091111018,0.07349890440765246,0.0337302506381188,0.02152664285626754,0.09641738170858954,0.005571925524444486,0.0028835260616366983,0.23349547981189903,0.1250578047832283,0.10292062818759644
MELTF,-0.03533852321813489,0.035870182494832266,-0.01862754171668096,0.0049887224579992385,0.059931654450572566,-0.02260556152329971,-0.062164237648142676,0.06166507975754608,0.01391325749373125,-0.025734180821517703,0.09099310042542103,0.04450284346127604,-0.08359815629658256,0.03309630173275088,0.22947975113978397,-0.03080881870057303,0.010336951814228586,0.15660796116624326,0.10126476866761173,0.06504008412099763,0.06977622343263273,-0.008479127625832193,0.03924701325484889,0.1718958646656181,0.05819999020910524,-0.005852606260743326
NLGN1,0.04259641158332324,0.0076667499238473324,0.049914017572766596,0.0024332642950505886,0.007189519059581785,0.007272028791129835,0.01210853300244766,0.040551470689793645,0.09841468178220415,0.037116767606747335,0.057668702109038864,0.10565064845589692,0.14233781559901004,0.04226905102581058,0.11033467293625972,-0.022118131705252796,0.04346828407313903,0.04165705257034033,0.047252421439875694,0.04995747757431746,0.0899510043305377,0.023050496014494177,0.06706327059241358,0.21659551765001184,0.09589900340941024,-0.003655649300585353
SLIT3,-0.0185001788170303,0.1462606055399811,0.010535893198714886,0.0035306193456165823,0.02979036452370987,-0.005228054760110599,0.05690956968031884,0.0009375531478627164,-0.023302976751508924,0.014082871810468372,0.0236539274958961,0.07893845578306344,-0.003508323830426808,0.0029480103348353223,0.06465704592231543,0.044593459693589715,0.007825607246043533,0.08100110860612719,0.019260473802655994,0.08474702566589573,0.02723893325070474,-0.07378084327109712,0.024017494172857295,-0.037888524087078476,0.08095430042080541,0.08320833615042662
CCL8,,0.08159371108321957,-0.07503757962079655,-0.001429149975750781,0.012829405656697478,-0.00015227748114481787,-0.014000028370179492,-0.00846490467941901,-0.003935421148653933,0.007640144909755887,0.01204811533817026,-0.06625548238852014,-0.016363161817633035,0.05750456185222209,0.003366666760172994,-0.0534238542816533,0.004090814564870812,0.017470289319324935,-0.020245505454412234,0.05759461246702684,,0.02454417423425549,-0.04674546027474917,0.07333202963205707,-0.0027557610215692765,-0.04046023858728441
S100A4,-0.07342116930233096,-0.18472598770931442,-0.08004330619513635,-0.005110766876038229,0.03352080638134787,-0.01908998097049219,-0.013704975038173027,0.10035156755443372,0.1306232483747186,0.04435232709442571,-0.029588083187981028,-0.10837272909983003,-0.10528191035071197,0.036574882199467425,0.19221667162659323,0.0035782200166726646,0.055871504703968164,0.12908529768669136,0.05103090381512461,0.08534682220252397,-0.06618704015664742,0.06757604888799572,0.046627975228504946,-0.06313673009309016,-0.12190589483131824,0.09348650432473017
TNFSF13B,-0.07626186240288829,-0.029224716784260054,-0.053941817607398045,0.11345927016398784,-0.11235039635827754,0.06690925005772023,0.004901536093101868,0.03284199452137241,0.032397641391591646,-0.01424456608741397,0.011740600652270906,-0.15597355502934349,0.1263678195621901,0.038675456324038314,0.11155655030758704,0.0608264460504961,-0.011855751301764916,0.09476186390949753,0.024466001574067718,0.09907590576135814,0.06442173707564444,0.059838870263474155,-0.03180923165523116,0.08078257564573821,0.023228745746619345,0.013129708459291773
HSPG2,0.035949010810403165,0.04937576633099543,0.02310553915734696,-0.0206928803368954,0.03782519655775135,-0.029692048066302504,-0.0033755347442017587,0.07598124172470488,0.06821468046371994,-0.012440136615649584,0.006553757808422407,-0.07240632701973998,-0.10400020235660158,0.06949612724550297,0.09542447639837284,0.00403211696830266,-0.01288304213579546,0.23422748288344156,0.030031953220214132,0.03566618960016689,0.18251786581525006,0.059960559122553006,-0.0743110366591062,-0.08634497263955745,-0.006433265401690694,0.14381420173810397
FAM3C,0.046521664453834606,0.012505959409764638,0.05410503000824562,-0.032862747067727585,0.02957135185615383,0.003074691392441178,0.018058506356897486,-0.05012185394047389,0.06911039508629592,-0.01782494119190165,-0.07233129167927488,0.2899633111469995,0.013981472888501493,0.0610823984681818,0.1262656147750526,0.09379887830622838,0.0823644327516126,0.06456988837282951,0.029111424577727,0.021020089391992444,0.14938059033585768,0.01985597935394384,0.08029130283324487,0.10079770128037605,0.0434851638556488,0.1066715952193488
FLT3LG,0.015093670352675672,-0.08927485864049617,0.004753647467531689,-0.046837333912726355,0.04164719116289313,-0.02031291809099081,-0.0844538170769986,0.02200427352878414,0.09659363434484904,-0.009710661796744326,-0.010644419623843724,-0.10018499551697113,0.04699886772827691,0.08973829913717025,0.2301180338806071,-0.007198959395078061,0.07268240087916707,0.12117558129034137,0.06753348082890451,0.10404095877129393,0.02486988885149457,0.0036265369980315702,0.011735713420739997,0.15493355127423483,0.05658874895307189,
A2M,-0.09531459216492777,-0.036498007001071975,0.003819446413309507,-0.026194590323329797,-0.031691072647195104,-0.02892498684052954,-0.025178718074125764,0.021390919552550923,0.07736608238861084,-0.02764414760999871,-0.03540644904836523,-0.2583094361301793,0.03999357451044419,0.02111021050233124,0.11297078611609611,-0.07217305673146701,-0.06476692892872193,0.10098816337554481,0.07003813845637047,0.0680704003604161,0.1722979867391298,0.09180509654059314,0.13691343612983387,0.015497963241936023,-0.02230047233905467,-0.14134399765640684
VCL,0.059635009623978455,0.021050147277220557,-0.029417560377562303,-0.002023030882723625,-0.03073752638334772,-0.012763109895409509,0.03353681007089039,0.08055082451416694,0.03353809919047775,0.00656793928295852,0.02316738601938555,-0.012944927719876176,0.010088501285239767,0.052397912651563794,0.1096963083527609,-0.0504536873782921,-0.006028338789245011,0.0397716441440001,0.020229172859791523,-0.028064179666018322,0.11839871589496603,0.0075969904626035445,-0.05734854201653881,-0.0770260017901405,-0.020489423919081165,0.14109440649589863
FGF2,-0.03281390857812861,-0.04819173645988726,0.02700938448671149,-0.001860112375132348,-0.05421540745723488,0.0050341611237572905,-0.055163551086233734,0.09658810171782284,0.13176780960618875,-0.023613588006599774,-0.06107322207574862,0.049949897431197265,0.13152604209995958,0.05227220393393358,-0.06566093304629181,0.024358067117387677,-0.0634226553754393,0.053843945010701035,0.09425114322931859,0.06605607470971368,0.037071337495266275,0.0318789084712876,0.1105167106125476,0.14186681681905783,0.029429500983883684,0.02128127806736021
AGRP,0.0297479541410043,,,,,-0.0034749979542974567,0.05639772729392734,-0.05624346346986031,,0.02841546304312268,,-0.028939109073427782,-0.013375927111938267,,0.06070554548155223,-0.016971560227339814,0.03426111263863484,0.031159775627616713,0.041189259390948633,0.01733929254841129,,0.005410689046275724,,,0.06373795941912871,
CNTN3,,0.12243075653726744,0.04862031167574508,0.02346428822623827,,0.02404896421730317,0.0631818803176029,0.03787219665395784,-0.058264372768961833,0.011910322237056395,0.06358672546533112,0.21709764626017347,,0.06361599306150915,,,0.03760972523426132,,0.04051687632667941,0.07044434289367292,0.060291460215508394,0.008959780433746789,-0.08131193623178223,,0.0787197025056632,0.059693367155660926
RNASE2,0.059091315774815106,-0.026669532948255772,0.04045571824061973,-0.00782186817340871,0.10510440775829107,0.005329711344610281,-0.010984512785018464,0.03418143266795938,0.08633721293102764,0.009100453220981866,0.03313899913640144,-0.11902035556462899,-0.023381510034225967,0.035046775423472655,0.07229435960044622,0.013867047808632578,-0.09003134821490413,0.11735257266871105,0.1416510343800206,0.1329116112571167,0.1061029654919897,0.054307053304889996,0.11428495940509073,0.17981632462315508,0.05301005231429451,-0.04198952603841422
ADM2,,-0.09739088829728804,0.02760286844675399,-0.04080030010011069,,-0.02248833648649056,,,,,,,-0.019048011505920812,,,,-0.03751396667059239,,,,,-0.014528729055958969,,0.02947070478703499,-0.009810495692561065,
GAL,,0.03745073753877799,0.023286665918241124,0.050952651285114364,-0.029153788100728297,-0.006003562856661046,-0.019587433020757054,0.01807978496847616,-0.030785538087614438,0.02233876692527937,0.03305678050871382,0.1482844194688195,0.03455198978385037,0.023533829933670213,0.029432538021410916,-0.004829407111183115,0.07150937509170976,0.10077402952520279,0.011338416193498855,-0.005608161678263703,,0.03341981698630644,,-0.059182137184988756,0.015385602423035738,
IL36B,,,,,,,,,,,,,,,,,,,,,,,,,-0.05265773893137973,
CXCL6,,0.011066526825154084,0.036337993391160735,,,,8.26442102496133e-05,,,,-0.04030070792211009,-0.07134816387817379,,,,,,,0.012037337339370834,-0.003676813323799136,,0.04073486210791903,,0.012721865823719024,0.04206312165948039,
PDGFC,0.025759518404829176,0.13154127035636773,0.08943420776055577,-0.028127009129477274,0.0035403181932963865,-0.003897976691171438,0.02989762032337909,0.023769172215714958,0.07815357316596767,0.007266092930793377,0.025078240384868705,-0.016695977278214227,0.007100438265731845,0.10170848171305667,0.13843767440651167,0.10929861159847583,-0.025557644573177975,0.05795270753970803,0.10553924795697146,0.0490173264240202,0.1070120444112553,0.05527006596173383,-0.05014454002092354,0.18544216712077918,0.04273221469081575,-0.020259265732711862
COL8A2,-0.07157838009569953,0.08110202444734914,0.027043516433763216,-0.05654967609514681,-0.03177844085487624,0.07804612835200532,-0.0367599591336797,-0.05825433360991532,0.09900440551315531,0.016864204189002367,-0.03708599906874631,-0.07356865375891108,0.04197243628926717,0.0853154824864675,0.241482717915802,0.125909508751412,0.02829476153592715,0.11139693684843326,0.04849192071044646,0.09811142982442336,0.007092590670969041,-0.011095786989377524,0.15049321149175826,0.2007671785754139,0.09194779663805833,-0.021831851006556633
SPON2,-0.021011997977175446,0.06619101651307463,0.032704570874900515,-0.004123537887839382,0.08181750871300335,0.017460092493553313,-0.04777083213009583,-0.0058939967752587195,0.02716886468546469,-0.010429212562959509,0.04746714179467572,-0.10015849762499372,0.028022285475455946,0.004478586284438547,0.061884197112667516,-0.023940545581893718,-0.018510682009729006,0.07756495801762622,0.07868434931190801,0.03602238906777832,0.06787752271035495,0.06329703114406086,-0.09370619668986795,0.0006878387817511422,0.06634170782867628,
LCN2,,0.05039975205883532,,,,-0.027870796543894787,,,,,,,,,,,,,0.06870415019332461,0.07565583883911291,,,,,,
SEMA3D,0.0029315966882494677,,0.052052515777245914,0.027626081902537653,0.05778385448104923,-0.024603588197467944,0.0418881144717607,0.04017354506770999,0.024999645876585486,0.035251796363004795,0.016050425092413143,0.013424195581347366,-0.016514341061924172,-0.017721812765914682,-0.10523608092232425,,-0.013935858179854174,0.06322509471397661,,,-0.0543568956198638,,-0.10049452701770246,,0.11694348969908328,0.17288552639245053
BMP6,,,-0.05722532974584653,-0.044475982852591314,,-0.038525580675085457,-0.059079954157592936,0.07253990423003762,0.03382848054458108,-0.028577225115264566,-0.026629621256470146,,,,,,,,-0.001756594779994423,0.00511965643146964,0.008861081568108003,0.023890736642182008,,0.005423562061148774,-0.01462777922933676,
TIMP2,-0.016063932175445526,0.08500951313544762,0.016960649741259555,0.03365149746665906,0.08735529448733036,-0.017785737008655274,-0.016958868501913985,0.08565223347004629,0.07605015365332005,0.004301588740920859,0.05534381736934269,-0.10699007924431231,0.007609512345183966,0.0440193100636411,0.053815547532534536,0.07281273386389953,0.1046871538917037,0.07503950468952085,0.022782669024560196,-0.06012579014245272,0.17061100970876208,0.035772073441729925,-0.015066259035628892,-0.006486313370696221,0.054465984703144996,0.04799074803260224
EFNA1,0.0037127460164439775,-0.060528722994020116,0.008969803322299475,-0.0024969333022488585,0.11895936692345405,-0.023249055625977583,-0.05087896190192221,0.03516450505402582,0.05940569423762641,-0.018461261654121697,-0.021418945653068337,-0.17291819645842507,-0.005799226879722065,0.022412134200378284,0.16893321588205,0.15683027876077799,-0.014861186357055963,0.07570351964915957,0.034378606061641497,0.10826008667245678,-0.003369211436177656,0.0007662502725098164,0.016459532531794562,0.0826721413106304,0.031925577024128134,0.026229450841873846
S100A12,,,0.011182243419856549,,,0.03528983851710195,,,,,,,-0.016210690245674942,,,,,,-0.024879356929143066,,-0.0018113947174959969,,,0.00032952595688812424,0.004127878160363768,-0.025417467477829605
TFPI,0.11941576037149673,0.06842578725680235,0.03279197440446212,-0.02126018097377647,0.047000324153772734,-0.03014917613403893,-0.03427026614643654,0.03904086526278203,0.05277472356540631,0.030707801584484766,-0.008959928415016806,0.05322590783005209,0.023827494676398744,0.06858527576462072,0.062483159027594465,-0.00372457327350428,-0.02007242554775184,0.14721565716530224,-0.012973834597209228,0.031924173142065394,0.17414976233501375,0.058736096693078714,0.10554348404133089,-0.006063329096110992,0.09031340110413057,-0.013479751000320861
GPC3,-0.041266011118768944,0.05792066574728293,-0.05119051576617991,-0.020986625305274786,0.12323259243530019,-0.0328112892297922,0.05894973913693104,0.11367020730647624,-0.0010844470632052226,-0.023145856930347316,0.07647135948154718,-0.014834502553513757,0.034922293462500524,,0.004048186817371983,,0.1596054140363133,-0.025592300283970696,0.07498281638521699,0.11411459513338207,0.08557573139538495,0.04098839362993447,,0.1074329490084009,-0.009258713142904485,
NMU,0.015668133608086884,0.05615129599630077,0.08119318956708058,,-0.029867061878362234,,0.08259719909991102,0.09046603393856809,0.040129202714865045,,-0.002572052087831809,0.021068234533315543,-0.025204154582025327,0.05243502554376379,-0.061434051841407426,-0.09036615648977925,0.11895843232575935,0.10787228005312785,0.10815763635429745,0.043266914962357336,,0.011534416997345273,,0.06091244751581564,0.0652028251808373,
SCGB3A2,,,-0.017980249162138976,,,,,,,,,,,0.043141647325454446,0.04982031864223836,,,,0.040669652973313694,0.040886012606428226,,-0.0025133354253989394,,-0.024522931342012364,0.0007196119816632972,
LAMB3,0.010155221877959813,0.044026859153471536,0.04559661667397339,0.020370428453515582,-0.012329427840204948,0.020824134070210828,0.07204713435095352,-0.055728204769245934,-0.06618354319943093,0.013624461896589456,0.018457900864812558,0.0872815651804441,0.02018804703647565,0.06109643103597456,0.11960003656781645,0.010355854830788748,0.058448618151281106,0.13768195982377504,0.0271059228968851,0.0985433047503119,0.013805935650694452,-0.014051063880962222,-0.006464164938942143,0.1760346187911881,0.07724875157165086,0.17272298858303475
LGALS9,-0.03380375592336107,-0.018712118986532196,-0.04407019951601933,-0.03560029127699119,0.09443076438935473,0.04156243586044622,-0.06079074218703817,0.08434105171935556,0.10678316984964395,-0.01078951360037757,-0.01682259008164827,-0.16752356721816908,0.04903633918545964,0.06055324986147368,0.001009786233151187,0.0007093389753178656,0.04661403776397378,0.006443319981042288,0.05431953009058277,0.09510283064054918,0.06426356778360834,0.022675893049763408,0.11212418089443286,0.029329778729208222,0.1087923384635372,-0.028198811278393677
VIM,0.03821249206377449,-0.20377092619441342,-0.12524023228390346,0.0454622712362669,-0.11438496373920655,-0.04439042557067806,-0.01994941484491001,0.08164131417525584,0.1059675116017554,-0.04945819885353112,0.0284543883998826,-0.26359783170672535,-0.08909319323064059,-0.0510736421944622,0.15422297779364114,-0.011802980336198157,-0.09533551506003278,0.21517105671669642,0.09130417272658553,-0.1045059676096761,0.19570342908320335,0.024451404370819847,-0.017423915468542765,0.1808554265979554,-0.0761636408468333,0.05103173279554733
PLAU,0.049573155551838645,0.002789316511336459,-0.0014151220424070332,0.009087992096448462,0.006079162821558585,0.02228921563198986,-0.002889865223338333,0.0600502743222347,0.1419561616692501,-0.00747967957263207,0.05901509119981179,-0.1458207474874822,-0.017584858023906358,0.08959674960909578,0.16544126889817523,-0.009649894952200113,-0.002329498066642358,0.08141799270862225,0.04600161539801564,0.10343032349001996,0.13786670807503182,0.11666391212982731,-0.02283064081400228,0.05709958167510769,0.04689359556671853,0.13163052174366469
TGFB3,0.07058918630834289,0.15614141713061586,0.008231202758745969,0.03277225938867497,0.06582732896644629,0.03546596428688208,0.005025463243940647,0.04748324445141037,0.09126450739560546,0.03626059665281101,0.04362492696259934,-0.030488421643547856,-0.005808058109951636,0.05306338499416254,0.13367330491537435,-0.0034614634112305467,0.04473996750513697,0.10216778461942023,0.0999209188297811,0.024547812481933048,-0.020311166828921253,-0.0586002916501412,0.029259169347376723,-0.05645800432080779,0.025892753957133325,-0.023308716197509127
APLN,0.00866017953149878,-0.17932029014596224,0.04219753001938152,-0.0015224183132943082,-0.09338118067484867,-0.05875124877447795,-0.08142462026042581,0.0628197540100318,0.08765176885785325,-0.055097143012601144,0.0035044725522017273,-0.1400926662608178,-0.05089840508332771,-0.028464982044632867,0.09828013922397212,-0.010176071869238025,-0.07519756166497396,0.10383496138447083,0.0776642614398059,0.01656533759162362,0.09700050280793951,0.02350096447871708,0.01629185493712216,-0.10593159536120719,-0.05162113397869229,-0.022874026452511943
SHANK2,0.027163559586404727,0.16081236286453227,0.03178939628100457,-0.00928282957224097,0.10916138734091176,0.0015312975858302253,0.06331970791620062,0.031281833948924795,-0.015090327242654711,0.0295095893345511,0.02029462461311183,0.18760101137084462,,-0.0007988806637494095,,-0.0029845234029041,,,0.017031241947698134,0.06610984436997121,0.011270940116675664,-0.027103688042896847,0.004836004819745383,0.0006807823052876443,0.03145590465515794,0.15654450733364664
LTF,,0.07893931705330043,0.012589410780033698,,0.0007852280099174213,0.03476478196168571,0.0022018603170452585,-0.056591982327351346,0.10341420486179445,-0.03294397623463495,0.05091552089234618,-0.29111242920117836,,0.07511682726758183,-0.03475506701072608,-0.05638541429593872,-0.031647405901905984,0.10423733810656065,0.09332501491387656,0.10140418492134202,0.0869886045242235,0.05915593593667252,0.036354105531873945,0.10733343059180608,-0.005277833154013541,-0.02445353068359632
PYY,,,,,,,,,,-0.03498444034086079,,,-0.012815008079960147,0.03640446978365332,,,,,-0.012982730972887997,0.012742460389249456,,,,0.032027119574512285,0.02881532471304838,
PENK,-0.005971482544753164,0.10260429877502017,0.09601080971951224,-0.002145972405053646,,0.02835203537450641,0.0935178839981974,-0.01214685649149103,-0.04464240480749745,0.01833205857501152,0.02787925594706787,0.046476437629623085,,-0.00451222979462366,0.06406566309220833,,,,,,0.13329119633743752,0.02411921962367362,-0.03104845751443553,0.005962959928750503,0.06157651707559333,0.07455513881112005
CTF1,0.02923022751003356,-0.0036160486988172156,-0.02319113366385768,0.037099786903054724,-0.02407416888356027,-0.04151907464040638,0.07162726112968504,-0.041011102874127243,0.06921836488028171,0.009876378962525008,0.010785744855583155,-0.014393108876475639,-0.02741395448288831,0.09478942796722757,0.154203997206372,0.008448724755898248,0.0819519233492116,0.04939102419661247,0.038583146696880725,0.05652841005172795,0.0388104124941636,0.035811008485447396,0.07549186322883002,0.203887016116152,0.04403458554372296,0.12131770103834615
COL3A1,0.024878693381889506,0.09734223767414696,0.015053838888964229,-0.03753034015671609,0.04084368933994857,-0.06337439386814582,0.029390668507531244,0.08184049883864379,0.10210355418789706,-0.038795372064247116,-0.0030669584477237867,-0.16781237401494384,-0.042796829353529284,0.04171257145489274,0.07511946937073079,0.01923146176951125,-0.05156070537866897,0.19181155608397987,-0.006815047770555015,-0.024734446624776592,0.15826412881946753,0.05872810809508575,0.05142455750521752,-0.17084846012534938,-0.024742926919330548,0.08078001930735441
S100A10,-0.09150299453592044,-0.19937747399331313,-0.08438754017208622,-0.01324581895130012,-0.11010146092888416,-0.0449184451965982,-0.025288920586143477,0.06278479079577019,0.14558377131292774,-0.025526019873151583,0.04374859714052122,-0.2572868583757268,-0.13214630178489123,-0.0410111177787633,-0.026286750295243518,-0.10257714247394395,-0.08291996335692355,0.19884993613377352,0.07572284861387356,-0.04915630399446137,0.011849454972582192,-0.024957984965516312,-0.05532111092148334,-0.004258665342878963,-0.11052107173544054,-0.06365312031404569
FGF13,0.03576470406545134,0.13951141049389457,0.07954925261286624,-0.07490379032412417,0.037873097579703925,-0.015414102940418192,0.01860520696156561,-0.0376291621095607,-0.029604427306694055,0.08522201925558809,0.013274555530143319,0.19884953895439741,0.10527506478535154,-0.002551123604749923,0.003242746823378952,,,,0.06684108951669986,0.11598884754534065,0.049622825769145666,0.010349572846322886,-0.01493460419410973,0.06404756141203555,0.054184942360990175,0.16721950122592416
SEMA4A,0.013987858625969322,0.0831133761863236,-0.0399684051677885,0.04750717248628813,0.09402270571708242,0.015700482240582868,0.02636849413465068,-0.04959323423073931,0.0386436563455406,0.05148114072595152,0.006209108413964138,0.0656823829919123,-0.0061121532054762675,-0.0007175935726664723,-0.07755367509205305,0.010230441201162,0.014674827351429661,0.0581192530397966,0.06135317846578104,0.11766043022731792,0.05384607653444849,0.033104922545156734,0.05710553966314767,0.04610117123636157,0.01242301561060387,0.01823771430593712
EFNA4,-0.017897423679315697,0.016488876861687825,0.03936354410264838,-0.0055542303984234195,-0.028777531328312705,-0.009424803120736939,0.08627239622852247,0.049820924538779995,0.04632261910051204,-0.00739242646420166,0.013084415018134102,-0.04391633200874858,0.07136205819017918,0.028748557986259093,0.03524778202361769,-0.021706329540308964,0.02318649823321064,0.10917713135859361,0.07149034602730366,0.1068327095702927,0.059927659423860156,0.00010241437914703076,0.009014306284203726,0.07982894152402019,0.03463662133520048,0.033278495968240625
HSPA8,0.10746581542359536,0.17786706014724565,0.09388944815569161,-0.042057032497038765,-0.050490950606044006,-0.0035067913611641684,0.05625946733672993,-0.05326978085240994,-0.010967448928076927,0.0041200188081528715,-0.0270044065829051,0.10090188859808631,0.06752474533511027,0.0261921252178264,0.18109564356289679,0.11557602326393583,0.04818077617940559,-0.032324069816734684,0.030456315252255214,0.058704377163830326,-0.09741308178523074,0.075172332141713,-0.02524503009638811,0.005722182846885391,0.003216415241703004,0.004882231412052748
NPB,0.06914782749309123,0.05364652372193862,-0.041755730184607646,-0.027004628506180822,0.005763336508858639,0.016569136058723132,,0.013336812068809179,,-0.009045056484059748,0.009968827656584925,-0.011926529917712949,,0.010287162242538322,0.1116361198647078,-0.05188715812672676,0.01288984827267574,0.057696806974201875,0.009655951106158061,0.05395415551007129,0.008449207390727565,0.04402232360689861,0.027127470023170123,0.20952374933337375,0.008546777631821219,-0.11180340327353673
ULBP1,,-0.03682789014863312,0.06791892658669528,-0.04444121620185247,,-0.0564553450470307,0.06668074741541082,-0.009213010220102947,0.029576395203274826,0.026997925114057457,,,-0.0058475056361802225,-0.011403484775659691,,0.0031966456379809135,-0.013333173487847272,,0.03684431187423182,0.013010554782691105,,-0.02925355212785867,,0.024032672175646537,-0.013946840745074164,
SEMA3E,-0.04328683024364419,0.12196707762978845,0.028195136548983445,0.018348543782148265,0.0542168264148917,0.013698148014838816,-0.032585250816013246,0.035845264334694496,0.01567549015468268,-0.02689610297500932,0.026131811548391944,0.04967507912984979,0.0019601055545655534,-0.032090349279886986,0.11182309382034807,0.06897731215525392,0.0008774268131768996,0.02743533098376743,0.03633775317145503,0.07387410305634429,0.08320841118710635,-0.0408382426153927,0.006113275708390923,0.12113716899725535,0.05185849289484958,0.048359196999124346
FGF3,,,,,,,,,,,,,,,,,,,0.1043756861703409,0.10637509274930605,,0.024245820301456895,,,,
ADAM9,-0.07426513408943038,0.03510025582792756,-0.03261318058367214,-0.059858331495147465,-0.023561929615663262,-0.002608057680731678,-0.04895898013471912,0.10044269923242813,0.0797777338863706,-0.0024877009565694285,-0.008550038318257944,-0.12365766439062789,0.052682375932957846,0.04314053046087765,0.23759107561741807,0.05916286152381422,0.037602984929102586,0.09344138719044248,0.1302246654893683,-0.0018697599900834138,0.15369102741752064,0.0458189100276301,-0.05324921270998846,0.17739643392825621,0.08388733323759884,-0.011379120022717204
ASIP,0.0020554674000501302,-0.0009314013367595494,,,0.027343114332831465,-0.0018725581871817218,-0.009805249650189717,,,-0.04252711891751401,-0.03628832215026016,-0.06643545976071438,0.003406230506182115,-0.03177211145659433,0.22247717928281405,-0.08694783918091746,0.0750879680491413,0.11047579896116767,0.053877590715628546,0.12369091682876304,0.05792864051973021,0.07584364556615593,0.009738765984052686,0.12267298708922886,0.11967677651981261,
IBSP,,0.052642224095896334,-0.005059289972339556,,-0.02418592362268214,-0.05638121979831975,-0.012750700875538326,0.09033706760832959,0.07207606195538384,,,-0.2329343653693455,-0.028493869951797385,0.010007090811802018,0.15405752285471033,0.01252078069013978,-0.0024009198366831946,0.17824739003644413,0.09449309804763492,0.029757894647440913,0.04434523679848937,0.06734336079761952,,-0.04418082144044393,-0.05352749779972574,
MMP12,,,-0.011935434005041101,,,,,,,,,,-0.01443591675960609,,,,,,,,,-0.0026728622732693297,,,,
FAT4,0.001208477776758629,0.05160009855123653,-0.004184920614418067,-0.022987399501010298,0.07515967655923576,0.022720965650330896,0.047425143804725615,-5.485179625302201e-05,0.05085708253164117,-0.022223159654178645,0.025356079638050602,-0.03523049118737948,-0.00871840684913773,-0.03595560516685627,0.0016892401752509143,-0.12744352087043728,0.12966375267080985,0.09931904545745991,-0.0519073576730595,0.10548631451295643,0.03230199085960714,0.016313366108994077,-0.0024040835303070535,0.018370028588468982,0.037801221713362504,-0.05524631409516184
MDK,-0.07374316088128613,0.11107619328743829,0.06508522280943195,0.017542333541516228,0.07653294165862683,0.02568212976557846,0.04117066213258565,0.08336829940184666,0.12399674564095704,-0.0568703227332139,0.05117984631265246,-0.1466823142136475,0.08727867796522083,0.04663944764517593,-0.02347690021606921,0.15527413664643527,0.03147627776891062,0.07027007293412373,0.10887971561059881,0.13157904680518973,0.1024023300141652,0.09289517455726283,0.09202013922101675,0.09190208998951466,0.08486021853852412,0.1132443180704991
BMP5,,,,,,0.050432465334847014,,,,,,,,,-0.03809323239223588,,,,0.08975598150522245,0.18826137682955535,,0.04136176364257835,,0.06660148952112763,0.010699949809655088,
CAMP,,,,0.03665394940368633,,-0.0002665799831733481,0.0749122566624305,,,,,,,,,,,,0.018819482256235906,0.07210195903193253,,0.1025041274797568,,0.033762822990066076,0.03032111006043938,
HSPA1A,0.019482535831327925,-0.23167088618279075,-0.043710602209538124,0.06824480733124647,0.03503703136258731,0.008038581655806563,-0.02423209237271999,0.008294165378735778,0.07125911945478677,-0.011264861892009832,-0.0002141341478724156,-0.05084080223288815,0.07024666901853875,0.05499417702498633,0.051132838992566806,-0.02380055483673914,-0.017877320671080252,0.08946343067065034,0.030972074159148082,-0.06016469184149103,0.08962505389208937,0.04683517289952213,0.05833271805342252,0.08724434708727274,-0.05547991562831933,0.04118203377206973
SOST,,-0.017851491466180893,0.05255938142828049,,,,,,,,,,,0.016359179431979495,,,-0.04118878947291005,,,,,,,,,
SEMA3F,0.0011963381544997176,0.16659860654612557,0.0058282555260051215,0.007916345339589204,0.016838709011524733,-0.04066741393024542,-0.018527418283616304,0.03884590004039681,0.04822083052322595,0.02443035898510477,0.029113627943448985,0.11581726901661486,0.0013599831005936258,-0.00638184035510243,0.06231034164135832,0.02304060480964595,-0.04320446690961908,0.204961011991001,0.06871122030706998,0.12617837875081445,0.13045258843092977,0.013540735213375217,,0.09263926302740354,-0.02961375477987734,
ARF6,0.021669785370047823,-0.1560269122813683,0.06765572357312102,0.009154344347863443,0.008357264857738116,-0.05059494885420037,0.03837883322283066,0.0425054941784547,0.01179180268670112,0.028043263478212708,0.005434850354582236,-0.06283466622194352,0.018380174755631713,0.05246597483245179,0.2285555119119743,-0.009926906206131307,0.11713528514265911,0.07192819673225595,-0.02455382019119398,-0.023315893974174023,0.0045812569206006674,0.023899000062559895,0.04916970513453617,0.024301092024505585,0.04746573383590298,-0.0346408955985553
IL6,0.0645702683542153,-0.049814453835440954,-0.02237712948406964,-0.034091777817601025,-0.040565219480742334,-0.030163682314459123,0.023643051371369687,-0.01581710273532128,0.01580823722820511,0.02622306391502466,,-0.09970828016286458,0.020942964158502296,0.029825552035414617,0.08806104427695241,0.02175228268443137,0.023845472171233506,,0.017986969051433762,0.11855450625711736,,0.02538924289670432,-0.04827437128412548,0.1583853379397307,0.07372885962393011,
CALM1,0.03026007528587642,0.24071551668575175,0.0941086725597894,-0.0008492698020749674,0.06046991320817783,0.05278048227775255,0.0813865071765626,-0.08152838781312656,-0.12998824849300408,0.012905055167379657,0.03820927183680995,0.2954100385254459,0.015076704104825266,0.06192116809998572,0.08099644848599766,0.06801073643113348,-0.01150605059335446,-0.0306993902839036,0.007358749763553535,0.03794391473092287,-0.11233188406086433,0.0036438816362504367,-0.04193072222924309,0.1522458397046494,0.06513766153464,0.13976753343673892
VIP,,0.1313846950444072,0.031399328552695956,0.09337098871478143,,-0.012707558693223387,0.06477279199057108,0.04103602659411817,-0.013994506816892141,0.015445683678093998,-0.017237868267070716,0.15986536693677664,,0.013275321430068212,0.0151154126066615,,,,,,,,-0.017621913089381176,-0.0010413185336376235,0.005458896908097758,0.1901840902897938
NMB,-0.05905665330023797,0.05594711846680863,-0.009685534067219038,0.011638849873924158,0.016030571734280366,-0.003968481303999905,0.023250841743922085,0.06612415594472774,0.10131830951493534,-0.01592415284168403,0.03085574023901141,-0.1649990770217474,-0.07933341868255925,0.03799771741817336,0.10995063169944136,0.02628477170194393,-0.04913014114011749,0.0900075834325137,0.07440316771286369,0.11523867057808936,-0.033969369047756874,0.011037077703744487,0.03548464191523334,0.125365189287211,0.07168936452501817,0.01883410470053481
CCL26,0.013845646373572837,0.05021213284611901,-0.037125326355126775,-0.03951028495615326,-0.04456210708933976,-0.009016683771715966,-0.022554714043509436,0.004643140799524254,0.01853048427310413,-0.04811326843223079,,,-0.07358042161852407,0.013164689917852425,0.02383095565118666,0.04976710402451564,-0.0728523619582327,0.07802767406276016,0.074671103050215,-0.0024934820450270277,0.010984662696433268,-0.04294446277827999,,0.018825231740015186,-0.014280841027988234,
FBLN1,0.030076588097371158,0.1764723536319014,0.016505432368637475,-0.010825847313853101,0.007750946625888119,-0.012757590138642498,0.06450274647615539,0.05015398032390869,0.050095977753111746,0.004473273958007953,0.0022910359783558307,-0.030698671617750285,0.0030270083866245907,0.015043507346040581,0.055695735426280944,0.013520144919688597,0.08031163556835604,0.11159981005167725,-0.032341863905152764,0.04551651492941804,0.06599815598987685,0.03185035137436187,0.015464495095738929,0.04226237503783241,0.0697541635922098,0.04620579261387269
SAA1,-0.015657361256945564,-0.0037560027651664433,0.018071606678562675,,-0.06124709690016531,-0.03163847549463167,-0.02338019294027344,,0.06031301653775959,-0.04823473135248258,-0.013566181713769476,-0.13027683181235844,-0.019502430668010294,,0.11588350699941709,-0.008752406008617783,-0.052847383561938896,0.12182521822461793,0.06568550495549844,-0.02506157762058759,0.06080894643854562,0.010401875526754914,,-0.001097993939536727,-0.08416407331121627,
MICB,-0.028354038561664713,0.04251081970165021,-0.03705112758461911,-0.044596747603598344,0.031505706022221275,-0.06042060446185423,0.03984987271642666,-0.027644531021716125,0.004436129475917828,-0.011413489788319218,0.027013654611160967,-0.054655192961543836,0.05311640470241106,0.044369027437086296,0.11778290921565825,-0.05505000914961206,-0.002727669856508005,0.024347562518419005,0.025819758627666795,-0.0012998105194066826,0.045554614381386214,-0.05158818301494741,,0.07425703605288028,0.061726183545033154,-0.039650520475240994
MMP13,,,0.010132974786469344,,,,,-0.01352783812594876,,,,,-0.03683631668575512,-0.0012496117768774793,0.003974226836939771,,0.013675610820918706,0.11942271767842283,,,,,,-0.02842307000334408,,
F13A1,0.001807208802698847,-0.07347884785971873,-0.02290315918241453,0.01598365600391901,0.05310513139656143,-0.016023981926428173,0.06505964749570303,0.014292754127118302,0.08016816576088436,0.008937469622837809,-0.018702384143132834,-0.1528619144838671,-0.0039055872015385804,0.0223937159413827,0.11254762797387934,0.012786001598101655,,0.014157711242187919,0.0813924221475877,0.0014299751607747663,0.09142066681654491,0.028407673188516776,,-0.037478122097834694,-0.050014415522034776,0.14689864490457427
CXCL11,0.05674741306592399,0.07177827562415318,-0.006127255274732095,-0.04504542513746392,,0.015110123328334661,-0.010326046706896772,0.008052544225767545,0.024034928811850962,-0.012552897974769788,-0.0485269099225639,0.09536199564818366,,-0.024157245335259588,,0.020361758202693505,0.0884368600130456,,,,,,,0.00011807141080854936,0.1170840161408615,
COL5A2,-0.017798075494496888,0.10899298086740744,-0.015632585696215208,-0.018299225210000332,0.0824963509659862,0.033401349740733124,0.028379994440671037,0.07098889415549645,0.09524228966450676,-0.0010330831811284952,-0.011867294514447698,-0.042352700006717564,-0.036740579665942054,0.06520739046680449,0.0551416081052524,-0.018361827277703986,-0.001688238500782073,0.19997185258670944,0.035755159428782074,0.023990192072956384,0.16957531246184626,0.031159344474381175,0.05315959430780624,-0.1622479645554931,0.008327041569672686,0.15510835953433055
EFNA5,-0.004115803721223192,0.07038347600860198,-0.011627690873916595,-0.006769712644506615,-0.0726937809480513,0.047333073222309424,0.07482563589666723,0.00603593978876289,-0.04288923534961071,-0.006592909075861033,-0.01741692226568148,0.13210427873435424,-0.026821646774422947,-0.0054383971228734165,-0.010117207005856927,-0.1355389564835637,0.007767581577550112,0.10032932578101703,-0.01672104570888594,-0.04656626807053962,0.0555991880436793,-0.05543748883144133,-0.043699371293863774,0.12974471421015515,0.1309501064205325,0.06789359097633232
AREG,,-0.003306676247261003,0.025050136618312947,0.018290821399021617,-0.12415731892318023,0.019844172489780966,-0.020007158666824367,,0.02042704205784142,-0.028098444155992424,,-0.058421658738159035,0.03601986368860361,,,,,,0.052440943188081776,0.1229494424910831,0.030453623689382904,-0.07427324511973378,-0.1107341940998673,-0.00043661561553322276,-0.03631035379460914,
EDIL3,-0.06502225419905171,0.17056083319078824,-0.00876210127966022,-0.03572656963990516,0.07379996063500341,-0.02852375724220066,0.1024658217621221,-0.055257204658874966,-0.11806650085085049,0.03531801550409227,0.004367947574870933,-0.14972961360881823,-0.04607919170014917,0.06686231024982843,-0.07178059338351277,0.08718482997141175,0.014506689566116568,-0.1471137161145596,0.047847710133301934,0.07302790052615138,-0.15122336712290252,-0.0029402772089420067,-0.010227762745917307,0.02974098443678327,0.08111707373656012,-0.14374255888706552
CD86,-0.04762738163830902,-0.035058557545810394,-0.026947046244101148,0.04767083699455581,0.016690857865347936,0.06599481289164776,0.014283411298877443,0.014650764373964058,0.0911888424762568,-0.02876825260772622,-0.004537510702850344,-0.10490415146644384,-0.008183991305855226,-0.03461644835555626,0.1475190990086263,-0.05198589081379928,0.11296343387025778,0.053027632735792314,0.07037199751189026,0.10650736221209484,0.055735836210123034,-0.02387053448067905,0.16584676389787883,0.09983701310870632,-0.010237041269140523,0.06691767769637727
AHSG,,,,,,,-0.016437134889640093,,,,,,,,0.03173121112156217,0.007367753965869395,,,,0.03577219676837569,,,,,,
WNT9B,,-0.025073481002107365,,,,-0.01329296368512187,,,,-0.01978741106503559,-0.01358141939848231,,,,,,,,,,,,,,,
HRAS,-7.463297321943963e-05,0.047195380093745035,0.0241068743843209,-0.07229241787708349,0.010854388434503072,-0.0064585614890831766,0.04063054275867339,0.02537916781090425,-0.006442214003910318,0.062025433162335344,-0.056269738655906884,0.1221982762967266,0.005174244815320288,0.02486869387631448,-0.0037859319848092673,-0.006661291821763185,0.04672971848286226,0.05118413636740201,-0.051491069824961495,-0.04706393601679616,0.012285325500556252,-0.0401139687557596,0.09287425359342424,0.16809708167295168,0.04643863593334409,0.005577095785902281
C1QTNF5,0.028536123225486175,,,,,,,,,,,,,,,-0.003820276218786618,-0.03923522992262812,0.0003929417457527604,-0.0162337000170105,0.0779309775016524,0.09596745403963318,-0.0031640887254613193,0.14130270241270573,0.030506746922620644,0.09281502359340275,
RLN1,0.0716259305221367,,0.05657163282623214,,,,,,0.023914537745059364,,0.04191056322280393,,,,,-0.02915000438895747,,,-0.004018462279315003,0.0817011605077585,0.07711639488460266,,,-0.010354615124359982,,
COL4A1,0.018777585772830823,0.15921844779788852,-0.014274316092764085,0.044188849985873295,0.020211595675003295,-0.049425094764698634,-0.011805928737680693,0.10037056864805212,0.11977772965538473,-0.03765827015862861,-0.03658794913092995,-0.1289976087478216,0.03358835392137764,0.036962484027170985,0.09535487726455961,0.04983878845299018,-0.10262116880440929,0.20068134106924196,0.028786758001437353,0.014760108181767161,0.1903972739404888,0.07212951758313678,0.07533723414525328,-0.18290307101052483,0.010015505572029624,0.0028362020583194746
CCL3,0.03417692014457805,0.045676998145791514,0.012046937507774826,-0.022818143032081482,-0.028437497380260728,0.014542771196001121,-0.06930281765396418,0.0631910870894022,-0.0022452807292073795,-0.016834873059597508,-0.022269776638375913,-0.2303058176097309,0.02447474148274742,0.03327182272780923,0.07108091270290419,-0.016453144277106757,0.09433676973100091,0.024555914283351184,-0.016963921701046193,0.03624186242781993,-0.015232017425685297,-0.05767383841688706,0.0010774610713494743,0.21768778235625444,0.02419921268843758,0.09389049758244265
BGN,0.020983121173826905,0.09684282363665205,0.006674385555635762,0.008099825020157223,0.07361922360836712,-0.031563148632496305,-0.008816001864250175,0.07991134486882473,0.05781795236895899,-0.03197720500678805,-0.00024947989169498357,-0.05220233772458943,-0.11713053270515468,0.052774061308582254,0.08723856512204838,0.041180503506336806,-0.10645454900660359,0.13492365373948884,-0.053201474018391565,0.02287962525010571,0.17133075250873692,0.04830580417893447,0.016490088633715743,-0.12077296057618261,-0.025128273941614543,0.11989113672074247
RETN,,,0.007849908611271042,0.040478131534095095,-0.030676260053943208,-0.018282396909700325,0.03081171695578017,,,,-0.011061049762974373,-0.07197863768489149,-0.012622785995638545,,0.11136635130722228,-0.04633638636002153,0.04113345573606105,,0.01780769853040383,0.031888300898455776,,0.005343372502361811,,-0.056959791465767184,0.042221468562070104,
S100A9,-0.04287910471443674,-0.06863523617181069,0.0008887589216534737,0.06107897972104738,0.037954360617700626,-0.07955823846651977,0.02220839109215652,0.013170640194682719,0.10924551912487923,-0.008889747262271623,0.0032909701322713404,-0.271557499957814,0.04373542722072546,0.08569262507086589,0.2855893146578865,-0.039738583094474075,-0.003104010334907618,0.1570831992752771,0.017026707864418948,-0.06904482424970465,0.055207230317531775,0.06958152768626208,-0.04546189451787459,-0.03972774352806719,-0.07491615143995844,-0.056574801230488664
HCRT,0.042960397992524504,0.13096563351652377,,0.06476483359442066,0.016154405602930487,0.03861842970945572,0.051177507461521866,0.04966478332924947,0.014087919076582816,0.02489425162269445,0.018169758143243155,0.0501418679968837,,-0.020265138647136485,0.09802131206642374,0.047850812319063345,0.02437630784936427,0.08934368162484682,0.041858965349631204,0.07367357264387615,0.024888751726371495,-0.018279225048786374,-0.020619504970277223,0.15042917808635264,0.02577601336366609,0.07235634596621428
FADD,-0.0172675213804094,-0.019541370649855516,0.0196699216052995,0.03504747509500197,0.041966992634938756,0.06997768963371577,-0.013159427043065471,0.03942532751874192,0.08686869351063414,-0.011839360928182078,0.0035307512170147316,-0.026717314744434183,-0.005991412105670666,0.10458341212838161,0.05800258822060335,0.003745500348540147,-0.03634651123674903,0.08541812029712252,0.010949324480412706,0.13711002461225638,0.0488154555377162,0.06125856123959327,0.06965594850310328,0.17165359104143696,0.05318684079702667,-0.00037165512347912935
ACTR2,-0.04212480803650552,-0.005704415133298599,0.06103366635046743,-0.004743687173248982,0.021727220711568955,0.012702543784765253,-0.019814615144867116,0.0043505785973697005,0.06545219782566956,0.03325101828530014,-0.01599530266453693,0.03308638421376153,0.0513666983225425,0.08419274271699041,0.05928094761159977,-0.0010071226516812056,-0.04824444902125428,-0.01425587457786405,-0.03478534191993327,-0.09478410182275104,0.05803570754631495,-0.0016544712490659437,0.02819210776916324,-0.18117732988622043,-0.0403796901905334,-0.01978343673116538
BMP2,0.011347038736248266,-0.04779603870418863,0.000842605201416432,0.015442443584766853,-0.05695575403280846,-0.022524723806553872,-0.004261247357983372,0.07378635611867158,0.003978135105488137,0.011474186775967838,0.027015500511077803,-0.0026780359479300275,0.013200671872137245,0.1203003181055431,0.09692095278069796,-0.0629802935663087,-0.07401548147476131,0.003737203572348394,-0.04677294736580351,0.11248393264591602,0.03722064194993686,-0.038415199232405425,0.015202699821830274,0.054895785591777047,-0.08114872989117128,0.12835549158126242
PDYN,,0.22220082776472372,0.027270927798145484,0.018175783474096017,0.04412014753657463,-0.019787004256380587,0.1087581884246216,-0.06127811377756792,-0.05220913082499895,0.09607298412219842,0.06895756887951321,0.11604623197039662,,-0.03674703269061706,,,,,0.06306690401763444,0.054070585640819985,,-0.0026049533515499768,0.07247804213169286,,0.05195907025052147,-0.01308629150200175
CD55,0.0167101018753753,0.009141319459011438,-0.018060678125440852,-0.00977201791726216,0.049437075206489746,0.018330531773391754,-0.011879041443863817,0.10767565557071399,-0.05958010422325652,0.04773460416881941,0.020593421199636048,-0.09881162024040865,0.024859013643513637,0.04916746236412409,0.06752480869394524,-0.039946327532848866,0.05539946405660702,0.1253939860052809,0.008298129228852359,-0.0018299471565780567,-0.062419870833675985,-0.009968819055697973,-0.08061722580070844,0.05317667930449372,0.006941390549393274,-0.03839131067497224
OSTN,,,,,0.14744567514196996,0.03958669131837299,0.028387135676199625,,-0.016739531441888486,0.07183976201373252,0.02385258632553045,,,,,,,,,,0.05104536952169694,,,,0.07950955969821252,
PDX1,,,,,,,,-0.01774725575380219,,0.011185547381771372,,,,,,,,,0.03424954529680846,0.03203894867604588,,0.010500705503599406,,,,
CD6,-0.05348589187214542,,-0.016680500890763787,-0.024743377223741692,,0.03533926803224881,0.04733276677613022,-0.009172771643095422,0.0031831564387539537,0.03106450328456227,-0.019807486439060242,0.045528998131744346,0.10657386703586291,-0.024948897837900524,0.20206119609703183,0.046245364001083714,-0.0336741070197703,0.041894380394284156,-0.03555244372456439,,0.0610362007808755,-0.04119850809800372,,-0.00655133327153638,0.025610543036804927,
IL16,-0.007761185155916993,-0.0018871962025604834,0.06697698691756634,-0.014219751194426962,-0.021392183060680175,-0.014419644117921267,0.0200109436781109,0.07637671271654682,0.03248118307985221,-0.007936978086353711,-0.052672355085527874,-0.09896201652291899,0.011143248528186999,0.075044600633849,0.044606562738947746,-0.01993950919525316,0.002215027071566951,0.10906050805079966,0.002358851755561591,0.08233749347966247,-0.030204767006875296,0.05473790205931118,,0.14330358953083097,-0.0029429815286568643,0.02792752883240414
LAMA5,-0.04380816346598905,0.02148495949680151,-0.07118141526297089,-0.017491810782554143,0.02698739844037595,0.032645118724008264,0.011072749221532466,0.0015737972783432743,0.08161910257813375,-0.022588585504734006,-0.06323670734357469,0.03054787187975095,0.05342476291957974,0.012029339770605836,0.19985504940909654,0.13151855092481832,-0.06973616520383007,0.17950006536594534,0.06346282964839077,-0.03228844519263319,0.15361853979592247,-0.015236996722342463,0.0035946313345471704,0.026539195595280618,0.08106994988473912,0.029513257942833833
RGMB,-0.04833733763810782,0.10623331353055658,0.06712437737377307,0.012991822471282709,0.021673984458664353,0.016264176950495306,-0.013978843065626486,0.057551752328172084,0.04917826479805076,0.019550632629255733,-0.017582137948084792,0.1711199466319165,0.051285827259402735,0.07745837908560779,0.12017341271381972,0.06256430101339211,0.04238180705902289,0.14224701815683022,-0.05431717003781948,0.0295292358818692,0.16293039274295265,0.0456651680915274,0.014813901383315939,0.15622002579744726,0.11148903225450278,0.1132294092784251
INSL5,0.017932776191113487,,,,,-0.025564453680867762,0.0011562883947136187,,0.09175459251290062,-0.0033055058457233974,0.029576241622816565,,,,-0.029793247001171825,,0.0031563829157654423,0.014381129554188382,,,,,,0.10892148015940274,,
IL12A,-0.0057640605786426075,0.0485686049156619,-0.032404246789753184,-0.016085612622591894,,-0.024659022009725418,-0.022929254338919083,0.02760807500395331,0.08788777752919308,0.001851500728916865,-0.010261040707685465,0.19354265691470704,,0.014139986168662183,0.0953409735989332,-0.029617317163925003,0.06307945997557093,,0.04955547701815029,0.08137371596104198,0.013898516228634849,-0.019690893471051667,0.009613948385220965,0.04677011251194492,0.01277482822254839,0.1547057756787898
S100A8,-0.03385065345531442,-0.01906596197770829,-0.030815204764425765,0.03269338671501709,0.061348063146830493,-0.07800531144262987,0.030302357074547672,-0.03141898823987123,0.14794786104557692,-0.018454039647368994,0.0704225025689233,-0.2695462166877328,0.059583731941165625,0.0031022172517086105,0.2479498955087365,0.0049107793261464125,0.09668198602451739,0.07509489274899228,0.05819268290394752,0.022634441843732197,0.12571348082972778,0.02861509339470403,-0.02299723763914428,0.08249892108502704,-0.02461360319707363,-0.029691795751517633
TAC3,,0.15207536120988566,0.018160997309831735,-0.059237468593090224,0.0002469631848594384,0.005845947403931625,0.008343411162087479,-0.06991964143684559,-0.05429814210255484,0.03141164880190419,-0.04426669409329963,0.102655430570009,,0.025947378417505506,,,,,0.10748305384592674,0.098315354074617,,-0.0004335452336400203,0.07521925774560596,0.09337992135656656,0.13143697344120528,0.0453229029043213
TAC4,,,0.01364566412117823,,0.015103835725980475,-0.03597644575507971,,0.0018502075993601951,0.05329318608746187,,,,,,,,-0.010311051639956006,-0.018927061829341535,,,,,,,,
MFAP5,0.03800983563683994,,0.033475597265738524,-0.020084907762493096,,,,,,,0.0026629185491638513,-0.037709024225554263,-0.04395995098649483,,0.04999929500059786,,0.04329324923273549,0.08587283268184498,-0.04034951656518125,0.022652593756153843,0.0387199965042182,0.06036038234200248,0.037096805063652545,0.06978640940570639,-0.047956847617842274,
CXCL16,-0.008796653585274535,-0.04322607893450534,0.013375307070339227,0.03935200490651155,0.026145193892851595,0.022620928327420207,-0.060373891276365214,0.06833681574066523,0.08103185775211925,0.0013588712271329795,0.011240543389555276,-0.21034616769565706,0.025327228084511735,0.03908200562908319,0.09177884255738392,-0.04248395243758323,0.11147621005017504,0.011090331669701366,-0.012212724055002797,0.05033613657949588,0.08883864514546165,0.020515403369098767,0.032568529986621624,0.1025663104831871,-0.035279978658078956,0.04070268257307441
AGRN,0.07072348218806007,0.10923376951635243,0.04183151258559467,0.04628773425836598,0.10573233065855252,-0.017702751845545858,0.05658536248103579,0.09856458102441613,0.08856217347317485,-0.029818263939248062,0.009535917876024605,-0.005953501434318407,0.024473653096746022,0.10207655830423035,0.0776675013425892,0.043521952487510555,-0.044121760381909556,0.19084203621798515,0.05566073824887718,0.10092127159217464,0.23025902953277771,0.044524314713221345,-0.033003842965035085,0.017598762377595008,0.07790119223439744,0.024704450804426088
COL4A6,-0.014885103881746761,0.02499414393895212,0.016605376580259762,-0.03838464873134253,0.055768568940432806,0.0034359358126619605,0.06232543870050773,,0.11821118433716381,0.02272422645568397,0.016463067277862252,,,0.03959883460879323,0.028666276962720734,0.044486349528101765,0.07529271103356783,0.003899006428287009,0.025612099918343123,0.07267425348221256,0.10758915125432456,-0.006522278956846637,0.0032160197647374726,0.20353358599788923,0.02160537106309325,
FST,,0.029209480514820682,0.005634573630537695,0.04194260242466978,0.032095911219657054,-0.02214602849653784,0.007095211218846241,-0.01365576792032556,-0.016871187319663104,-0.001755952042516608,0.0016452339792078828,-0.0015398010326184292,0.0880046007661356,,0.32841408364637725,0.1045800071020619,-0.03900027566037923,0.05980441090456335,0.04095663932643865,0.12314438086989583,0.18236358964092322,0.05438193641338195,0.012389616822434727,0.18614981069850703,0.005551261083641822,
MEGF10,0.04170777162965329,0.18115988301753924,-0.013508873895386986,-0.01744479979101463,0.02672073644632927,0.013862199247398862,0.05590303180369113,0.057455238214062954,-0.02094195916300561,0.01740364580125074,-0.011967208659673368,-0.0706499386557433,-0.020207249954828962,0.08869878348595044,-0.02357009592048797,-0.0028870728293027927,-0.07582504554374249,-0.0266148679485391,0.06921944908976232,0.13880909970322636,-0.0017567355914445224,0.05443498570601557,0.002569376180515256,0.2009248828567809,0.09331173664138163,-0.0843048350262273
C1QB,-0.06392373154913286,0.03199855832626199,0.0014624426134861547,-0.0033481760619457415,0.036494761943152196,-0.037667690289229304,0.05927745593976943,0.07896323075266282,0.09229202376950559,-0.0437329382433118,-0.009219180390229951,-0.31468375825450845,0.06727055109331885,0.0819087316339196,0.14881207134613975,-0.04063853498601967,0.13882750135982724,0.0835391420240418,0.01512522921769146,0.0769752249480392,0.15170659467323594,0.05388621985063796,0.09867189675133012,0.12493455069800008,0.08060235983094374,-0.05691694997463795
HLA-B,0.03131019040850105,0.0012737090452690331,-0.06627178201425007,0.061427356735354016,0.05522470249787835,0.0019889981197698326,-0.08634930093268249,-0.05880381886506855,0.10591001634606104,-0.024903789189486554,0.06767562951098219,-0.27579639194616873,0.013327350725490449,0.027218615700616948,0.1744210183889444,0.0014003120432997376,-0.009915007341075295,0.09707498103523832,0.07638861288419461,-0.033538557410184175,0.2082086842260571,0.040684547202383584,0.00730347391305222,-0.07204600009782386,-0.10677923686614753,-0.06370629479905199
PDGFA,0.004051933750862362,0.1954878430029418,0.02354424885913791,-0.04411839730155528,0.0290860953952228,0.031728789205575654,-0.04764731026065422,0.06018719614037332,0.014315732850905722,0.02519075378288354,0.02905241394960798,-0.00750357770416222,-0.003151210194151013,0.10218430853765736,-0.02865357490689995,0.0750450089574795,-0.03541782876910233,0.08689959768112382,0.023307657697203055,-0.04777709435321297,0.01576656914823416,0.018449787252322502,0.024714027703710315,-0.03906658467895497,0.022604308270909392,-0.035148628020130857
LAMA3,,0.024760854915385697,-0.033019354460749925,-0.05044843064787256,0.035872264297613414,0.011918561429059652,0.09436439578254055,-0.0524052783007142,-0.04173554480017176,-0.01730799802345567,0.05252891186267468,0.058141699112670066,-0.022822401490847324,0.008872958700596298,,,0.0640271873842938,0.03798037557033131,,-0.05216215107292974,0.0037799973583906897,-0.03416852778696511,,0.0639606867819659,0.01743447133440415,
DKK1,0.03750472444308336,,-0.012976466965984812,,,,-0.011513927209604653,0.040722446598738506,-0.025001551015448962,-0.027938509944997005,-0.0030684083467733634,-0.14118415425860087,,,0.14546887384624677,0.10617536797722897,-0.03714514400766498,0.10774483871686338,0.11403456982852671,0.007699456025831407,0.0005218200102787096,0.046423285897591385,,0.08547849073917466,0.027110971274908354,0.06747777141779106
INHBA,0.004219991773703369,0.050319605760498036,-0.04678893840538056,0.06323043534292397,-0.016189347261462216,0.04645017225675565,0.07180972701865447,-0.05584537280672157,-0.04454114335828175,-0.005344178927520533,0.0403151481033918,-0.07571672932789339,-0.039590522018808756,0.04680935462258064,0.13238208789689143,0.016225564872549718,0.05337977431486166,0.0019516820039312283,-0.07279420279183756,0.03411407706080842,0.011540043352605086,-0.04076339350781085,0.06559870233608447,-0.03675615384401123,0.002239544577056688,0.2575993920302782
LEP,,,,,,,,,,,,,,,,,,,,,,,,-6.836822441386465e-05,,
IL7,0.05336084205141925,0.005532783870780274,-0.02733591466165387,0.0034797670170970637,,-0.019304044531038903,0.07961317651190872,,0.024621573562561724,-0.012165398040426602,0.032095326039908764,0.0204827701576481,0.016754138905171103,0.05626932021398499,0.08531528171095386,,0.06836410337317839,0.04072042016740689,0.07582702162088248,0.060731409333818584,0.04076654636137684,0.015945253942661986,,0.12567589785323247,0.07201539174593474,
FABP5,0.055434107332183104,0.14056018395794648,0.09166525441535414,0.03331852475427089,0.11059616152410943,-0.03781892185128585,0.03661516350938425,0.047821941149610726,0.059634538417579125,-0.019177941433249204,0.022034129206281956,-0.15561573982938356,0.04883765710823512,0.0443765037858798,0.2097544948336844,0.08387090194364832,0.07109224882108561,0.15790925236667144,0.012639105259387785,0.11066444896019687,0.15595472393729107,0.048174560779347106,-0.001354179931186627,0.2059153328760495,0.09645660665562023,0.008128647853626145
CCL4,-0.05275581661649459,0.050668740213413915,-0.003525040281037729,0.04745726839725973,0.042597604272625586,0.01722683420001194,-0.02883483577321661,0.07578654113738584,0.03476054271962915,-0.017250743546851154,0.035772650206256376,-0.24476071449560216,0.08102629488403332,0.0037409479929709374,0.16567955621470892,-0.025983358213139802,0.11349498136050078,0.05989092365736761,0.02610723328193152,0.06244998309321196,-0.050093662030318994,-0.06862972598292891,0.09605527382260808,0.08076480734704566,0.0014474821025993777,8.538327032875823e-05
FBN1,0.016366176954941053,0.09472106038652216,0.031189729461034054,-0.0255465636155123,0.07234677698785329,0.004564857545524667,-0.043628035701033685,0.06430381414479905,0.046929731752705685,-0.06481962959094029,-0.021687698952235577,0.02634373060083829,-0.02447765721411909,-0.022126627303445737,0.10346906736582463,-0.03420989391784853,0.0144071761855419,0.13732638327399066,0.03953164569252196,0.08408453613745212,0.0988595624913905,0.04504443817169626,0.034740197703356665,-0.045557845172817836,0.016162621066155465,-0.025607326665904186
TCTN1,-0.023816578344251695,0.06508836346485988,-0.007033234138725532,0.0004443501288459784,0.031492740822082685,0.03712945598296354,-0.02357021466330232,0.05157352954302354,0.15421212772688395,0.0684945743028525,0.016675028983240938,-0.039088281024341566,0.06501182100443403,0.04077367840599615,0.15658996394247524,0.014330082714342047,0.011326372259114351,0.12931143444704196,0.07173396777987248,0.12191202952723988,0.07219214079059058,0.00994448712950936,0.02284037488166665,0.13778137227125872,0.0489975570582122,0.08384692391852984
NCR3LG1,0.07136219380094994,,,,,,,,,,,,,,,,,,0.06071780040062007,0.058340542781185,0.05268964033819045,-0.03701320653091033,,,-0.004191468953951045,
BMP7,0.01640769702787824,0.06088144378667399,0.07464089279695078,0.03147857692122629,0.044401850147095016,0.0163896829908312,0.01643877177703397,0.07513732594192955,0.06327222098526071,-0.004957727956963354,0.017186223319818825,0.0007338638299976176,-0.026825807685701735,0.06924462799628076,-0.02133349450790366,0.09724303109144113,0.09502473481664471,-0.024203276173352294,0.10293355137385748,0.05223629574844448,0.15421538235748047,0.02350968124403252,0.05072783647880498,0.20851648904119224,0.1521490776528331,-0.02244360073383416
NLGN2,-0.03408593702849643,0.0461185266395516,0.06288975941475672,-0.0231130201161897,0.0693805362958499,-0.010157522784744008,0.012610570751720132,0.01927656382631891,0.06598318565188223,0.023593028029520475,-0.007288787901964618,0.18892708253312238,0.03223425140787332,0.06765348578978411,-0.00676950469603695,0.12944095557466923,-0.09948089370014927,0.01855484492409878,0.06476373317067599,0.12209503724682041,0.005590451781044233,-0.02309286238700606,-0.025738860454742836,0.14296051914699173,0.02283499664791013,0.08334675093615856
CCL25,0.06129927298926614,,-0.0043136738093736415,,,0.03639893020283708,,,0.027503109732563667,,,,,0.04938219840789707,0.07244367458582412,0.08813301868379149,,,0.05131788000433631,0.06533202151496637,,0.018357499474275955,,0.04175464033879804,0.09095733684010952,
NPNT,0.06909549806071545,0.11425544051822198,0.04379935616168257,0.044713184756467725,-0.022803215722315365,0.07377104928916987,0.005430299229822666,0.022203966626646,0.1517507809438896,-0.02575593266957186,0.006088344490746492,-0.02889815860066954,0.04851768404076293,0.03466024359159831,0.030799800999651357,0.08013881438515279,0.010717763942306446,0.041851167667194974,0.05312185062714103,0.10729084366195939,0.19490340261013506,0.022634027675285214,0.05222090764840162,0.17977805046447842,0.06542196195450564,0.05346559076830508
KITLG,0.015146609811098785,0.09734047064958044,0.03994519054600346,-0.004568323133460844,0.04276248069918241,0.04333826926980104,0.020378867052648138,0.01685092826861491,0.07149564206280777,0.07760654399627069,0.048918535780550686,0.09680340174213904,0.061455365473683375,0.04982934345451101,0.07137378615961834,0.06143713277372262,-0.002137931220626967,0.20022511377500374,0.012818384107239617,-0.013113159012836178,0.03672727263137844,0.03119223703811693,0.08630267573327467,0.1523488258002842,0.06388831660778678,0.2143410392546509
MADCAM1,-0.02671857694415246,-0.01934146026643706,0.01724681859851037,-0.022428140905880377,0.04857762101019191,0.02119827320059337,-0.008688684218244522,-0.005217036466198366,-0.029159474119824662,-0.01232090311283895,0.01702260282596335,0.04716430282246829,,-0.026336727408515805,0.11277097419737511,-0.011490950065611906,-0.10447837807062076,-0.0324661395973921,-0.003223556952921432,0.020146571660260574,0.031181615383938807,0.009814118694864619,,0.11347427567306316,0.013220855433746887,
F12,-0.021778660374583668,0.05116355903500644,0.050341193185066885,-0.005936818113333378,0.0430210652754856,0.0034749867741079702,0.10129163753535014,-0.026225684500883244,0.03534149951965755,0.012316251583641838,-0.03925394704414996,0.14695771597902857,-0.014880064739017209,0.10013676781796965,-0.002449349166765199,0.13326103525674973,0.09775226182535002,0.06518923277707286,0.009703317900910464,0.13238260674858474,0.043530501016316364,-0.022852705338489643,0.028965082640731787,0.1215468865836496,0.12974874101522121,0.0861098215901674
S100B,-0.01262724754568863,0.24066748713037606,0.10016796605159078,0.005972256270017435,0.13332306487747547,0.014944961295502976,0.04785012330378263,0.013955938605202979,0.03665989569749098,-0.03567501729237207,0.052527286676492105,-0.17934759173771084,0.06840631356141265,0.0316367397146891,-0.2858913511209657,1.639996748442618e-05,-0.03280839330236756,-0.07791610274453876,0.06942001102363293,0.15722727463428401,-0.17142134288334474,0.042364065523725805,0.0712391040257983,0.2812854773583971,0.23680460574973525,-0.10092234090467826
IL27,,,0.06126376235410029,,,-0.006663682033916852,0.0557916418442941,,,0.0280808572053899,,,,,0.042183136006315174,0.06376818347275531,,,,0.016280470948601453,,-0.02646660334075346,,0.02134735531841863,-0.030784202474913376,
CD99,0.03821415988213651,0.06004610370275694,-0.006931535426906782,0.00491631734892824,0.0062686843559296105,0.03969492002730759,-0.001612295675063975,0.040832043969505426,0.18497962902304504,-0.05662239263314669,0.06229476011389467,-0.25358983870614465,0.02964988703170572,-0.02967487484564371,0.26335872801627797,0.0557917770848262,0.060953459562456166,0.2112852074633419,0.11736337601620236,0.1648352133884062,0.11484350395152368,0.009559518897675565,0.021714298748893173,0.12242206119747916,0.12883341816871824,-0.12635432345164405
PDGFB,-0.03296338574596879,0.08055205679002495,-0.012423169401842042,0.04933663706098335,0.07236358208631453,-0.0019626215884237016,0.005139356722015659,0.02303924833654677,0.053789665404517135,-0.04891931338058768,-0.013885865244798299,0.11774499392664173,-0.022383625342820575,0.07060427024151532,0.08658876426278633,0.04635975657834382,-0.030853928026226697,0.15130647337226374,0.06164707347291393,0.022720376728847084,0.11138515138137037,0.017408111641730572,0.03862830435070788,0.09745170262799328,0.03852776276468587,0.01940747398385625
CLEC2D,-0.01837934847010421,-0.03174373544881665,0.08490745615970424,0.034858960585192944,0.06853982858507962,0.04315168866208015,0.03525822040135538,0.020424284925348143,0.10633026639402074,6.930103348788558e-05,0.020182888979160013,-0.0980142711520808,0.002931949367481783,0.028884109244008485,0.03500081286357718,-0.003247917903981765,0.01406649947749661,0.1542840420658606,-0.0010635620190951123,0.11016119510554137,0.08262511563224374,-0.019905827476482243,-0.08749747272120767,0.11507090786705607,0.08454112208379208,0.07269030420029679
F8,-0.02444567746267658,-0.032387565141684574,0.012254479581974507,-0.03607266113779304,0.0588159685466405,0.01107566251172837,-0.010675195104870147,0.062141327253381805,0.09441368729251358,0.009116824580038088,0.030700123742995137,0.07523264343834916,-0.011721495154018395,0.07234541999039372,0.16395276842392117,-0.05291757661386648,0.14448804252955327,0.04292360193526018,0.007654070334800385,0.11107950588711628,0.03807353622018338,-0.018399424982855187,0.05589190291002603,0.26368840043423,0.09786169920302686,0.2023064586358892
C3,-0.06257353305010893,0.10960748476210977,0.005763647605300041,0.11952762831911128,0.03337824855542401,-0.014878578499143504,0.04937504870614179,0.01664440119524544,0.06739638995631056,0.006815419984897394,-0.05250022350955445,-0.2959159579531246,0.0004104591947072057,0.09133826390378474,-0.052013484592213846,-0.04320258900710716,0.08174929781623444,0.0902495456348309,-0.04586009304924831,0.05120097426104931,0.14405362480892958,0.10176244177897265,0.000892928995152811,0.11611912814882297,-0.0507622515469156,-0.09810688504528184
DLK2,,0.019363197662420655,0.030612558006852423,-0.012093120288484112,0.002517094296886233,0.009771278779117307,0.08792705777073999,0.053571960310311514,0.00236852054259959,0.01739237478846161,0.03275784136497081,0.09963750902112858,-0.028749181286054068,0.0682829759727858,0.0748898116217205,-0.037749566338879374,0.002847614600445937,0.027793458769969956,0.11393180082521631,0.0862956750899533,0.08245150376663662,-0.022528506303363793,0.02684278784344337,-0.02932537100011577,0.027603443519321202,0.081090586512533
TSLP,0.00345269158291252,-0.006467214544864875,-0.04503887054993115,0.016981218412715042,-0.036559098015697636,-0.07661258851758117,-0.020530022781895432,0.05093408320380281,0.07035137091438347,-0.0063113522938110875,-0.013292766330721852,-0.07157749761517593,-0.015266416640669602,0.04610140342800897,0.0043318366648004356,-0.025162468373299635,,,0.07618097196279994,-0.02249435544454821,-0.06889959666558451,0.0638391173622618,,0.07072079168848444,0.06430974624748498,-0.04713399090684729
OSM,-0.00037969616314630967,0.0034711515092900667,-0.03838287331376637,-0.0013167561636643478,0.017610494766570162,-0.04872116277641469,0.02142547936864695,0.056441566534859385,0.058941988407908305,-0.010977237574153427,,-0.20287477935103224,0.02875420429525683,-0.0015312662071667257,0.1644798890787662,-0.050739910302325414,0.21221781204509355,0.1637485982845302,0.08211932440015474,0.07316255142866877,-0.02204510558630044,-0.036629877838153344,0.0321648289334913,0.1289191057317463,0.017986878475391536,0.08765537879157885
PRND,0.06181916338756819,,0.040732971526710224,,,,,,0.036129336143287914,,,,0.00012794665796491905,,,,-0.09370660884181832,0.027263102233036775,,,,,,-0.016814718195680724,,
SLPI,0.013617045359728781,-0.21436867799277742,-0.0007158800732325222,0.019067556495696497,-0.009098019060591662,-0.024350671743800345,0.135049178471323,0.11889004101861836,0.10281309603372767,-0.015039899448638462,-0.022926035391465125,-0.07834853687350125,0.03989255905902982,0.031837702021360284,0.1537070758954994,0.007547710582182795,0.06602670992512998,0.11903938450393345,0.035165003005616834,-0.033047321427554545,0.09289239681348178,0.027758382883086852,,0.08180471561526598,-0.09965014974861233,
AFDN,-0.057492861220150314,0.07552527151023258,0.04994398701901907,0.01982005664007437,0.08277971256764283,0.06069135369822356,0.02245923949640629,-0.026706731764136474,0.13582382426310313,0.03139339532419512,-0.010123964517100506,0.1364164684059612,0.034263476600701656,0.04026776944445833,0.01274526075543942,0.11789682548763276,-0.055504805724365405,0.02335447301255685,-0.02390471745734652,0.016349698793052633,-0.007920268621210428,0.019997751646073796,0.05057379529347407,0.04714818839594659,0.07568336955442383,-0.042009301324265474
KISS1,,,,0.045075278351958764,,0.002080865686983355,,,,,,,,0.029576531779692987,,0.06457591166557995,,,0.028956623790562488,0.05234105566550013,,-0.0299652821244926,,,,
ULBP2,-0.041135875279541344,0.11316795558756011,-0.013748267837768195,0.030433445298674092,0.01142247307323427,-0.012388384032157541,0.07359259551780938,-0.024140518738535174,-0.022270882459692793,-0.046075179825122416,0.021265584860846724,0.12588058640974492,0.08077492284745413,0.00032813301151414894,0.13511622858534636,-0.0018526127164088754,0.004546762008490494,0.022743898825702387,0.07088940089822132,0.12309136797282244,0.025988999038802824,-0.07068846719050402,,0.13795476467592646,0.12230394862263008,
ICAM4,,,-0.011211542639370416,0.07072352074533406,,-0.03892631553044415,-0.04754370990966285,,,0.003933463175580447,,,,,,,0.015774492286470824,,,0.02224308240823589,,,,0.05464259603799089,0.0870982794279817,
TDGF1,,,,,,,,0.021541128283945433,,-0.006704192250646744,-0.02291934374380677,0.011719469691095797,,,,,,,,,,,,,,
ANGPTL1,0.0037219091000479146,0.0020689189504958985,0.029339044025435006,0.015902345561307894,,0.005880164775086286,-0.017811968415665205,0.04978989939876021,0.09067628621197557,-0.045567334409741096,-0.04007000250606932,0.12410992307804929,0.08773390463374275,-0.045580219229499036,-0.05880457736878271,,-0.006864771984104417,0.0676603575258266,-0.012389692933003741,0.0806535464235277,-0.025117296269357794,0.023262337525585115,,-0.03317565230780916,0.07261379695206704,0.15623802131499895
LTBP1,0.06223499382783096,0.0656144368218636,-0.015446894542357129,0.019644083390206717,0.08471053686388622,0.008055475350878192,0.009908650112892381,-0.013432026698595168,0.07569714252735464,0.009939660850818053,0.05305234545455019,-0.07872240789202023,0.014859781588648029,0.015288906243559035,0.08740715982464488,-0.019295162224796013,0.039793885170493905,0.15027016482461558,0.025299813987801813,0.03273206290272394,0.1668236281369329,-0.023450083937669806,-0.05893322650396062,0.07304729992065791,-0.05878508809193029,0.011553347178469321
CD160,,,,-0.023274267599241446,,,,,,,,,,,,,,,,,,,,,,
NTN4,-0.020061140095605817,0.06145621994616052,0.016754879164139775,0.06514965767711726,0.11756635849486509,0.03865296924020715,-0.01763578855721875,-0.01597615913503719,0.01270089451235953,0.02488515344001653,0.060168875983591705,0.18428115996317507,0.10526914400546661,0.03440141062980132,-0.020409624281772155,-0.05729341492247125,0.08724111906031294,0.15750200300481576,0.06444724387004365,0.10897199733030738,0.05866844296066703,0.035158111244650334,-0.024965431912727886,0.06760136769304184,0.04425054477549358,0.04468317332674998
APP,0.10720572929709336,0.1449147106632734,0.054789960770686624,0.07682670679939993,0.1593406635763442,0.038495707303011835,0.09326570308873774,-0.07561366833659494,-0.08198099974677407,0.0595448019721975,0.025721252898660472,0.21748387273961706,0.0721152562550763,0.035786174360381146,0.11304759709317877,0.05045865875811319,-0.12152501593845431,0.11425091634883076,0.02512950270387924,0.012646372533787465,0.07853499942880843,0.034507590733126786,-0.0672331991389615,-0.0014947488834029794,0.06798686097359828,-0.039287434072961085
RIMS2,0.05054861037307168,0.1125736461170266,0.022414345314994935,0.054927958820042096,-0.02892005615054457,-0.0006687815266846912,0.07209246371069084,-0.0133509501839188,-0.03489721748627631,0.03434959197341617,0.08438747279041389,0.18768232457993964,-0.041676455939378944,0.06597960864859606,0.026863681255107925,0.052634956682020714,,0.15037923515589416,0.05191961532921861,0.05884021271283185,-0.017251027861681093,0.0898904244049041,0.0009461442346129524,0.016099539887445218,0.07699597699013136,0.05805215084183918
WNT7A,-0.02463525105156215,0.1421448484563124,0.0402974988668222,0.04276306217263016,0.08737996609448945,-0.021960753386138385,-0.013699983069961315,-0.003074960219332973,0.02974053829160593,-0.006538348915555057,0.04751345455436261,0.13790393171428247,,0.03364875174755417,0.09785078054725521,0.042043787436151246,0.06888585406349414,-0.008690935084026467,0.05233007223844134,0.07533002994480016,0.10887456502918638,-0.0008822413088045292,0.031651082861291806,0.1294309597592693,0.11956708497086513,0.02173039261231423
GAST,,,,,,,,,,,,,,,,,,,,-0.0033388001841468356,-0.018880955700496253,,,0.09698503251239547,0.010643323812633922,
GPI,0.04410481807403997,-0.04639335931331927,-0.07377934870899044,-0.036074460013770966,-0.1119540728086253,-0.016366172976339386,-0.12411443488760551,-0.08005867826485581,0.0011388400604124109,0.04940898488777516,-0.0037439250422518244,0.3205544043779878,-0.024103499326991705,-0.06859599644718975,-0.03002514206422997,-0.12166899376526435,-0.059084493496779536,0.015393924644741059,-0.05096597257707338,-0.12528964219716848,0.10365156806474422,-0.003927888473275874,0.016532008548829746,-0.0699247595892252,-0.010996361539853294,0.09352845994116442
IL1B,-0.0016927067538064203,0.004868936837631769,0.0011583651413968603,0.018082706161774792,-0.0020614280216601855,0.010220273873502191,0.05385887140817988,0.09954155080643186,0.07349856898512583,-0.009635407438125073,-0.016071898431773174,-0.154394340973017,0.013497839018596821,0.02202039066988193,0.12898169091330738,-0.02764196575782822,0.0989877410172912,0.03864745649910528,0.0662531263471904,-0.004716053491097728,0.005124023515276223,-0.02755760690293051,-0.017726534328455005,0.13897951176385753,0.0028915193014703213,0.05926120807507798
SFTPA2,,,,,,,,,,,,,,-0.0005712211913967405,,,,,0.023312511438808588,0.02372728801468476,,0.03769750420189958,,,-0.04330676217724024,
HAS2,0.052686480524533015,-0.03892780753487472,-0.046530403939484606,-0.0115694329879512,0.05411055810282206,0.01382194288829519,0.027889076857594376,0.11291385183900228,0.08011259531048304,-0.010929086058096208,0.029775820028557196,-0.06520173867263102,-0.01910942523447011,-0.026964639909509994,0.043247429319959695,0.0713538405688082,0.03523653632275441,0.10112695779981694,0.01892085422493175,0.04235136970059713,0.019174871194827435,0.011832664447505241,0.006709595871340948,0.06897718443132515,0.05265043579615944,
IL11,,,-0.015645990933982945,,-0.04713575934276854,0.01750312550493857,0.09482639770043368,-0.03898194836722096,-0.00403798950723467,0.005650473177685323,,0.020062219001976744,-0.012229730206608386,-0.033546450061866497,0.13310905295194547,-0.024923252194662723,-0.03459317276494518,,0.01315951095360508,0.002174922136666125,0.017574950732974347,-0.00684847276603778,0.09682607871861992,0.061798111590144034,0.02453694295001925,
SEMA4B,0.05301656721467743,0.12053230219658273,-0.008594892902180434,-0.032928162084745055,-0.013486347759213849,-0.005618615954225094,0.053928510401745615,0.03178454319580181,0.1419466548336848,-0.03008929741360751,-0.0031672716288228147,-0.021019708557724833,0.045910333273614885,0.05474413865967831,0.11591208689903976,-0.004441605727318382,0.06015366700538255,0.11894655423766866,0.05741054098339176,0.06126595167267572,0.13377871944006478,-0.021033745701596437,0.04662313424375634,0.15314584238363774,0.07471158962122466,-0.04670980702936564
FGF12,0.02796427242549166,0.12634580350411387,0.07393296580338611,-0.04218959343610479,0.14446360075206918,0.042979396425254224,-0.004058688721016856,0.12518952580289366,-0.08008558848326817,0.07017725879328274,-0.006045432931912021,0.24963196419293057,0.054583600419229876,0.11392517726648128,0.07280301846121917,-0.013336737874954634,0.002646268264651201,0.04635556449214118,0.041252495990456425,0.06261905089873912,0.09994637768952892,0.06246139037139847,-0.09985606485970074,0.16482213792182998,0.1349531740681476,0.19650574429976045
CP,-0.03129754083249902,-0.030211314256926206,-0.012896983414135053,0.010326109370871597,0.02571248370456928,0.037668883512561306,0.0005851431939560667,0.07582328532337039,0.05217645327064733,0.05279703781040096,0.018685000561292277,-0.18298168828746625,0.04489472886688146,0.008845639589627627,0.08402970011305644,-0.0034156881328123927,-0.003989399939892287,0.05678141434605076,0.006946774102476953,0.0020687322522295504,-0.09038847111459584,-0.022691031162147157,0.004499655122418721,0.07684937006133721,-0.1035547817845043,0.01873083754346366
NLGN3,0.060351308495415104,0.1998161954304339,0.08537764573760118,-0.04030713870643628,0.06138709249979124,0.0509071863187991,0.017339637181257864,0.05057562524532246,0.08483645547279926,0.01376466065281614,0.06239878148874258,0.07877875598763445,0.06689585861763088,0.10151185390532212,-0.13725887033719578,0.028194893191935962,0.09496121995100766,-0.004737221295985302,0.010336215590543162,0.0710090193665581,0.02798877600671348,0.003093778850552226,0.03889690819343269,0.2904654134163184,0.18620437970875614,0.0239342575739916
GZMB,0.019598242019966947,,0.015152853703683735,-0.013092563887022027,-0.07740429365601789,0.009120055458373254,-0.009260194660001268,0.023765316842136192,,0.06689668493764465,-0.028117410105061864,0.03424925676804371,-0.01837598624995822,,,,,,-0.035464550680733696,-0.030239639883817792,,-0.019577082576419724,,0.03430217252806649,0.06653823199599362,
PROC,-0.04820748953902575,-0.0544508037117809,-0.013602130875506971,0.01455025814356862,,0.013580924257863764,0.08484264878591612,0.007621745074976494,0.1293885628279621,0.03261233610622881,0.020791510447460373,0.014653257640360434,,0.03855886391406415,0.09558704684568814,-0.02902518040961724,0.12249936580253647,0.1705584809931456,-0.007340487587147899,0.015202659960239517,-0.0014016777292033744,-0.010236448563122119,-0.07160422760379351,0.08228933885537483,-0.0032361704737223066,
TNFSF11,,,-0.030880285951150686,,,,,,,,,,-0.020704008686195867,,0.019169530861909718,,,,-0.018093838351812656,0.04095507138342142,,,,0.016606716695982238,0.08523396997897262,
AGT,0.03611786167728841,0.16429124567069717,0.06353336538313839,0.007999402982626282,-0.009380173200848042,0.0046987297307813135,0.07539531347323701,0.019033160533768464,0.14038980553620783,0.05809781054097886,0.07128398606457526,0.1059821931143926,0.015506780303339343,0.061628228140359294,0.24793904106933598,0.10735643938674569,-0.019392792115535705,0.05415139478355645,0.08901550864626974,0.07219533203625646,0.0817308000868701,0.09663635015163934,-0.006882483344702145,0.21663691216522352,0.28785300467373437,-0.049758598776226716
PTHLH,-0.004341076699715396,0.11052484922263821,0.02438622088094619,0.05363873890708349,0.057403753884716094,-0.0021085788000393215,0.006245034093345753,1.236970478727494e-05,0.01716868434654356,-0.005375397187418311,0.05289026340888032,0.1588344126269662,0.004045534909740265,0.02874609500313613,0.08499774191292146,0.04579976574541462,0.08723904223994608,0.18681693507684996,0.05676650400799914,0.04160893059891888,0.0683379932187671,0.04717181668727078,0.08152985729670767,0.11486750642287122,-0.0046233388140703,0.12104756532204725
COL1A1,-0.021671819777268828,0.06668785146846494,-0.01581086615180294,-0.021367385265309544,0.047493637751566654,-0.005478611936387505,0.03092685330136995,0.06522490112542093,0.0865317640730134,-0.017321555275806436,0.028071393052021595,-0.09727087328096519,-0.08120005998887757,0.06554559185064746,0.13281584509450592,0.017294155947076444,-0.035617779279544785,0.25912807184716863,-0.01674607749626864,-0.03574490244358407,0.09979668053095103,0.05576691119141901,-0.05179080830525948,-0.21392456610469807,-0.03146749051223968,-0.00917827909479913
LAMB2,0.009872487051210582,-0.032656774944735734,-0.022356767026861877,0.049263471858498095,-0.02170584109535674,0.03230336585803564,0.029417490860208045,0.044517650391542325,0.12533946486510456,0.033371799365759916,0.08288078132253898,-0.04454297326147303,-0.005442719660652204,0.02288216286606635,0.12873998693009614,-0.038056058028959006,-0.02292532885343245,0.13499265465346377,0.016742238540647648,-0.003508753607897583,0.12981957647361828,-0.019323566657113576,0.022195398416184065,-0.028806024875766445,0.07682737367740791,0.12529564428890194
DSC2,0.01882667041519367,-0.07093167129659352,-0.007486027387005589,0.0571033125142399,-0.012711551460072775,-0.04972205118933072,0.061976982583354975,0.08865017685026048,-0.004713296856114742,-0.018940300334859262,-0.004461752425929792,-0.0830469131643111,0.0032397419091636584,0.07406951438642803,0.08480752195362348,-0.032496326699866525,0.0774317023705661,0.09626385536179073,0.04315313121788922,0.05738473704431343,-0.036388586767956976,0.04641467975866612,0.11024078380436994,0.1471983630312177,0.1162903747904683,-0.01388706896506082
WNT5B,-0.03187069531532496,0.07261641508469638,0.04257407519502273,0.0011197076590531859,0.06702651199267196,-0.01198783521737646,0.013995324562255294,0.062188088843211725,0.012702867848470826,-0.02474882483796782,-0.03169211628930418,0.03462395903715157,-0.02866447785351965,0.049131038179943645,0.021281011603216837,-0.014475363495116913,0.06651166370039485,0.0799954955093955,0.008723619778556006,0.07319068537648525,0.028604925689967985,-0.024073776251063758,,0.053144969756677395,0.02616360233573199,-0.021197658533843738
LEFTY1,0.05058384591132665,,0.04439429948299428,-0.02652940623057147,-0.025907309494867293,0.021451739733009016,0.004629417551561518,0.09575944577212288,0.033475957937827774,-0.031695918533248074,-0.007454900438130394,0.060892742427692964,,0.0004209304849650901,0.10860569793962724,-0.04469312766321491,0.14300531276523196,0.02515140467859365,0.10939630592175108,0.03877564434591598,0.05680231502995471,-0.01231562574656541,0.030940925753766984,0.028848084932559026,0.006152686433981624,
FGL1,,,0.020888757906489742,,,-0.04478832209904185,0.004780222754041066,0.010018709840992391,-0.052243889928386106,,,-0.07841612582628484,,0.03423816282266526,,,,,-0.0041612472707704936,0.017706370035754017,0.08029192409505968,0.011015874599093055,,,-0.010618812585830072,0.031205794928771298
CXCL5,0.015096283072569643,-0.001330456377385494,-0.003348612149413596,0.06828507371644567,,-0.02645169538311936,0.0347970115408431,0.016565334642940036,-0.009633035844914786,0.03180277937722667,0.06171420663119269,0.04739058034992568,-0.004968804129913351,,0.034461732960091335,0.07199304266979202,,,0.04844076702838817,0.016512242058219797,0.028987835111317552,-0.015620390197512303,,0.07971855249502129,0.023053909914083695,0.005570981116719899
S100A1,-0.020214287663254334,0.20498363800596345,0.027079001783733087,0.026406522155320414,0.05614542067687247,0.03671862200615456,0.05413936266307195,-0.016866905448653328,-0.09215068047177281,0.004700437724151856,0.02034795197664813,-0.11019650446634453,0.0888482309817091,0.06295002711932893,-0.1415564554817291,-0.03351974636812699,-0.08103375376650203,-0.0774952979448265,0.039694481771584335,0.11107132893634443,-0.16596228500298385,0.05933938639458314,0.04319032021853353,0.1954944133981902,0.09181761408398671,0.029526250037711553
C4BPA,,,,,,-0.015260587935719168,,,,0.03324205291985238,,,,,-0.05037492213601799,,,,,,,,,-0.03912682731288093,,
NPTX1,-0.013529232469994573,0.14031082039717277,0.016285257700417187,-0.014815175947962151,0.11116800542033874,0.018809963386133933,0.06713479264797069,-0.05232816279464503,-0.04182186102267383,0.01128480418645805,-0.006160917332785192,0.24742152401546144,-0.01202861105724659,-0.05696003326307314,-0.0532861828696145,-0.05774239020325626,0.03956295185519123,-0.08360066992184172,0.121762664601639,0.014983403324409308,0.008889269154788883,-0.04427144618215029,-0.042507747175217395,,0.0015785191806472034,0.20507072361650505
TGS1,0.008767694609362275,-0.024921407513011508,-0.016157645721952038,0.016611350672975367,0.11928237661941513,0.051320246686061825,-0.003772522452203383,0.06808385008443857,0.10263783758454754,-0.030555418618698427,0.03287829624713725,0.003174765493540428,-0.002612324973511804,0.09303013034988183,0.019134889205653104,0.008154811117308538,0.120258810407181,0.03056817354777339,0.038654080783158885,0.0047262889802769615,0.11229103757224101,-0.0017743406965390366,0.04165488985731959,0.1671952038170209,0.05159919461577367,0.027198341305517442
SST,0.050595639768847164,0.18859485364431638,0.08758837091960313,0.03310150224715488,0.046345237732887866,-0.0034529879671185456,0.05578232429880309,-0.024013345860645758,-0.06199548648348927,0.055732032799927646,0.0331382857895546,0.12110839216241404,,0.024709495559105437,,,,,0.06262038260665533,0.01718100063592259,0.04219188753874471,-0.007428622676402397,-0.005619041267553306,,-0.026842044110471773,0.1446609085197044
IL34,-0.061950454458316685,0.15435450267226855,0.06681175722023168,0.05607368845840755,0.00025353948560356257,-0.03339879656953512,0.05854841411796082,-0.018042287819132103,-0.03789171048651231,0.014963754293606989,0.04025086730138072,0.18846342070407635,-0.03232851027483133,0.008805975194791668,0.14692230026816364,-0.07820955026074226,-0.07506185517813684,0.16306413591915245,0.0446118720562489,0.0692494558018101,-0.06727146644781175,0.043693632640573785,-0.03818095919664972,0.06059590355521811,0.04144963771784004,0.1504432789815987
DHH,,,,,0.024322949668538485,,,,,,,-0.03926105797159792,,,0.09387947254932295,,,,-0.0454251722524013,-0.01842231374351075,0.025411396671366094,0.029461213661077693,,-0.0031449770922258127,,
XCL2,-0.07056808201251014,,0.004874098792564021,,,,0.013424675784664065,,,-0.018432670212156273,,,-0.015901698922525822,,,,,,,,,,,-0.013788386068557328,0.014753558806064014,
RSPO1,,,,,,,,,,,,,,-0.01652312905761276,,,,,,,,,,,,
TF,-0.09536359928400574,0.039267591497338945,-0.028139999506598675,-0.030420584883336124,0.08593110604019408,-0.04859317884190919,0.07686704919142902,0.02304699101144102,-0.10172214580978256,0.015669350376834864,-0.026706665640135952,-0.20328485920187053,-0.006582284850507486,0.06918049159503692,-0.14355121081669042,0.0030117546452219216,-0.08626316591829905,-0.1842660915243618,-0.019263914216675313,0.06891819118642191,-0.1915336945493817,0.037313467887442914,0.018883040105190638,0.06537972926153736,0.01725888052040123,-0.20393040213359798
IL33,0.030218687454032247,0.10711838698530503,0.022715456613240044,-0.05898187436548826,0.03948824600133326,0.026027076087337342,0.05406159853790321,0.014718360205369835,0.08039783061691835,0.011737515414305982,-0.018142604632439975,0.006087032193225697,0.15030607965382478,0.06829636335668905,-0.05448711104198255,0.01168262596085314,0.010751621346578477,0.1135767907096742,0.0066559847027220405,0.05323096340441592,0.03510581301580882,0.04210682339762839,-0.021751012994992974,0.10519275388446499,-0.07635828511810619,0.02800117718311277
RBP4,,0.04347786655452101,0.09330057855971577,-0.02341392948832017,0.04903978429949659,-0.012435096484914868,0.08663255942559041,0.009440027723257072,-0.035245569636973735,0.0779901312076441,0.05729381172973396,0.16495667515956677,-0.018647399448218756,0.052139983935003006,0.10248653651772408,-0.05248873091626788,,0.03511206985657816,0.027994050122553297,0.09186328014259912,-0.010250259624059276,0.02783284146679124,-0.03916461074643438,0.07250555363304022,0.07690196559663567,0.07026443540441187
CCL19,,,,0.006499130262090077,,,,0.00044242292741107956,,-0.02580175063711637,-0.03553398880376673,-0.008012886144814666,-0.01878177929279647,,,,,-0.045456080136229586,,,,,,0.037513529980489686,-0.01143922745616121,
CCL20,,-0.06200007916142724,-0.039517636791340835,0.05869333460707876,-0.04162925753188169,0.029250884688458552,-0.03444255127212026,,0.08795726499486338,-0.001067197745063738,,-0.05435050658659946,-0.018512134141025646,0.014672744707491445,,-0.010576639148185662,-0.01714371032121736,,-0.01108008412959948,-0.08655670643077319,-0.0336222564429986,0.012079305729724741,,0.07275827238713567,-0.061361213994974045,
NAMPT,-0.025990328651956895,-0.16230874881819451,-0.030476600443332846,-0.026573188587566875,-0.07941569463049801,-0.018012059651303786,-0.021887367738882595,-0.006401157414098065,0.11496779599174982,-0.04006803843285143,-0.03155767934170471,-0.14309938815740567,-0.004953329743572407,-0.007584746982693838,0.21858279443702708,-0.013898045939540105,0.017202330455697534,0.17496946429382168,-0.05852412899327059,-0.07257436187986363,0.15523044538715464,-0.00930509198852445,0.07118730045779717,-0.024820128780041858,-0.052979215968307916,0.014352131911575092
