,MGH258,UKF243,UKF248,UKF251,UKF255,UKF259,UKF260,UKF266,UKF269,UKF275,UKF296,UKF304,UKF313,UKF334,ZH1007inf,ZH1007nec,ZH1019T1,ZH1019inf,ZH8811Abulk,ZH8811Bbulk,ZH8812bulk,ZH881T1,ZH881inf,ZH916T1,ZH916bulk,ZH916inf
IGFL3,,,,,,,,,0.04988000700135619,,,,,,,,,,,,0.06213886993815811,,,0.0835845624664067,,
BMP1,0.14925352631750882,0.10555386943426823,0.059411079146447034,0.05239010136713481,0.20511738657995343,-0.0661266924256656,0.0049786541871080945,0.045337021038962706,0.0797974607125575,0.03261038886736729,0.03826584931475138,-0.012354506861360203,0.04977666309795637,-0.10293657936482449,0.013970622414808051,0.10850051502660199,-0.02803272068650458,0.08851458413222665,-0.10255290219345876,-0.07251682769939195,0.008143586719050777,0.013831516888295101,0.12823029263195918,0.059686069763062254,0.023707886616555793,0.05191620738480674
NDP,-0.017268159962867468,0.03859428265884765,0.09348687311013183,0.018604126881143584,0.10302883423120313,0.013443351753488264,0.0557783151679834,0.03515758236903207,0.02354032797786219,0.0020540978292441867,-0.06824666480754987,-0.09008928435810723,-0.013150538417789818,0.03398446055077557,0.14407344681051595,0.1142464464010067,-0.1280711057761903,0.07357567810712992,-0.004494426152417883,0.03660672071299863,-0.03256802816317779,-0.03483836557149929,0.025174430670688957,0.19112736689967608,0.010061051707734345,0.03373315018968488
TNFSF18,-0.02083410171242093,0.08220988155447856,0.01622739876403898,0.004174829843855994,,,,-0.034693007576640005,-0.007734190110252527,0.01737827022883668,,,,,0.029339982969157814,,0.08795430273014075,,,,-0.03917757360028977,,-0.02959955722361078,0.04776693468322589,-0.05042342323653175,
IL36G,,,,,,,,,,,,,,0.017488746122556048,,,,,,,,,,,,
RTN4,-0.26238338211639917,0.15727756358681005,0.020355365006601477,0.02735699000562731,-0.06475615791863595,0.07193387474810996,0.12950783465713864,-0.04007839086275699,-0.06534052276606914,-0.06075674641305017,0.017315421441376655,0.356351052519132,-0.044866847354404694,0.1671044805814515,0.09772018489227441,0.027240306351685516,-0.06299867344828697,-0.05412908971822149,0.030871228495753807,0.1353641911394614,0.027198568688437823,0.06443752853830989,-0.010824442304046849,0.030397158632061445,0.2477171964498029,0.06752306184746629
HEBP1,0.046090514881749915,-0.048154303378141895,0.0532643842228011,0.026997431109099086,0.0005968794660798226,0.03962084940835129,-0.04030060925993075,0.014713268169406749,0.04089702648567155,-0.03257545719358726,-0.02663788468552087,-0.14735097193542832,0.017382648948521425,-0.025608679891924217,-0.14430609733949915,-0.029548660210230462,0.06504811687788324,0.11165707328046517,0.0317791491672112,0.0404230393001186,-0.08829466948177214,-0.020553866309630214,0.0851591753367456,0.1701064198430357,0.0010257339546780782,-0.01748741924647788
WNT7B,-0.05249110560922044,0.2038369669471683,0.005301466175032366,0.04691849381836305,0.02679656957248608,0.048355021827679076,0.06782215776788122,0.027798474766001356,0.047592150808280415,-0.030015323639883382,0.020682078803591075,,0.06003966312769398,0.04708802129002215,-0.01698094047260417,-0.06667001968271477,,-0.04081380107856019,-0.06523601917320516,-0.03781294165238459,-0.030603198774262288,-0.008344719200729066,-0.045677507298824076,0.011219685476039255,-0.007067200295275734,0.09933570544692641
PTMA,-0.09283457782544004,-0.12816194250655777,0.22133382750842046,0.04814926326283223,0.1415938214578872,0.029946662063930696,-0.08486624700281559,0.07221845018770183,0.0015762801626613325,-0.12083674534803454,-0.011770104730584418,-0.3978666762333457,0.07507028153802608,-0.182589045892155,-0.036660309361510685,0.043483751526660314,0.05242426901424599,-0.10795098794589603,0.10973049225687484,0.04313722948368182,0.10706430686831422,0.056968457539229876,0.08606766842416803,-0.14645493694379258,-0.1273533528659653,-0.05138443290353871
FASLG,-0.015366557068701828,,,,,,,,,,,,,,,,,,,,,,,0.026137865090696297,,
CEACAM1,0.043274931313905265,,0.03298567936324194,-0.004074554090239201,,-0.012436249237135972,-0.057602623164750136,,-0.005400960065164465,0.0068987321811042595,,,,,,0.02396912418376663,0.019792004681372533,0.06640028537626584,0.0019359313265602774,0.02997906210500634,-0.0177957662451992,0.015598671851574746,,0.03823287240565676,,
PDAP1,0.2483071796592219,-0.046553672467326786,0.16207581982128116,0.009718417764851897,0.04756362328979705,0.04560896026923118,-0.02984955143265926,0.012818412297794941,0.10051842398602634,0.014364271842440018,0.02408926547294886,-0.005469674090327402,0.07229592263845815,-0.08104834957522634,0.06017481770741168,0.039455125398555134,-0.03375352206869691,0.023442221763503558,0.024342658547918835,-0.00041113011170853484,0.0068816919220453234,-0.0019815936515808308,0.24465289074911506,0.10182310951654745,0.0028866085307452955,0.128895815761031
QDPR,-0.37593618017604247,0.21691695125243632,0.1661583004382177,0.06520985531878667,0.05685815323300993,-0.008516570907770624,0.14504491645993708,0.03738127835946519,-0.07862076140024656,0.04380803272760327,0.04739671928870136,-0.26295156871719666,0.10598391021213409,0.13599197461084447,0.05526155967152919,0.11247397127036908,0.004435156868874996,-0.04610544796913319,0.08974555491166976,0.10641956350629957,0.0594519549280147,-0.010670758203743138,0.05035688981553516,0.18646030193882002,0.12270388049293929,-0.0775542078746945
POMC,0.033243127298669996,0.08335978944374896,-0.0374712779367415,0.0367956208483894,,0.03950406657188345,0.041647939046886025,0.04807629172531426,-0.014509118478342489,-0.05913351678875395,0.004090028157557181,0.017002029706796117,-0.0036728907896965133,0.07848188372067913,0.028848163995616117,0.006918599488456656,-0.0006309024835577002,-0.0491295505639185,0.05526881276081321,0.02880338898466069,0.022148689669283485,-0.04076925508944973,,0.07095393967768306,0.040031692884924336,-0.02725879454653411
CCL18,,-0.020034548985174642,-0.08868271130093405,,,,,,,,,-0.13767860661298603,0.08367049417409486,,,0.05174040819836133,,-0.09821395062738257,-0.0303400631930376,-0.08379219717592698,,-0.027408632328537685,,,,
CCL17,,,,,,-0.01214709472588364,,,,0.06971197361653222,0.0017918261544886468,,,-0.020377435759529158,,,,,-0.02191225971433898,-0.018671661901696446,-0.02483850492272442,,,0.05925412823493098,,
VEGFD,,-0.008550202717803308,0.03246068832647543,-0.019105207579639447,,0.014902780844259325,0.022963328890832455,,0.04518933184915031,-0.017840764495486536,0.02884261712003314,0.16722866204331432,0.028330177146987764,0.0459637699670879,,-0.0817434697531691,-0.07533937310565778,,,-0.022353794902052613,0.000639449597418278,,,,,
TNFSF13,,,0.06123663250111261,,,-0.0048220220595244665,,0.08537037824169631,,,,,,,,,,,-0.0027525672850904834,0.04327357290234894,-0.03019409818028045,-0.03944732798648233,,0.011717544047491932,0.0005523308316434231,
WNT5A,0.12123882980440626,0.03399811262837417,0.004318801375289683,0.001129231457025213,0.03697049901494697,0.028841403235133987,0.021833221644534134,0.07677298449439153,0.058817951247708646,0.027858631104841106,-0.029571581396465728,0.06092927044727824,0.03191882301757872,-0.008127826809414557,0.032076270376541906,-0.08285370578446138,0.007745803065849564,0.06324559309096546,0.03511484452749677,-0.010744918128722436,0.012293302529349116,0.054822310347309375,0.0005335131908761757,0.051139834387899805,-0.08043535800132491,0.07778420382061436
CXCL8,,-0.15443766937739992,-0.21544823372347666,0.026296110539945763,-0.14405347747695268,-0.027524978221408408,-0.08434562655090068,-0.007708659536551902,0.047854020372370104,-0.04234283295705611,0.020735222127244348,-0.06050679953825301,-0.09043493589272909,-0.15493582427222785,,-0.26188941382320624,0.0627924181425716,0.018468218885653618,-0.2411750938396703,-0.2993974378075416,0.09073050754184664,-0.0825659801706528,0.11113644838511433,-0.017767858540295965,-0.22792289310173572,-0.011629840816161006
GRN,-0.34301951087575505,0.06413461890637873,-0.022600446117403708,-0.03782939638494562,0.11594232372844188,-0.02789303535038736,-0.01647633090746811,0.055002915304715176,0.0662723988387711,0.04158830684169658,-0.009155691037103833,-0.20664257433462377,0.017606749729144684,0.023872328102341852,-0.025899293697927966,0.009382567818562811,0.009891101589840186,0.014348695485219972,0.017593601500026083,-0.009354980779881427,0.010539374774338606,-0.020589413824779253,-0.02595899483709269,-0.07214689526116615,0.13723829487460706,0.004470552430074715
MIA,0.03771597460929184,-0.00813787678717618,0.047930020543854805,-0.011584175121199039,-0.010213722580759439,0.05521967791426638,-0.06822063921440365,0.030050733279346424,0.06769567861706108,0.0013429521398255104,0.02893946117424357,,-0.03813155475603552,-0.08007703381002725,-0.0017159141754268428,0.01899506073136218,0.029769468482959888,0.08092854636427964,0.06697057924962321,0.07633156849157488,0.04331985431844188,0.05854530290154362,,0.2231811399638951,-0.009861016679523731,
COL4A4,0.0023413162902361966,0.076351346912143,0.09456970579270574,0.036616488341231566,-0.035228972332491795,0.025891060031409313,-0.0015414938894418874,-0.014881315000550016,-0.06520687527273293,0.010266730983084017,0.016874904523585806,,,0.013857118031504013,,,-0.11365423644158237,0.06306897501070927,0.0559386572852595,0.05546777391965193,0.0517409869871639,0.05520515193257776,,0.006932277060703849,-0.11608326121876592,
TAC1,0.0998443571973326,0.10180563817685262,0.16029785536264646,-0.01870875307660789,0.0997922574358797,0.11681353219681495,0.12980248574225656,0.029184544327317926,0.028245843449913256,0.019438662261333433,0.06826004571495001,0.2591607258967833,,0.1560931003844474,,,,,,,,-0.004769414206103517,-0.08998442493729598,0.029992853133951988,0.19550000827943384,0.18673028263595612
RARRES2,0.39938061251537466,0.06407709848928156,0.06045771673364881,-0.031225924090801705,-0.001295443820618458,0.10819320900429355,-0.0820059550149066,0.03573931813265617,0.07245736099870385,0.003692913786232348,-0.08652834389420058,-0.14494661049417915,-0.08413241287206948,-0.06211171234794181,-0.0008030636442571922,0.026727013451367708,-0.07302078591855177,0.08038844376080286,-0.19606410421215487,-0.1855331776885266,-0.026533242948319682,-0.03279622101464905,0.014862587413805714,0.06091770503101381,-0.20344837347162906,0.04082402622155707
FGF7,0.012400713759168569,-0.0337352208651749,,-0.02932968973747393,0.04903267364779455,0.039292333423522424,0.01951509783162129,-0.008665923539681271,0.039260263890104355,-0.027749068800651717,0.0198422043567444,0.026557593643381644,-0.02071937409519259,-0.027592787304284796,-0.04794821134504827,-0.07425752817773217,0.02484696256364786,0.014648600846032915,0.08360731031723938,-0.006100435146284497,0.06655644081310196,-0.024084371815665775,-0.014568485464593507,0.12974327776818548,0.07512901763668679,-0.005616341301407661
EFNA2,,,,,,,,,,,,,,,,,,,,0.06372054313031246,,,,,,
HBEGF,-0.01676646618065598,0.08845039854495194,-0.08427171309559528,0.011184204489072693,0.02251227294829372,0.03493367976161508,-0.017776010990282497,0.03348176996282287,-0.014589539112101743,-0.004807819448610831,0.02537085533673335,-0.17448653650924012,0.020049534701428565,-7.519174608494569e-05,0.013467025551808317,0.09434621258703729,0.007614328234852014,0.0025632833239747272,-0.005248428051948453,0.02640633153913715,0.08529763598496862,0.036309446588117716,0.05050757956377883,-0.09310798401766439,-0.10571212273260991,0.06790950327740239
CSF3,,-0.05532344432057938,,,-0.041207182504009565,-0.03039759269534464,-0.06354078245703543,,-0.0005799784104566308,,,,-0.005090404429689612,,,,,,-0.15046369377493882,-0.16897172595940385,,0.01571706842236914,0.012945451025323195,0.07257154569153522,-0.10704414455688914,
PI3,,-0.010675789526503795,-0.05841783525008419,,-0.1093671986522506,-0.031727996556131184,-0.01460929069995547,,0.02099074826573554,,,,,,,-0.011062502746124116,,,-0.22911304505018454,-0.30217267583062274,0.012982967158128305,-0.017304020810599202,,-0.14864802948380293,-0.08725032419258862,
PCSK1N,0.285084395228503,0.18688000385945697,0.1710090981924654,0.008190594029515351,0.1374817856814304,-0.05153148202064042,0.05957533197808416,-0.021835665579319343,0.08233851643299894,0.04687605630153087,0.012796332794279032,0.39129848714131243,-0.022407358173882883,0.17261543409897714,0.003327141475961882,0.13189775450109306,-0.09910507679366896,0.11946100120174315,0.14555415984422734,0.1711272466008954,0.0035675514335279084,0.12464913634308117,-0.06376988118556376,0.18253155387721998,0.26167139360597014,0.13388538131417335
NTS,,,,,,,-0.040516287659094374,0.061983494767579236,-0.02143607260588855,0.04674317369719379,-0.012029009430103758,-0.04715257723589468,,,,,,,0.10758696111920579,0.055909795206019464,,-0.0223034401128041,,0.060246920285120645,,
SFRP1,-0.08654162264066748,0.03553218755622858,0.022904170643353264,0.02763930356575566,,0.0971491284843279,0.008178246614562922,0.034831474772697914,-0.007842062579328525,0.036068187545322025,0.002057152014693057,-0.10970270158044217,-0.021064694663516077,0.005981323936313461,0.10084841660944628,0.09961525482599454,0.0031723137345623983,0.05371667131584987,0.016439002615782874,0.12384474475290137,0.07041989409686486,0.03147932580820426,0.10290094414279173,0.0016282186356359966,0.03618057847448795,-0.019460910498758054
CXCL13,,,,-0.01783497544086891,0.02915467963807055,,0.016529086507927723,,,,,,0.011041466086882345,,,,,,0.0027142291897459332,-0.09355223745241782,,0.03956510498923994,,,-0.03566568682241619,
MICA,0.04334664497091505,-0.06176503950298852,-0.019404255108436828,-0.06032688003523333,0.014371193589660774,0.05310827514701278,0.09195854072114126,0.020091422302142413,0.026359489053241026,0.021681409254682652,-0.018428508236205177,-0.06224956934279337,-0.04496559521001889,-0.07875055625985533,0.01693517048503538,0.11762138298184864,0.009108866726388607,0.05742517454002825,-0.04341251271466638,-0.00850035362354073,0.04672356234070673,-0.006598003666100619,0.06629116330800934,0.08711852475157676,0.022118995085579865,0.016934780834667006
TG,0.054507732972072356,-0.02192505954611473,0.11782460738506194,-0.050184600558822,,0.02242899871909223,0.03485748470122102,0.028430833875228,-0.0002733600677718528,0.033389701091391014,0.00020223363616034493,,0.05178671636950319,-0.03426706504561028,0.016316630319360266,0.008854070619283515,0.0954636561662374,0.038714876271897,-0.02827442412952706,0.01708837489110622,,0.02011802231700814,,0.07359349021997304,-0.0034407387532072796,
ADA,0.09604261705451896,0.01156250739172981,-0.01032534556889449,-0.04839619475594563,0.05006699262579828,-0.0008875407823456297,0.03769202808095941,0.06394105738923453,0.014057405149710878,0.0685537238868607,-0.007198437967686984,-0.17333019699121208,0.020511514279701517,0.010398997015167225,0.04168464626312804,0.10823612911244536,0.05324761960207237,0.09123675544982049,0.01198252319963845,-0.01609268164088418,0.05057391338961355,-0.03867909386607553,0.033286404576256784,0.100650060473879,-0.04630796981760953,0.04624039352347702
LAMC3,0.14267464325577392,0.01809655595690788,0.06871836227209394,-0.03568889178690483,0.10051905452005962,-0.09874460793662994,0.026951458001080307,0.008349336216999695,0.027589809627879065,0.03135420046669844,-0.020961745230906957,-0.03959317453329297,0.011709654453400673,0.059295431599566156,0.0020217892441689433,0.135176955682894,-0.0016018185179184439,0.04795483285673788,0.06431645960209789,0.05636284681722962,-0.002324432467069902,0.024469026173671395,0.03895593454480887,0.024417659377513626,0.07382152223929515,0.03505718357341421
CCL7,,,-0.06502661363095648,,,-0.013730021494775042,-0.06694979695339895,,,,,,,,,,,,-0.02794878340114448,,,,,-0.07782649760535827,-0.11049023936322482,
NGF,,-0.04010864688604202,-0.0828341897599454,,,0.0027672376165812323,-0.010385700901183136,-0.032804089227674006,,,,0.047128767753338914,0.10337544756656324,,,,0.1623431532783712,-0.02801225864913358,-0.005768468251456746,0.05468330118595076,,-0.01872928219735596,,-0.03160603096535039,0.036559962339460676,
TNFSF15,,0.03381497821551775,,,,0.0454885999099046,0.07265747283758202,0.03413461735163927,,,,,0.0024110580414980144,,-0.05256685625965706,,0.10247299431160967,0.09397139741002344,-0.005462178485397559,,,0.02446801571428825,,-0.06244522097386813,-0.05026673461985807,
HMGB1,-0.06457800827699102,0.18879915947802986,0.2518796850686016,0.0067643639517264605,0.18964715524107517,0.008110382376135686,-0.00858853567784945,0.07627568932493864,0.0690775530710667,0.05634836242067029,0.02105718301659155,-0.1463160525748493,0.06648108480688443,0.06039989941507182,0.06040956143042429,0.028355050404244145,0.05810071008368368,-0.056940323551005104,0.036226058182266686,0.0823747856924166,0.06655336065699877,0.0675321887166093,0.05851123689847772,0.008202531039580262,0.16658643223622907,-0.05790638072859299
ITGB3BP,0.06452737433041451,-0.1394699077697843,-0.03406845761291496,0.008080072534289148,0.025843153245880903,-0.001661611167433341,0.08042459093394601,0.09880503603025542,0.046798974039275756,0.006355021862660406,-0.00938299560442168,-0.009525335512995347,-0.02032632242350648,-0.017287548010830902,0.08093870808705182,-0.08266629554953958,-0.03071848255105114,-0.024282727720075375,-0.03767538367743948,0.02135069487554447,0.010609534940298463,-0.07938112042039348,0.05652035187720949,0.07839008998702188,-0.07125900335323454,0.06836949977085378
AANAT,,0.008884639905043602,-0.04828961933471074,,,0.018300402037091507,-0.010006249829895146,,0.013275390509667634,0.022493291515043534,-0.020126796931435334,-0.06046076927526052,,-0.043451140761859526,,0.00950905090092076,,-0.015554766545326136,3.721224936463662e-05,0.01949880045928586,0.006277689593915807,,,0.058978901947979015,0.00840713707731929,
RELN,0.032251682332410624,0.11609983200681209,-0.03708328495195068,0.015449669695323655,0.10059668394651758,-0.00678668177160595,0.04416643984526247,0.003558760576736322,-0.007527239676020327,0.026153540466804716,0.05482214347557263,0.08727642788842471,,0.04357100895076156,,,0.057976284863420074,,,,-0.07479759187155426,-0.051824978751942946,0.05235277824291211,,0.11326632128297805,0.04348477804572825
IL15,0.07555260918719939,0.0024470175636158486,-0.06242378411198108,-0.021643981978543645,,-0.003969569763350925,-0.0009479320272612277,-0.0337655298736988,0.043520548567720474,0.019791052856310977,0.001423414200280556,-0.05971948411277601,0.002196333600553835,0.013579159995641178,0.05494453509703528,0.010245637931334617,-0.026950401255730293,0.10598243218316782,-0.009788580358922798,0.016625971518126746,0.08982599365560574,0.022862561802116276,-0.12414183602238155,0.0907941697775119,-0.03178035607734059,
UTS2,,,,,,,,,-0.005933781457749682,,,,,,0.009055756733274986,-0.10624105585397342,,,0.0454473192287044,,,,,,,
BSG,0.36239509095081424,-0.09374566979865867,0.2017554629339106,-0.013851380892489091,0.05016234651149608,-0.010728206331200092,0.04393054739217164,0.06253940342841398,0.02497539988846792,0.02019917788347331,0.03502917366922157,0.24675046290000066,-0.0014135348333549865,-0.10068824338168561,0.04543373984182144,-0.050876284511140485,-0.06023588572141469,0.09271317592261923,-0.1148730412597849,-0.12184278427127133,0.0021677313257014103,-0.07614503064927836,0.09248880518204786,0.12121857345222047,-0.009184655828967877,0.07918701750560692
ADAMTS3,0.23774396224666913,0.04276890185690186,0.05498012016045335,0.007669776705376925,,0.016904411689729545,0.06070341622905544,-0.004604478958073164,0.07452509729469729,0.01598620097128917,0.015037129759918402,0.025655272980531916,-0.029278715277071318,0.00010647556792459825,-0.03510514462450865,0.17366948825361112,,-0.003648263332428177,-0.008846460475755605,0.09267682345773982,0.010122078048377984,0.014581654001370244,0.09149182513768779,0.2049572959934721,0.0855309994464939,
CD34,0.15225872961181397,0.046541723821533314,0.0880551646018945,-0.005224244986209432,0.06532286377170099,-0.0723242793842542,0.0019481656549752064,-0.0006413449610994661,0.05382713793087012,-0.006562952196302763,-0.020736704044475293,0.015838483455507393,0.06814430191488059,0.12339806419657785,-0.08545356867454271,0.0625527850131529,-0.11754102300198797,0.12195931101004708,0.08182295757880813,0.016137763201744988,-0.003006151685697815,-0.027871822741625835,-0.011233528337277887,-0.0034392872421094103,-0.0028945017745706856,0.06450214310130627
CCL23,,,,,,,,,-0.00014424043577706058,,,,,,0.04767975063702429,,,,,,,,,,,
PLAT,0.30983882973732685,0.09697138579318576,0.22385281535294893,-0.012392869772440496,0.1243027701734447,0.055911809079052646,0.036736450635880435,0.08456121262663319,0.028769804560810536,0.07296041717376221,0.029613137354728508,0.005997268921080852,-0.0026396841246999546,0.08307445609297907,-0.029103059691271072,0.070464021853218,-0.027587033298988827,0.11614098864176862,0.23662211439806177,0.2569614319520283,0.02593361366480131,0.11001588041787275,0.03838351865151183,0.12570144222513138,0.12914082139586233,0.09349478752283523
NTF3,,,,,,,,,,,0.047300327827538485,,-0.00859638252287722,,,,,,0.08714758498867325,0.15329039186008545,,0.009369636072630833,,,,
LTA,,,,-0.013648843623321296,,0.001986159427907929,,,,0.01771116357544896,,,,0.009517391827178045,,,,,,,,,,0.05540321807564375,,
CKLF,0.012786014161626552,0.08208061041292061,0.1708210571181139,0.03606750360425395,-0.0026874447881147347,-0.029008094230792408,-0.05694050783108849,0.05377397226242994,0.07542261246778124,0.04097164555780734,-0.04545425284633546,-0.19719081408971195,0.0031654754035377545,-0.07257673786991153,0.012468431565237413,0.058360867227552016,0.09709763828812079,0.04691775553053533,0.0902742135792831,0.08271861638911607,0.024382354006572265,0.013704152702845617,0.03461770846137457,0.07570623103640955,0.048173416140381335,0.06495745863585589
APELA,,,,,,,,,,,,,-0.04958821975574636,,,,,,,,,,,,,
CD24,-0.0917736846851128,-0.06840675718379886,0.17422079628031542,-0.06681237286208858,0.06594220072301302,-0.040219630475828744,0.03337750923489489,0.06590053115914496,0.08000141438543303,-0.0008551655715646104,-0.06556624089203097,-0.0674869725197387,0.1035616283204397,0.0198430847734656,-0.008683933631252262,-0.06885955693229918,-0.20464285835745827,0.02140742309184246,0.10803560080245113,0.18427813847011296,-0.09374290844205078,0.06365039955964263,0.016317154633244155,0.13292554691944897,0.0837685620410435,0.04506691508445983
HSP90AA1,-0.3030407702307695,0.0010543048091041071,-0.02758337151955874,-0.05041497298167906,-0.1269832524203512,-0.02241518858782967,0.1029603180341477,-0.05704223223347956,-0.06956827071139943,0.09716552676466221,0.02216399191573266,0.4040183358810303,0.015559986219685195,0.14110601655838462,-0.008342523955016789,-0.08709055871750278,-0.036816150977911355,-0.05303335698647632,-0.1874529835495995,-0.2054830321528082,0.054307605719572945,0.07338899520278343,-0.13321387315800284,-0.0822930507019747,0.1357496765991992,0.05741090938715675
BMP4,0.04211669473611128,0.11481708598435554,-0.01693845451751542,0.005728314935002063,0.006743451664579865,0.004073040728656022,0.0066543613342243,0.0864918587336501,-0.02357520869867769,-0.04229834251391933,-0.03900019123993044,0.03890436577224785,0.007643620024974251,-0.0316226885472892,0.005911020644393447,0.08570035243771705,-0.04494592670243028,0.09623105287576132,-0.007152569938814348,-0.013042123588657011,-0.02963268066707315,0.02424557077929319,,0.07328703222298528,0.038979059366449756,
SCGB3A1,,,-0.03968879030932742,,0.07353091821585456,,-0.026480206201431662,0.03670254594484598,,,-0.02399601130335898,-0.019046896705479745,0.020666497743150162,0.03293440071834993,-0.05486815598461246,-0.07280109153922623,0.04371022261853468,,0.012097904878272768,0.027122583758648715,,-0.003984960484787358,,0.009053715724420536,0.04219397828826983,
IGFBP4,0.10870822560639494,0.11184086983467785,0.0045357451040859325,0.016102908216698644,0.08263173073668102,-0.08347107118703066,-0.003306036898962047,0.08877625050357883,0.035603148169187936,-0.006472579549085096,0.016410713444498373,-0.08642594774116151,0.03389962079916976,-0.027657983690200845,-0.12295611161236188,0.005314877777746244,-0.0017703350972754577,0.04490042754390635,0.017054357300431453,-0.07203357779924748,0.03318142373879198,0.0026371013292335486,0.13980712486327818,-0.03406789899241747,0.08009681622869202,0.13767362899515556
RSPO4,,-0.0021969659383844218,,0.009180952013771622,,0.016496436031162135,-0.03692485142183045,,,0.006347222076284525,0.0015063774100454491,,,-0.02573375404289885,,,0.0877295607092917,,,,,-0.02063335350325422,,0.08297215416859743,-0.04652406870260975,
LEFTY2,-0.07739279615210937,0.019902418193377874,0.040658117713730915,0.02847101077821364,0.12921658785962561,0.0021573859909873507,0.0060779691602304425,0.09958682788023465,0.03087528659049945,0.049134339043714226,-0.03453474880094054,-0.03298098799951118,-0.01680666886518769,-0.007587912821011657,-0.009213888553306258,0.016570026291073108,,-0.040303319462437356,0.022410806584937114,0.011490245673133476,0.018742846064550896,-0.05167303511430638,0.04267759604525493,0.03923304035014204,0.16215798388806135,
PF4,,,-0.1041429908843228,0.032471464769914055,,0.019871092079443754,,,,,,,,,,,,,,0.006279032146737146,,,,0.07642803468595619,0.05428366670544329,
ANGPTL2,-0.028496397998304612,0.03530554442630448,0.10113328929557568,-0.05048888537595884,0.12477932458534505,0.05804949443491604,-0.013409364068709162,0.11003329427147412,0.03638596525601452,0.035002497972127775,-0.01488967126245395,-0.16691133184727291,0.017227779324218928,-0.1460118044275427,-0.0866530393741316,0.034573085306060874,0.0790390654751876,0.115748361180047,0.10666962093419569,0.1786106593575849,-0.011331116897962405,0.05445891984463669,0.0024031502322511868,0.11132521555072471,0.12793494572677422,-0.03623177694099513
LRIG2,0.15154819819998078,-0.01920020949571118,0.06731197929521046,0.0322334539104044,0.013954079021803517,0.03401429092028666,0.042422034938040185,0.0620908451808365,0.015168405581825133,0.016341738903685628,-0.020810105500441423,0.052783168136736086,0.015778671867015703,0.08788161750114479,0.12631292169751954,0.014595907520923683,-0.05420916096924588,0.05634801382165594,0.023748541003027167,0.016935378946975756,0.06447759134469629,-0.014042597455154963,0.09650392142918783,0.11580685115429692,0.11361902419445491,0.11844005380471116
ICOSLG,-0.06590156387251092,-0.08535394600529164,0.029570967678952207,0.03019784163436033,-0.01162814601132357,0.055693832475176654,-0.017809482461860083,0.0874455285531975,0.06353899102659835,0.008369641994468146,0.011317452800962623,-0.09305434633116885,0.04235811101853744,0.02731687834746696,0.01893939538949067,-0.010428513199345452,0.01100591259189672,0.0884037181502397,0.02831034498686935,0.1144830674932624,0.037662505476036584,-0.011804100722109056,0.048074001901108984,0.10377999945787904,-0.00902153422883995,-0.040954990942128976
WIF1,,0.1253175297128826,-0.02539484715965837,,-0.041831795383076915,,0.10478375869068943,-0.04962747729893869,-0.011745102573616578,0.010361706949144293,0.03020974812923962,0.1361579429788555,,0.09845069504069723,,,,,,,,-0.05398840394034691,-0.03498157791495116,,0.006291802413320543,0.10902217614507732
NPPC,0.24381899271872057,-0.07071093668140259,0.07813189240192706,,-0.0035806838472985103,0.010585624190376878,0.05905145900542196,-0.011119000648950541,0.05759242814998951,0.010369945036708655,0.036210649416804096,0.1245061164383368,,-0.09669035851992866,-0.02943965500143235,-0.017522769219946457,-0.20567970479692735,-0.04955402437249073,-0.07086203758749529,0.01843748031111739,-0.03451261422113635,-0.017851446226327415,0.01765925386846865,,0.05969245101212864,0.1252123358905294
LYZ,-0.25619630749572375,0.00842738295701823,-0.11192134229383754,-0.022047480412591944,0.012004254283322148,-0.012284518477994815,-0.09834866791450589,9.58616501080119e-05,-0.00652672203155849,0.00012396580658140474,0.005333034875611299,-0.3163642430605948,0.05388051454600509,-0.045259867654912384,0.03317967522055393,-0.015867509311977963,-0.008679059257062395,-0.010031197298162911,-0.04831529512240454,0.01003838734976422,0.06204316253317052,-0.005136002537078648,0.061133983612638707,0.010945365368456639,-0.03031027458823045,-0.10502606268715309
EREG,,,,,-0.03296945609501482,,-0.04692101759737175,,,,,-0.056614020638835756,0.05323334454917178,,,,,,0.02679372895076353,-0.1335504604908426,,0.0258869310182904,,-0.04972708216521009,-0.028569952965074658,
SPTAN1,0.32916857777454983,0.1753823856505618,0.247140728223433,0.016586306816129815,0.12329319013603536,0.06196996701320869,0.11161626290319515,0.014666362287693623,0.0632972980593298,0.06975517457305104,0.00437057633513052,0.3573265273314681,0.013780681025903695,0.16688830644271593,0.013551175739498897,0.1427834397949891,-0.06898705534230411,0.046947378276431605,0.05826180173316329,0.15470506539175918,0.052849256063109126,0.05630054314207375,0.07521750485262402,0.14093326890378854,0.21665881018736205,0.13603569555290101
PTH2,,,,,,,,,,,,,,,,,,,,,,0.02777624617224492,,,,
LIPC,0.04346070402654718,-0.003937053155541565,0.015787241087922493,-0.009629506089032408,,-0.0064094039407969535,0.06828785895169485,-0.03833766961460939,-0.02784324731987671,0.016212466279761206,,0.05263565869755658,0.012447341461665137,0.03596093305578408,0.008169524504571772,0.03178686088326337,0.0055192206189360864,0.056787859787556835,,,-0.03143108668666206,,,0.07644560057367296,0.022499402932149776,
COL8A1,-0.08340052494954271,0.03156108446214952,-0.07552040097213279,0.039804771745203395,0.02147087375776857,0.020808301402862724,-0.00014123127848356777,0.06538525666079188,0.041812159066811225,0.0164093805810425,-0.02552047777756331,-0.1300428954135286,-0.012258300543020616,-0.048546791932773635,-0.007034490948258954,-0.08265444228220874,-0.0015241469895988639,-0.007488379583367867,-0.00960517107188341,0.03998961274483642,0.0512786597628923,0.030432800442884465,0.016939009829868536,0.07425643535458426,-0.03817151515029823,
GSTM2,0.1775010123497381,0.0011187861844020824,0.01586468233565589,0.0204855240776555,0.014559805606555364,0.029630355781749027,-0.03075674537173397,0.04675909764319861,0.06762905561732953,-0.022139776767454135,0.04397422752834851,-0.0021695032340151225,-0.03753681839539101,-0.009687849069197035,-0.05599986226856925,-0.12964307995677946,0.011276361313036082,0.07403439692547722,0.024443603189416175,0.08969270779999862,0.09728137034681877,0.027997115962149467,0.012995468305242489,0.05149052295736417,0.05692609183855394,
IL4,,,,,,,,,,,,,,,,-0.009097723602967001,,,,,,,,,,
SPX,-0.06257197774301508,0.1216672844558005,0.05412927492662415,0.004718941801635752,,0.03055654649094394,0.13937720764242456,-0.0646892098065491,0.09605035230669987,-0.04217878563181959,-0.009224717184780223,0.001869632980000242,,0.14536102587794514,0.02089006189530489,,,0.06750695827920865,0.008773413317977433,-0.03895083497484174,-0.014260866361096114,-0.0594477140755126,0.0763599054508083,0.176248527776724,-0.04065242765872067,-0.07660004934997182
MFGE8,0.0896180390915045,-0.08200055115210769,-0.005288852352310922,-0.0028933123228661686,0.06509217637649041,-0.03579711928821733,0.08866303115138667,-0.020389729552357624,0.043454510771263714,0.023561505625990218,-0.013730946611704164,0.059354170185043305,-0.052709314155516225,-0.03205758891961365,0.022162183358347895,0.12180326260130024,-0.08066787504462399,0.03369768770376902,-0.03451259591923532,-0.024174417288842665,-0.034444348630132425,0.038552985905550674,0.11822791483380637,-0.0005492281490812821,0.012259768745610179,-0.010948790275650119
TGFA,-0.14468861459169616,-0.195742456719449,0.18236117675744692,0.021103015063295906,0.1239624191084135,0.061200935040001805,-0.012683061360853932,0.07008033194592421,0.054704631829076686,-0.007357085447385809,-0.04467382502633524,-0.12362763336497408,-0.02170231436587474,-0.002729584375603102,0.06892260853762024,-0.04319313291710541,-0.08098841798009439,0.007289345409600225,-0.02471850245329972,0.0788823849499127,0.04867519459001299,0.021604647998088956,0.15937296896301498,0.171791188878552,0.002122509978933861,0.01938266073375479
SLIT2,0.007169852732229391,0.15584773212006164,0.017916464614567775,-0.024992062418119864,0.02251884777177828,0.06392971152016544,0.11565179858612143,0.06206552592398784,-0.0003405742160871382,-0.01235129583881742,-0.030701944458724192,0.14065534613310093,0.06578269765018906,0.1685850702630581,-0.004788694054822862,-0.10563135598016851,0.04213200779876437,0.02109010037018274,0.03575198648723552,0.047232869010640964,0.01752966209386759,-0.02100842472786235,0.0948276784057286,-0.01853317384044516,0.017219340943504375,0.0825121359288516
PLTP,0.20101830573051782,0.016384791014559228,0.05353054354098144,0.032816356421607004,0.10788624545022596,-0.005274932096861349,-0.06412493044059348,0.03372724911255114,0.04277547778798547,-0.018327731324744138,-0.004958468627042699,-0.3582165558012898,0.015211695367945366,0.04824893254759121,0.07539445310377468,-0.02588109459160967,-0.13119427471691714,0.018204109039453194,0.01523195959055948,-0.01791971002322043,-0.004134510168887037,0.005347074649822765,0.07762403932175212,0.051846726052918714,0.04079772503869514,-0.11277627509264705
APOD,-0.5111999662963139,0.16692199458087797,0.2393320371656509,-0.023422256677243486,0.1493020165680424,0.024786833676368636,0.05420215851149622,-0.02077370429539468,-0.014913090854428985,0.02389233532589621,0.006179777483116357,-0.23894237572406574,0.009032315387823004,0.18710964771606794,-0.07246605686598402,0.045860974163511946,0.08584439383091519,-0.09534286743430659,0.18971697754392486,0.2089645350149129,0.0305969265165904,0.01892807336317803,0.1261564365601025,-0.05966611285258028,0.04371682365233724,-0.11783260680907068
B2M,0.13844599773483032,0.18730859928874108,0.09703448509046174,0.049300575746976355,0.15745295628437395,-0.056433387686114785,-0.053392904998544224,0.045164950246414114,0.022908152863352804,-0.0617915640439608,-0.06686107932048932,-0.3913341906741054,0.06869493326588791,-0.18631308465193616,-0.03664511397404495,0.01390694063792462,0.06314597741959742,-0.05249237805300218,-0.06676999819344989,0.08169396282985089,-0.07507518886837639,-0.006562365896199158,0.17646812045435947,-0.12461325047549666,0.19402795350840807,-0.20867761839397797
OMG,-0.22459641473869704,0.18114194004643885,0.2714423704991282,-0.038747583800036615,0.15611037025039257,-0.006494732307133308,0.08254995906775935,0.03556184316253876,-0.00845932870664559,0.014858426995126038,0.08778409763946746,-0.05960334952921573,0.01121744103496483,0.19641073213640542,-0.07337718891575985,0.06708197346386048,0.098927831575144,0.020434471027518136,0.13334173351680229,0.17141571895491436,0.016973355463893194,0.03766993218978614,0.016145850387646057,0.22434832867605678,0.24380605530989646,-0.1438313021784007
CXCL3,-0.05824989668923705,-0.08405396777725271,-0.08931517972828505,0.04339383331543734,0.007630086257679292,-0.025871719945844043,-0.04826004893161759,,-0.0852789262374991,-0.011150747635909805,0.004861592259247379,-0.013471776381506474,-0.018613087684802968,-0.012966793320482025,0.02426609246212608,-0.09531211518465302,,,-0.1662768477516273,-0.1450150792048601,-0.017098064581996232,0.0008881274749660353,-0.01745387724932375,0.036980943003257265,-0.15245229390843498,
CXCL10,0.19669397440542957,0.07022108626091395,0.052787730470693496,-0.062372589031348374,,-0.0007626378719932032,0.04811755362349976,-0.005321649369446798,0.06177098918443727,-0.0059173019914858455,0.011744000333877954,-0.03899806497924303,0.007305739087580404,0.011102644597774752,-0.0074060689484527695,0.021810460154401266,-0.031073303814008003,-0.021825012434416455,-0.06314053592715996,0.09588861384335472,-0.00508399150666012,0.0033196464460758775,,0.12543041095629645,0.04071735256035572,
RSPO3,,,0.024886059338939163,,0.052312630209156226,-0.010615142606831498,0.10337824697461613,0.03175670941496344,-0.018138422785670634,0.014617966041627538,0.00955603085626686,0.17439729523540415,,0.021912069496905686,,,,,0.07643050709998764,0.044595490314232406,,-0.006126963481702804,0.11279832093533126,0.03293147948111744,0.12156174649436448,0.05561013089432401
CORT,0.08838434899367568,0.01775736183477409,0.03796704130620214,-0.01578863282652188,0.08153301234110558,0.01969369602842856,0.07819450479297456,0.010036639796739398,0.04649277815113702,0.0368281585237085,0.01852061856759764,0.04393246463349069,,0.04589593787099018,,,,,-0.006954797670032199,0.005685846604282003,,-0.021706742042921376,0.06446077149587962,,,0.08105306100602272
NCAN,-0.09816717014078832,0.24324261502526637,0.35842516464888274,-0.011459431235866875,0.07823837555652356,-0.09642676198499553,0.14187402597297516,0.025887132887842047,0.07541842186251102,0.02567806595543691,0.016855351822520064,0.17850296259480786,,0.05669094290794065,0.014009329042354222,0.12668253518756675,0.21506446860620623,0.11070060040937424,0.2338334818296328,0.20077561457074142,-0.007709383874500241,0.018223388746228013,0.012492829451685509,0.2308114071945749,0.21117565537635058,-0.00011570212887733705
PRG4,,-0.026653287536845583,-0.05363967013936139,,-0.022366788474842744,0.02835058622617537,0.017511347935349208,,0.0006102304104526765,0.04615474145107586,,,,-0.036311451540024534,,,,,-0.0302813318259678,-0.005394555228939137,,0.013156985674633111,,0.09252008851590597,-0.001513673999080147,
ZG16B,,,0.007988414509300837,-0.023719908641501652,,0.0031629904615399335,,,0.031848162215064306,-0.019634965865225482,,,-0.010135038695963165,,,,,0.059988358773840185,,,,,,0.022562564584468613,-0.04186960843508712,
TGM2,0.06511130088482386,0.03159965468427447,-0.16295660858322808,0.009030483387890002,0.04434735060364298,-0.059383139535682895,0.016692486778719266,-0.041845585809229736,0.031887447920636636,-0.01811318887580281,-0.008075308687225911,0.03532877566606375,-0.027516601637870394,0.08503125295238859,-0.12356008519227869,-0.20158348183405608,-0.06593168115462483,0.02874416961840886,-0.10206649847804336,-0.14404844063648975,-0.03337923809143988,-0.01833194165468669,0.012881513425753716,-0.008644976617947175,0.027769310567971033,0.10451523079649613
VEGFC,-0.05388444578411406,0.018424075201908512,-0.08399022261182992,-0.057063064904631804,-0.06043559243229511,0.017714498795205997,0.03140467858422141,0.007545956078098825,0.013034067895516553,0.03343112593218091,-0.0032817775199837,-0.0224404593012104,-0.02675422073211015,-0.015534704432287837,-0.03383646092752342,0.05772354309278587,0.053662731783962456,0.09764092955790916,-0.0511512168992507,-0.03859248800742025,-0.02293903066969149,0.05321362008397888,,0.015203709265081014,-0.04888009173477087,
WNT6,,0.023287482849700596,0.023511391292091528,-0.0020437552216196384,0.07553005877046366,0.037770323610264486,0.004959249521434093,0.02174105632449773,0.0010968692507856894,0.04708525937479244,,,-0.044865993584571655,0.08614303924212942,,-0.015878887350372815,,0.04864108480340238,-0.011641125631525877,0.045237893375748545,,0.020028425574321482,,0.039533101163692234,0.006645692167731953,
NRG4,,0.013687007613868301,0.019943639250997215,,0.05595715245072681,-0.03125504621418933,0.08870231568579616,-0.07329714749665013,0.014036110062448908,-0.041041227806321086,0.006914126966455865,0.08078131166249312,,-0.038634393316513645,,,-0.005403181872191778,,,,-0.04028500277521562,-0.060198032491582704,,0.034775148485973705,-0.05009190661934448,
PMCH,,,-0.0571255896646642,,,0.021564573134276056,,,,0.03751012541171032,,,,,,,,,-0.0318581274561317,0.06918014047359332,,-0.03386423029060211,,0.036617196578329465,0.030491346430674127,
COL9A1,0.16630704533727073,0.03500326570155082,0.05221717406476623,-0.050927771995022984,0.12325843649940782,-0.03947211064641348,0.023538191548966265,0.02013454938817349,0.01204886011925847,0.04825691114596714,-0.015218046973215892,0.03139027109750719,,0.07088999405814586,0.003038015259081723,0.03834744157308878,-0.0174891073437883,0.0391662785549994,0.1745922564478036,0.18756541736638233,-0.06318165846005293,0.05893291309065476,,0.2450761142532143,-0.03913817283011603,-0.0637101070189056
GDF11,0.049298719144363075,0.07777027730189764,0.12220814770275877,-0.033968497834524006,0.15203094627334524,0.024441880045420042,0.013105779181169393,0.1401954639570297,0.021114298700286957,0.025539336097359686,0.01138670468629925,0.07835294120904444,0.0697228803474046,-0.03374114042417692,0.05474996088536017,0.054756707696434676,-0.08674189128997278,0.07965508036602832,-0.0221724942841562,0.014621947711563827,0.069043920301674,0.019346775295916368,0.051964877178850497,0.15803113155781867,0.033997267623395895,0.010075237102013015
RAET1E,,,,,,,,,,,,,,,,,,,,,,,,-0.009742065792542758,,
IL24,,,,,,,,,,,,,0.036513337424926046,,,,,,-0.1124343639526629,-0.05458823885243408,,,,,-0.05569640818760869,
SORBS1,-0.03954821773611524,0.10047681820002484,0.07904674416216581,-0.00986859514444599,0.11369950829937288,0.0646109710801526,0.05603359078033918,-0.047787558095539064,0.07154368813051913,-0.00014277482638948383,0.051973429556712136,-0.044003158872197294,0.05301035577867967,0.034504962471333084,0.12489657901382684,0.07223869644958143,-0.052084538563807584,0.10224786730318683,0.045184244656920745,0.053328452134223644,0.1497861117811901,0.0702397228539114,0.015311230299132634,0.07934429953800022,0.09272874585255503,0.1659705136555793
DLL1,-0.05747563714777502,0.13951023797783763,0.14998936723671585,-0.011768743317382944,0.07332826520333537,0.07302538189293288,0.026642704542974054,0.09458700661086471,0.06808368396023419,0.03302478442335308,-0.011171782518283581,0.006225087138193155,-0.04344163481488926,0.021872735857465197,0.006626283940842293,0.022672828320008068,0.014940002957309554,0.09817280308374864,0.055299414739518556,0.13340236363352959,0.09630499669544273,0.09971892871314583,0.1774569999735633,0.0762327766059554,0.03285179047929075,0.06531074514353902
TLN1,-0.0032391124704647303,-0.11382251280312843,-0.04582237940797404,0.01035958566330555,-0.023032310663532174,0.025178433398688468,-0.08345780045673762,0.032604220777028174,0.0591373138784885,0.08378131978182542,0.019067405522558294,-0.23533888441083856,-0.002812831039810541,-0.14844768682693824,0.051546777886837786,-0.024425359515557712,-0.011209953545983972,0.011452735468684465,-0.06792631093692947,-0.06284102765725319,-0.03757303483574815,-0.03130808834113542,0.0850969721381861,-0.11230445461324359,0.0013556834018802473,-0.005286208100116745
COL2A1,0.013462835591290686,-0.006120903544630558,0.1809323261004704,,,,-0.01264025782536183,-0.019687994377148615,0.0009472224817946101,,,,,0.05773926010436325,,,,,-0.10485099865337233,-0.03618835465068109,,-0.033874333903193506,,0.04656291533969212,0.030796681634956934,
SHH,,,,,,-0.009053825041011019,-0.02167209545270086,0.014988236815267538,0.03844120484814338,0.00740742333734641,-0.041614673530521326,,,-0.0027454371502696495,-0.0016219495330741694,0.007796239734290639,,,-0.006303541819855905,-0.03456126482387908,0.028840544905368755,0.02434591674673234,,0.12913404966331132,-0.003916032858067076,
PON2,0.2357543870792785,0.20879076168708602,0.33013550991492085,-0.0015831333930373874,0.20279516350138518,0.016433175976872764,0.01640398449736615,0.012340981402845149,0.04835202511366723,0.023707128083438854,-0.0804303789814612,-0.11859399459191926,0.015059843227198588,0.021518512795095108,0.05801846160507405,0.1037909313363519,0.13807193929159348,0.04090337751140074,0.07594451917302131,0.11375935638829143,0.02068568413037236,-0.03493123358422011,-0.050234093971249255,0.13521962447938615,0.003881006735293626,-0.07995334145736557
ICAM5,,0.17221197642943806,-0.004353167254480566,0.027698374451210442,0.02537531695374874,-0.018828930457762762,0.0702242770738933,-0.01971490846185813,0.028474267703579387,-0.0014173978339866067,0.02175697930731303,0.21486347868567318,0.041638653825486774,0.09603542260369154,,,,,-0.019742656635600413,-0.0073019428338235,,-0.004130640115236011,0.0035858767176233544,0.041160719342248464,0.11980937280892172,0.12243194390462732
HPX,0.0008097750445658836,0.007449659373541846,-0.027131140965407925,,0.060998872116330434,0.013394502632587726,0.020915646779200693,0.06071062926226309,0.034932868970263854,0.035040681635930514,0.055533606496185925,,-0.03883473285999159,-0.02021593999601318,-0.025642305164545215,0.008159240745370895,-0.045430182372544835,0.01083540745732043,-0.007729069268877112,-0.0013399637591702263,0.008797732371032438,-0.03241659903167832,,0.08282943180099214,-0.04906404658971586,
SFRP2,,0.030433971849325732,-0.015586481292077842,,,-0.06278553995987973,,-0.03176516370680318,0.022991244065697882,0.02155677553582381,-0.0240126938975322,-0.12546965795678422,-0.024970427759768356,-0.00863335463099792,-0.04779656257351654,-0.026552986836935504,,0.05746625723206707,-0.0024879522418737986,0.10111020100931488,0.06480886089934838,0.004781370959278584,-0.05878325438103899,0.07362079796664735,0.04996206804081377,-0.0028098647280647045
CFC1,,,,,,,,0.03466217819027591,,0.01951008377582482,,0.13204117968510445,,,,,,,,,,,,,0.09324789146344437,
CD70,,,-0.03545039399724481,,,-0.04210139977946546,,,,0.009239577453615807,,,-0.032419451137033095,,,,0.0005391810168585638,,-0.05558280236834692,-0.14126254683736408,,-0.02215055666477392,,-0.007221158159789606,-0.11904620507921415,
HP,-0.08579615669130541,0.2401705558909284,0.08402730565068547,,0.12082131373858418,0.028351776501644516,-0.005160625954998004,,-0.01285556489982081,0.05683534290783933,0.011041649239331939,-0.08173115821422798,,-0.028718595433215643,0.012062691942157968,0.055573575775369366,0.06993295530104084,0.1422456344169615,0.011183518404590937,0.02203081708140874,-0.005674837797174887,0.038106855644857676,,0.012694908204549545,0.10679598456624445,
CXCL2,-0.022360441022589456,0.04013936508866704,0.08590744993204225,0.01710684949056493,-0.0012744672092910568,-0.00552036852903004,-0.05987670074133829,0.051394444716172126,-0.02608591197984771,0.027657370227827643,0.03565268700639354,-0.03853134467608068,0.028102491784108927,-0.005345338541948305,-0.04269844823832518,0.028291820326573548,-0.0005464560547229867,,-0.21036860977805086,-0.1065318524009898,0.061501494476242195,0.009815006544603039,0.0034821627316161197,0.04631246270309452,-0.17077442263384304,-0.007712629878690718
NPPB,,,-0.02854392656680776,,-0.026729537318124538,0.004154856953014412,,,,-0.06249563759283308,,,,-0.019689276662352907,,,,,-0.033565738498685604,-0.02346364140708497,,-0.02893871518907155,,-0.02826794001987269,,
CCK,0.2122744592509744,0.23673540570091448,0.19518789274970444,0.013715388837420862,0.027116730422261464,0.09814338486655137,0.1427525903665379,-0.06226340359753827,-0.025272212259454068,0.009085323499115578,0.05191088995410913,0.4270495890769304,,0.20544093303889896,0.05652681639003187,,,0.029034517505995224,0.15880132495499089,0.12996045987926794,-0.0027377131224012013,-0.004738617691892707,-0.11535829215996067,0.032886301153112786,0.23778044440847518,0.13054562361215313
SEMA6A,0.0054572304963424806,0.025750819255580336,0.1682619576297908,0.05630741403719497,0.14600576990561265,0.10724390798862796,0.05979021404005297,0.0887394269755465,0.037618100256309926,0.08322371754627257,-0.012590464408620237,-0.0763453641860571,-0.0005248904158349947,-0.08304205288579967,0.1960575573178078,0.16465640016924843,0.061822428961222066,0.0262539115079229,0.08718255515339689,0.13656895205029004,0.02087238549197464,0.017460706216863516,0.11182492090055597,0.17417097201981763,0.08191047381569676,-0.06632127912221
IRAK4,0.004060639222687927,0.015440840226570867,0.045415887436185846,0.002795099878458334,0.06825734740395213,0.0038001531348649128,-0.021108498701088232,0.045713321300347914,0.02434096234355396,0.011933931229702937,-0.0016314855564143916,-0.09405947597190159,0.03937159274926034,-0.04860320037456233,-0.013540019712366744,0.05252741469024565,0.06699450657785018,0.019730672258720477,0.037308480072282144,0.0733532477063546,-0.020970049317957467,0.02020222711343184,-0.019316467602287793,0.16640589370150294,-0.038556535445580346,-0.02870539380081649
GSTP1,0.2903194647911102,0.059828090579698796,0.1725210487245995,0.04139217033686831,0.06214965186521425,-0.009202532563057853,0.017396696981623463,0.05824414898957266,0.025395428560686783,0.00774252250944172,-0.01736663080482569,-0.32537233944966504,-0.05028218658475287,-0.13061984869491647,0.03759698913951391,-0.06888332092603762,0.09430058550595578,0.04401714631325134,0.07789750400286945,0.04612156111437981,0.010357058185108096,-0.008382766983045423,-0.05080531581165735,0.09675457221406394,-0.0573137218406552,0.005346209127730091
VCAM1,-0.055204666621211235,-0.058754536395549915,0.0919413352453527,0.0668858963678064,0.0033804223550535158,0.0464903098644968,-0.0578237359268702,0.016924602136255264,0.04077844562337005,0.011006608121494014,0.02409131747931762,-0.06541043844895618,0.06188796786927698,-0.02513034859948374,-0.08450979917798977,0.11737970487598964,0.04732330561545369,0.04228356827954686,-0.08622897430330898,-0.12214618862223137,-0.044471635778577726,0.0076931581420244454,-0.034315869766248175,0.17049203629828916,-0.1125861911220455,-0.0024540381169139377
NXPH3,0.031803971173414075,-0.07570163611483771,0.05002071790051007,0.047299300923541315,0.07209675508122045,0.031450844335974726,0.030679413711862037,0.0883395780847678,0.05364498910059685,-0.05416972661831928,0.017850205999210698,0.13297159664024233,-0.005302133237144428,0.07867394943784019,0.0347517180931194,0.02038360415794688,0.09168419141215639,0.1355579157223923,0.07765425131925639,0.07723459282337496,0.010725800519160182,-0.0029419251781158027,0.09047309273369743,0.2064922777365814,0.05817066735002437,0.0773145573725501
MTMR4,0.05027653070181751,0.009992193197912346,0.10662315064486061,0.00976216880894954,0.06823944650167196,0.05901600148708697,-0.010236916328545793,0.07299505236765934,0.04093645011260956,0.01473877554175625,0.02196391899641717,0.13710091555908482,0.04961870033742568,0.028588539027137403,0.07834466317928887,0.08601796179220178,-0.03859805645094701,0.029528715862148773,0.07712286391844575,0.03361030926168126,0.04322913022211154,0.010841743896513554,0.042826898262735204,0.10741054504602093,0.08607227110609764,0.06740008867134695
LAMC2,,-0.010491405276854208,0.003654290221726292,,,0.01330136532691555,,-0.019355708362918923,,0.016038206499720164,,,0.05050314672920464,,,,0.001337191293526408,,-0.06366155476003414,-0.0067504653967354715,0.003325565826567183,-0.06887231090819726,,0.028093726509470864,-0.04117506334719335,
IL10,-0.019663883706995944,0.05881512028116561,0.02600220224411274,0.009161252164563748,0.05441212100218527,-0.0044187616057436456,-0.03066094342071256,,0.0008668253460170262,0.0011414802326683328,,-0.11272602908300089,0.01966832270555272,-0.01478551838624123,-0.026241456306896612,-0.001941862039495508,0.04268706419400917,-0.038644168221985686,0.09818012458340389,0.024806449832952587,-0.030085069853883754,0.027643138704513147,,0.021149934096256692,-0.11932779065567631,
SEMA4D,-0.24182770604750944,0.13745841010540166,0.0712978123228016,0.018928646131290115,0.14948318606804714,-0.018383158531957437,0.045954398791352755,0.03307654734445126,-0.029633305781442906,0.018043539798032866,0.007800299634815477,-0.16483560215125903,0.0022986809850512476,0.10532390553843128,-0.053648075134078224,0.0005499468831767641,0.07108390578207363,0.0072634128387392485,0.11499304133361583,0.19052500056313243,-0.04204497674484683,0.037918099051424244,0.045424151552903844,0.1450672716375854,0.155114448787329,-0.08880311827166076
TRH,-0.07818004869959087,0.0941129619024935,-0.06698206863328683,,0.01865058342645262,0.007386047884969268,-0.040487494842234864,0.02115113949960383,0.03317633583082103,0.02121206023673624,,0.029074798977242966,,0.02458347639745834,0.04774543067230368,0.0496805737427724,,,0.06556862414607452,0.15312810418895345,-0.0182816573890752,0.06960615617598713,0.04560592086721553,0.093559063494664,0.1241921480833922,
SEMA6D,0.18248965442413057,0.121013073021088,0.08937172559268113,0.03256062862403455,0.2068097548604533,0.005829637956968125,0.10393400692245801,0.06738979655314238,0.07873361643179771,0.047255439804414906,-0.01943158652684357,0.02865812757047577,-0.03409468130246546,0.006823802155916469,0.12480604715885374,0.07736853767072399,0.10486520692308124,0.11966772584106623,0.07083510106872205,0.15681155289427137,0.05628940327292667,0.06021216920613651,0.10947241447243035,0.23056981986809774,0.11754534172937973,0.04266089826460466
CEL,,,,,0.024499109133903737,,0.012497551590582277,,,,,,,,,-0.0371812003730694,-0.11858481089565508,0.05652860955697263,0.01899483516617028,-0.01787836308501951,-0.06007558265062332,-0.059150094422947844,,0.07842199451965234,0.031223375935267264,
PDCD1LG2,-0.027837678374360433,-0.021664123866060963,0.004455510389415622,-0.04584276080865799,0.009510063682960732,-0.022753512728828407,0.029854842957093678,-0.016224438843221146,-0.01105326252380868,0.06145439005122517,-0.01243497687101744,-0.09907773179590028,0.061287786606924445,-0.03132698770723467,-0.06104238673064148,-0.09877919530047635,-0.03548501614169039,0.08565226309832391,-0.015944714767500725,0.0010152081182979629,0.05181754803146367,0.01728258319758162,,0.17286619992890473,-0.004232102620083288,
SPINT1,-0.011221439393966538,-0.02458700824269102,-0.0565811006849617,0.021408301101133752,0.08947781880669943,0.019883439714860972,0.022095777754283494,-0.02520191461751334,-0.012999022603890454,-0.0067661267019736935,-0.018677728277036412,-0.03689746385438513,0.04017512175355941,0.004537454405293492,0.005573599661270286,-0.0923415644626043,0.003932291553867557,-0.0034372080102831374,0.06994657110929872,0.020326180501240403,0.027726371705401973,-0.02568761574157546,,0.15159174608036102,-0.019744769580875603,
CTHRC1,0.193756062045133,0.08001822641086587,-0.01656034534495057,-0.027462201130259097,0.009924912593464428,-0.0654327904247734,0.016255391372255654,0.09028971072742666,0.02166738232450678,0.03228141336671817,-0.04198825948886541,-0.039369163491171075,0.07915451859947537,0.004448612574986482,-0.05641472318588612,0.13651245200388068,-0.029140567795013745,0.015444278341634731,-0.04364301854080605,0.0002095459247580507,0.0013670964743589652,0.002806123976476789,,-0.03389591025929799,0.09753244219808639,0.01299360018798913
PODXL,0.08800509434823553,0.18005563789986898,0.10770905934597541,0.008969184644688787,0.12742479725224742,0.03854243347692054,-0.008934946670848865,0.07335669852579907,0.08933067543400092,0.023585391269919247,0.013832779481732069,0.17264129589593963,0.044836229519085405,0.06203603458207855,-0.001631478394605326,0.23923614902683055,0.05355153200944769,0.10054173928977578,-0.016267868101961465,0.0672734525161647,-0.024935838162904785,0.044700368257868335,0.14951823191961156,0.040910772291391236,0.13283679153561018,0.026695330633236397
JAM3,-0.06818780763719173,-0.006609308140279194,0.04472517529046012,0.049693934525825316,0.04845647511041346,0.09093625955020818,0.03194469260737216,0.06652379688843299,0.02030047355056888,0.06300165470172252,0.0011020769195059042,-0.2395712033686531,0.046944451934488755,-0.010863990791360497,-0.013922702608473182,0.1269566187007645,0.08835047092892265,0.07743573815319807,-0.012704407733931477,0.047730493369262675,0.10837453412800671,0.03527396468059547,0.06562663991330772,0.008949982426286958,0.05165960589879554,-0.09041435455642675
TGFB2,-0.2404697772250614,0.022912062641377046,-0.06979466743122124,0.051509870428127824,0.08578569487159632,0.07445969045840928,0.10446160875270641,-0.014239265494457502,0.060424826216907326,0.006618835454503625,0.006434479572752063,-0.04272764849791908,0.04962955639994281,-0.0658287191340756,-0.01724419746005292,0.1728674567896987,0.054769581526383795,0.058219364884230705,0.10093596871050758,0.09036101171534314,-0.06087185826154094,0.0034725217451812528,0.010988786287548869,0.05002264462709825,0.0728752699687288,0.003201990576781314
COL18A1,0.013224033391673556,0.10182338195819607,0.003272074060792972,-0.00820128620683505,0.14997393935670833,-0.11581383815873827,0.06838305022123337,0.059877008947491685,0.07247343218424537,0.025450375777487627,0.030814137913359584,-0.18329195559934044,0.0580348651084789,0.06943438045181752,-0.0939161763291441,0.06941374708627633,-0.10193304866255057,0.03226502932863069,-0.007104828399378755,-0.11379969645578948,0.014330911578403655,0.011757218524049571,0.1258708050720585,-0.147180432819836,0.10142390698844408,0.009693865432368354
NODAL,-0.03455712734670703,,-0.055017293889386455,0.030666685037827192,,-0.017192964136028024,0.012751612687429638,0.0631836797393593,0.04756731642578055,,,,,0.009949573424801633,-0.04187089110633529,0.018520289075323212,-0.001906985891344512,0.008151132881544227,0.05316291964668128,-0.04122590807485215,-0.03517757874978027,-0.030619183340222077,,0.051714589601791004,0.07058814452218638,
INHBB,-0.0556235716776339,0.0038754839833117223,0.06714569076774857,0.03926913495525428,0.11974272624197724,0.04187358649078009,-0.014835585905408857,0.055886446090594524,0.056453347834175674,-0.045797796558283824,0.013782872763855326,-0.016153531162251423,0.0815560441281512,-0.05067897044157703,0.006568095630251886,-0.13346278635688186,-0.0358140373617961,0.04766165291278455,-0.12469522659453072,-0.05364699639893725,0.08718775231326634,0.01665756390526011,0.03820335574655504,0.2347324779419023,0.03508866671090157,-0.03263573414149593
LCN1,,,-0.0377701144774656,,,,,,0.0008931396866621346,,,,,,0.05023013376434202,,,,-0.029448748812706045,0.004400356539717856,,,,-0.010470292336828705,-0.024448682122490666,
ARF4,0.0774465024281259,-0.03208716254909462,-0.06655737669152995,-0.047561084644125895,-0.12520067326830941,-0.0027487742952937754,-0.07788512290028814,0.01397561653122413,0.0349703425589052,-0.015299061566112541,-0.01474778282009207,0.03991168700693247,0.07768169437068903,-0.08491438370173637,-0.04528431318072525,0.041940764443404804,-0.0164790574237344,0.10090690717895578,0.0722264113044419,0.08534619118024138,-0.0066574033988180134,-0.06444204935790247,0.0806816215799227,-0.14901171527897497,0.009160608655189027,0.003210780915886096
CXCL14,-0.2379314773300698,0.09101550357815386,-0.11135754983082691,-0.0068986302393107745,0.005836846200151258,0.026970061181816458,0.13699558868550651,-0.02545607716252708,-0.0110784219192155,-0.01488434485590127,0.041802944643450156,0.04694316300453872,-0.0030472730893888285,0.10063743647684481,0.0894862547001568,0.05564928864579469,-0.010718231935385732,0.06330345066538001,-0.15497954322140542,-0.001851780086968366,0.029913073503220634,0.0453881747133098,0.05393574080666592,0.2006092764255754,0.06423700837457198,0.058731213341437924
LIF,0.06101873632404241,-0.05506863400877419,-0.11557394362236996,0.003410800725086626,-0.020534825759407016,-0.029422879913714017,-0.037151695687915716,0.02678586189606754,0.03766403691456458,0.04347312530455375,-0.009200469495961502,-0.0900571171920387,0.07406057587154465,-0.01343121280947634,-0.022844039481101076,-0.06818268711867422,-0.013844660437471776,0.054972745567596265,0.012533949614498713,-0.06424120433212015,-0.02360488618452101,0.08488969153472475,0.08402619607818522,-0.057131853758156825,-0.1902181197464933,
IL17B,,0.07866274137793226,,,0.010803254309217145,,,,-0.014367794931104702,,,,-0.02817506808576093,,-0.05757749275871109,0.006012191220522217,-0.028102926509267826,,-0.014633849203290776,-0.050343424740848075,,0.025165523120383542,,0.0435830855208462,0.030344701518414206,
MMP1,,,0.019046707447521478,,-0.053998761338205595,,0.02309539321400079,,,,,,-0.03790941704004307,,-0.03955108391974532,-0.034546389114609694,,,-0.08929091491229729,-0.0007202841358276414,,-0.01876894855272357,,0.02725110085722487,-0.12388830450415693,
MATN1,,-0.050634487681222674,0.07475617542422675,,-0.024424873998250645,,,0.042833285878344673,0.018849453629735658,-0.00326903179605076,,,0.05256378109299067,-0.018437111796613576,,,0.0067487353466323015,,-0.010350076282486752,0.03495121395290528,-0.08127277570092119,0.02854723635786489,,0.030411754112771795,0.0041386626234743784,
ADAM28,-0.19649090941900083,0.008301818048957582,-0.028621345295172688,0.013616889923715198,-0.020365223335648698,0.06080023514922952,-0.07767574204005973,-0.016749112475460813,0.026833456754281004,-0.06718341936999288,-0.0025222113648459958,-0.11757254156918756,0.011763153531987494,0.052151958713274923,0.0527138050793879,-0.06855980919645938,0.0037741600598984225,-0.057444541873099386,0.013271604339789739,-0.02531447365157066,-0.014731032581080728,0.04199032738224208,0.04733309111504327,0.04452705535582306,0.02177170678580175,-0.00834416927498638
TCN2,0.046834334534657816,0.028242729090117352,0.04878857341836011,0.02648945856284746,0.12436524037021011,-0.0035125474234799594,0.035335629119696094,0.01665872401228199,0.09453796464573397,0.006483334859940427,0.01921027751903804,-0.16158682752418344,-0.01978434526670702,0.08592083863484662,-0.09054770943505139,0.0021522499349642807,0.05324874140928213,0.10186517517483516,0.008909044887450743,0.04167106701741185,0.03044947485705766,0.025990730642914,0.10862701678009516,0.0805299417317567,0.005189715621087165,0.12519633593240648
THPO,,,0.01686201787874694,,,0.0032770953236897866,,-0.02423375054289562,0.004630106730795312,-4.6446773251792134e-05,0.04291223954245669,-0.016062107310281685,,0.05398096304807592,,0.012454648624825017,0.026502910907286764,0.06139350770109943,,,,0.02554428260813049,,0.10257391306159341,-0.009709994651922776,
CUBN,0.10260567871972551,-0.025438130257459862,-0.03135510231592887,-0.013493297519521715,-0.009008781934841186,-0.027626282748619436,0.024793463470049806,0.03618526817601446,0.008848117692165897,-0.0612061115904172,-0.0003945997183736095,-0.045414257358082244,0.08523419318475031,0.038698853490542515,-0.07093424194983669,0.003038476659064249,0.03822289702367866,0.03376708564770287,0.05370302634551408,0.0808514356487319,0.025562909066495963,0.008818966646617776,0.005097676794308371,0.09136646408019679,0.06959586344164581,
TIMP3,0.1515738066102037,0.006260749137452861,0.028387581439114132,-0.037390239135630055,0.006421211940384651,0.0704141706880063,0.10924496880505054,0.07120143995493516,-0.0056680962850594865,-0.022187865812567625,-0.016936524810039245,0.02763063526730521,-0.03281078285750376,0.08339364228288715,-0.04818553439388697,0.09170723972022833,-0.05263549408296301,-0.022752384381365613,-0.05504151236237516,-0.1102940600559731,-0.013149591263194638,-0.03170134629050914,0.14442155522281774,-0.09832255047058146,0.038813989265857475,0.13224123900509105
PIGF,0.22439999661354856,0.043026828802942285,0.186255449344761,-0.0669632833709125,0.08281166712096442,0.084503024650721,0.02774257118279919,0.057351246930075206,0.012144780460914403,0.022659051935491326,0.014414857276132627,-0.02366793140189007,0.004177717088172535,-0.014432222665824215,0.002971055507111352,0.03355053096420188,0.08770227637565695,0.043483271408120854,0.12394610999862038,0.12370417555951987,0.07660637280956518,0.01425176725216422,0.06385864744155426,0.2580643611394626,0.017800947246244703,0.07646948371544825
CRH,,,-0.023332003065654593,-0.014328831248205328,,0.08951154725967259,0.0064654000659404515,-0.0015022222982238403,-0.01708361033673692,0.021311555111046834,0.008292981172798008,0.044973189445743335,,0.06086071579181019,,,,,0.05141465966655298,0.0543936988459222,0.024959797057439122,0.010495374791497848,-0.03870732731401629,0.07446829875081187,0.017875923573795985,0.08088602319751532
BDNF,,0.07691681025214435,0.044634056019569,-0.012375058544165016,0.01732425393317856,0.0751881398717636,-0.02987256499151254,-0.012003794722573928,-0.05564092605666506,0.048454906552632335,-0.009750988590904534,0.03391692304559708,0.019738805436387268,-0.011472584481727385,-0.009833972214354862,0.01475641453089851,,,0.045701601650619865,0.057522334660530666,-0.05469321030512898,0.1113677861811919,-0.027616260797330854,0.11065802350009647,-0.011249720421075115,0.2511407954974012
CCL5,-0.22677133786832993,-0.054378270753768915,0.04001659676492551,0.006634738869407776,,-0.049501801396950144,-0.072133985598671,-0.016313032357409267,-0.005676970621918661,-0.040684386037492616,0.02893092839819163,-0.08515663131072909,0.0460752561065516,0.0011175071118416796,0.10020751393191044,0.014251267591865693,0.035507763306055595,0.09223769580830375,-0.010099993945792416,-0.03472851724126193,0.01857131337755542,0.018066798778727158,0.09958150678343965,0.1102277390559276,0.04651473771241281,
GAD1,0.1772363872317584,0.14271178084412933,0.23676906820062163,0.04658894938361537,0.11579005180357313,0.06435962304353096,0.14521325034829713,-0.018177920964291487,0.010966594606029296,0.02745411594974095,0.08434782553462636,0.3652350852179572,-0.0379046408655918,0.17822590740938013,0.05946053409763311,0.022032263678224293,0.017062837729386115,0.0636454396764779,0.038093768576933223,0.10636438573416486,0.013795216693890062,0.02828418521889837,0.00625317768370893,0.15275256680896382,0.1805100750272703,0.1987651798274405
COL14A1,-0.0007436462833070844,0.006227070946256894,-0.06693809695922515,0.01029002767867258,0.0803926481159165,0.028636201022327782,0.019418170823143302,-0.008716658745119968,0.02903183943254774,-0.016558087848295044,0.020735264028124242,-0.10890644264525942,-0.009088546462085088,-0.05298981069920481,-0.04421898222651554,-0.04040304798687633,0.03927402211301295,0.00694212115778354,-0.07000635475999586,-0.08749425215906616,-0.01539304652972616,0.013189091570782357,,0.06246435959834332,-0.0011962921952117474,
HLA-A,0.3168621616052253,0.04433106585333591,-0.06608355859112007,0.007922643291338417,0.012428931974500776,-0.07479747463298153,-0.11720541618760492,0.01395439357747263,0.02705932036321988,-0.006507954973745368,-0.0037444897175623027,-0.35819091250848256,-0.10423794067427056,-0.15270127438554668,0.047250418477488246,0.021748983030594738,-0.10119755773921098,0.038179846974120475,-0.21609287724957013,-0.2334209309891928,-0.005680245700757305,-0.04373831407171951,0.11329433394405292,-0.12484543194539666,0.03225155990285955,0.05301979442068522
CD5L,-0.13021326814814177,,0.010163173542856773,0.03006631211861531,,,,,,,,-0.006475373369776,,,,,,-0.03385109233204806,,,,,,,,
FGF18,,,-0.03485587524479342,,-0.003088017261828313,-0.02365225074778718,-0.04259388474621279,0.0535260683134625,,0.04940798002508951,,,-0.026271424442555792,,,,,,0.0036758607808855767,-0.006833182734299216,,0.010537745772927737,,0.06362483944780142,-0.0489484899038446,
ADM,0.08869863301641416,-0.3051050900171723,-0.24941837814197135,-0.010433438978383315,-0.22328224471074937,-0.0033807142946190986,-0.12519012451300196,0.04850015716466157,0.0494006844626102,-0.046699387837746444,-0.024642757265189462,-0.028626739976950036,-0.06747505647352038,-0.2226364456208279,-0.014086699194653187,-0.10000863781945094,-0.12709092090924404,0.07969689199028633,-0.14369867104657705,-0.2624559553118423,-0.009022836076569462,-0.041074233769569035,0.06319613361496124,-0.05390115432118774,-0.2648444149076258,0.08808791512874972
CCL15,,,-0.028245522745780547,,,,,,,,0.030864794504878976,,,,-0.037467210772805654,,,,,,,,,-0.03469263952503236,,
GNAI2,-0.007008281497327447,0.08887411692516944,-0.05872066187611118,-0.06017811394403426,0.007441938920164199,-0.0017980380789701057,0.0094672362842405,0.0338664695137479,0.06425783451341761,0.0825701859328501,-0.01573639309632379,-0.30467018549482916,-0.04115183522569785,-0.014537174626706192,0.025048699804730783,0.030575317517829492,0.02130296532149749,0.08707003812123154,-0.025079920444551602,-0.0008229936397380949,0.04901328912456916,0.014228521953118483,0.07317855402134477,0.010984881682208446,0.050058228057994224,-0.0863219089263195
HDC,,,,,,,,,0.023729563247210133,,0.012194078879738082,,,,,,-0.01338100920431287,,,,,,,0.1224849829138015,0.0004135901607979009,
COL11A1,-0.07846091547639612,,-0.01938204684607581,-0.014383000393599032,0.08117952435427656,0.032492085618808536,-0.04189680020591333,0.1001502482648385,0.04117131005736562,-0.031077972888188803,0.027355940163891392,0.08585446816785526,-0.029137814650699076,0.015368458283248908,0.002943616629661976,0.1446609937558448,,0.04762165909424415,0.02203730380362123,0.005463354487496124,0.011035200283040723,0.006637066058265057,,0.09143713359711544,-0.05914642569011908,0.16810036470544473
NUCB2,-0.041665731633862314,0.013026990204639334,-0.036211531539278974,-0.0239176409092676,-0.0685122275323482,-0.014931410572267198,-0.02257199606862472,-0.023116797542186835,0.015671717493572688,-0.031940012916154344,0.026957900913955047,-0.004982609202799782,0.00948384693645347,-0.03988403910814974,-0.009727828583301953,-0.10512279896111751,0.09096393955633524,0.03574484911752014,-0.02527043367265681,-0.06339565198861846,-0.002010677983698809,-0.045150459001062626,0.13290972561048664,0.028465708597893033,0.0035158516679559856,0.14990282403235952
FGF16,,,,,,,,,,,,,,,,,,,,,,,,,0.03373150969940746,
CXCL1,,-0.016557217889125703,0.09201676409419514,0.01947341026870648,-0.02589699610209479,-0.033691820793214186,-0.005446796908761833,,0.038342984292259956,0.08436785984990836,0.04120868935801055,-0.09696098999878464,0.06078880581720344,-0.006920315393510188,-0.043639626326635386,-0.02367390517007348,-0.0047141878178525,,-0.14158702928157013,-0.15240855505728215,-0.03508848397582147,0.008800491310828721,0.1595749144375908,0.038655995536550254,-0.1424990255250647,0.035117879885684766
VCAN,0.1564358441416711,0.07945347505711156,0.0937078950950029,0.012097634843284515,0.11815387100174585,0.04926548409670709,-0.05196081590467961,0.05600012731886495,0.04566135638958514,0.03240297477784682,-0.03750983094428474,-0.06809195483219675,0.07144635111014686,-0.07615253465910929,0.10941413831408324,0.06393841211190723,-0.023011792563321355,-0.024358501315906035,0.15325065610180952,0.16088734210182892,0.11949087813765302,0.0945839100316808,0.10476804498434408,-0.20948576781327868,0.028624574115796254,-0.22074184258366858
MMP7,,-0.07388080139374349,-0.10179251552135743,,,-0.02436388485549501,,0.04310490164203475,-0.004299329809575438,-0.05287945594413688,0.01786092320261797,-0.05038715143698946,0.03420999376190975,-0.018992368155658485,-0.017542243206766343,-0.07303787425711895,,,-0.15483001057439458,-0.09119608334071004,,-0.06442142553076746,,-0.056933341619847914,-0.019665945752238047,
PTPN6,-0.05584654535916557,0.03869955999343096,-0.033456849615105894,0.03405158317534293,0.06926333787908207,0.00828381193977143,0.00820478403035527,0.07674264482462641,0.038165898958656144,0.054854048670702246,-0.03995219464567096,-0.15370134317812567,-0.0014221048690592234,0.03319878897267266,-0.04463853299018122,-0.020251346917212684,0.09107130277456744,0.040616587157948456,-0.03520573204412465,0.020053207388669676,0.018234455667001357,0.008029786263805145,0.083661688197857,0.11389312156692458,0.00474974341576788,0.038875872656267026
PTGS2,0.12596105230882398,-0.11246341318685055,-0.1531751353306311,0.10734404293490447,-0.12935759195882857,0.03484446441487446,-0.05008032688826842,-0.009658621065416602,-0.027248882492118424,-0.03946110773054718,0.0403219205589051,-0.037117396886534405,-0.0493022860157244,0.03490014178697229,-0.04269411604161864,0.03838976915847166,0.06374979694809235,-0.05543818813485968,-0.150531589264075,-0.20284926995327454,0.03048607509570012,-0.036268633641694505,0.01655815995872608,0.01684605106146972,-0.07320554803728413,0.15182579403498056
XCL1,0.03782317521138826,,-0.04069917414297716,,,-0.02267749539892436,-0.009500572107361766,,,-0.01646537969012117,,-0.01509719045488766,0.06986954142432057,,,,,,,,,,,,0.037040486844830925,
CD58,0.027814667355515434,0.050935336947628716,0.06611926156709287,0.011978719800012347,0.12473141432868222,0.039948393325112075,0.01985611354050741,0.033059490412919494,0.07624975749395475,0.012338595452963784,0.006651378808042987,0.03424524240083329,0.0919547956289493,0.01445557543866398,-0.03993174943536283,0.025950992800305717,0.0644683315669593,0.10081232176092969,0.002155132478441532,0.0359083197869049,0.03387444522484597,-0.0028864074674221606,0.15160435654639753,0.10630055094005708,-0.03458543192803576,0.10340628321241908
TNFSF14,-0.09909247224946766,-0.007576252276192955,-0.01580665771349445,-0.07922297519883699,0.0977466684632022,0.04973119383720149,0.0030078422319616102,,-0.013049811602980457,0.01473463778617117,0.007769998956572124,-0.12410095988537856,,,0.0713143352295815,-0.022784329365640798,,-0.013959533633384388,-0.07830499670492946,-0.020841347739133764,-0.00850202291679846,0.02224781329320989,0.03204683168764189,0.0815848012041498,0.09409472409882186,0.025070990123967105
CNTN4,,0.17798301330938365,0.019773878809111495,-0.02729848651782177,0.047856997910509326,0.06143312692796546,0.06789836470061335,-0.010834350396254348,0.05889750182218591,-0.019649652488931038,0.07748616429807827,0.2942503475073895,,0.10733531792930597,0.00808977916719584,,,0.01118877800050633,0.07138122767854667,-0.017209600667545535,0.0026061242327952935,-0.008176217587215805,-0.05190292587512621,0.02926554859472596,0.1309763798096193,0.055092068224306054
NTF4,,,,,,0.010632413512452754,,,,,,,,,,,,,,,,,,,,
INSL3,,,-0.008112637123322419,,,-0.009803106230050743,,,,0.0016031826193362304,,,,,,,,,0.00822880645288383,0.020017796726283975,,0.030776099054486545,,0.02074646022472656,,
BTLA,,,,,,-0.0013156023421064201,0.010161285983980344,,,,0.05707849912848371,,,,,,,-0.0029117620757747485,,,,,,0.043509713992069404,,
MFNG,-0.07477595771941441,0.03773719633398451,0.019549941837789266,-0.026917764540393622,0.11206531522439994,0.04454356756646539,0.03237212060113959,0.13528848743362423,0.04149672391892836,-0.04438764570688541,0.0508463876525556,-0.08974460605062817,0.03230462821068808,0.060138306615739455,-0.02035757756239623,0.07764891355742772,0.003581384868841928,-0.00032432283557560934,0.05298108143000123,0.06026024588949262,-0.009622755601792782,-0.0030564374665603133,0.09820627574835314,0.059077751206815486,0.011740100345331406,0.14156139900813133
ICAM1,-0.10458973710619492,-0.11610193410481008,-0.1644532365015592,0.039431257095939885,0.007247319361898863,-0.019225860265622115,-0.08589927511457426,-0.006137890026740014,-0.006228124893348704,0.009943259821071068,-0.021018104299693377,-0.12248709260930513,0.005718767349575565,-0.01586511760559583,0.030987280861833017,-0.03156868072783567,0.0016346233520584583,0.06195964578316691,-0.16717181744406048,-0.1542957659676472,-0.038488102363731756,-0.07852711628196926,0.03803433373314064,0.200838261982215,-0.048754425256107105,-0.026447290304203647
PROS1,-0.07755141973827973,-0.05079742190228233,-0.07507975136126685,-0.011735781216662479,0.027000697742170766,0.05640819957026923,-0.013245046332268771,0.10320102711498992,0.07675979647669594,0.006694944081349714,-0.02644444202979604,-0.13631926796343968,0.04482595273082419,0.00676381547589766,0.11047158873278516,0.10346275873932682,-0.04640385303362351,0.09104222922528342,-0.08636689142110415,-0.0648176183343697,0.013397277574281538,0.04111859382736623,0.13114146469625604,0.0443833611462366,0.03616506043898377,0.04339723976645888
CLCF1,0.059287804053185005,-0.007677528038866741,-0.11589131803841297,-0.022441998090521227,-0.0079319177848588,0.013085114249988839,-0.041006660001484424,0.02119580104511897,0.015600685859340581,0.037046759739317786,0.02894716078767048,-0.11150400337617676,0.0019230808112854524,-0.06346392692563893,-0.04143083487428968,-0.10583905835835318,0.06077207241792465,-0.001025079681155667,-0.10102402757426192,-0.032630927443172565,0.0122263521681792,0.038575604872528306,0.08105501742769702,0.038830115446629,-0.0954894833415792,
PSAP,-0.4340285699809702,0.04478718988326232,-0.19936923402045875,0.03724389494762151,0.04007342128518547,0.010652755442730253,-0.043651535307493335,-0.0668787617512782,-0.041778776686871244,-0.020527622313683068,0.039160383967685265,-0.1239674057330121,0.05117105100309389,0.17022070469460882,0.10372877254337971,0.02169796113938423,-0.13988959897852746,0.02050960226918442,-0.11369344274245813,-0.1399148942392013,0.011491735184203185,-0.039485049505993776,-0.029968847823341326,0.05644696122718775,0.15444852548139545,-0.13501536606613407
EFEMP1,-0.19198893134269562,-0.09786992065097506,-0.13514054450802196,0.06122058280408164,0.14285824181431153,0.10860100864795501,-0.0987699850866516,0.08917619852032196,0.023048670271989223,0.014192050818370959,-0.060805156751113976,-0.3149335826163295,0.04525322975950684,-0.1208102034019736,0.02453267014122563,0.014413729586302914,-0.16698186235778298,0.08574888875916054,-0.016617302236750623,-0.012487781858349202,-0.04821422537116476,0.004556553268030237,0.0398900687108773,-0.053013877883650765,0.0037618086932962565,-0.10811735691533379
C1QTNF1,0.24478528090963853,-0.10820311498477195,-0.051970888903913354,0.03718653510721769,-0.07863332159631348,-0.044442547288988124,0.03019886202025747,0.06123484885813716,0.05324364790378044,-0.008995102069874469,-0.0354755297426573,0.0014939003795714557,-0.03366883951470227,-0.0179680220894616,0.04582575770027409,-0.08492884868859783,0.038336362040872395,0.039905748614192306,-0.07177976752739859,-0.09235229757652594,-0.024256661048251783,0.01952274871498155,0.026514535175221128,0.06886347049169785,-0.04718753975250874,0.08489802729459603
ALB,-0.07670263915795361,0.037600072733458126,0.024452990222736108,0.007768096895424645,,0.005587389331911104,-0.04875123439359872,0.05553323974104447,-0.05563772976890222,0.028966515168156196,-0.025142776458349506,-0.18934963213802952,0.04067162390680043,0.03236454353704105,-0.04659419850757049,0.07336527016041088,-0.049825724671819685,0.09855745695705889,-0.03400069317549044,0.008318264588882095,0.041666300683941504,-0.012562905252385148,0.04917716862158895,0.07266366744750727,-0.024045431080493434,-0.09561769373778566
CCL13,,,,,,,,,,,,,-0.0031230661692906686,,,,,,0.013961708669282365,,,-0.02471190157963828,,,,
EFNA3,0.14115122419011958,-0.034167169213955684,0.019647531028100896,-0.0047365365070441865,0.0069464960297971326,0.023911235952220156,0.0214757446019326,0.04283440692625798,-0.004840832908457079,-0.013342105328126234,0.011438875985894633,0.22189317972036307,-0.0119043837496926,-0.017411330626662117,0.00657568721283216,0.03757069516045815,-0.09873132094246612,0.07542615053809278,0.06419126310238454,0.03468416128366831,-0.00811435822087133,-0.017834087528513523,0.13988299384096464,0.12383852950845006,0.1457873141890711,0.1476346778673617
DRAXIN,0.19317261069995104,0.15676797799647244,0.03698952352007234,0.04486362164916095,-0.018451272877694155,0.003253978128898681,-0.042780730679017456,0.04812693512742334,0.0816607022073421,0.017614266537414998,0.008301818771853063,-0.027751232485353987,0.07626057434668225,-0.015969787790543616,0.060441139702070275,-0.014560154224927,0.03312969781449896,0.08340194759189644,-0.02674576433219636,-0.023036969158660093,0.07339635319165569,0.03978610172964644,0.009261542571800346,0.17284931569009807,0.23949306127072764,0.0852522967004127
RAET1L,,,-0.002382609269575426,,,,,,,,-0.013174234348437383,,,,,,,,,-0.029589737780271023,,6.192693342909589e-05,,,,
NPTX2,-0.010404095050385196,0.22936871187470717,0.1507351595741667,-0.0009912414336598555,0.12371935760064211,0.08859947994061607,0.13121233880849648,-0.1101052292146937,-0.06239681039797201,-0.015799051208659085,0.001209679506201607,-0.14965701996809647,-0.025335518060339974,-0.015635053753211888,0.08308798667604003,-0.04689149188376814,,0.06141042421021509,-0.03210496738583602,0.034485273539248226,0.023368121790286505,0.02965333482082027,-0.056448168722107485,0.07468094787719681,0.11368512958165096,0.09223218024043993
FGF11,0.16153586464498373,-0.0887263120593854,-0.016782572457428594,-0.008030998361572358,0.024257320841384197,0.02280152217661065,-0.0652543317372531,0.05663865302327485,0.06969432267069256,-0.028787570769819464,-0.055725201563606795,0.06860577067700083,-0.010393871580465818,-0.10068969633850354,0.028489351571573927,-0.01414131523179719,-0.05222437501657059,0.044081601304366544,0.04694124486424941,-0.07110418835591481,0.004108155582989602,0.0050050984536702476,0.09004950698879846,0.15851081720713786,-0.06799905114308528,0.025861064349687213
CD59,-0.28490559908540036,0.14750525841393963,-0.03525889022663105,-0.032083308649300236,0.13519760116135013,-0.026583298593920994,0.09196887312350575,-0.03403135894337244,0.008850492048765379,0.053651100093856055,-0.07421707123924959,-0.1313138615651234,-0.0392839624166676,0.15974941595527525,-0.04230954876215692,0.15798494725286952,0.08183622672653758,0.009248221077009343,-0.029728916003203543,-0.06040609481891286,0.04316850553182313,-0.017511186525338895,0.11887832137368429,-0.12327340699899585,0.23921061332206686,0.0016875133154597296
COL9A2,0.12077406126702829,0.12172748760238829,0.1907245525907549,0.01533773517619856,0.16927723583373816,0.10285472681716716,0.06670461345484972,0.046440736093820656,0.1061981214073094,0.01895098920282555,0.05812473721001117,-0.11112935073692795,0.04245434201212937,0.08100728569978873,-0.005721438730558859,0.15763226840813346,0.03430371217730982,-0.011618518983760403,0.12472621605476063,0.23909883639318844,0.03691888602663932,0.015247804311874414,0.029222945254136823,0.2539705389882783,0.07107646473949865,0.07603050560498917
DLL3,-0.3395648616623862,0.23450667249706147,0.3283946532774446,-0.00771908614283479,0.1570737577137331,0.0239056737005531,0.04483527764163592,0.1063139219805153,0.07452339944428288,0.014946834859441472,0.01829470363994276,0.11745919277960917,-0.017745089342582867,0.17070476457435524,-0.024329751035904408,0.028035363253927244,0.23026023211556138,0.1311680591695786,0.2134106913004194,0.2095315436649684,-0.03330296263646652,0.05018165233290705,0.043804564163337625,0.22184038440198622,0.2075200446750778,0.0836370513451491
FGF5,,,,,,,,,0.014632676312941467,,,-0.02305865829515066,0.0010215686837829162,,,,,,,,,,,-0.009187637670760477,0.053852515100850346,
LIN7C,0.0008455335534511017,0.007478411246564024,-0.02909075687803018,-0.0015386373558696558,0.046891266509880875,0.018055102429782203,0.07651920004753031,0.0121323674423672,0.06428322317253048,-0.004865996001380718,0.002711977339045633,0.13544454129953717,0.025491709713329105,0.044240461702600584,0.054532826312694155,-0.03580731835001054,0.02383272178579754,0.01905566293582861,0.043455700590194817,0.12397641071562437,0.020596903279549987,-0.00930775294754097,0.09711077016544759,0.09121460923190321,0.00946645098409581,0.08805746676561174
GDF7,-0.05352607396081942,0.026032373320420278,0.04793597486231303,-0.06717365544921872,,-0.003500054081740294,,0.03479492586996322,0.027545238745773377,-0.011321799956902667,0.0073564382701800865,0.13854798448911618,,,,,,0.022035356843135873,,0.06757102794116285,-0.05577635783207832,0.011178831505512042,,0.09474495591904813,0.02699555591130842,
PSPN,0.055702396704143606,-0.038387784555260915,-0.022386488864059383,0.06905959281936427,-0.04745910803864264,0.013908278444260928,-0.027377429976593832,0.014522775514434752,-0.040626370903833045,-0.006098137587289283,0.024426288927625807,0.03445744685709012,0.045084483434936616,0.05907694875903887,0.04138612197382877,0.026269732482119168,0.03742288530721652,0.07256199115390313,-0.04812096690153543,0.006219479464533645,0.07879551857822388,0.015660664686554887,0.052863353392135604,0.16838621150513192,0.019403930629130667,-0.0027878510308163764
ANGPT1,0.08353862829884863,0.035497275937706754,-0.05175039292931154,0.03698679396560129,0.045154266282342176,-0.01858170250003296,0.10847954663317984,0.013261721384919918,0.06859592187934754,0.03195889747993111,0.07661907118579353,-0.08661524649205697,0.04020714533376384,0.04167394481391948,-0.05401275948284668,-0.15097792049866357,0.010669918912657155,-0.010785802359967131,0.0651120522146241,-0.007673589294071134,0.09377883843568093,0.0034768882012734307,-0.04826591886533467,0.1210027217531402,0.09097586142800013,0.021586578204734495
PNOC,0.03689198131444787,0.1987467754922366,0.08343258864696436,0.05345433108911838,0.05498119133318376,0.09669484509711551,0.15574256871711778,0.04384276684255094,-0.021314092196847066,0.023428994317809742,0.05325225378354665,0.23925565968094886,-0.00750513885053838,0.06762917919903076,,,,,,-0.06686919716769106,,-0.0036054453747652207,-0.003932097141950848,0.019520715957627235,0.15937141769182658,0.14339008748726015
L1CAM,0.03497093928342737,0.17184767128662454,0.07746510634747686,-0.04394954931575948,0.030735549254970122,0.01093302486300463,0.050517049055308884,0.060327295448600854,0.004515394149124613,-0.060031931333257016,0.02781362572750449,0.1954501338063791,-0.05041981911497518,0.2377610002261259,0.010565009044602617,0.0014036400001185732,-0.108465083934679,0.11438300118271846,-0.012566435541914523,-0.017922874663717038,0.04286027223884693,0.03366555860583767,-0.0892415183777339,0.0046955279775955806,0.19868622831437363,0.06290103415252563
APOA1,0.15299389942516461,-0.031969965350129685,0.10134762287361157,0.0012481624761699278,0.035684370886731265,-0.028723159033571987,-0.006769232044155014,0.00603188602435985,-0.026056214547777838,-0.013870747994907489,-0.04142664773772622,0.05965475543625202,0.03149086190401823,-0.01042966782371735,-0.029009278558340436,-0.06831112109329306,-0.025382138467329406,0.07181727141871118,0.005502094571145331,0.01172661347097913,0.016528745008578264,0.01475674611853558,,0.12705419140732818,0.00034722529728126595,0.01881066592046558
PSEN1,-0.16817312767418696,-0.001082095792917381,0.05084039564871912,0.026004167385505685,-0.05586782433740472,0.06830489519677692,0.07635032473984456,0.04953657690254289,0.033574482290812245,0.024511661324584755,0.019418500171139136,-0.09487913933625991,-0.039764748701819855,-0.055308724393857915,-0.007279738657632649,0.0038268120718371037,-0.013298536414749807,0.006189459308700217,-0.10166914232184385,-0.0010502699768949037,-0.03930680955098682,0.03314447372766683,0.007397664547065553,0.02152643819560131,-0.04613158367415357,0.00562430365370557
CALM2,-0.08430218773316431,0.21621220691768875,0.21787069639759965,0.02146729680650611,0.10582904264096878,0.02694208110840571,0.1321019032723712,-0.030932478007495927,-0.05254113915314663,0.0352123286435085,0.07382613928105222,0.3931996640679842,0.00239844200618311,0.27093274991516,-0.04713981158607122,0.08869162649942781,0.06193397070443051,-0.06811084825370785,0.18384290876086354,0.2587073864570221,-0.010037884542047428,0.015333084189188839,-0.130878089357891,0.20126662325042638,0.16500565811198137,-0.01272549485863259
CLEC2B,-0.153709054191636,-0.10215306669647191,-0.20218785649944093,0.01070377363837876,-0.09649840046662535,-0.00800172882614307,0.0029224350212237785,-0.05910256851799022,0.04697728345914779,0.045856687169660605,-0.010540750599334703,-0.13412437397947283,0.05112343509634511,-0.04164095238563535,-0.021670002188965552,-0.0604544529002396,-0.05208794715189577,0.015469789270538,-0.10162034914456472,-0.12980240939347967,0.09302746387027175,0.04660673631294461,0.1589753479149307,0.08269356275210706,-0.05087957417032504,0.0025402076268829037
NTNG1,0.19738876844543268,0.05579141395976384,0.06830628431713981,-0.015600002401633561,,0.04411547780706071,0.09471862063269408,0.072038776073738,0.006891183252746562,-0.007668196687506661,0.04407812487903684,0.11103444171730278,0.010592818806773584,0.13541738827104946,0.08477972046062396,0.06824788354399784,0.018433084251336,-0.01790995619299244,0.05050812516651658,0.16367859782688968,0.025494503555210407,0.07829244853028412,-0.0156070554476178,0.19887928033511995,0.045245931552896815,0.02688137230888036
LRIG1,0.08153027809298778,0.09065774973338063,0.15879711597536347,0.023747793375620635,0.13787880050164375,0.05736738862306961,-0.00039433525299291465,0.023982024883391125,-0.003910671360030288,0.0401002656115494,-0.009754983790673506,-0.060899808679532506,-0.005750552914205203,-0.02565530097564065,0.03289917180252392,0.06665199182302395,0.16063313635106877,0.18026523989085885,0.14749424133925595,0.16372104974697063,0.0393874081571182,-0.000997828128596201,0.023528785598712902,0.19734220571157768,0.11036807368733983,0.09185250717082366
CPAMD8,-0.0745054032208775,,0.003835578068626609,,,0.04456766810073773,0.0077920609482945765,0.033712327781160754,0.04992688054077585,0.01811876917085156,0.00809924382634655,-0.02890591637289421,,0.03072024254669159,0.028159287271922295,,-0.03217016211619717,0.08942478543609346,,-0.060318336820437315,-0.015388851630669742,,-0.10520780320544017,-0.013809181617432744,-0.060750865467219556,0.04652137570030801
GHRL,-0.026754658082779333,,0.060723289513557335,-0.02071223903753148,,0.08963278545283437,0.03566911828801217,0.00118898153756424,-0.012706717570530511,0.04138436170089022,0.049417236595902705,-0.01765214178188168,,0.03992562868583411,0.06798260480522444,0.0027568347346359325,-0.03750616693292506,0.10637622158509326,,,-0.008295685866675196,-0.0156415196143807,,0.03910617058832815,-0.013099034120485988,
NPY,-0.09458598208473643,0.1705517953651546,0.06666485092950707,0.03345108569592744,0.02916448407031605,0.03938624900870264,0.03153484483409727,-0.0381513380853759,0.0053136241062009,0.004928070416911536,0.06855801412904734,0.04747321892462657,,0.0007155253025522333,-0.015280169549435351,-0.06546025230176213,,-0.09375453324460749,-0.09483747063324209,-0.11959311131323701,-0.0008553524172188098,-0.006308332505402798,-0.055063751644419776,0.0008248941778402065,0.1566779606023382,-0.05322677493460239
MMP2,0.07498187832647428,0.1909593676625264,0.1937672413909333,0.020606169987385445,0.11353014161943878,0.00240068686801624,0.06407567326281957,0.01060014015682353,0.037924979923492586,-0.014678745937737943,-0.028792355616226024,-0.0795739533129512,0.019094171273675815,0.005690483380006472,0.09412180616749256,0.1751714984727152,-0.02740273251164157,0.05931161087349122,0.09868570025413079,0.10070078070090338,0.0343060849000596,-0.027590306110270253,0.07273939397609554,-0.013921559209227767,0.12041155095371625,0.04644006635799535
LHB,,,,,,0.04563137574660031,,,,,,,,,,,,,,,,,,,,
PPY,,,-0.0023633787394619498,,,0.01734633534334972,,,,0.059235804052996846,,,-0.02215366726572648,,,,,,-0.06986695349225333,-0.13567055806449088,,0.046435159850624456,,0.0765289274409158,-0.03309030432703667,
ALKAL2,-0.03454683966858505,0.0635656550529337,0.0009805588648269129,0.08227926798278908,,0.04299827690575668,,0.03355177546423352,-0.008644422030556929,0.05488266095782565,0.013160924372499648,-0.14084712397807123,-0.049808188299239435,0.017760306182156148,0.02710371235715574,0.007284350027061714,,0.0074730691630123455,-0.029896402750049626,0.02631675913307586,-0.027681898682619766,0.0433018506474076,,0.10127719584940163,-0.008187645630311078,-0.05594646743549994
CSF1,0.07834645231840266,-0.08417415301807682,-0.03605396791072661,-0.009573454813590575,0.1249492633477049,0.00018825622846303336,-0.06713582295266043,0.09134279585222627,0.054099352832688276,0.12150023137253728,0.051013605761470786,-0.13883666180774928,0.05116617400338807,-0.033761815375161604,0.05154650641011098,0.013642508292436486,0.08049932892244649,0.04875460191806025,-0.061859116818401526,-0.05004091141129786,-0.0038876501086209493,-0.03844148998534068,-0.029497829066329414,0.1303564135687768,-0.002520196493694177,-0.15716973975421983
SEMA4C,0.06701022663252044,0.042194906726179905,0.0283390932706653,-0.005384653496729015,0.09601038483380639,0.0009895506358001593,0.07041642375801782,0.08802165387329175,0.041742318831210524,0.00718953000127174,-0.009860592031957677,-0.01641993876048397,0.053570315529531,-0.02836720381582042,-0.1023267667042616,0.07898945300759337,-0.09560399146904165,0.049348721273473874,0.047499210810194266,0.05712242134854255,0.013369340694754752,0.02697706341200535,-0.0006850281683140377,0.06620447829257357,0.0919484394801928,-0.070895553825093
BMP8A,,,,,,,,,,,,,,,,,,,,,,,,-0.053306494270528235,,
ICAM2,0.0791486358937097,0.10900063051142084,0.05700100784264036,-0.046301846611648684,0.0351279448652272,0.030723068371721365,0.0705470485636533,0.04751040598044749,0.0790181250227058,-0.012588558482314195,0.030133636845108232,0.06744456589674419,0.031542549286213785,0.09536116106377673,-0.10964441135163967,0.06172284627556015,-0.0539243295690445,-0.011617843322422595,0.061603723384860816,0.047716590871558086,0.0021018622634800255,-0.09127632314826767,0.05273185977342553,0.04372613866335131,0.05359991005180397,0.13938617005061243
SYTL3,-0.025271410650872995,-0.016586595001183223,-0.0563163588031542,-0.03196725155052067,0.013924922425505274,0.02857255388336476,-0.013202181636549624,0.025286811422380175,-0.0024139701949268053,-0.01771806760512619,0.04588875732046371,0.05426923184593285,0.05307482572764308,-0.03950142035432924,0.05481370711372135,-0.10171415872990917,0.027130150802759045,0.04867109346087254,-0.1180726881216437,-0.05127570168624443,0.004797421768216089,-0.01328114398405053,0.061052834748362365,0.046051065285658686,-0.03334219655453263,
IL1A,0.055922094166515314,0.08482382646768086,-0.11113045119818192,-0.004949164045816374,-0.06856452750225325,-0.015581622816613771,-0.03246324144464562,0.021362684730715526,-0.014474222656317667,0.04742294817543505,0.02464025962008651,-0.09292717733082596,,-0.03193571401349836,-0.0043164537104669574,-0.03244356973253697,0.06697225152505099,0.0752059511168365,-0.011480736840834364,-0.146334243793483,0.05667751900064964,-0.012134632963895213,-0.16179272701590114,0.09500545192179513,-0.07473287616236875,0.025190998857085735
HLA-G,,0.08467437754222353,-0.07587149351325208,,,0.0036760486340942106,,0.05430736526671914,,,,,,,,-0.07990544486876168,0.05062291525067354,,-0.0763379325199038,-0.015924277347351294,,0.017989953994510657,,,,
PGF,0.3139567014349436,-0.14381491314625888,0.02490519163545117,-0.0036547425745924672,-0.09162682352084585,-0.026223218027170276,0.02607247758689053,0.04279140521301051,0.06079509767960253,-0.03863826175878668,0.0062622971561236375,-0.004268280394753745,0.034410256928363,-0.15744859104058734,-0.12609935088605947,0.10036790644569768,-0.12309098964915927,0.10878538453925124,0.055865784147924924,0.047595279842258406,0.1194254430697758,0.004715173664508912,0.03611755186108467,0.018156449816117748,0.13766004336282864,0.022846005980657433
LGALS8,0.10707677032789005,0.008497458857035754,-0.0025030347239343386,-0.008156189101309878,-0.00019766275049360582,0.05688055519118876,0.04628110382892142,0.048992614187304794,0.06423735094613123,-0.044172268225189014,0.022607665069347443,0.07391556082520587,0.021467353153309394,0.09741245347093289,0.04478817123533072,-0.009675509169082996,-0.00018489569032282023,0.09641005695040479,-0.03433428561028719,-0.026266596613690792,0.09482246390637478,-0.010149046279060386,0.014531462139589144,0.04487518800989235,0.12580563010050186,0.09505870058989661
DKK3,-0.03416251648658257,0.3066972511905313,0.14651331216473457,-0.02181540883477464,0.0799567681357053,0.012624083334626649,0.13031949926309153,-0.08183530330142715,-0.061458061720258805,0.03810014324462318,0.03491005326665014,0.41122955413915124,-0.0446970177350347,0.19325654462216466,0.03706539574444651,0.15643292284534827,0.05021590195077663,0.1204496198527389,0.04992996202174529,0.10885923856771117,-0.017868892436676713,0.007948609177456,-0.08272450803423573,0.11668219568230018,0.24269395391125406,0.05903042033690185
COL16A1,0.29492423449738214,0.08687440546096646,0.20234487734338272,0.01973105470006876,0.13858001502873593,0.10577572620011438,0.03800615984218667,0.08207539529259837,-0.019996715938899963,0.05852696482139189,0.010760288913231142,0.01185889919276908,0.02010888195566112,-0.012953580197127964,0.05217981779983643,0.20388325380399452,0.057772551379978145,0.12136470872602327,-0.02060045114411332,0.05356171288378061,-0.01908800606085664,0.0010713629500744286,0.0015275777942767752,0.11790365520895656,0.04954140479631886,0.002974908428383665
TPH1,-0.0764435512159974,-0.017028822882553384,-0.010229559796956058,,0.07834219382077054,0.02265237347027347,-0.007638171104036076,0.051366265488270474,0.024659548900686033,0.01400674348008778,,,,0.007319600733979483,,-0.02547615408284638,-0.02854175890405647,,0.015403016252013855,-0.03410784448173777,0.030273213505502845,-0.02222726416102298,,0.04346208047572279,-0.03613266677667941,0.06242217158381311
TNC,0.18263854463425638,-0.12833134917471814,-0.14383236257862214,0.050393021200556234,-0.05351736246603529,0.09506777807639179,-0.07622769134600575,0.11369486039011252,0.06345830807968471,0.008650887778557931,0.004973969429071343,-0.2711217719811611,-0.02452056585239621,-0.16070134278083015,0.00841083216934514,-0.1242339383591406,-0.08934790416777875,0.10881819118366913,-0.1193935180295688,-0.06242592428294838,-0.006383743977527342,0.016159778936944327,0.10895393548009824,-0.016617252408807136,-0.04353806077773693,-0.050025432458808736
TNFSF9,0.0009452437657091876,0.08889458820663071,0.03498701957060224,-0.04319460594398197,-0.03798617611470669,-0.03947167153168839,0.012460496452523794,0.05520129842691931,-0.013813748929420921,-0.011107271039620807,-0.04770348030361418,0.06627009174946558,0.051284870312800004,0.09542762367130816,,,0.055619172904234605,-0.025589789719124522,-0.017724330766804366,-0.025386622462252217,0.05760153949444201,-0.044000417331206444,0.018956690868109537,0.06070707077754969,-0.033846842452852174,0.02552391985055324
C4A,,,,0.03376894341041946,,-0.015592428380923506,,,,0.026538943481618525,,0.016659068230617684,-0.011908476436157845,-0.018740585846235315,,0.060722597485911044,,,-0.0037566408375649158,,-0.013553340028321351,0.008327030296469914,0.07428459277432331,0.024701270752918256,,
CNTN2,-0.451219194678528,0.164668885082225,0.11734660615240636,0.033436738601139854,0.06270059698203806,0.03548737932483489,0.09781592955438319,0.032857337271958,-0.025302212945809383,0.09074005339013741,0.007908961806392719,-0.2935181744663105,-0.014075963049124408,0.13000843684862498,-0.034083238749678085,0.08838821660143513,0.06679047249054579,-0.030251527297297874,0.07816997865762318,0.1744616067106348,0.021653168255890996,0.05464206548959496,0.11071381597147342,0.09974759389092372,0.22415178964292132,-0.06912008055955263
F7,,,0.0190782224138734,,,,,-0.08258275801701385,0.0482858232187081,,,,-0.023951068549346928,,,,,,-0.019711414460411907,,,0.039827794740167004,,,0.0697087797761795,
LUM,0.12970679201654853,-0.011128478870908362,0.019359120869730715,0.04276279870655944,0.10686156509505489,-0.04755128342913356,-0.040450696034773484,-0.0204181358910763,0.024747420390070288,0.012747450232096594,-0.033096361577735496,-0.13809954308946099,0.011724269757795698,-0.031597739989730075,-0.051937548555993814,-0.008597767599964036,0.08129641763360704,0.06173981355469122,0.0003167112971432216,0.0665863043985444,-0.037206320146874354,0.048107331341717206,-0.07137268125987915,-0.08771199734932099,0.03596769221195654,
IZUMO1,0.07575129212849196,,,,,,,,,,,,,,,,,,,,,,,,,
BTC,,,-0.0001682611122594026,-0.012221419496331199,,0.010589029538443576,0.03790791526809594,,,,0.0418873671993182,0.026013540047338263,,,,,-0.0832952374972005,,-0.007741103981381372,-0.06284883956814184,0.11044940880736524,-0.04146766525422071,,0.11220522113002261,-0.06188389034028117,
APOC1,-0.5084296780029982,0.042801882663376145,0.0029428986591937584,0.041080360839739746,0.02480040392749795,0.051663767074305283,0.052805028903861184,0.03903461453850509,0.08429223446651729,0.041812393919926284,0.027045480246622573,-0.3863180833091844,0.0196757906644483,-0.16525631823131526,0.049043870586967006,-0.009063036782699048,0.027802613344771236,-0.004887768260659212,0.1806263717287265,0.17252499148124237,-0.03077067709801258,-0.02457147310705265,0.1179258021698582,0.14674531718282413,-0.026283302212502902,-0.1512206370542561
PKM,-0.04657633560268316,-0.16338330725787908,-0.13762742826718227,-0.043792684678938834,-0.06365309057889747,-0.005972727480242776,-0.083592756015618,0.0025197760398324833,0.054271220161620747,0.012161349467041671,0.04661487226056559,0.27605958790790797,-0.11116586606224899,-0.15467585221573285,0.02935786296252159,-0.11220005689535163,-0.20791350580529908,0.08830348687736052,-0.14231258376113104,-0.22630515898914647,-0.01034303411790579,-0.06566227152167094,0.02636247428773839,0.022323856412895495,-0.02943404860735832,0.10531909132441182
TNF,,0.13894820942906436,-0.02972792034567565,-0.014098849332998497,,0.00012429256995928425,0.015623095203977078,0.04117613877149573,0.0293972329798441,0.036669730774477674,0.048966731389114386,-0.12496128636533188,0.050042487242985385,-0.031417492611133385,0.03239818278610752,0.012573724411487271,0.11072010904970904,0.01969365168188638,0.010115744201387252,0.021909428575643382,,,,0.14263647715880892,0.008619172468723405,0.05912046333018835
GNAS,0.31185139042069865,0.31390390418882375,0.11777317527581431,0.010946634245276338,-0.05443537599294257,-0.01972522205410127,0.15349201427243944,-0.04895950939461745,-0.007999518276216477,0.08621426739884623,0.02746156829587941,0.3998606472341467,0.005652492713958398,-0.12480723605408241,0.18435064794411363,-0.010707702304042286,0.08949323001156889,0.003210021709793578,0.001526854139311823,0.0953469981152081,-0.019105436338256246,0.01595685456010418,-0.08467615095469223,0.109654466878843,0.23216872174471265,0.15507135616110473
BMP8B,-0.043542029765325035,0.07590345967805814,0.08895748259557221,0.037109943738671936,0.0004887073176547857,0.03396185089019217,-0.017207123472713543,0.09215482118631595,-0.027659763650699096,0.03333567629758101,0.02036439097829606,-0.11915852043217612,0.01950417278421132,-0.041625285816019,-0.031193930640061825,-0.01818699084346669,0.07734259021616059,0.11264024924480509,0.004133570307344814,0.0666275297160314,-0.0006421015932056469,0.013724744107280194,0.02300629039509164,-0.01772245069279843,0.07436462118680168,0.06117748793207074
LIPH,,0.005885676774952673,-0.04385618721499082,,-0.046471476639710955,0.0036636969345059125,,,,0.011995316352089959,,,,,,0.10727873378520647,,,-0.06071263201170258,-0.00356004465848798,,0.014769143807664198,,0.19365887156455802,-0.06262390069182748,
CCL28,,0.04285494378351757,-0.01388187239880172,,,,,-0.02123777819522383,,0.030018090542586712,0.015244026090136762,-0.1063302742832254,,-0.03742115399890297,,-0.09448155513855672,,,,,0.013234344430680096,,,-0.007646683751945196,0.026796862295363624,
PTPN11,0.0353798186086523,0.01027405372824783,0.09712133955522974,0.025477095858446937,0.10730229313652194,0.033201594499508325,0.00675641242367981,-0.00632988627646333,0.05665712729261695,0.036314114336917246,-0.042147988873600106,-0.02444677114812066,0.010641828515511369,-0.017006397200553386,0.08387875157937442,0.03155339412964239,-0.038046191097190374,0.013128392661181635,-0.007043149267609201,0.03888771113672597,-0.05664458245237924,-0.011906439062057322,0.0349611168951491,0.057410674321786676,0.07229528893639683,-0.011804526728870035
ADAM12,0.07736702847102749,0.10149048525165362,-0.014558773514847361,0.011788197889929032,0.09204066347940856,-0.0397299796197521,0.0061262927467468685,0.018837762331350986,0.029947326126955567,0.04298688876321258,0.010257753401982345,-0.009676658570281297,0.1180288152007022,-0.033261250357528235,0.05338762264355782,0.16622296526273586,0.018372643425347522,0.054530058981676545,-0.07563594436956819,0.06664782297301192,-0.012027263130490727,-0.026303766222547806,-0.051089681470287696,-0.060304926119464676,0.041426847698340555,
EPO,,-0.05242877568690155,-0.063094753311682,,,0.004774345674357624,0.011914360273659226,,,-0.0025281169183201955,,,-0.02177723573679866,-0.04449602202086845,,,-0.019154599505209494,0.03541926904606765,-0.006774059521051186,-0.004638267241285829,,-0.03055685701828627,,0.06551033521942722,,
EDN3,0.005338086624774106,0.06356669773066817,0.02647516838508292,-0.05529473587367008,-0.047743052273348095,-0.03445681551575053,0.06745850994799753,-0.04508840481556184,0.00925098693725482,0.009307116974213832,-0.03727874287583645,0.026449068263011202,,0.03971115867124998,,,,-0.1067443541303168,0.0157789072677758,0.006174897630876854,-0.036990655943070085,-0.06502884082038758,,0.01363521420357348,-0.01903822623485211,0.10803128224491199
CCL22,,,,-0.026391823529723604,,,,,,-0.0074146593212438515,,,,,,,,,-0.01458791015473201,0.001747442035967304,0.030056206902064734,-0.02023319950921556,-0.030348641220563126,0.011241367747495512,,
CCL2,-0.17082140223607686,-0.039417124435114186,-0.10518852434112616,0.019401351561531423,0.14788894257064292,0.0017974044036105088,-0.07442576039153817,-0.007304513530260459,-0.028316552894900694,0.13013668907323347,0.018398847266731272,-0.23108250353183318,0.0035600325822303146,-0.08654882297470559,-0.01720890921004196,-0.01441918719798563,0.12249212028814994,0.041928445722646604,-0.12282309534090365,-0.0783504088149121,-0.001561804552568715,0.047974172441370214,-0.016285081518452354,-0.05233121253270342,-0.061702020563071405,-0.07730222963351796
DSCAM,0.12244500862277283,-0.009877195941670388,0.05049504020934018,0.022339756345194316,0.12004455521980063,0.034626632676871806,0.0014522790241885872,0.0019395935147511647,0.09002358102386089,0.025634161559297507,-0.0070125956698868395,0.11815210796975326,0.01714005505752976,0.004962374898810164,0.06349525590224796,0.17500491015956887,0.0606488719958022,0.07106631523184789,0.03792552149252133,0.15068076417275475,0.023180645102965833,0.03523146410668422,0.03416949009983737,0.15392550665191523,0.06313942008523299,0.11929519746429407
GPHA2,,,0.01705832648503173,,,,,,,,,,,,,,,,,,,,,,,
ANG,0.1250447321502233,-0.21359909888907241,-0.1814499742696089,-0.008337355654313495,-0.049107171102255,0.012946304116613495,-0.003520607220357608,-0.0059380773138167494,0.022887975687310547,-0.12620199592986506,0.0030500181892145484,-0.06192123089211105,-0.03639955845309322,-0.08687975336918516,0.00043897957836683857,-0.09394954772627183,-0.04378401723318555,0.07902113762951081,-0.04820412094035783,-0.12058033575744474,-0.037794867858427304,-0.07266101295622701,0.017246177799507174,0.11190076675454701,-0.10269720983022682,
FBLN2,0.1102959052124642,0.008549422296428726,-0.03479253265059991,-0.007170684239013621,-0.011253432673315094,0.001341182140212405,0.027961140558919025,0.02113421706754134,0.05622647312295857,-0.014827988103588947,0.016925656261819425,0.0032428930209005753,-0.030555320397892244,0.06870512253741064,0.024324861722559248,-0.019085024807787877,,-0.08800177696459588,0.04285526549605962,-0.007243974899587038,-0.02069753273392979,0.0014324866653297535,-0.008640862361275939,0.056085064559985,-0.07510040792786743,0.095292212017009
VTN,,0.03248053060580482,0.010669737331831394,,-0.01797408784641862,0.020882993115910856,-0.05556240871479911,0.04113195693887982,0.0045058357748282854,-0.0007204059375580947,-0.019786926252683718,,,-0.036329065732996886,-0.055882520874605816,0.054267395382755795,0.07622705001912881,,-0.0526873062806759,0.052238593539044136,,-0.025119793430489642,,0.04902132804724567,0.0028550765502496586,
VEGFA,0.14813965780427527,-0.29675667702367303,-0.23313688397387825,-0.007175450784586416,-0.22233654560127838,-0.007552193232630559,-0.11752560526167821,0.08116396935063028,0.03908437335069901,-0.03351401327477023,-0.0036195962736014047,0.04818809345874087,-0.08340074802164558,-0.22881596779180874,0.0464680735838938,-0.18433619134671206,-0.20160893022948365,0.09524228988464703,-0.17942950322038484,-0.2592070322171089,0.07816691662746504,-0.010414805998903476,0.06540145526671931,-0.1831006887114989,-0.19862627861234045,0.08678602552809805
F10,,,,-0.004051354855629064,,,-0.026296379301529848,0.05655475736797141,0.06094560853954033,-0.018117530327207032,0.019167125460402605,0.013108590962004056,-0.03401009986619904,,-0.008707697357075116,,0.055498506280042124,,,-0.01662840406485538,-0.06169004793552257,-0.02431488519199574,0.10657933012391314,0.10806679875411204,-0.04238437006463193,
SERPINA1,-0.16352866189611492,0.030185356096955003,0.020177454922289954,-0.017035133986283427,0.06317323912266576,-0.033265942479469235,-0.06162524899616929,0.03472959411438547,0.07699540213504019,0.02979922561482772,0.04592079360199127,-0.26904567594639545,0.016380811474462315,-0.031903266054496816,-0.07578195617701396,-0.08702208110468283,-0.01628513818214633,0.09699719145666405,-0.16349550277413552,-0.09276730069084833,0.03876928272071866,0.03616218981141344,0.07456805775499312,0.016429893439036825,-0.008706144215049833,-0.005258583012366386
VWF,0.29313946291199655,0.14474530474487143,0.10711147309584279,-0.05904623161658765,0.08391681424601122,-0.044289678941824985,0.048177589934518227,-0.04366017568505624,0.06087060060048676,0.03147375915893775,0.05294055143132485,0.034800575353290314,0.04447551741600945,0.11981000244133558,-0.13606334731084777,0.09300559879357542,-0.033569450030120525,0.07104820177505008,0.06190760580044151,-0.007603285713931316,-0.013018370884499494,0.005745711656741729,0.0204913637674571,-0.07471564970573413,0.1345826614790139,0.12801187614908285
GDNF,,,0.02935863175363019,,-0.04081760898548385,-0.0013575437481659995,,0.005604071174394414,,,,,-0.014186267278961695,0.05578029405611127,,,0.04106414355225071,0.03801398264298277,-0.01553123302975519,-0.045349112248883126,,-0.025162941493114797,,,,-0.04219859599071669
VASP,0.10530673426701337,-0.0280270579883195,0.002444429162736958,0.02443212500578675,0.07965443550653775,-0.03635485523257527,0.022369455724483987,0.09502036022534464,0.06911562414570303,-0.018529868388233152,0.0008338702988544871,-0.12471418637695361,0.006014266587110148,0.03242477308119651,0.02348979156365199,0.010189576773619582,-0.10246212971190374,0.047639929720711655,-0.028800808385279854,0.004503815209686655,0.017553384554003418,-0.07208187439424442,0.06436250267482332,0.014429347702979198,-0.055374057156552955,0.17483348323045683
ADAM15,0.13356822643897906,0.10756578655903153,0.05917386235815076,0.0037442889911200395,0.02054936596724621,0.03591759648157086,-0.05951189091400734,0.06262236072607978,0.02257294941617114,0.03700618848959568,-0.02492120314695628,-0.09481260741572818,0.038358247710840815,-0.009542382043877633,0.01678673044532769,0.10893304453471817,0.024236791932309102,0.05188416007169491,-0.03456612310710635,-0.030133388182382988,-0.0008476642776273975,-0.007238456787637904,0.04121534768625749,0.1154649613944079,-0.010112608412461564,-0.022567017809202523
WNT2,,0.10083956749756731,-0.00923669726277264,,0.07970750802496429,,0.0674382855192356,0.024771594413863087,0.051108711939813464,,0.021424754973417247,-0.03852096612203121,,0.03158601172949374,,-0.05719149466009411,,,-0.011567097818516107,0.024628593480325114,,0.027720685832852112,,0.05614791775985349,-0.004417758069858495,
CALCB,,-0.10502399184641541,,-0.0013463769961580758,0.04612012070438495,,-0.06240471214598955,0.012932373886592472,0.0093700260647429,,,0.04159226647419521,,,,,,,0.006495069966965565,0.030368405036826383,,-0.0041938168173408005,,,-0.1042493503108831,
OLFM2,-0.07720904507915097,0.21601982663159366,0.16686622639788706,-0.03346730334852849,0.12160837166210506,0.03718471632295297,0.0825124008511386,0.025950462399357832,-0.009326605385005094,0.013073490501410224,0.0010625357419762082,0.1206982364853135,0.048832459531150646,0.05062688264907091,-0.07334215875122534,0.14544979847354403,0.060874758646728915,0.15540997741470602,0.16329217093761803,0.21899268631041446,0.04365915527008224,0.09658751614238859,0.04479662773481751,0.2538302881028845,0.0978832412864353,-0.02189324768735736
MFAP2,0.11138847039140802,0.05752317870381526,-0.00014488139172929313,0.009049433200356614,,-0.0006032500632400366,-0.03123566342861565,0.09540837469168287,0.05006483110592054,-0.0013503400514883533,0.025632612394860865,-0.09557736179071386,0.05878681807774957,-0.027349882719828918,-0.013641942987656962,0.1373444967015645,-0.027159015184055987,0.06976347860597369,-0.04281070794914794,0.02904487462875646,-0.07425008856209021,0.019365684584757202,,0.05255236843087475,0.016459455360055792,
HLA-C,0.44269120307572346,0.04942565989079588,0.049777277185168424,0.0033966689669798072,0.06169568590339001,-0.022443974034457515,-0.03733233647688691,0.02222044754264485,0.042668781153988165,-0.04675092651291981,-0.030419624641685367,-0.3246083258826661,-0.004728919448492347,-0.10230023747723199,0.04404872125693356,0.05750624706752853,-0.00598146240774895,-0.020966781329574954,-0.12009633171479281,-0.19629977957818814,-0.0431498868887941,-0.037499669792407854,0.06363169441485005,0.11159137654866247,0.162325621115032,-0.09519262888722506
THBS1,-0.05445311868244961,0.09267345738425542,-0.14770024357535325,-0.03119469827234556,-0.0101259089368901,-0.024687913128044893,-0.0696628333000632,0.04846800727163606,-0.01227915153541656,-0.005041802512646446,0.019097008617630213,-0.11792010701601281,0.05188634647153183,0.033427141451047554,0.02286096394897542,0.006541572762018138,0.05299473755194086,0.10144390071897423,-0.020991043318257588,0.027626879947481586,-0.004941115496302368,0.016864396861362256,0.020989399512995083,-0.22969555441969114,-0.007868405257808412,0.04153515800709367
HSPA4,-0.02266741107940462,0.07369069083880314,0.011721098251980278,-0.0094926749420124,0.012575221888390884,0.0024927731104786187,-0.004777054509914805,0.0006276189030580759,0.06194478973533649,0.04853978830331163,-0.007476251912558158,0.07646100863842561,0.030878237673478637,0.00503893473774435,0.0431693624430962,0.10054543722031792,0.03454159782914551,-0.0009560394292408782,0.11001226418211897,0.12479316035025051,-0.041799359192297526,0.02186550946043646,0.044025536603632516,0.01346951518834344,0.13004562332838168,0.10352959821597277
LMAN1,0.133101967303952,-0.12358586421777229,-0.16872827640994187,0.015743684409837873,-0.18397842766854033,0.016922351852763657,-0.0837247620834403,0.02539057171960531,0.06358550937497318,-0.047617074047408094,-0.04568827349002794,-0.08877014329019406,0.029630145304868686,-0.0552201396647685,0.06867007470312676,-0.10211921624134714,-0.09986042013691777,0.05398913647944071,-0.12154609154831007,-0.0852916253086515,-0.04285788292163667,-0.03483802052977585,0.058854454406638855,-0.09841374718190901,-0.08287823884087146,0.017834413457796527
LYPD3,,,0.007321813737333498,-0.006286265678614935,-0.0261407088961228,0.06960602102835083,-0.0165896410445648,-0.0048030037034963785,0.04013141661441591,0.014383706825644538,0.0330413881541421,-0.015676410333336024,0.031096586312313424,,-0.06997200795458823,-0.05623679623530671,0.04184812970781892,0.04507865974138884,0.0013866265570014122,0.03490794423664421,,-0.003508963305209816,,-0.045830436155826194,0.0521779942347227,
APOE,-0.06926938496202623,0.24913352904726516,0.05924250107817999,0.027486645536594703,0.08533112117711747,0.07553350282812792,-0.10485765663418083,0.019701597046671723,0.010621109262059957,0.08508353059952527,0.006380375839096587,-0.3900182888462115,0.012275793254998316,0.15225975417327867,0.028630309114607618,0.0031853232726431102,0.12867661417650694,0.14902413144629212,0.07505910092110614,0.04168923145679093,-0.017248935921668592,0.020393105816529294,0.20087743656970342,0.12187460135320666,0.18749815705560788,-0.17744537958176668
SOSTDC1,0.0019726993344790023,0.10193560160242368,0.05079295418266903,,,,0.08262686366004153,0.03898488568440272,0.039315648558349216,-0.037204911835603094,0.024354095845500356,0.22635931130047013,,0.029553414332296333,,,,,0.08555857056639754,0.04510481873543612,,0.01894006562964915,,0.09367280649725793,-0.019479301594852026,0.0492962586019109
ANXA1,-0.2249696637729938,-0.27865022813627993,-0.21717221151066554,0.005723361002656479,-0.026345045473973174,0.040670351104744824,-0.08386913270078471,0.02833864185715676,0.013917128738341045,-0.003876845499539421,-0.018660205421414295,-0.2857531025291446,-0.021608723834034293,-0.19790008485036353,-0.004220427579190374,-0.0951433069537873,-0.014497878442139624,0.114067181656632,-0.13782030953658503,-0.14490710721687142,0.01140660798239727,-0.03542069289063382,0.13219295711825835,-0.03944833236065701,-0.20917505139251558,0.036942526656365375
WNT2B,-0.002267315333222059,0.03569161119855897,0.00695683147496157,-0.010438864944155165,0.06475860857921897,-0.0026529190007985645,0.07320157538728436,0.011747062309757006,0.08135923729891487,0.005214961485936366,-0.04010969729897287,0.19927221936896514,0.17374003409863895,0.013878342689131374,-0.0096768713988085,0.01931448137865143,-0.142728377786893,-0.0669281029580123,-0.02876775973556087,0.02072556276134189,0.04016265475277346,0.006206850779553152,0.033935856528583164,0.15470802199771735,0.03501269804081908,0.051300351279726396
AMH,,-0.01898424368283985,0.07202144611179631,0.03088391240279445,-0.004599714111931264,-0.07175556822126418,0.07601900715287102,0.043657284331939036,0.03168159786683558,0.017973442649841652,-0.04624961561402908,,0.030958677162532578,-0.03445633746466108,,,0.10972116986017902,0.030976977552498203,-0.032768446843831615,0.010408697945520611,0.05099797415376679,0.07463626947745258,,0.08747622974696696,-0.022870386957455344,
GDF10,,0.08543790618796786,-0.05093404816809857,0.002673845056343101,,,0.01960015389208354,0.0008130421633019551,-0.012186312333745938,-0.008606174669354625,0.023779955273508922,0.09783879621664718,,0.07875980440946023,-0.03000702265678989,0.051322030586413915,0.06859072977876615,,-0.0234734291953131,0.09761856305981356,-0.02310583016387728,0.0145457893202021,0.16189571619661614,-0.0630731071462372,0.04012099094073933,0.029626708998833684
EFNB3,0.12171280794485095,0.09336213764354556,0.0876508238122951,-0.04519090039637893,0.07893135592799445,0.024830839545577955,0.09828384987580334,-0.006265344012524813,0.04254173868494886,-0.03228659338706168,0.0056934651848811755,0.3471923685373122,0.04819906491788276,0.16883771974782832,-0.011465394039403155,-0.06294955031928363,-0.0158507522272026,0.05506168440250473,0.0350312208735934,0.14318486724261903,0.03018639178110824,0.005148805016180527,-0.0667817697670852,0.1883014958689502,0.12404320500879146,0.20855247053587533
LTB,0.025322292133416576,0.07268068558508363,0.04045522720521033,0.030729401076827752,,-0.004169452487533145,-0.019195071068770848,-0.019431120958491768,0.01375844953415434,-0.01825033526818133,-0.05978736313867321,-0.07229002219357483,-0.014108271172671815,-5.1746714656748536e-05,-0.02089473840600655,0.012281657684833684,0.0016479487102717526,0.005647708596632496,0.010052526474349623,0.016291064409149507,-0.02959399469225687,0.008126953745655044,,0.08330920245010626,-0.03661833892914228,-0.049592639686610755
ANGPT2,0.15546561131361086,0.2133967777063991,0.048775204349610086,-0.016140214195994537,0.1242534858480823,-0.06110372060763817,0.05653737695102105,0.06079233146103442,0.08469600452574476,0.010350223542092682,-0.02423411335220209,-0.05968224955778137,0.09319687791746893,0.04073163245494591,-0.0861835070664844,0.03852747625755078,-0.05380550606744746,0.10824171579364214,0.02384669544506285,0.058915270736613665,-0.053616408696247855,-0.005329656686295807,-0.009707977444203826,0.003785574425290837,0.13859082215543445,0.010395631806923286
NRTN,,,,,,,,,,,,,,,,,,-0.07817026023428707,,,-0.061773596018261955,-0.07264732904697462,,,,0.0167490326234855
ADAM17,0.06219259518033139,0.0008213559466269701,-0.031939394341836895,0.005566491325416245,-0.033762437683677524,0.024844380052600836,-0.11098513990654832,0.06777831516403827,0.05506284970090358,0.08356585279858902,-0.004930687899468207,-0.07271182848944999,0.000655693989909635,-0.04164357324132427,0.005914944535107704,0.09303327829089982,-0.016085719688505553,0.023115453504315923,-0.024679502085877523,-0.007785136933318958,-5.2503879665926413e-05,-0.019641147695173184,0.0627805729697302,0.035039018990160105,-0.02104061114843005,0.00705329277799614
LRPAP1,0.1121009586510153,0.06184070029215095,0.1516943053731352,-0.004064746931111485,0.13717785168315424,0.04457216842680247,0.03688816510725473,-0.04195883257421371,0.07276135105823259,0.04461984478961721,0.08456849925856659,0.15123302031705121,0.010812240847031815,-0.0396116082519372,0.08239294157518626,5.250881237810474e-05,0.0012165085798625265,0.0803406004973457,0.05733579857990289,0.06582512370006635,-0.062022314960060665,-0.018651122850482836,0.07719737427267698,0.12418352866104015,0.11327550815649605,-0.012482638981613422
NID1,0.2605648263681777,0.1963648918143034,0.04263501095477978,-0.021851684354998614,0.001500682563058561,-0.05257210373815545,-0.04163013768848478,0.023081859824202886,0.055263550927806895,-0.0018176074680806816,0.06888569054776804,-0.08198293289807793,0.03212105082945297,0.04355703330459301,-0.12276417493032672,0.05488175273127424,-0.003183323885574886,0.10958938905220057,-0.03867707337427302,-0.058230289956335494,-0.04956094365993314,0.031577027847081246,0.15770456816537692,-0.11260412163763711,0.1365702861217096,0.09736910585304574
MST1,0.10386385329047763,-0.0924642630148288,0.020772050907580462,-0.0031569165283691523,0.014003690680336715,0.08329781306366982,-0.0052020945165414025,0.05658622292916403,0.08331135073645007,0.04111241034601945,-0.030829820864394036,-0.017223477292869237,0.009980548877235249,0.0043246090236871365,0.0432370263945367,0.07288387218099991,0.04820154397879845,0.06282151699041541,-0.061170487993021286,0.10498985509659717,-0.014345994094778375,-0.018660510776976114,-0.0015337519131803734,0.15996006470883106,0.028437917369126563,0.07854925406273201
CCL14,,,,,,,,,,,,,0.0034894895386141118,,,,,,,,,,,,,
IL13,,,,,,,,,0.009497439266210852,,,,,-0.009586519286510888,,-0.044123380535040814,,,,,,,,,,
DCN,0.15611012971860136,0.12647498385094957,0.03740801306378877,0.022081169890798585,0.12609385376468338,0.014308232108060068,0.01987454176080681,-0.05136894552999418,0.030543062166257805,0.05184950136521912,-0.0005794483045075145,0.004259566054474196,0.010874177597162457,0.11821875936684005,-0.06557649526633742,0.10408716149516713,-0.025057346062616604,-0.03610955600926505,0.07553074507397392,-0.05213029131096818,-0.07564526645072621,0.013288414481933429,0.1248751302523329,-0.07922512532759146,0.07580129200100344,0.09233928275011581
IGFL2,,,,,,,,,,0.05061590168049246,,,,,,,,,,-0.055604152237208736,,,,-0.04099964056204348,,0.09468622182477332
COL7A1,0.040448032151132796,-0.011718606380585743,0.03226643436110707,-0.011216102831643331,-0.050326529828619085,-0.030147296806301956,0.05296586630256697,0.0237616039906732,0.027835866502564165,0.03426319276016021,0.036143833491191706,-0.01658855068513746,0.03923492183122714,-0.02413898396429492,-0.04018441658570069,-0.033710912562445995,-0.07379936462066267,-0.006865795192531383,-0.13089960861509753,-0.13480946446583317,-0.05462857319916935,-0.08072614027412241,0.1216675325829147,0.11487558200046781,-0.019666574757486222,0.17736196200625018
CALR,0.09893581260708863,-0.03486706191651983,-0.14445989908513104,0.048551082404816676,-0.06733695214080558,-0.028742211950215254,-0.1473295639708779,0.09304664467543672,0.022900778930584918,-0.006401135655156052,0.006065971971029241,-0.24695206861906682,-0.023689913325208766,-0.13440777513237318,0.07992561525032196,0.17305956210622472,0.04095744964694579,0.01346196273136313,-0.15424925115226532,-0.16395291081369157,0.05734010997013609,-0.0185557832189816,0.09023996497625224,-0.07983145942171545,-0.056026952940795405,0.018700330047456838
PIGA,-0.006002580591778359,-0.10378507921747936,-0.07256865445913913,-0.04635640247122946,-0.05042505968165648,-0.029565618515283346,-0.05129975374924288,0.049309104224628135,0.04069096120161112,-0.061902317033656895,0.021531638736621457,0.016727295189856297,-0.041684244142576675,0.051548897985328,0.002874417508085536,0.004965455323123195,0.08085853835539526,0.00773103295608427,-0.012411404417715469,-0.025674311244740424,0.05234141194481785,-0.056406004167705394,-0.11119171395504682,0.08830874632104345,-0.04462760259276116,-0.0869700505343083
CD200,0.1344189490634592,0.06392619560171496,0.16329048490080086,0.031098609863570617,0.07255554040433089,0.011383272454908827,0.11944070304971634,0.013385030985503307,0.01199577091603662,0.006691978150705777,0.021854536472499794,0.24023434714283703,-0.012246709596686521,0.14191349581523202,0.005501721214914976,0.11500665934687357,0.0022412180881156533,-0.034317571523070384,0.13807289900005965,0.16960374251495974,-0.04397088842060836,0.033469949846008415,0.04967232800892577,0.17688266828266802,0.24178662786429883,0.014259129829564957
GRP,,,0.035544514112522005,0.06615691376270053,,,,0.019533825019718655,,0.00011675754981274474,0.026147456361430673,-0.007219927183089854,,0.0873604558228219,-0.00915178328312117,,,,,0.01060868775787246,0.0552547105471232,0.010340656184807433,,0.0025108438982910106,0.001639252292635509,
CDH1,-0.029358562438116503,,0.14280877859880953,-0.031239674273170374,,0.07797567797861467,,0.08743149755316652,0.01295165301226305,0.06346059302002974,,-0.06018277230735932,,0.022216373138368575,-0.0004396063900197514,0.03408897485041268,-0.013078585087471159,0.0162390297050803,-0.04413962520258654,0.01813536370888124,-0.027920768659991324,-0.02282986202568231,0.00461031257283349,0.08484482799774369,0.09179859691913111,0.04574981911504751
LPL,0.17988694349777404,-0.00016235667722418258,0.1558342471190398,0.1266445800918416,0.07405873254516436,0.005468956920948583,0.046467250228051184,0.060134658644155584,0.08180939435747443,0.03339204751906909,0.010635082778898694,-0.01849675122882893,-0.051624216000497394,0.01803607380052892,0.0792185873395014,0.08431042687469012,0.17643909462190394,0.11209949751905499,0.1401762504915298,0.1753198288270634,0.024249572877161577,0.09128866162887242,0.05095475433678364,0.18311487610403393,0.00837680371730734,0.1675185740846758
SEMA5A,0.26147956398376426,0.1302333434045411,0.2281050379295458,0.0019043807362195322,0.16027489204162293,0.02408561102329381,0.059675841833068725,0.07520114073800659,0.07399552351786727,-0.01176345537810077,-0.0054127520703895655,-0.03340190288479719,0.04452488376830407,0.006554281709731522,0.06340959173119648,0.12931031113828304,0.024028972932262534,0.13581519374114304,0.15598315611628136,0.13935680958107827,0.11292289414459344,0.07588795104083661,0.05752490618515533,0.15699742412267453,0.13252561670233476,0.12085369894022818
SEMA7A,-0.07441063395053182,0.10870238860159527,0.062165537873398215,0.006847420625638189,0.008647649915632527,-0.01286513862139885,0.13781414613229692,0.020912917457014627,-0.006890181119590451,0.006535217536478167,-0.029154311449521984,0.0018289453797737316,0.04249164429865671,0.04725541313645189,-0.060959604249939035,0.038875112094247766,-0.0832776063175413,0.07352360384195503,0.03590101513539117,0.0663771893773988,0.04462698100861959,0.025870937026317823,-0.014447289227101964,0.054663927104486566,0.10291386831049244,-0.018521822914571048
SEMA4G,0.0163403466681796,-0.0083500952201735,0.036025201822550874,-0.01831535740236412,0.03483578842608183,0.04209206884075549,0.011776264519809242,0.023005306808795763,0.03799965549061872,0.0005485631565248507,-0.03897296600332516,0.10524060835495865,0.04837002915647118,0.026908240822241403,0.020114771073233575,0.08015713161855602,-0.10878531247860855,0.051064136661502786,0.07629338295183336,0.11307150729066669,-0.05619223814292772,0.009819731522296092,-0.06722107835379361,0.057053508958219354,0.05534713240976264,0.004938311533851245
SEMA3B,-0.23524530471003005,0.06191916485463965,0.03982502316052006,0.055789985127451015,0.12417857566941447,0.07486828472203652,-0.012507307774327892,0.0477228274001149,-0.04520062632489465,0.08932144467730914,0.015244407595185043,-0.28213523644744326,-0.06947819504780929,0.020871141604690367,-0.04756690495561969,0.046722433648910024,0.10172025254215171,-0.04904260433743856,-0.02699872359904179,-0.07812492742021254,0.07049860308517818,0.04873448800976984,0.08797454167007179,0.10155531492810667,0.08863669973264615,-0.10365400577287043
RPH3A,0.4136379696779556,0.3264124346697612,0.26870201014304873,-0.0076339269373585875,0.016909103847703756,0.0890485108323634,0.18117284451849394,0.037243935338340216,0.0832468965949354,0.0690008532531856,0.05226447054682758,0.34404700701462876,,0.13208334036667074,0.16172489733411252,0.16055924737850433,,0.11139290856385632,0.02529926803190869,0.1394782246739145,0.021784430895421203,0.047549818478883586,-0.004657162160629646,0.1590882335105088,0.20495569681788234,0.11971825538188893
JAG2,0.12444809997699642,0.02430292190055566,0.044063172307623195,0.0069399910418679565,0.035631606700883875,0.046744707886481565,-0.01770897800369232,0.036073405831813586,0.0037574007393726683,-0.0401946021145044,0.056688901274023214,0.10136800951059734,0.10236907475611796,0.049299856159303906,-0.04384004314155039,0.004814427208231816,-0.07202800284973801,0.005721577047736045,-0.04884318613956893,0.043031759866613534,-0.01508952473693736,-0.024169301859375044,0.08130926723234841,0.035076442990846404,0.08929189638337387,0.12216223102517118
CGN,-0.017014223039322977,0.026211726793746896,0.042975576531299964,-0.0010272385644119085,0.10587471822389934,0.015693688867355123,0.01691639045793345,-0.0003043233563074452,0.03900688103436237,0.0005015361060827234,-0.001765196750611147,-0.0023585899254041126,,-0.03262041721612808,-0.003890153441018315,0.02764516579625305,-0.004760144021210863,0.06603906087898578,-0.03303144902915185,0.05502103546522164,-0.011768132847836732,0.06882461021804265,0.030894287667329212,0.08220781876265884,0.05243763929172847,-0.0250657966583624
GDF15,0.13673891580243064,-0.04858649146513085,-0.11678542308529985,-0.04372098882580198,-0.14652784318842124,-0.034546200611020185,-0.048812212545852184,0.07175534194239913,-0.006864621776797517,-0.021016594203935653,,-0.10678849630632145,0.04690478100034338,-0.07228368171748509,0.09237588788305724,-0.03711193304364442,0.0741813880357156,0.0005688597372533529,-0.14934531244389487,-0.1818948844584929,0.008777084310124594,-0.05241500617964344,-0.014501691185712361,0.22943516087370616,-0.1299154422285061,
SEMA4F,0.07066989617498796,0.07840279048934896,0.03448879964095194,-0.06077346607925403,0.08421208961349692,-0.00532477314450741,0.06387272781878427,0.015662748529592974,0.004013130211087881,0.02421977604519439,0.013472282223884172,0.09928670774663852,0.06567266391590539,0.02283723913291582,-0.01744162294091013,0.0015460037899606204,-0.029214127619677996,0.07058218676103044,0.03019097616366435,0.06392828684498293,-0.0576381588206135,-0.022966939287832132,-0.05923377270258256,0.14657152846905097,0.0789530514403958,0.06554062311728912
NXPH1,0.029429010449947078,0.15859796065985277,0.1723242094768486,-0.009108013351484883,0.0939327504782944,0.041467646053035906,0.10391613362445795,0.06071728588312951,0.03358224233567169,-0.0013616390797544847,0.06485157088230578,0.2557919639825001,,0.06510215464537739,-0.02539115036784387,0.006329915598542717,0.005903346169564224,0.08588264073021112,0.07990542983441136,0.18353212495439547,0.03315535586711205,0.046515278341423195,0.035208557801162485,0.171607791691488,0.24511751866261577,0.08363854750756886
ARF1,0.21863494121757213,0.10925127048010029,-0.06992861462197009,-0.008292733415331894,-0.097781134964369,0.012947109668719833,-0.014155722684972552,0.0049135608031377846,-0.047953312189637366,0.0025799079148602394,0.0599630105774189,0.22165941627032335,0.07044202734054109,-0.00443494846109892,0.013265785966103269,0.040259810128606036,0.005456119239359696,0.08870937716326388,-0.07461889527018309,-0.0023552309889909658,0.05660812625627263,-0.04039981612256374,0.022148668528532214,-0.0715014764854446,0.042238693389677964,0.013347496837365627
DSC3,,,-0.014197659590188436,,,,,,,,,,-0.04916303610912656,,,,,,,,,,,-0.009538874333984098,,
EBI3,0.0010453076133704713,0.0683850198850475,0.1086613191279965,0.014311422534162925,-0.009661311281837878,0.02710717279544954,0.03936789224894328,-0.030792005163731914,0.05168067430411746,0.05103337475995712,0.012394770976314628,-0.05324105523353774,0.03868262213360912,-0.009984429033438002,-0.019048595248515373,-0.04206472709646631,0.05612747567723084,0.034129484509846306,0.08254275054331854,0.1253007505818545,-0.04388289983020903,0.03054046104002358,0.06546341775656021,0.13552599604712934,-0.036883276532626366,0.05911998712813777
TIMP1,0.060686948138597145,0.03774197935564118,-0.15762089352971806,0.047678675439499975,-0.09133902963223457,0.009407984567200649,-0.07048875232167424,0.04329049457454344,0.017028271799603416,0.032118588313825615,0.013897188892800344,-0.29840045723134473,-0.04795734593248885,-0.14261309388854893,0.054135588758712626,-0.1788405596726224,-0.03432609647408563,0.02577375047130138,-0.24239644521352013,-0.3186859375388487,-0.02031037846468101,-0.03791838900981557,0.1081385800539234,-0.15850486431214686,-0.14492988556758946,0.05749050252937511
SEMA3C,-0.1349330545857746,-0.035299471228276806,-0.03315157198681962,-0.029261378730185698,0.045224874722180265,-0.013203565130859601,-0.05461630510735433,0.01252356746992817,-0.03886976645736159,-0.002367459653762638,0.02313167709462109,-0.0781825069622606,-0.03217915159784104,0.1444275842855682,-0.07352057680723799,-0.008547662323118673,0.09545982913123711,0.0026048493915935343,0.0022806765795858612,0.07649562263831447,0.022704393006012208,0.029558396868684975,0.13555756807589397,0.01939356509656834,0.04445825108903543,-0.02798237053267349
GNRH2,,,,,,,,,,,,,,,,,,,,,,,,0.07353930141763852,,
GAS6,-0.15155651875993253,-0.03594260590498238,-0.0033266034754726543,0.013414352137176445,0.0652943690010302,-0.044950968279103734,0.026447259166313596,0.02148399075238091,0.057195629534225904,0.008837034234136428,-0.0075127294924466894,0.015371555917025242,-0.03434500494312239,-0.050626299911262766,-0.04761056830385103,0.13419171795545454,-0.14499215470661322,0.06581243811527154,0.04903926227022712,0.12474300893508797,-0.03130369763360925,0.040529516074531625,0.057090571392696486,0.04186856948799697,0.09096278567765538,0.11626261707254637
MEPE,,0.052491929167705724,0.1169892372184656,,0.07175629220257491,0.03901992997384728,0.08739918116770458,0.07421396858576167,0.03846478805825387,0.01876562905598415,0.043798575251337915,0.16132312312709368,,0.13339910685387496,0.004644277728381967,,,,0.030923630405082454,0.02492581675525707,,0.023722850498938,,-0.006440413909570703,0.10194556817034449,0.06913997592845776
SERPINE1,0.038614293676691794,-0.16206031565867451,-0.24786614433132514,-0.010716723270530108,-0.14531755075720434,-0.02151356837657881,-0.050515458121504896,0.06480156843171657,-0.043129990785305876,0.0072914541773175376,0.01912091227726659,-0.13860633722568383,-0.09471306729931157,-0.05978724090327609,0.07005379827214735,-0.005599335714763443,-0.043066138661771905,0.07819676621598379,-0.19508952423054124,-0.2659406331973605,-0.04176044113675862,-0.047906017340031595,0.1928449100135774,-0.2565301616050142,-0.2371987441918419,0.07175557598007552
RSPO2,0.03503752875354495,0.1553856899756281,0.036626554599772286,0.022452319384832962,-0.011074599498691448,-0.0009948363683760031,0.13983411598323042,0.053929578057954446,0.07397396930476867,-0.026410543134353533,0.012595671210801749,0.1794322765916277,,0.09668177281243409,,,,,0.06607534478017375,-0.0010980265461038633,0.0066896229594396155,0.013456838981971997,0.023807735621574,0.0753120267052074,0.05682800726130988,0.12547768086915637
SHBG,0.008399878842668308,0.009284500681987523,0.016321646906669842,-0.02705489548623779,,0.029560066591587646,0.004433706562452898,0.0037893628154603083,0.006554273872108669,0.0039873892208340455,0.03441868439089635,0.05199613749214699,,0.021003298999171294,0.08911990433494829,-0.042203221696940185,-0.018901534995717888,0.037120546936374746,-0.03612598490120789,-0.04126462085553898,0.08307552525131287,0.027163139909105766,,0.05319955729398805,0.0006133692024430737,
LGALS3BP,0.1517507763204783,-0.006235288521423617,0.05953414327875884,0.07037550992333876,0.1598132968534276,0.0019073907420885776,-0.025473820609230386,0.05160327844712905,0.04979819331942824,0.05657721895110423,-0.017134218239928178,-0.3272155146280541,0.025264990464605105,-0.0002575144413396901,0.002548092072962057,0.20128314373618814,-0.03314436098492199,-0.0505110295810228,-0.05797046889523329,-0.0917907756791428,-0.04823612689123615,-0.043244404568204595,0.12549807780733646,0.06732492441804738,0.0017613680340550486,-0.014435737143649558
LAMB1,0.14706662566393253,0.017749468583587485,0.05470911616496795,-0.004994190424562281,0.09513603406040017,0.048495491606778955,-0.010657661390046654,0.04908324240640902,0.0524376600238017,-0.005457669562423166,-0.020646417824386348,-0.019208703115025132,0.0035896315289303047,-0.029926288156205103,-0.029804166277756172,0.007194123243414297,0.002155999117577761,0.09112352874933596,-0.05264921499085582,-0.056966298270145786,0.02923077018412093,0.010640106342769885,0.04424118019402609,-0.03927694808667025,0.007743311120285,0.14239614593494082
SPTBN2,0.10479528437331273,0.18897677046902603,0.07731911340058277,-0.017456181919348442,0.1369742606633204,0.030899100025582747,0.12820726244399863,0.038390869359922045,0.012017949522657296,0.01141593653509722,0.04411310329132669,0.28698875930359036,0.043110137858002676,0.18773356905737876,0.04293619407287823,0.03317222680570331,0.04196129479918234,0.09027982271823673,0.09184047957369212,0.11389983227688609,0.016264988477898736,0.07451023521855082,-0.11188949618271003,0.1766973342626059,0.16112758288004306,0.09051131207293117
COL1A2,0.08105923472102684,0.1763955894565581,-0.020572019630381876,0.018726670430025755,0.04641817198804492,-0.0579969458648809,0.009448930240880305,0.024959798534326533,0.030974985020983652,0.042809402276061406,-0.0018772162874543473,-0.0693015199963175,0.038950766497673484,-0.018684116713142955,-0.11248144942712607,0.12440237897245958,-0.10450698480263887,0.024730620272728855,0.00023059170826997955,-0.07952592982534334,-0.04227245428237268,0.027722617294575185,0.0382762018736335,-0.23612849270495517,0.10898242659165085,-0.04226365608600988
DEFB1,,,,0.053732310463651047,,,0.03822431408200405,,,0.03139848983570685,,,,,,,,,,,,,,0.025822909930234488,-0.06528304296432041,
CEACAM16,,,,,,,,,,,,,,-0.025644525145585927,,0.09053016905902299,,,,,,,,,,
SCT,,,,,,,,,,0.01071769635651929,,,,,,,,,,,,,,,,
WNT11,,,0.016724361637736364,,,-0.013199537114808764,,,0.06181867901910187,,0.004751715952582991,,0.021113454075824274,,,,,,0.09657039482343259,0.028163346201789403,,0.05329474432538293,,0.04876861930262252,0.01942899111460493,
LGALS1,-0.42856033718304726,-0.2700116353530708,-0.3507318252951892,0.03795773068477113,-0.19244535839039983,-0.06881969772704886,-0.03445231760276512,0.051773497114306545,-0.005738127907158412,-0.038108000493233825,0.006689386881690807,-0.34944890204218243,-0.07530428802916142,-0.06573900813239762,-0.01762076291865544,-0.2620831025138303,-0.16196937409019715,0.1362964588343017,-0.2269348187628333,-0.31433795665622244,-0.07251522272917867,-0.10029179428923994,0.16147725437024446,-0.16627130007543423,-0.2422343892020024,-0.006364316474116111
BCAN,0.4783251169463042,0.2555777028240096,0.40193326342575814,-0.004126447469306088,0.19810135918668817,0.02094301743139514,0.040950233449503305,0.10517855749292321,0.09190655506714358,0.06257467768471414,0.001756106549007759,0.2399111776909408,0.05533009887972732,0.0021866859957280216,0.08990460765395594,0.22009899788791978,0.1731966138291017,0.18338306327393322,0.25308778464963483,0.294229522216802,-0.026436379471265897,0.06320839363715428,0.10538493204681125,0.23946344776194542,0.1377920196574857,-0.0017491672860384705
ANOS1,0.10475622465292084,0.13974685707157208,0.16466850109595846,0.01652899147219805,0.06984884460459453,0.034389037017293816,0.10735298113007062,0.05206172642477412,0.12954142510728692,0.029030518842067546,0.009632981759299055,-0.044436687900285175,-0.033315648814826904,0.032330797391833074,-0.004941046131227353,0.012162228800866662,0.06813423759095888,0.12352763807083425,0.06321981334108086,0.16334619756859126,0.046693119842699214,-0.003367650299244606,0.004380931910706598,0.2467717427564327,0.11086654841041957,0.00332479968954174
EDA,-0.06476770460554633,-0.06239298998119472,-0.009703878757127622,-0.010366285013636874,0.04130560574460802,0.028887675747031737,0.034666443944164835,0.04516597419731701,-0.03129269075184439,0.009042292705063288,0.0007577060717295926,0.04536780643265912,-0.03230261353733038,0.018671418399499956,-0.029085916437726435,0.018461650484783636,-0.05277768787487975,-0.0036060450918230192,0.04244370816979165,-0.03905794081592193,-0.030534605363501516,-0.03356021360301509,-0.0326305997800376,0.06742787080380812,0.021990021542865123,-0.08163405604645414
FGF22,,0.023651323475298112,-0.04394044944645127,0.019680065034025845,,,0.0824999205880053,-0.021415091051908863,0.02010132633009609,,-0.007496782167173792,0.012983607050128975,,0.08753023863303479,,,,0.10172057928028064,0.01995805538157563,-0.005710073400338995,0.04245042657310148,-0.020230365916838217,0.10880168259657003,0.042270392740285025,0.04725988685710978,-0.056484417814040365
SHANK1,0.07057310948182202,,0.030327904003272583,-0.004419403452052368,,-0.025936247071997428,,0.02423766289196033,0.04349365696728855,0.04832519168894649,0.007686149084723005,0.08737424144536464,,0.04101621526881614,,,,0.0426011926191681,0.015385958083294593,-0.003476930108410521,,-0.019894376501855184,,0.046655513613302516,-0.015473251104988768,
NPVF,,,,,,,,,,,,,,,,,,,-0.03158704197274883,-0.04766865678793511,,,,,,
RAET1G,,,,,,,,,,,,,,,,,,,,,,,,0.054562196333979046,0.06021001682552952,
TGFB1,0.0873567209009366,0.003426417023862493,0.004401332896859898,0.030934756811435364,0.032134365788356996,0.03800766927735514,-0.029591125183711795,,-0.00712767987219522,0.04269947477511531,0.0042318863879821705,-0.002554395666033693,0.028249352954613963,0.015478541469432248,-0.07762480902234051,0.011206367091650212,0.02749398306228877,0.017713793861547356,-0.08044547026483424,0.02863178932656305,-0.027465604098190915,-0.04052584622736657,0.07063567548408561,0.02205909506504033,-0.011099218050736213,-0.023913026008208455
MSTN,0.2135655087958756,0.059892443163641056,0.06184701400655126,-0.0034893720606199224,,0.05303459406425486,-0.005657721924362611,0.047615354260683876,0.06711133391522336,0.07436509245871913,0.030823276044941245,,,-0.03587947076309173,-0.03917041155714078,0.037098184814871836,-0.08897829357331942,0.07361576611443232,-0.005319341038712739,0.05010432736569621,0.0032967250912860975,0.05039465068882309,,0.07727293910000271,-0.0004493611021714007,0.07104745833493863
WNT4,,0.01754612034281472,-0.06807548696802843,-0.035242529781399676,0.0035884809486349187,,-0.006469084321050404,-0.053895907327301255,0.0007512428759714008,-0.0032998091866142747,0.005807036038601807,0.01818247347101477,,0.05297430918735793,0.002694897594875247,,,-0.04487280829248254,0.018206692493038322,0.06438094495191445,0.0539232997842708,0.050515498972084336,,0.04149456855007406,-0.05793419969034305,-0.04731514801462576
TNFSF4,-0.011451739486454239,0.0465681979212959,-0.04330019796808307,0.056370893079649986,0.011569992366226186,-0.02651139257013188,0.0010291450037479318,0.012835776626737658,-0.03672154334969853,-0.048110786706062544,0.004996397905762296,-0.031742758903576404,0.03743191683337173,0.008215004898758154,0.02071507706001836,-0.018727537063290122,0.02120441483835101,0.006274520166724956,0.009527206050775382,0.06624437510075386,-0.014186590127270013,-0.012248706049562769,,0.06792895635502957,0.005409982690431692,0.03812293125005093
NTN1,0.025838357994624986,0.02917767771028752,0.05211600098514243,-0.004768144924006074,0.061454722044278355,0.040332459639772104,0.014531187295013986,0.07109495892493496,0.05978569504010369,0.029606052544927364,0.05427108874965511,0.005154447666586149,0.05048714763599232,0.03568063966774024,0.06651716508572708,0.08318325646466304,0.1311922203943862,0.03531216362471019,0.0954643869423194,0.017380049004364788,0.007506606703456335,0.015189231452942915,0.0994999890152745,0.15863638840991445,0.06061306873028223,0.009941166213607317
CXCL12,-0.09581372057732958,0.08225901803177457,-0.05474683021068402,0.033070108564535565,0.0816928403410233,0.027397770758664047,0.1015526259139303,0.002978637854961152,0.0025235785101676376,0.051929949089857555,-0.008853101648409582,-0.10194993490628797,0.10225003469937077,0.07900289718200001,-0.011133066346133069,0.0006497680648978667,-0.022050206313226565,-0.02260276084387312,-0.06774800603353004,0.04717570924453963,-0.016109065747177173,0.025457618197506287,0.08875961126323663,-0.019033178623609537,0.11609900777603005,-0.02330445995214241
GNRH1,-0.015538219169605714,0.030361891308387803,0.04626075289786033,-0.008212257186486622,0.0007156779257098488,0.021686696388830175,0.011738526797144797,0.022557949531047092,-0.005653155444670011,0.032074958598009864,0.012003197898225756,0.04474867264974235,-0.0036427244677432287,0.017847838172888843,-0.0037579292245291805,0.0646595714141105,0.013084018213916766,0.020056027131257908,-0.0171972975916039,0.04021046637541508,0.0011110625842437577,-0.024004747902257702,,0.06881385803083827,-0.03235893011669255,
FGF8,,,,,,,,-0.010997735450978067,,,,,,,,,,,0.05923142328387159,0.09383049348561354,,0.017135133658547075,,,,
RIMS1,-0.01806759729573741,0.15190709584905235,0.029987065839851088,0.026845659200596096,-0.03576469018612316,0.033255391138707034,0.08217071699115436,0.05107702858333801,0.004666274294008281,-0.0018307985327554338,0.04952958076093138,0.2700809066027909,,0.1699134707530238,0.02550347914243656,,-0.06074926670767218,0.004308386386783785,0.16371469489211637,0.0910792396258556,0.019497861387323227,0.029266203429640522,0.08263978030643106,-0.019861853022068575,0.1481653834778167,0.24348242425963051
FGF14,0.2871923448869758,0.18477647917713647,0.10898856947686199,-0.05029913721162938,0.07239338490551507,0.006744200494440755,0.06864075455464208,0.06604782305995752,0.10695327195991819,-0.018340004226234295,0.020862553951558012,0.28187650923768276,,0.16110895108580703,0.09967477774510165,0.03551035945343536,-0.01734613830755581,0.0362493447037976,0.06645964823271412,0.03887455212587103,0.059349060839154914,0.04294238982073186,0.0012842361932269616,0.0777093059452147,0.16613314874409413,0.17201782729405385
IGF1,-0.14093789951735808,0.14899023103395334,0.04382042556630054,0.03986984065496817,0.048434714551362154,-0.003808261942139343,0.03366254381501503,-0.030861323019990044,0.019589911642462866,0.05012581074669817,0.06655460762937503,-0.07076127157187001,0.008847305706162104,0.03359440765425946,-0.0011170970746862303,-0.0051547859935687276,0.034715369019749316,-0.0040273392641738594,0.09754026221880539,0.12801905870220487,0.014539658942882859,0.03895585590998615,-0.0911305778342201,0.17668311483990146,0.06631386310668483,-0.007048208319454323
TNFSF10,0.043413316763888286,0.03474588776660877,0.022182190333886964,0.03247572625907939,0.010211264341672592,0.005374864125407515,0.04882618643454533,0.0380782954375709,-0.01813340584770929,-0.00993934574663225,0.07480490443564125,-0.02298698562866243,0.058586418457239206,0.002928172496332642,-0.07444931655415848,0.07234471526181792,-0.019440430398206563,0.0453186804790728,0.020418795055863016,-0.020722483364277705,0.007577997154883857,-0.028564199206318638,0.028907802444446958,0.15999790319170695,0.07521711111154569,0.0556049067104544
GDF5,-0.004239297705328797,0.05957016739819883,-0.040134059566062794,,,,0.029307681739146548,0.044612246620553304,0.07315478003995982,,-0.032776222540044496,-0.007238484685349748,-0.0030856208678570387,0.06227901601801666,,,,-0.021371084761668914,0.0007097278299754799,0.03921183868317377,-0.014666364603682413,0.034896261082111836,,0.11027458915899498,0.02823606743015407,
CHAD,,,,,0.03925408104875354,,0.011566333825540355,0.03347256190307847,,,-0.005492552839813067,,,,,,,,0.09860128281848664,0.09450776143334269,0.07139792393167521,-0.020715249693907305,0.03285751530961063,,,-0.039871133505581816
RGMA,-0.007565895060883443,0.11995611025444507,0.09828738109162245,-0.04677112379871082,0.16754662024042663,0.03223067774374938,0.0010780765086330956,0.0979810013589752,0.07796525409147223,0.007746313848618935,0.0016226497924446339,0.015071241050691825,-0.024206201279743125,-0.08355871497767217,0.060123835227261266,0.07032300786563969,0.00639615343751139,0.08645343808197083,0.014920955691078337,0.10834620553395657,-0.0535635101853358,-0.023816524238373157,0.08044814223366421,0.30848175341098255,-0.004358996875418104,0.001775687278750672
CLEC3A,,,,,,,,,,,0.009649928220169503,,,,,,,,,,,,,,,
WNT16,0.05586114155606601,0.060322136431619475,0.07441157895392932,-0.016803197566246434,-0.027937409875034375,-0.0024075593328061772,0.07184161079466278,0.029726196705282815,0.014967068154930208,0.0499902506442187,0.030491144553309715,0.08107699509782126,0.02473642301101391,,,,,,,,0.019337789699927048,0.04924699602988866,,0.018668503043012468,-0.016362789559379174,
CX3CL1,0.17501300248701976,0.016290174974783977,0.08912177437337965,0.03751046083930706,0.032815791258244256,0.08413876124710051,-0.013658331670280867,0.027103519134451956,-0.040432688227829264,0.040175572162588075,0.06499026118827854,0.26722529382122334,-0.021196319459538992,0.13482277237612822,0.039827867939604786,0.21419214488244095,0.12053333611805364,0.05464183979888554,0.06144350241849924,0.07033437690739115,-0.011466018751683283,0.06058637631881592,-0.02720157713141145,0.15410026990485395,0.11418498152559191,0.1533212765040383
FGF1,-0.31143186092841035,0.15196628155775777,0.07096001312282538,0.06910675880755411,0.09613874341969264,0.013370974560806896,0.12533868322580852,-0.056482074116378886,-0.029287875285141513,0.039636250045751095,-0.006396361181098478,-0.21404316563541892,-0.0021358543950293716,0.12105940552927703,-0.029498345145955996,0.1785366944929632,-0.0648638983061367,-0.06796927979719783,0.05956865369764392,0.10498029679063656,0.008923961063050016,0.013214087919243028,0.02004659662508056,0.10553343571096034,0.19473150385708707,-0.0943408872501982
ALOX5AP,-0.31608348871444014,-0.07671405430859495,-0.12621633545636615,0.07362731108763729,0.059948058375948195,-0.0373247311095406,-0.07934942371875284,0.01577854943890288,0.03650821661034731,-0.014166945339683486,0.018821822664235956,-0.3453968868853533,-0.03582566413241433,-0.038507995295772236,0.02949002447677903,-0.08498632097903377,0.023222610478884523,-0.03426888892734398,-0.1458830563322309,-0.15628506404034165,-0.04258423604867471,-0.006266636110230129,0.021762594992248606,0.0061267253200490215,-0.1513543561827625,0.05553767152747509
IL1RN,0.05851665741620666,-0.023127226302030943,-0.15935740331561316,0.013890230996185611,0.004775485488441014,-0.025113439832964397,-0.11572893985329716,-0.008184846123450815,-0.05475257653343567,-0.06593464661345565,,-0.13477514251027695,0.001111497834087467,-0.027422102618853188,,-0.07092832103083542,0.020652317224230513,0.03433669130489237,-0.06908851388938383,-0.14007204563249442,,-0.0858464194819957,-0.054514862447568896,0.03028936729126408,-0.10722127838731589,
PCSK9,,,,,,,,,,,,,-0.024121647324720604,,,,,,0.007701316634939114,-0.011523199578740801,,-0.028132145821243574,,,,
FGF23,,,,,,,,,,,,,,,,,,,,,,,,,,0.04450062731606911
NPW,,0.11062764309254379,,,-0.042510762014684116,0.045340989756475165,0.013668612417887931,0.025693497039607494,,0.022812310328240548,,,-0.03177381712412006,-0.01683434195197187,-0.08296273475282524,-0.07570498324025249,0.005985633317820933,0.08817602987003324,-0.016195957547518864,-0.036493351431154196,0.028782911849809013,0.019902633950025977,,0.08711403284393385,0.027238846967065893,0.003607237004538132
CXCL9,-0.06534156156828538,0.0036737350265895617,0.04677552941675605,0.027946807259113395,,-0.04260348138780442,0.01931172708769,,0.015197283113226162,-0.0026344434801155794,-0.027309716187046404,-0.02521560387389821,-0.0034753304066997225,,-0.0178340703298869,,-0.023417306007506546,0.04311691720580805,,,0.05379440469879943,,,0.04137860265772143,0.07794178909845163,
ANGPTL4,-0.11140296289917731,-0.30957710515285,-0.3583435921009764,0.0030612914582231433,-0.17950839363439755,-0.028706258593982688,-0.06846500133830441,0.00214123373000069,-0.04654796288500209,-0.0485805916449705,0.022023860767143036,-0.11617531840396018,-0.09786794061042431,-0.17317353592459075,-0.014900546257775574,-0.15190383682469288,-0.18137941521697867,0.013399442125455898,-0.20941573482375916,-0.2636100241677663,0.05388444730316925,-0.026769529487913217,0.0021724455945165404,-0.08758286144455779,-0.16302027440241915,-0.014983424520012908
CCL11,,,,,,,,,,,,,-0.032039202699768,,,,,,,,,,,,,
UCN2,,,,,0.039585651506679746,-0.010975548288461041,,,-0.00031928263204773863,-0.023836580636618823,,,0.015643451971330387,,,0.004348325566924995,,,-0.012374708199288468,0.009266883064811512,,0.012976597217434042,,,,
OBP2A,,,,,,,,,,,,,-0.025628707340215193,,0.04326718173216247,0.028608065715273103,,,,,,,,-0.031180753045750926,,
COL4A3,,-0.030846991378554466,0.1009046271717785,0.008491991835635796,-0.009260203848052677,-0.049949675330627136,-0.011777602453437347,,,0.002596073149060577,-0.009432868403633025,,,-0.023337550096774545,,,,,,-0.07642810228168546,-0.00017201176041008098,0.029518111985982868,,-0.017851300389574304,-0.033234706757318856,
NRG3,0.03572747106004537,0.09207546038259472,-0.004937763970763046,-0.020704100251730532,-0.00130988781525193,0.025631820714605943,0.09857786666679164,-0.03661137088924897,-0.031699665214002755,0.026497096754414348,0.053658294667986405,0.26322498178565656,,0.1218728758729692,-0.011296644984963569,,0.03324163319537453,-0.013659265235643776,0.0283683323716343,0.07949319465439074,-0.002818735456699147,0.004785709478147372,-0.0328526728845475,0.13342876032000914,0.09038756063134046,0.1748118122806941
IL23A,,-0.08844749495517562,0.014897921573742737,-0.01723436421952602,0.06135497294197366,-0.027145275129166695,-0.04207863959343309,,0.014868207394677825,,,,,-0.027022234215216108,-0.006169377859737925,0.013807700289152564,0.057214196888715874,,0.021099337410734772,0.00230327967231992,,,,0.07383694261836293,-0.0033410167112146874,
COLQ,0.06357848791693163,0.048687402690214605,0.04248374378577928,-0.015860716452033866,0.07587932923102662,0.018667772158066653,-0.019714830924666985,0.006718397097576043,0.03156648666326771,0.005335960943308145,0.0026336900775763166,0.10064620686456788,-0.003927129525626315,0.07714827596629631,-0.028814698202288942,0.002863346658735688,-0.011356976096771516,0.019341635327702323,0.04277021354202371,0.0900324269611871,-0.07480223391196106,0.012984108238562215,,0.14790109696158277,0.03018198878928894,-0.02313946432164263
SCGB1A1,,,,-0.006430083989733343,,,,,,,,,,,,,,,,-0.015700132205150485,,0.05068337409545334,,,,
TNFSF12,-0.02722025588539228,-0.016664821048401612,0.042143493484566016,0.018811796736105935,0.053206034878097365,-0.058232321219067365,-0.005139667966977887,0.05506305022234242,0.012275965968392293,0.02551437848885099,0.02061232555381991,-0.05011969072164251,0.05520375386914525,0.048606685674658756,0.04546649863728435,0.005991640540061713,0.0018710183379764722,0.006816646472440886,0.06682611145535701,0.09844561571085289,-0.0017405822739244832,-0.01373076892603169,0.07065425253783493,0.07927935771439543,0.09730974819825006,0.040496301442656264
DKK2,,0.13954031255810764,-0.09670232618807645,-0.026595171723474344,,-0.04707572248767233,0.07465230416021844,-0.001243030620174344,0.007460928195261627,0.05159908320498511,-0.012767981617537717,0.11343572564490975,-0.04302769191498193,,,,,-0.07122873002340069,-0.010507839922056322,,,0.04064570875323793,-0.08440911982033865,0.03830724381312668,0.07080030315906988,
FYN,0.08764061459988905,0.11183566683055364,0.21435521217495954,0.04697821731599462,0.16770135042774412,0.055327282667455284,0.00508593012370385,0.0653041825362454,0.07495850022841641,0.11985989304723031,0.015116135575955035,0.005897100754961686,0.05340184789641988,0.07092744530499792,0.007665474706360389,0.04186212223736248,-0.09840531917075956,0.03249490656339615,0.19299901645948775,0.22354410567152078,-0.030267164997430786,-0.05370155081815941,0.06980702350238228,0.18355895999985278,0.07359387570287355,-0.04416896374462674
ACE,0.1952227911599191,0.03199448154248511,0.035699111627969016,-0.03754446999182054,0.11315403423856507,-0.027080976998475496,0.10081280475428309,0.05235498874353604,0.027715527409149066,0.06660726487570667,-0.018302187551216313,0.043076399823044446,0.04562303085411709,0.037050072161725865,-0.12808578450827288,0.14804433232705158,-0.07567476461626296,0.13842007624581967,0.038531947570726165,0.1090566031046161,0.034498259945701056,-0.05933344249277553,,0.0015799519718414884,0.15378296890597323,0.009809074115612684
IL18,-0.23139109373614197,0.037932912023266006,0.01338805039494067,0.08661535817064758,0.026632910069263722,0.026724429302630255,0.12159904304031674,0.09256817676392157,0.10163663501313837,0.033818014231032825,-0.00958689986302388,-0.20346017454197976,0.07074457997632126,0.09662741760764411,-0.00522725230272666,-0.029897019623226682,0.02876450978998259,0.014241194945990248,0.07324562076792729,0.17167467543372697,0.006958340817449515,0.0002911821121599095,0.0748654796453461,0.19171983894017697,-0.013070889651589037,-0.004098992475053453
PPBP,,,,,,,0.023758634853746106,,,,,,-0.02395106019503285,,,,,,-0.027798323076357268,-0.007826485805555625,-0.006048812664167937,,,,0.0029024229754130554,
CCL27,-0.004188323582908961,-0.12108653001520446,0.033963917702678106,,0.09594436955498722,0.039595607550754607,0.004232939668531596,,0.04289040391103543,0.027607342734347597,0.030950687996739844,0.05076689469127058,,-0.03816785409572751,0.013353874604282725,0.061345570518313665,0.06675233576558467,0.06153912473259597,0.04566253755646173,0.0734350726529604,0.023002668299723295,0.05370608136821411,,0.05712498664298941,-0.010224937582528562,
SERPING1,-0.08322521794637996,0.016507737648687733,-0.10056009523455943,0.048140673435044225,-0.002135875883975894,0.01846156733789479,-0.05506833087691145,-0.026687486322806847,0.022642517649351778,0.03604076992721457,0.01091273466127638,-0.2785670184877604,-0.01549482225855946,0.1394746931878767,-0.03737596559655006,0.08664301429531986,-0.0759009919598889,0.012833081851506455,-0.029274316774767443,0.03700447111393204,-0.0007175611358282671,-0.008106022635051469,0.1418081977697702,-0.032819533608195894,-0.013830649123067723,0.041454064767074875
AZGP1,0.06089848414356635,-0.08980053436476487,-0.024378576166172308,0.03902857099348855,0.1253876571293662,0.029386176067716863,-0.025464619614551466,0.07200382528392371,0.042498386605134074,0.08356589480291271,0.02013647800119189,-0.09542790066889902,,-0.02110380214255603,0.0664269028830787,0.008544756562653969,,-0.0035914586229491277,-0.042945019457659175,-0.08906910811714101,0.028862967306945406,0.06119077580588483,0.0076584323741545005,0.19992877119106844,-0.03918894847212576,0.062144810732623984
INHA,0.07796608984121552,0.0120615828939767,-0.0010443102520126786,0.019708032484341453,-0.03684031462716572,-0.05812077998588899,-0.001065443829054369,-0.059764572626886704,0.04936016543101513,0.05588657423960623,-0.004319311152860892,0.0909452460500723,-0.007977640067381173,-0.011412403886029177,,0.023681685574754762,-0.00080570247132457,-0.009640225481900177,-0.026788797161237877,0.012120980018455114,0.02306429583973039,0.03901664048806575,,0.051403452097193984,-0.05227660417741941,0.016325699096180056
SEMA3G,0.02947478483988568,0.024898941868954545,0.014484924784189548,-0.00464601287270994,,-0.02966899519767398,0.027441533581939008,-0.011432238346130772,-0.013445335559351354,0.05172273898413181,0.03468757466959844,0.15844134290930886,-0.035324493161885594,-0.008948389424722663,-0.10943747568385398,0.09527699325435238,-0.09408061204264076,-0.08177776006118645,,,0.002837505821958517,-0.07357364288375488,,-0.05288852433758188,-0.024107117101086983,
OXT,,,,,,,,,,,,,,,,,,,,,,0.03154680522946603,,,,
COL6A1,0.15603217719663126,-0.08368172771090089,-0.16149846298147275,0.018213251705622577,-0.0703455404168963,-0.01780812382872621,-0.05391302281431265,0.04364636558871241,0.06298741019201111,-0.01309743101081996,-0.015847827531496946,0.0034979606829121965,-0.004161268482345654,-0.09507206346282021,0.04619262326883542,0.01966163344300294,-0.15070422171890788,0.07926807527045641,-0.16561303024831037,-0.22281541244896574,0.00011566780926364227,-0.03285502227871944,0.10408580579185897,-0.23463133329590438,0.07591630630020263,0.044417489865649536
FGF17,,0.06777642118391668,0.07896849662497352,-0.03484146901918043,0.0413597438083825,0.03128925217107702,0.0326302630075233,0.014844645938803233,0.00738634964318951,-0.023893872489970967,-0.002760036767295468,0.10152142299996089,0.0877728767851603,-0.011533686358611557,,,,,0.05955069365693382,0.07297166606091066,,-0.01741480533008869,,-0.009138375271034125,-0.0454029639170253,0.045282968524130086
TNFSF8,-0.008238568746571343,0.0500385522077573,,-0.01991849960826818,,-0.05942221177876859,-0.028521418728316292,,-0.019215184247856287,0.0007822307450761363,,,,,0.03834099739108479,0.07061744740369724,,,0.03575378343439611,0.045180564761331705,0.004282151284253044,0.0026590698907555804,,0.007493495618069209,-0.029535736905865802,
FGF20,0.07990291142927466,,0.03882516351914285,0.04402619328785936,,0.03473589234677949,0.01900615139970044,-0.048030100461850044,0.0074372161249622835,-0.043402946618988504,0.030847775493128938,-0.028695557141447565,,0.04485811603314051,0.0592736386618692,,0.049086788628989096,0.03946747275236833,-0.01647318737134876,0.06342975418638229,0.006608117078823051,-0.00787586736306214,,0.044518307938378125,0.021299333672070576,
ICAM3,0.1759646865989585,0.015078157086274043,0.05264228888615727,0.03261052974407072,0.023564224158650938,0.07992176938579672,0.0030138277107804824,0.040090907564115506,0.0002788681307851151,0.017350182815560417,-0.011659383239985131,-0.12771859206664313,-0.035635177554608204,-0.006324234786811699,0.04310018823868838,0.09195708165606534,0.11298204529278762,3.627813022554032e-05,0.027017964575880248,0.05489090232200663,0.08063122337106596,0.0705624964483109,-0.02553079158732053,0.08986797978678356,-0.010287509691537076,0.013643274770656653
LAMA4,0.3042693632843565,0.03598561473204321,0.04419985573964138,0.02525533600994074,0.12398120422149993,-0.02882845834582026,0.0006975141582888508,0.00711713448843201,0.042439216880296976,0.006221761465143104,0.009965141210888222,-0.11195542761244272,0.004230356177733276,0.06372586300515537,-0.08336340922206473,0.11549647379657309,-0.04486640427706779,0.03190933090141803,-0.06429041439344703,-0.031931475960130816,-0.024143221573910908,0.05119332976489027,0.09164852091805481,-0.010267329480150623,0.07251274858023424,0.17042336782132317
INHBE,,-0.11206511151636649,,,,,,,,,,,0.157914279258641,,,,,,,,,,,,,
DLL4,0.12478758826425569,0.036181323726780804,0.02380357310278623,0.05052643494812872,0.01720957956664221,-0.033248594717591125,0.03905883708427625,0.03982402424101886,0.05647479089033731,-0.011085418855149222,0.04211499439037214,0.0440931974001305,0.05236403911977877,-0.01111323475888064,-0.052696132482175015,0.08775916491899836,-0.018801558148597023,0.14241518147312685,-0.03463587416075448,0.0010137281445398172,-0.04917453455296304,0.00716081823386867,0.11883536011196828,0.032586545352376685,0.05711155947632794,-0.025427781421212412
SEMA3A,-0.1314868562659036,0.06438520043869775,-0.025633148220682397,0.011474128914326117,0.05101766038497774,0.006898908944113671,0.016946534604751127,-0.023277975761497195,-0.009567047817268748,0.03204249654698536,-0.023733025490796346,0.1814446594870092,0.04046893849911464,0.09615532221730012,-0.06567886143734238,-0.04164300909799711,,,0.020268422348723728,0.0374854724092884,-0.040370191119048514,0.07917839086209832,0.003521538518436993,0.12407518904059028,-0.02779420696104139,-0.1102493618528026
RLN2,,,,0.005547861829962132,0.028359316588280205,-0.018909886107328345,0.03463134904512748,-0.00815888074951388,-0.00036522813221543803,-0.007391458768818035,-0.058365078456051656,-0.004739023233396553,,-0.02372288591672835,,-0.05134271679340279,,,-0.0399678327338116,,0.006676018973875285,0.004331628595445546,,0.019831366940597932,0.033003533953292495,
C5,0.09522514319759957,0.058734493290184216,0.010136970711623958,-0.04684048233333184,0.017153981062199727,0.017588715321525474,0.03956858981284181,0.007050607965290836,0.09012582265752124,0.025656330005020135,-0.019073190026198117,-0.026021630968836907,-0.003560232788013764,0.009113269063712171,0.022651202768013266,0.20423939228766125,0.023710173236028923,0.03582150789094701,0.031200929297032953,0.030163839552759725,-0.000800734051006307,0.03540914319591794,0.03334480414124014,0.15277070370470283,-0.014800339275362626,0.1075157894488168
COMP,,,,,,,,,,,,,0.060546125824755125,,,,,,,,0.016213102027822564,,,0.04000376783738802,,
EDN2,,-0.011306123868310872,-0.04233824797170992,,,,0.0008541744194222639,,0.004944665567287604,-0.10288585479505316,,,-0.02497043034453912,-0.0860366403947123,,,,,,,,,,,,
C1QA,-0.41907996192741565,0.11090862107628481,-0.029749439951188037,0.0478247710042782,0.10974381264584836,-0.05861852612088531,-0.02404819259414518,-0.05576544142362246,0.0933870315956032,-0.003662237017736465,-0.021200176117094953,-0.37837435361659816,0.021834725124037172,-0.051776591004377794,0.054181684127109074,0.061132471632399765,0.07170541042254837,-0.12004467922528335,0.07076341589939152,0.14434719655818687,0.03443295030258082,0.06512719720785376,0.0885462599389212,-0.05880348933423331,0.13508217375847067,-0.08250969428683344
UTS2B,0.09268325262109844,0.1007866039358722,-0.008485734056261802,-0.030858381671390576,,0.013579590849795691,-0.02117279606942108,-0.011538779913543386,,0.06266153681416654,-0.016224490939678933,,,,,,0.01490967020295935,,,,,,,0.08324021866116803,,
COL9A3,0.05702241836712339,0.16801834668154447,0.20385835840047817,-0.03785417603976122,0.15339985091540836,0.06608379744828946,0.05052578785887503,0.09601611444052066,0.0969970550354345,0.037205466382123444,-0.0026883967824010485,-0.12851002479137696,-0.01575391682546555,-0.01150186420713537,0.12685397366835077,0.18007357951571648,0.0734994950288968,0.02129413790563154,0.045637284465537595,0.06463511596494881,0.019402807702933077,0.07549571558434573,0.028368636200736316,0.2564703312760181,0.12907104848693637,-0.15335491271566365
DLK1,,,,,,0.045685759001212675,0.08329617615285388,0.07524502707044514,,0.00131345021571877,,,0.06911806889028986,,0.020028429045009684,0.03399841667880706,,,,,,,,,0.10465975345824667,
HGF,-0.03668439389552113,0.15594043662562557,-0.04132671051400349,0.024373150878654312,0.06373999689088573,-0.001950459782636159,0.0375781985083838,0.0061894708529283225,-0.0037772446158438867,0.02596993289438188,0.01108578495333448,-0.022952011531931722,0.08429276517503913,0.041198004837139646,0.05808940002578584,-0.02453485957033965,0.009886166021110093,0.04388780913619618,0.11160722791368481,0.0840366464539244,0.0526644546436565,0.0264336531386147,-0.024376329571232168,0.05277297582776805,0.1175889444367529,0.0779884896696594
GIP,,,,,,,,,,,,,0.06528960473348151,,,,,,,,,,,,,
P4HB,0.1511997643907486,-0.07328570257436143,-0.2552927224975604,-0.03948792386120756,-0.2131098410564955,-0.025451902293762815,-0.10069960025369201,0.08767743093129844,0.03551752799226604,-0.0017986419871406833,-0.029952561934222532,-0.19760101207446096,-0.023129332498503526,-0.0842696033143629,-0.0037957899851885114,0.11793217067053904,0.024004546412091196,0.04951547085176094,-0.19299518956986325,-0.19957979825203842,-0.008917896881346248,-0.07127902776123103,-0.0359427460228891,-0.14902298577067224,-0.0781958084342344,0.01871624472856238
ADCYAP1,-0.01476722512277241,,0.07744714544308617,0.001350463899898687,0.009266199618873898,-0.014064219437938893,0.07370188332023107,0.022685662545323847,0.0609573799610125,0.01697887105744456,0.017374015450436466,0.0912445779990675,,0.06463917934353049,-0.0807170317312735,,-0.10343955729580792,-0.018954324201163886,0.08492244825940252,0.19708911258683676,0.03209495079013793,0.036118964985674254,,0.031604202075633116,0.1452186950160495,0.1209896677767203
GREM1,-0.22744086224721427,0.14003698051755262,0.0947072510483097,-0.018020199194398564,,-0.030165375429365506,0.06279082637129524,0.11729893557894006,0.0069048279599103705,0.039608569176008614,-0.03903079884122615,-0.14653089520850873,0.03285368804993801,0.049426471691100954,-0.03733406997246547,-0.07345462900930548,-0.0115572610181158,0.018184469112285474,-0.029021909555032862,-0.04707546424755575,0.057591484781800206,0.004696662555534191,0.045445161858233336,0.03497671606784136,0.07319171962641766,0.007355618438513488
EGF,0.055105089181564405,0.02303851284423349,-0.05392388295489151,0.00044141195308904823,,0.028743174497249273,-0.04539207678439406,0.05004504687043441,0.032226481079164204,0.042491000096798445,0.007866063137560305,-0.014522074659720698,-0.00858436490470894,-0.0014293959043701653,-0.0791869452337822,0.04903898557296227,0.0905475352868556,0.01731150539073131,0.06548270092942125,-0.02912107956436975,0.055090588047692145,0.018375112801851497,,0.18795361064665805,-0.016223801134835326,-0.021345819381570298
VEGFB,0.059038138338642826,-0.15346884832339883,-0.03466831042226156,0.03654477749859967,-0.04416437529681716,-0.028601974753257983,-0.06107439069037099,0.055054120893361015,0.032808614916781116,0.007648539440743217,-0.01064126218505047,-0.1895345090775968,-0.03532003901732392,-0.052126870258637395,0.1327001382719619,0.012896987995640166,-0.10427289249196546,-0.021290004558599675,-0.04195337163090071,-0.08712449766786345,0.007136627596317555,-0.029858708145527692,-0.1401369987191098,0.10823279609728492,-0.08031325289294061,0.07198799403343512
FARP2,0.24100313444598026,0.010313367122923217,0.13748761598026493,0.044859192153183576,0.10054254467764363,0.03509331311582078,0.039084456119934725,0.06529143761136492,0.05385523291527459,0.06638139471454949,0.013738525780003856,0.03267560303935396,0.08381521590081699,0.0201518599120328,-0.02513874231098134,0.03854586321092708,0.022088957430968836,0.157924226834778,0.11181297824029283,0.12346273047637506,0.00663871810356916,0.07117649166980143,0.05575105795141438,0.1928873689119248,0.011635934859110937,-0.05353744558458359
BMP3,,,,,,,,-0.004065660476335843,,,0.004516863316776921,0.03716965120766583,,,,,,,,,,,,,,
IHH,,,,,,,,,,,0.04894099760687483,,,,,,,,-0.035874169281142086,0.022496007876626447,,0.0016689629902179996,,,,
LAMA2,0.15187167766370732,0.10739838554890627,0.04404601515604487,-0.03220021395162549,0.0517428079961122,0.0439599773702898,0.08954525507393607,0.06516344640211773,0.08728686806340782,0.010746695532265966,0.009926585078536446,-0.04842872586007225,-0.03007118030124933,-0.024263567123815034,0.023884243694362855,-0.01687323636047408,0.03067952129316264,0.08925686779732571,0.05114134367484528,0.10223465315747038,-0.012379352118512198,0.03942982289913059,0.022497415171328795,-0.09519965622294244,0.022160285234060967,0.05720632950071782
SERPINC1,,,,,,,,,,-0.006883798558432567,,,,,,,,,,0.0569842228382628,,0.06831748052057421,,,,
NRG1,,0.021962911229426372,-0.027193800779660424,0.010154445156997644,-0.005863529750407384,0.012570506650250304,-0.024812758236872803,0.040243340495677724,0.010527260091876885,0.039481651533270566,0.022974324240124456,0.1347424656461498,0.06039871206042581,0.12048583627799603,-0.027651134894569447,0.008253656190109685,-0.11187910692532639,-0.017429847101894817,0.012679528627709082,-0.05005685356150386,,0.018034569773315145,,0.15405350144401575,-0.02161489923758439,
SPINK1,,-0.11783128488060673,-0.16517925819618506,,-0.12167532868770342,-0.0317644226131502,0.011605201605730793,,,,,,-0.04244752486040257,-0.03285101202764808,,,,0.04909088573448264,-0.07211184860305339,-0.18764530005758392,,-0.056248582916703815,,-0.07032035140079226,-0.12678157594969916,
EFEMP2,0.10662810588113364,0.04584412983531778,-0.027789124580035875,0.013707784316372753,-0.06334318849048944,0.06116857889435446,-0.03021110925351267,0.027410985513759957,0.051626546275027684,0.024791351042444287,-0.01922373074942051,-0.052386792616433336,-0.07371084530743027,-0.027856628487587576,-0.05560506622327006,-0.024313645442080485,0.048737362078036306,0.04695887774049904,-0.09678759680198751,-0.1737691725267109,0.019801163320816922,-0.0352807739492768,-0.02213637094428129,0.034270179471731436,-0.06015329551626091,0.01148866962761881
SELPLG,0.04034645953750237,0.06040094564716111,0.011497423079464542,0.09122636318977763,0.08730207645027553,0.09554888860561973,0.04526240702886609,-0.005662545504852117,0.034735681765647196,0.013286327204974344,-0.005816722995186776,-0.06965521186252542,-0.023008546926256184,0.0768130961889366,0.027373219052869543,-0.05184190777498638,0.029338666603918512,0.11338178159600082,0.04352748182586774,0.08167307035968421,0.02099977246463992,-0.012802622504064215,0.06566734963127539,0.14388002298579494,0.029146149406858817,-0.033116713000650604
GDF6,,-0.05212310018179695,-0.007227781482489924,,0.07958015330766065,-0.023234634083233625,,0.04168029059180188,0.010211611614351317,,,,,,,,,,-0.02688652509964004,-0.0501251398155664,,0.04793510043861032,,,,
HLA-E,-0.01696770584396905,0.12550277578889876,-0.1423725012347015,0.016653908483554403,0.002547467140223608,0.02968665135766561,-0.02836366139461664,-0.0013406680002953323,0.005559851943903706,0.043191948047687743,-0.0265078327560952,-0.3550541591175782,-0.03936184501212997,-0.06787976323316568,0.0014301812398112284,0.08543893248036777,-0.009021729564821755,0.011749858314432433,-0.039184190416825165,-0.027282718559173857,-0.01872543091235225,-0.0456810170062538,0.022612831058506425,-0.14929369546105856,0.11140695017644106,-0.054187073612218015
PTN,0.5715845649062432,0.18548198571310093,0.38754104106410664,-0.09926381227740864,0.24505602463234033,0.10451632851381397,0.07773000541695561,0.0853489340041075,0.08255910671308395,0.03576272924195335,0.046947653914245296,-0.10841522561849479,0.08213336312459972,-0.05913777556753316,0.1643393943498902,0.17226951674490498,0.10814265701668786,0.15340570479222643,0.028830155295410026,0.05417872154428709,0.003690483673280771,0.02695132915600723,0.18164615052557637,0.30483375974583515,0.08020029622925548,-0.014071397748677663
CD274,0.13692547938120328,0.01628606464282387,0.02435953459250971,0.034882302126577225,0.02881948190528591,0.005990202130502406,0.044980158996582635,0.028213139217744692,0.05148199034851866,0.046463794052913794,0.010688209938653388,0.06021063836934809,0.05507348128643014,-0.020431796747706347,-0.009987625770370127,0.049248213369106515,0.014402293394509439,-0.07663769452637773,-0.01694185188636077,-0.03464244332919772,0.07639986950828163,0.011187474159463758,0.00639990324808258,0.05292239556247244,-0.037156026663128956,
FGF10,,,,,,,,,,,0.014338885048180842,,,,,-0.04073629886403806,,,,,,,,,,
CD14,-0.23686409944875308,0.06048720294464815,-0.11901296769145371,0.026075174269574175,0.11947934711940462,-0.08358675954607486,-0.07545211044647088,0.03618734741000045,0.05796782565881852,-0.019754542138494563,-0.034691822900147766,-0.3454418977225302,0.006288669434479556,-0.10833967198921662,0.0869130793456123,0.014104822837619416,-0.0475421624612142,-0.03641131089566514,0.010534711207044783,0.10761003116632917,-0.02688503039107882,-0.02914444862123843,0.074769662424683,0.07394129438705682,-0.006085538152926763,-0.07098675152394074
SFTPD,,0.025996815705784774,-0.019408572419217538,0.04177700428475966,,,0.048570657490855436,-0.0014032413301548353,,-0.04962047928124946,-0.012099293337224377,,,0.04079235722192107,-0.030708838710889592,0.05716707494916065,0.08435086572909488,0.014702366323504298,0.03497615644269469,-0.01074706373046093,0.029441738825756732,-0.007427200900117051,0.08607654734282232,0.13147914738688624,0.06252583801835099,0.037222920632120265
SLIT1,0.11943219621671165,0.2266403569325897,0.255466851999414,-0.04306474207460963,0.14506792582231684,0.0784509937479975,0.01952140242081885,0.06622236775459049,0.03020724498990597,0.07213085845498643,0.04908136758416885,0.33469170534511294,-0.02957272048606359,0.1457018493011073,0.08196597245528964,0.18926936247810822,-0.04768152403244892,0.05603335965160209,0.011871303704851599,0.09755006164646311,0.01992938156249414,0.04919300035230445,0.06434213946871646,0.1798634180085145,0.24111595260290833,0.10909879452654885
LPA,,,,,,,,0.05351107043016113,,,,,,,,,,,,,,,,,,
CNTF,0.018041220782302653,,,,,-0.025255216359259952,-0.006964810392109898,,0.03137951164322583,0.04425610589460568,0.009849229330803087,-0.09017112925335356,,0.10145796222137189,,,,,,,-0.0472811818776486,0.04696472149070709,,,,-0.03252247726823575
BST1,0.0783974985906303,0.04316855603151868,-0.020811788831898347,-0.005997265671904613,0.017558754372195996,0.01717014893806244,-0.04068843873480578,0.06205433827470772,0.05739631388471803,0.010069964465688747,0.017902763920539428,-0.11012696560166875,-0.002810033522744355,0.015927488628050625,-0.022500445196792555,-0.09506219135241879,0.07623247918419714,0.00505605825044188,0.04266686618975586,0.034725099785003856,-0.09557428061048794,0.04694872153494615,0.0453352654755994,0.18929052993488799,0.0652438013670292,0.02337736170986574
AGTRAP,-0.04233456169689501,0.026619244488541364,0.032613758300198435,0.04963299355923538,0.06116063678587951,0.03972910881828392,-0.045359482036987656,0.057937360377271784,0.036313056361938,0.01432379256105984,-0.045956821649586796,-0.22533684792359998,-0.049279584044655836,-0.08774485536107142,0.1538941777433598,-0.036845297623926014,0.07251128083783706,0.133632255846165,-0.07233930035218494,-0.00324387242140874,0.06536313734709778,0.017247399915333264,0.1707641048102542,0.13164799683012574,-0.06994027840040012,-0.0089646873457144
LAMC1,0.23168488699604073,0.10818934987961895,-0.027342579034989316,0.041307791811085265,-0.03242323106076003,-0.04539679618537767,0.02377246299093274,0.04285361435031408,0.029094480991618647,0.049440336228826015,0.03574164611255525,-0.08272971935014437,0.027491870133381724,-0.016640266200306845,-0.030621113383286522,0.04987816945463298,-0.0537884406192827,0.11735225386829048,-0.03717760206659896,-0.09692733671291248,0.005896721287759379,0.0023230544310559806,0.1319198891309008,-0.10850214389658047,0.04082819721112197,0.0006806712457800069
COL6A3,0.08515872598577899,0.008326525946316504,-0.1383400483986095,0.031807548116631265,-0.015382021425822496,-0.08331946125473509,0.004109934571457921,0.02163986360380698,-0.013221898483324517,0.003897317735351356,-0.032394019179745215,-0.07413177564942568,0.01914191844243489,-0.02212113302117264,-0.007973460582242001,0.0995341180131957,-0.18020057645285176,-0.01637315236322243,-0.06376876592594898,-0.1296733476924394,-0.03697117992363753,0.004473947548845041,-0.004554672696539285,-0.1149039891423111,0.033136676329316585,0.0679046240461625
FN1,0.3662903946325723,-0.2770684364017163,-0.1232323056711679,-0.0469657597037861,-0.09333081896497224,-0.08547174699062816,-0.08585721707088106,0.05201107471984882,0.03425894315673405,0.03065824784611908,-0.03312524833401965,-0.13974135703926788,0.03216050942431898,-0.0963268453253633,-0.08906598346279315,0.13007888391968173,-0.18892283406187302,0.10696391240390084,-0.1935885749051719,-0.3036050256351201,-0.013890672102120825,-0.020258756802073962,0.013431693765252285,-0.27369872764725045,-0.04428461998146597,-0.06873301378417648
MIF,-0.09528049036458044,-0.23419749607112553,-0.21777642874333225,0.05084991232312727,-0.148869628142232,-0.007349893063221738,-0.06656198590520679,0.08036572650428568,0.022782311831924987,-0.025975873980319343,0.055588623269444824,-0.06107578304605334,-0.10786575443656367,-0.11455729207514823,-0.014369212040819085,-0.22707618621606226,-0.17363638351076333,0.07923328405179442,-0.051650672775437084,-0.16435422540195804,0.007131794455915665,-0.018162710048124506,0.15685678134205053,0.16257412886415995,-0.18549110013495837,0.004843309355424155
JAG1,0.33363382340335745,-0.01338510160037973,0.08320320131316505,0.009300539418039539,0.026472620208430494,0.006962765422388151,0.007460526071551404,0.0815935257987709,0.04494984520497547,0.029661801300869855,0.017272211583025027,-0.03146518329090326,0.06274216090253654,-0.05412132176576494,-0.00935867166858646,0.16292982292478353,0.07850995500095556,0.10484124424525716,0.08077061328115447,0.05289402189515434,0.011803228584163652,-0.005389938706413283,0.10120745655509192,-0.19448563946145567,-0.006898632067441339,0.097523626919185
NID2,0.12890687001927642,0.0516087021095555,0.06673366721017089,0.023680804995063268,0.10157664388881027,-0.0620889229895489,0.012874597892828882,0.09159914241619413,0.022529367875601548,-4.7997324843174584e-05,-0.029267525466467156,-0.07694624406127416,0.0915962982212448,0.04366105979575121,-0.10041643547107028,0.04666573898137983,-0.08779011911191067,0.09681822120980542,0.027863017664348663,0.1303356364092213,-0.04750882480952181,0.012232313702495138,0.014858772521177508,-0.04968573835590534,0.02883615399019355,0.059252456803192036
EFNB1,-0.09425941686527574,0.020837446806427264,0.09331155528766072,-0.007604603016975031,0.04355315077563806,0.022308487363559813,-0.004444735022683468,0.10237011015695048,0.09421662026118141,0.08463473904600549,0.03161540492587504,0.04796812076088953,0.04396233039560447,-0.020460705224004446,0.015668185088565732,0.02860523735984186,0.04401064869979883,0.11136060552239084,0.008327869117660801,0.07604274444089025,0.021651566152765075,-0.005815871121216207,0.04935696899879774,0.18936610795868086,0.005497044442290401,0.06589258026396823
COL4A2,0.250646644545734,0.13122843632465883,0.020894455669215446,-0.013377941514493055,0.0865919885908076,-0.07714491628711241,0.03014716701182579,0.04483066602315145,0.048959074202740704,0.038894812942061936,0.012224585456403071,-0.1361842737646879,0.031199514903204627,0.014537569690396775,-0.09718706356912767,0.050369046402944546,-0.06752152743548545,0.023401911365708353,0.017558720670150227,-0.05142453941315761,-0.006468700202546913,-0.005548924598863408,0.05335256139618281,-0.17645735219114375,0.19175515283232727,0.0660472315020346
SPP1,-0.5667220827627811,-0.20103529945408583,-0.25058058122967625,0.02782268471082562,0.05280884287124014,0.019756946910439447,-0.19256336168986993,0.06228922486307088,0.0594953521530933,-0.020579961045325626,0.005295247396812223,-0.4146694648282817,-0.08139837919867395,-0.21887354312884133,-0.026317542146206713,-0.047743912294854654,-0.1263349990714473,-0.1765117677406886,-0.11336070678121622,-0.15420927074678886,-0.015147163610924774,-0.0030208046619908274,0.09940264795912276,-0.1888213643987291,-0.11524010807420597,-0.12809294973782862
PODXL2,0.07611120997875417,0.1053654600665123,0.07211766950696434,-0.018384823357581702,0.10002257144500774,-0.04111145196886837,0.02273080119628444,0.06441275387014847,0.030035038212276943,-0.010899641088805367,0.025217277788520124,0.17983271391950567,0.047435702181397164,0.014746101024532474,0.13669315997144096,0.07793534942584476,0.05865158141602705,0.15349730007417972,0.10723561913971735,0.17936162146847734,0.04560548020533598,0.06482785825701497,0.04828864070161372,0.2443444366639165,0.16172381446054016,-0.0028097381874558035
IFNE,,,,,,,,,,,0.064987373384562,,,,,,,,,,,,,,,
FGF9,-0.016011061316390813,0.13901182090544784,0.038949954033254755,0.010557953376281655,-0.008917217660336095,0.02546763967044999,0.15341194847229045,0.02453663370797022,0.03177548406097114,-0.035285238168260014,0.05388103034008211,0.1948015930567725,,0.0850433672388872,,,,,0.0903655252682227,0.1601184487912503,,0.02406126353176816,,0.0729227871431776,0.11588752046439496,0.17565013402740928
ITIH2,0.21728405945194448,0.02791860677050888,0.047751766929623254,,,-0.0010083505431410214,-0.005435072674540186,0.01283129816360241,0.03017688787646043,,0.040792450670672845,0.0451476826356252,,0.036483439314051576,,,-0.017563863423977453,-0.05732946430771855,-0.05434822503272133,0.03598507712992803,-0.009772985144021177,0.03401909937654861,-0.006857627892239247,0.06811391513808142,-0.10773467563418998,
ADAM10,-0.10035780276570146,-0.038859173115125024,-0.018460675994761016,0.03500025373702796,0.047685157681274196,0.03257998725930136,0.0014916144004879421,0.054859262723571854,0.024460082688787486,0.019623903680190825,0.036025589352644834,-0.08470277563692277,0.031068061620899583,-0.0068975931920056965,0.021412050946814556,0.13870420054116178,-0.00924522349310492,0.015306803888320088,-0.00928380845215014,0.048453030025140266,0.0820515862953998,0.03362722345309948,-0.03266717150548395,-0.04887549297339725,0.12322460682879688,-0.07565030096508454
CFH,0.02483384063371452,0.1663830978145688,0.016251276860094237,-0.0024794293828596515,0.023101946313304107,0.06293631425260653,0.09293354788656956,0.038521359750028204,0.060750268001551755,0.06423795152002919,-0.04022948797055402,-0.0683282596962468,0.06941561733372822,0.017181073370548396,-0.09193494031651286,0.06080237051866522,-0.02309219783419902,0.05363210326467079,0.050673344366443156,0.05579731112667778,-0.0019257185069092094,0.017268953368986272,0.060235886081925975,-0.02063654885351197,0.010889565922625091,0.029363944629356976
COL4A5,-0.21083837649818177,0.057323836412999325,0.07882512761224836,0.022543082481331574,0.1610132601361507,0.06899323834420856,0.025682471733281906,0.1171151286624215,0.023025422908217692,0.013609569181921223,0.04777054605660895,-0.1515598231348303,-0.019801837536234317,0.021253321678126064,-0.021933558975055056,0.21633764337991995,0.08505522612774037,0.09989751985765513,0.07154410954414821,0.12791728859738838,0.0049668096132543735,-0.021628657463126626,0.12955036519464294,0.25299133714725297,-0.0017680102150496957,-0.06610540634944896
LTBP3,0.16475666147943116,-0.04756139644766814,0.002196627720907845,-0.012713727699080626,-0.05963946888188551,-0.01751521964503417,-0.032927960007828064,0.05427318040183164,-0.01694418806839335,0.03138248644319823,0.06277931818738461,-0.006589837736766984,-0.01771951520700627,-0.03350354631357517,0.020360614611039506,-0.026373455448214133,-0.030016051225705716,-0.04041717602509412,-0.09566974659537278,-0.07106101355621822,-0.08860107960482057,-0.12406071250204011,0.12798674372456367,-0.07049441374540483,-0.06459798155942337,-0.0554941620085032
GNB3,0.20369107386805177,-0.009123126075007282,0.047333166479791466,0.029165080428759645,0.10167162449018463,0.03921648653053893,0.06416445878211466,0.07821812406002582,0.04344288182438985,0.011650261342242287,0.039628447375384415,0.1332019121988264,0.08186328107786328,0.008781760082364682,-0.004738412943967972,0.03953879156347632,-0.0546825922965346,0.10793857456684869,0.017346610796262436,0.00043561037326680864,0.03755935639694191,-0.008468515480831012,,0.15084938087564315,0.021451179602607715,
COL6A2,0.02773727958975068,-0.1349875779763048,-0.15018215647430225,0.007244241661190028,-0.11403761140575086,0.024943375222334606,0.03771392581017944,0.06169094966409351,0.036582069586850764,0.014214891460449311,-0.009186349094456132,-0.09101106343893108,-0.026155148106809228,0.058574163305813075,0.013052813090103229,-0.0879203041466026,-0.18791753374004502,-0.012926950443958963,-0.16871057206059897,-0.24224810567097083,-0.10995336777567356,-0.039452212013057875,0.09329948167614366,-0.1860303870370147,0.0746487250307211,0.023052221583285442
PLG,,,,,,,,,,,,,,0.016117163959613153,,,,,,,,,,,,
GDF9,0.1442224839541955,-0.024894023830340496,0.030004313020781805,0.04352664961391951,0.13018622589172682,-0.02568420714039251,0.058418453094946296,0.045391513915125,0.050270686992081835,0.0007353331744438115,0.004120411339432895,,0.032347497474474435,-0.03777111674593243,-0.04980658801998367,-0.040504026304262995,-0.017945546589587025,-0.03937554811397154,-0.00948004591301774,0.055372753815194464,0.04993566092228385,0.028358629217086484,,0.06610307303429713,-0.02779145294625217,-0.05109710348578863
NCAM1,0.10078773204298226,0.08273464222750138,0.305923028888969,-0.039265974473516124,0.10644781558766313,0.08191633472243084,0.06998271797688307,0.06309778851166165,-0.032484131495149636,0.0038165021551392307,-0.005845331541700528,0.05976194105160656,0.06968084836392624,-0.011811379589706985,0.018455870850294057,0.06984432245236069,0.04400728116813176,-0.014357508260496754,0.20751286091742774,0.2203413448181659,0.02102798030092875,0.053084757960070804,-0.02269446194282045,0.11845866590619952,0.2536496598377378,-0.03902992757344274
APOC2,-0.23051667209959073,-0.004903703732211401,-0.03351536747566179,0.013625027613642314,0.17849206664719677,0.06705334283255801,0.07950052920159784,0.08506042304429197,0.0766978059408643,-0.00032380758933710463,-0.048636553429973826,-0.22344944954832655,-0.04753664503876265,5.146233779252195e-05,-0.03689800847895866,0.04819476762142056,0.012901848642709617,0.05638335502007866,0.06494881667848056,0.19834463968719787,0.007237981843486628,0.009554062013350323,0.03166879091235969,0.1635353052669531,0.0008799276264260067,0.01799908019610641
BST2,0.47593301186944875,0.0999553867540343,0.11603005907733092,-0.02736753230031442,0.05101992424174574,0.046273772101011516,-0.05862356965562609,0.018564607527431505,0.045858552859267904,0.046803432233216015,-0.003339699401785582,-0.2261339606545413,-0.034090394062476145,-0.08584201171730883,0.05203232375208648,0.04420335101989457,-0.029705731688793324,0.1364717126870927,0.0707476393048757,0.07446504468007988,-0.03989854747872596,-0.05879381926526906,0.17170053111684408,0.16769717106418433,-0.029993570358598627,-0.019735704969975645
COL5A1,0.028777062265424626,-0.18041798258277106,-0.14835575471094983,0.02762301663922641,-0.10570264724267929,-0.059091476399066194,-0.018052123113310344,0.04202496029984775,-0.012778597202957896,-0.0009185980019792995,0.038155409561598054,-0.1202758053108214,0.055373434101962,-0.0635165002772296,-0.06310996916099126,-0.022872039537314048,-0.03579209448516802,0.12358451493746697,-0.11320800823751492,-0.1971212293686584,-0.02513600020434884,-0.04868850727598337,0.10315304856366757,-0.10830060584349786,-0.05984052907010797,0.007492522144767912
CALM3,0.11628342041859785,0.2161400136864378,0.21417231907342363,-0.02061553016825697,0.008710251787696962,0.037128077445361826,0.19021737601129282,-0.02949932757968401,-0.024378463940341395,-0.0009210003332265932,0.06533216988292936,0.42225920539805917,-0.001512452670798634,0.23019810714907338,0.04631151691158359,-0.07738813949630093,0.012391935498333504,0.15171294971543323,0.22208709252575315,0.1908490646146203,0.05372618748718022,0.05854147519822699,-0.08470686125330117,0.021605695765520967,0.20154644220106457,0.12088867125755955
THBS2,0.24154284946045287,0.06942414718771074,-0.015893104685622144,0.025658861514631506,0.061580153855896116,-0.00905489177045584,-0.012014339412512239,0.05709172968098591,0.0345487868066479,-0.0006106404337898057,-0.004909119152733135,-0.1931853080470196,0.02893954354699489,-0.09146756181787098,-0.0014580976620332917,0.03256746274293663,-0.004321670815796214,0.08094106064176339,-0.07080190910828855,-0.01720583157891942,0.017761518977198368,0.019309430313481136,0.10805030188303201,0.061920098227031345,0.03754413044834571,-0.044012564582588766
SERPINE2,0.45116622043738785,0.11360727225439385,0.12272312759897117,0.024933861346671245,-0.01352339221397,0.06274257606085584,-0.12408143763567252,-0.07659018116614334,0.012006325347538333,-0.009690864946722881,0.03564703727527085,0.13248259749594932,-0.009599283351148914,0.12640840141599297,0.0356983149977422,0.17446395664531242,-0.14700277256627803,0.12327107220344923,-0.0635908383361046,0.053211397507284985,0.0801497880382825,0.03363094220972723,-0.015100689625032769,0.175677557412521,0.0739446654632449,0.10892156374815028
EFNB2,0.19047996775922574,-0.06606088985435465,-0.000647716659772365,0.058552908568893156,0.029575669944585208,0.011606878206770924,0.03834025932006943,0.04175884356412805,0.021922743320076134,0.03442421350061894,-0.06848117989699708,0.14076879100339407,0.07613691750444823,0.06418815693950318,-0.03837901475499951,0.14796459954436741,0.03985308351608471,0.07881145507859758,-0.04771957061822054,-0.04162905470430745,0.009925587021617598,0.027481121499653267,0.003760083971341872,0.038500178177379725,-0.02875703879311402,0.11726383968744696
PROK1,,,-0.046368566510583846,0.012457560174269293,0.014564939192351026,0.03216445434418033,0.0345493999812035,0.0260226859358314,,-0.0035393550112521265,,,,,,,,,0.03468994672529397,-0.005676980932671048,0.004796817208626441,-0.06562192161584074,,,0.053823889200161054,
LACRT,,,,,,,,,,,0.028398947361833703,,,,,,,,,,,,,,,
MMP9,0.080325685113563,-0.11560000345155942,0.006253280933758065,-0.028561008508363742,-0.011979247801569271,-0.05141251507203813,-0.025658240202392546,0.04065446937175629,0.058341333001785914,-0.0259057154942878,,-0.048264447273203955,0.06410044923206452,0.023342811691764373,-0.035237667527052624,0.06697879012497018,-0.24736038957227935,0.0525438853382698,-0.11315235199897472,-0.12790350551624485,0.013868439490603032,0.00396857185900864,,-0.16589734572485434,0.03589649277074973,
DMP1,,,0.023659114552281393,,,,,,,,,,,,0.035676581532319646,,,,,,,,,,-0.044156120728361815,
NPPA,0.022952888106933807,0.13062585123180476,0.1453929117669322,-0.024449425145092556,0.10372439746099982,0.0811121107931423,0.05851280147290535,0.001381634922095996,0.033848045496894685,0.0323123099478662,0.06480544480750818,0.06321177050355466,,0.032240756472997435,-0.027330556524295516,-0.0676442915254346,0.08138475485654108,0.1420257443559417,-0.042918922044378305,0.01198611295391257,0.047499989282343155,-0.03251642175215813,0.005291481160568399,0.019903836048333925,0.10903906437982246,
APOB,,,,-0.012902789521020782,,,-0.01351446896475048,,-0.010135389642252085,0.04637030192733629,-0.04655243892489567,,,,,,,0.003612054137283957,,,-0.04317808891354755,,,-0.004676995886822145,-0.0034659309661339752,
C4B,,0.11408003010284685,,0.02608736542955598,,0.016151211415893502,,,,0.02911607281933551,,,0.032953616343711294,-0.00032624400282291736,-0.00442982284653394,-0.013729227275232658,,,,,-0.03401438710941835,0.015823500426733514,-8.564634647415491e-05,0.049211195835431966,,
NTNG2,-0.028257807136326696,0.02207257120978155,-0.014391836908936893,-0.03199524811376743,-0.017055840113501836,0.016561976780789755,0.024738694421044455,0.03972452895982342,0.13032734267106555,0.02833296260050655,-0.03110735383761885,0.0903593909120649,0.17184158096587002,-0.0023744846882925285,0.04461986057221171,0.111720273616184,-0.04522174329070989,0.05480023910288443,-0.017084879569373615,-0.020538342870897626,-0.001997159141176216,0.048858788304993885,-0.046845815538750446,0.05608991035217433,0.04675834087246188,0.08582404272094543
LAMA1,0.20396193111690356,-0.005015902086534809,0.12756634704115133,0.04311405033196238,0.006895100873831536,0.04394726897127776,0.047950165095821305,0.06438501061217028,0.032193076144167734,0.0028970102626459547,-0.0041202020913405244,0.07028624904231523,-0.01425563830627075,0.030537853854567008,-0.11331709901658642,,0.05028896392083082,0.059990844259772746,-0.009524666446330684,-0.03883293416343329,0.03968576663441502,-0.03710466714999671,,0.09154181989875967,0.007317011126804997,0.0056513992679712265
UCN,-0.08526159156789773,-0.008653351781752755,-0.01940466207678045,-0.012484150382272432,0.03580267401542037,-0.0047197881235002005,0.015834567118300398,0.007669424872519352,-0.03446487616843602,0.06401555440162413,0.012271537976274859,0.04167439117602315,0.01808462992107167,-0.02748878752940679,0.048817055120830885,-0.020458072176279575,0.016667745955136187,0.049723738526606956,-0.007688812307057273,0.01590443013979764,0.03340742092553434,-0.0313056689747916,-0.012425390102334333,0.10688628134540638,0.09401927242685046,0.057955208458193457
ARTN,,0.014356877306076316,0.013091426763375784,,0.013260083595531002,-0.014086990449145874,0.027499312427678446,0.041469917051264536,-0.0028978665165494046,0.009631800471619502,,0.10784261089147912,-0.04276762146650882,-0.02673115482002871,,,-0.05019344189003442,0.10483420272300074,0.01425770821699842,0.0257846055231418,0.03436008847220604,0.010560237700172394,,0.13820617373658284,-0.04013716581825039,
PDGFD,0.07774303563036065,0.04871883209170378,-0.02325110364747534,-0.009684191168227862,0.012196666464774077,0.008773694248480702,0.07306219420037859,0.06473285829792047,0.005001197733073141,0.013666438865704152,0.013404941229444555,-0.024469048207812233,0.03803519015409222,0.031910194153930045,-0.015813925360505795,0.11723346499766947,0.05357619368249029,0.0507758149121478,0.0521642376512807,-0.017575952717825433,-0.04724528598660848,0.06587852367485793,0.09636357195955504,0.14914550566079388,-0.014199582875341087,0.09659706983464275
EDN1,0.15462705203995566,0.14807400192361087,-0.005646653645358629,0.011171411140344128,-0.022862648106667383,-0.018810649359613036,0.03256564303129279,0.09370166555547711,0.03263246287784794,0.018502018782417202,-0.0040585700110283085,0.030943236598627553,-0.01126853603700569,0.046738973705368905,-0.029938466391493168,0.026085491724192975,-0.10549177823678875,0.03979320512988698,0.025970503425715212,-0.007865073090588183,-0.09585174887978092,-0.006579720590442221,0.01718765863355993,0.006769541766637051,0.09275590029289332,0.0035599048613530367
ARPC5,0.07109844452503278,-0.11199131216527028,-0.06321131961935156,-0.003500144873281741,-0.0885798573817007,0.0007219561988513406,-0.06630169200787124,0.03931691882941516,0.02201480965463537,-0.047875246765086366,-0.01713422947868951,-0.34239375686580564,0.06143247051777893,-0.13728282057638652,-0.06887113364531527,0.012448749473278252,-0.026439661306961633,0.05938499385014458,0.04376568439636807,-0.016363934961262285,0.02004634702395735,-0.010399024391631075,0.026951440411101056,-0.12378769659212026,-0.04578322882686191,-0.034024620522127305
GSTO1,-0.3008452356573428,-0.05466483276534215,-0.03212865211857908,-0.026311755484562334,-0.04159473299426646,0.026035141142688904,0.027754814417554247,-0.03880429906900355,-0.03857264305249899,-0.04070565808641,-0.0016878788198479667,-0.10066237021882439,0.001071050858616856,0.0969390382069737,0.028495505709774674,-0.005719682171295242,0.029425386954150295,-0.13442533151753971,-0.03776537138045716,-0.07281364230376777,0.06643851979620344,-0.02792099745907181,0.09672080608273337,0.019003884015183586,-0.0656062341932017,-0.04124348028933476
PROK2,,,,,,,,,,,0.0177502791076621,,,,,,,,-0.02248054201646965,-0.08113616654404487,,,,0.11765365235183482,,
SYK,-0.17595252771155334,-0.023292515783285672,-0.03970058696691842,0.010664679869940935,0.06517811243087117,-0.006994851091111157,0.023166689826595872,0.01737365515294354,0.032554613448667544,-0.024721442540955988,-0.0326341894265518,-0.22556654043613936,-0.01898980607921128,0.023137673856891635,-0.0718371451567626,-0.06199955324119533,0.09218905465750364,0.09297878763291882,-0.047386411299832745,0.07337059765906359,-0.03829243321825659,0.03692608774045566,0.10172108404185798,0.10709766878518184,0.054736797895435244,-0.016151460088652272
CD40LG,,,,,,,,,,,,,,,,,,,,,,,,0.03530455892702812,,
ST6GAL1,-0.21579648395702425,0.09034964598493841,0.22506393747842682,0.05028664766403942,0.0716606006670095,0.013147273774491581,0.06881680332983282,0.011530103053530088,0.11725334617090008,-0.009830682602956067,-0.02988470352320966,-0.23928561458342154,0.13914886288788492,0.07998043007405328,0.038072379291729345,-0.01732683611332924,0.0587540949436794,-0.02847505110707587,0.1676164759564664,0.23036211907966786,-0.023958050113898222,0.05310940234116639,0.006804432016906861,0.25649083612822277,0.10052290344662161,-0.021708822250763343
WNT3,-0.04839856526681361,-0.0006699236629054988,0.060552526416987947,-0.0342095466065997,0.02830654070325297,0.06464157977689794,0.10613142174169414,0.009163299111914509,0.059026612451752454,0.005016546840911863,0.014113810709093235,0.19631454717487895,-0.004336030605348868,0.10300050155820793,-0.024944595345796624,0.025208410495251382,0.046696234082570856,0.02156705109844315,0.08350700737309778,0.027517576104408366,0.010471080153269528,-0.0023892624271662616,0.009788482683088478,0.08429155389735275,0.07962753088663119,0.05214051977002623
HSP90B1,0.17093785199920092,-0.08410454928598235,-0.11042870361112106,0.0303332908670032,-0.140730274677615,-0.06288123628585232,-0.13916205009223737,0.06020222022334529,0.013101098699613036,-0.010541725900920647,-0.056712435176063135,-0.09325358802909212,0.06329086223930559,-0.15137955905472958,0.029145838671912075,0.10222723418682532,0.08438923078861532,0.016309994017909703,-0.2473697817036632,-0.22229616757141854,0.10111348547445136,-0.004982897607941263,0.025019680109525603,-0.17333779797190946,-0.0273443928633855,0.012450942417516143
ZP3,0.09134874231652725,-0.048742475601059376,-0.016031638178845346,0.010714464634244353,0.14719723562677237,-0.02454592041459841,0.041398174449602816,0.045470830952718706,0.012048795238643823,0.02398348280903049,-0.013284092141138713,-0.02436818995616552,0.061789118851322516,0.07348973341922822,0.013217115206247253,-0.027237942156629925,0.07026033838366523,0.1179343472896862,-0.05485256501029665,0.07225017570853781,-0.01632185287102403,0.017219283776531626,0.06368483903886524,0.17209493490479297,0.0318337985565279,0.03600220407087168
ANGPT4,,,-0.007355741662071299,-0.05935764046963951,,,,,,,,,,,,,,,,,-0.03689716222869987,,,,,
NRG2,0.04692664947656987,0.08882996965160266,0.03228310658893861,-0.010328182787411027,0.034159891476729,0.023753279289260906,0.04170331598932097,0.047440420130695035,0.0034001823823067447,0.05897316187934255,-0.002398372606694044,0.0461846137865617,,0.0668575995938593,0.01217828892144066,-0.01995994746400486,0.007957330989143491,0.10958141792689098,0.04672584638022238,0.08499755615277177,0.014179043647490572,0.06020172966103667,-0.006753815230808956,0.1881788071333877,0.02253267499652486,0.13989478053331267
MELTF,-0.05049183890787583,0.0314158342187623,0.010215597631039014,-0.03146980951017637,0.13878288647998452,-0.016978416009661348,-0.008919411419002116,0.06864952683867906,0.03067749921496583,0.039604168060304264,-0.008759712412454917,-0.03494907901325676,-0.027776844455277117,0.022659468676283316,0.04689195550256766,0.0469073993003201,0.05491888498233681,0.13759998137817267,0.009385538631154289,0.01930017517942998,-0.03038716128261494,-0.028971810485324552,0.060399922610002134,0.1867208666764094,0.02357666635187501,-0.012917897094438515
NLGN1,0.2259418047719009,0.025026786872402566,0.08308972481276641,0.027127713417842203,0.11895168767627448,0.03235299413954959,0.021229258159788933,0.0579488145607257,0.05682187861845637,0.03303386712045801,-0.0029527741366239136,0.0838389111367255,0.08729223749952446,0.023881714617681137,0.007477947782640417,0.07288318174311798,0.085363611186599,0.05975095356215859,0.18769188759948435,0.06890252425635518,0.14443455054528553,0.06451670755073492,0.06906290990007553,0.14658557718503235,0.06823655054860454,0.09760268888875845
SLIT3,-0.0065159670853052526,0.22580433792252447,-0.0263074839994723,-0.0013894639610205408,0.04000001161477928,0.017883760511133762,0.046151383553216664,-0.04668634483229126,-0.008930640854423045,-0.0437868537223835,-0.010233436907087097,0.07906730469017127,0.03981277327373171,0.10848263762405842,0.014301766439689353,-0.01918403350133733,0.03475697248729541,-0.07007896867480906,0.01514351192677662,0.031964112408127514,-0.029459827200580994,-0.03916044777792696,-0.010052405102993878,-0.0020989228611005472,0.06798408364169445,0.00924674504888356
CCL8,,0.017069976273760865,-0.10087027774543796,0.00425115608906232,-0.004742417595439564,-0.018953538182535316,-0.005602608340337653,-0.0006718067686042958,0.043152812202961396,-0.0036527418249757125,-0.019183699950647823,-0.07653420955977476,-0.03013681184299647,0.009882365806519588,0.00290972011404152,-0.035007239502877166,0.01712207235845206,-0.04528508007700337,-0.02566550741930831,-0.04070085459215328,,-0.025167773728778153,0.018893728509720945,0.06462975374573078,-0.13150095311115734,0.06298820305467359
S100A4,-0.2512338894780448,-0.2326821418621096,-0.24554887640716636,-0.02798025182268402,0.07879167405442607,-0.06630409566288128,-0.07034164702978772,0.04633209680802335,0.06939505728981409,0.055813022426478454,0.019225584481957554,-0.2247009264124622,-0.02232968366223778,-0.13057212448802966,0.07526014740880263,-0.19296973558062105,0.030726924565314347,-4.695740434847836e-05,0.02023114180095303,0.0532408840895476,-0.01884374851992209,-0.02412359885609645,0.04045721845567528,-0.06746405342325863,-0.18204030041739774,0.08445274327920999
TNFSF13B,0.058503472194073036,0.05000372351888598,-0.010029765121143628,-0.042444287501230075,0.08767213653829362,-0.014926642425233522,0.003242221874579645,0.01496786042554576,0.042321481098698856,0.02404396469246527,-0.010467649359692908,-0.2609481231573122,0.0017888844014484824,-0.07458269072165355,-0.04206050135210385,-0.0007555555234948127,0.07338218457401621,-0.026308628966393997,0.11201382866467083,0.09293949537881205,0.1543000973068591,0.03160230532488201,0.06107605411214577,0.07646913596330729,0.10491703291344012,0.0457949282154251
HSPG2,0.19387170085324862,0.10848311900856199,0.026804129277735622,-0.019075290164831275,0.03654846327892402,-0.0739199842013025,-0.001617033645573164,0.020613478071403638,0.07935132392397144,0.012454195559156117,0.02996008088158005,-0.11530973519787269,-0.056000617805603004,0.028791041164747764,-0.09726861966292889,0.10874481650849405,-0.06694142288680656,0.12679093804252964,-0.06017711941113491,-0.06165490710590372,0.06360136678480584,-0.006044038971283253,0.12701304289409945,-0.07444969648027207,0.08376876405803148,0.04848785323500166
FAM3C,0.3883221722325695,-0.04152231729192873,0.14840988118507015,-0.039939156516560236,-0.05686476240845165,-0.023895925437169774,0.027827205607492175,0.029135586515232133,0.04207114057180845,0.026916249424853454,0.013431196224282179,0.3555108527226762,-0.04445047367715459,0.0798955104865216,0.04300207055684918,0.03498726670471658,0.06425198220722388,0.111660196337045,0.07988904183346893,0.13536488971913457,0.01793547432898106,0.07308993557990305,-0.03773756936582565,0.06789348137166835,0.05021876060384987,0.09780421290613292
FLT3LG,0.1578098214558077,0.04119392527765339,0.016657736880814945,-0.031165255101687463,0.05743643742967149,-0.00368857588620355,0.012832183451252283,0.05318717671476028,0.0036976485010898415,0.09165038840445068,-0.037705940694668434,-0.03281240060180664,-0.015733130381067533,0.05546378919580834,0.009891298169156626,-0.0016764287196649533,-0.01854476012924644,0.021124164678988186,0.017334081843869906,-0.03580938629456963,-0.028871523221536098,0.013316475260342549,0.09585172307265342,0.12042448074070142,-0.0032691707529702205,
A2M,-0.44613505919529123,0.07245860488774816,0.012647892231310175,0.06320862055520027,0.0972738657992762,-0.07297653900153585,-0.023348485899780898,0.024121158951566544,0.02416923468915618,0.02522537288813326,-0.006904884285590471,-0.3163434788327677,0.07125845392363893,0.04770505814124576,-0.05478666426311691,0.10923705423576091,-0.018212788779724487,-0.07245884660786366,0.05441046311848686,0.05569607487895965,-0.06805115086424975,0.009222030914006684,0.05310259776582994,-0.01990068454221591,0.0015415493950844466,-0.07791429801890407
VCL,0.018810154207976527,-0.025859290654749862,-0.026266749875306722,-0.06580709936228736,0.012479694187679309,-0.00948912995045249,-0.020912149335211898,0.049767268340588665,0.04170609255928822,0.042563745483487535,-0.0746428812164382,-0.06798642904465857,0.09162227713762762,-0.013283698449605818,-0.08217004902219704,0.021960938226296786,-0.06359010190028473,0.03933031726703191,-0.09208530326305216,-0.014191037811311813,0.0017878661598337493,0.08254993014972074,0.05319577800419839,-0.09250861441007027,0.01596816525080279,0.08513954746813232
FGF2,-0.05082550852123489,-0.06496690083693876,-0.03713834281868409,0.011960190665191767,0.0008316679701585192,-0.0005446719371590507,-0.0867405594054785,-0.03572771109044478,0.03617715883437395,0.0021858868404042225,0.023011980886653124,-0.020365466505294777,0.023116652885001622,0.05961772366412431,0.056009467305278976,0.02756428322150886,-0.027607914252964,0.05733611934923743,0.006009598581075874,-0.028716938126011105,-0.016071940138440537,0.008609936233077117,-0.015727630546766385,0.1402009415665845,0.07722118270561998,0.03881865641101874
AGRP,0.0072666204597985305,,,,,-0.03794414907519476,-0.028064439586945038,0.015658176714433102,,-0.013121833721457449,,-0.06262161799617101,-0.02463507988802797,,-0.0009323473231996432,0.06795354118643043,-0.039322341989464264,0.06606098514433133,0.04171345759097388,-0.02826311167128931,,-0.0069256746434004915,,,-0.036493608892286936,
CNTN3,,0.051564768315119885,0.055221436971018084,0.04118275459717274,,0.059862561404208904,0.04249981499346416,-0.04163623800938683,0.035186339029625625,-0.046191047051666025,-0.018051629698743847,0.25466807520263496,,0.06403609553845373,,,0.04923841418791225,,0.1260947262718879,0.13444046728550385,-0.028643985359986305,-0.01567367778922917,0.005243937976110141,,0.1538988683096845,0.02375958972345097
RNASE2,0.040492506416803166,0.03825284405635671,0.08685914751697618,0.026032239098655926,0.07491303292762352,-0.0051914006728887,-0.02785500085816112,0.03186858325296176,0.05098846977038695,0.020321077024235686,-0.020211323004135324,-0.16103183182174052,-0.02408273215677535,0.0033050093439384648,-0.07290641085730579,0.03678167152383838,-0.009262016217929362,0.07565934283346086,0.02764990882257271,0.13146024083168842,0.003147134566697443,0.054725918428511426,0.13577346557173128,0.17448553120795166,0.024438917969168302,-0.09077970481381087
ADM2,,-0.05941005872579657,-0.02289325892012462,0.02066535603559805,,0.015505810234523704,,,,,,,0.011569532246241434,,,,-0.07002701644063211,,,,,-0.05312555079110901,,0.007968527523357525,-0.029295994080594547,
GAL,,0.16877302644957268,-0.08330700809725539,0.027770579713754344,0.03669859865177052,-0.027348583066560326,0.005570969376720391,-0.022329715027589007,0.020872711952395866,-0.02477249700255848,-0.00971336912131807,0.21064216670108366,0.1741282500158174,0.05855499454554084,0.030574206932253725,-0.08398611628827228,0.003475223876738503,0.00941710440385408,-0.04833980974190441,-0.0743052047455522,,-0.026215567116944262,,-0.009245214542994868,0.08488515663233773,
IL36B,,,,,,,,,,,,,,,,,,,,,,,,,-0.12019651226606654,
CXCL6,,0.025348580214922964,-0.035643745031252644,,,,-0.012370355410028143,,,,0.050439308361237285,-0.059580649748927066,,,,,,,-0.1305625500489207,-0.08276257253097524,,-0.024803655231179094,,0.03996597329548728,-0.08527857203866304,
PDGFC,0.21251497638464728,0.14186275676889232,0.013957878306576299,0.022225858391586393,0.07068277714627065,0.012524772685426924,-0.04733465368852637,0.029581704579763366,0.0343100852309095,0.024167835635581256,0.017622246119184795,0.056490197976272374,-0.017870228742231563,-0.026895805809698692,0.10417954228471432,0.07161438544783194,0.038916017060083866,0.04493645840237629,-0.029568737763571818,-0.04419616467981116,0.08600691793060196,-0.05218971041901991,0.08955938051445488,0.1772835267690637,0.036636754290966134,0.17373278605842027
COL8A2,-0.0890535113492425,-0.0232036989184746,0.05598122743028823,-0.020552778219188654,-0.0032136391116153284,0.0052483672399521245,0.03500574697328125,0.04932441578248891,0.05351398653287481,0.034152717871385754,0.04029458893898316,-0.07980200637429373,0.04034041388750871,-0.02524158182547874,0.03487293065911856,-0.021505507378613547,-0.0583856812405318,0.0635530373675778,0.036667807752463644,0.09410499715320082,0.022743517302669335,-0.008706832844554027,0.07673991559723532,0.1584661907003625,0.05093644122405451,0.06235072387546249
SPON2,0.009357491211248941,0.010762457086489962,0.09942300248709181,0.0057971050048211265,-0.03424547218334437,0.04251779092981329,0.03422648404635618,0.04077690653875298,0.0424548082106765,0.005242846994673495,-0.012920902801421328,-0.07087730389683788,0.13462675242697716,0.023301674602422044,-0.012723073344453426,0.02411741654636318,-0.0306551237459477,0.10048181635897326,0.05128252480260006,0.06824401207698726,0.03891920495894357,0.03863871899613501,0.06769332145043408,0.013498147847792807,0.0657340362984734,
LCN2,,0.060575439163495996,,,,-0.01467764043106643,,,,,,,,,,,,,-0.07309918477226493,-0.10207962717497823,,,,,,
SEMA3D,-0.03958945887590995,,0.08982709430513335,0.002194326247348297,0.05313070627053725,0.07559708850451494,0.008850816393894385,0.05669795017261154,0.01602647484218296,-0.03004026226428526,-0.006996565886307486,0.09934620038920229,-0.004233422014992103,0.017329811610801157,-0.0941432008178967,,-0.023305394348270937,-0.004560892704000466,,,0.003575874721665862,,0.017714770615376844,,0.06047702831559929,0.020903103441638215
BMP6,,,-0.021395060431056337,-0.006808256493538041,,0.00878013107173702,0.06151278126400972,0.028767441681402366,-0.016347236008923613,-0.0345725292946913,0.0035773731792115636,,,,,,,,-0.0025675529805554973,-0.04477764346017386,0.005990314295052293,-0.004928043145489896,,0.04235701373152456,-0.07131740697997123,
TIMP2,0.03399938267778847,0.022421063232766256,0.1464697604086198,-0.011913264039631664,0.13458902328021377,0.05166692884915871,-0.014860942177019004,0.057317849513546335,0.021436111751948143,0.014132737422633252,0.004025552530449041,-0.2218091924410787,0.05221069884327071,0.12592652569157992,0.04846215736693127,0.10150012696785739,-0.08199912069282193,0.00539097800843869,-0.16125068428635625,-0.09898983428387705,-0.04235190971713843,-0.0023009324261535446,0.10794250760340693,0.049259783150977836,0.12640532178653807,-0.017805563191277747
EFNA1,0.12319678242093353,-0.045492669834551205,-0.0851493565651775,0.026930304983626776,0.1747421334814082,0.0028117669570993835,-0.027625890550700277,0.04724090922052052,0.020178372660288726,0.002701823747900772,0.03364289517423406,-0.22153775300395112,0.03158469745569354,-0.04217144541328692,-0.08421391469432613,0.013282680634794994,-0.019317841668610926,0.07459595654864468,-0.037258336363358076,0.018638315786665124,0.04415522274247342,-0.069122814827962,0.09752036405850423,-0.006051854999913601,0.06789631533719616,0.019172859072757856
S100A12,,,0.01092754021037849,,,-0.0027589839128174852,,,,,,,-0.02985599771142959,,,,,,-0.0037932685824672973,,-0.04319019392113665,,,0.0009330594501642782,0.06753877456181787,0.02526126127559097
TFPI,0.32804981798755584,0.13336017698602845,0.04679261175490575,-0.007592738576447217,0.008206012973245707,0.016199109565769445,-0.040962792303417074,0.07717016974570524,0.04289935765808506,0.005903192816796887,-0.040225595269811495,-0.029900535619951617,-0.0014020260426532553,-0.06592066454178558,0.024082244158675364,-0.06209142838284098,-0.0694206236829123,0.006238471845768469,-0.033693009505573086,0.004347978638598556,0.013817775516108284,-0.025205218994695244,0.022298726291630433,0.02932989882128669,0.15729228379544957,0.05094002487619759
GPC3,0.04256809659740055,-0.037251810340186105,0.009948112849530118,0.04461626907986542,0.09929086306337706,-0.022100365411872762,0.019857133267341308,0.11710821201655074,0.028238197584626923,0.016585686635589004,-0.0019033879528528258,-0.0023927756575509744,0.08001456703790509,,-0.03256888836104039,,-0.03335139656810761,0.05228301107428548,0.1361650568074738,0.11480713310412834,-0.0718633615826939,0.03284285736245171,,0.08086013231296016,-0.03382956652982908,
NMU,0.10507131960193623,0.12380591028291299,0.1511870436582813,,-0.05667398289609817,,0.08884784011430462,0.045099012865650205,-0.0015211720310397614,,0.050724151914815524,0.1633830634314942,0.004071720562487943,-0.06264143165831658,-0.06406183642843528,0.0316806348080459,0.07465349544526413,-0.07617792566232807,0.0609957667076882,0.06164368474729044,,-0.008990170395189396,,0.1361601395214784,-0.015422452112233,
SCGB3A2,,,-0.02795239866599729,,,,,,,,,,,-0.03119419163929869,0.0012386666506934807,,,,-0.0007727304875277313,-0.001552810758896964,,0.03799561338939619,,0.006347725330918473,-0.06884494140772829,
LAMB3,0.18691708044768518,0.12005279603150751,0.036424899660314404,-0.030347805817732464,0.02875855698825183,0.06440548834184438,0.05581608482105023,-0.03152463504748609,0.02538384702360102,0.021656735932391865,0.03485715253574907,0.17389174628081275,-0.05471979409178279,0.06984294358830298,0.09703580930219088,0.039247970991852635,0.07284541200211819,-0.04075036483482511,-0.00392962077466322,0.028058175242956118,-0.05087729502041114,-0.027059348190841215,0.02305186235663955,0.09777994396838106,0.059936944072139356,0.16018965359311024
LGALS9,-0.17697136954953968,0.12971580850013073,-0.018272000410012534,0.02570773095309537,0.032170774270773146,0.009241549457719954,0.05658677895826549,0.04193323261469402,0.10140596221023752,0.033558816446821724,0.005169204383321746,-0.29547969716305933,0.019898310128320492,-0.00917972438496541,-0.09118511531729763,0.04641615421002666,0.029475376123193734,-0.05410359929324918,0.05153376162490217,0.050490114806944444,-0.05105085561948044,-0.024286835520532467,0.036275349096082043,0.06398955263873062,-0.011194944529407959,0.006116536424908697
VIM,0.4834420025773011,-0.27387852328324824,-0.4594119454289897,0.03191829700385106,-0.15296305540869004,-0.003624646899340135,-0.06251552227654278,0.01844810723028501,0.008720972857815429,0.015035807674265827,-0.04045272403610667,-0.3915449114281887,-0.023481650025368353,-0.23496744578020007,0.05017977704547222,-0.17771715875263622,-0.21131533516755477,0.1436664790553506,-0.19476792041313823,-0.2927553881888275,0.013976234122132798,-0.05386136914502691,0.1789763856103508,0.15533184266534303,-0.08322811836414754,-0.13996916508808346
PLAU,0.06981414273502358,-0.015841661590175072,-0.016578646055252815,-0.02241103027087051,0.13297883573568622,-0.033524337801350994,-0.05048149197999939,0.08222822170654269,0.057957089082264275,0.06462138589955277,0.025727094308263917,-0.17588659953767322,0.030911912836051155,-0.05372519073878787,0.004783226712389315,0.07764339628663063,-0.10287136659675522,0.09042417784467502,0.07070175262771426,0.09877703446182126,0.00014795282533511736,0.05551461001040482,0.07612933600388072,0.10311198762797891,0.1035011266096785,0.03368008930354753
TGFB3,0.1642132203513339,0.14020834737301596,-0.04703399746840388,0.007347570730933868,0.016818854749545222,-0.021553857347552812,0.010938336174203943,0.07801959565934477,-0.03206377390614505,0.010355275721393541,0.022148281992695532,-0.08283362080382663,0.07806358475526763,-0.08891315264440018,0.002333427048499118,0.027421928198281872,0.05552786341660861,0.08698003544455696,0.02848388306394084,-0.03497902017120788,0.06605467892003118,-0.010404643175043351,0.09882446795779229,-0.023159170530046826,0.031232898269535642,-0.0034043721752735827
APLN,0.19862635813048868,-0.23263918793926944,0.007444888860006992,0.0007660090514198999,-0.09684880660018241,0.008635402296613071,-0.11995149883922458,0.10301026489026317,0.09857939292206959,0.030255979088257955,-0.014883521463040466,-0.12716905338188875,-0.054967461630375566,-0.20241849223943767,-0.0771800022677525,0.025894057687096083,-0.18929741766951128,0.0666889676198971,-0.06726639377122955,-0.17722520117069687,-0.014992650980707158,-0.045811414166666606,-0.10206672096646098,-0.13072980888731334,-0.004260469230919778,-4.798627039341083e-06
SHANK2,-0.03857764636244497,0.1450748159170176,0.0817968521506478,-0.01786857052649893,-0.010764963808834032,0.021538722778203238,0.11177562354433307,0.019596992767630536,-0.014218161827817039,-0.014811753577788276,-0.023341292088602486,0.2872978544833529,,0.11295885866702884,,-0.08704557750143364,,,0.051417752620360066,0.04871278559188284,0.015531446957866336,0.005334624008944469,-0.03846810069980708,-0.03794818434904889,0.1201102512698471,0.2065395820267241
LTF,,-0.006525217794183556,-0.09567935532571178,,0.10833110341446177,0.05552056987737026,-0.09216202486896863,-0.03185346828773903,0.039785345263201016,0.027865185228523135,0.01427844610280981,-0.3405911100363983,,-0.047051078813943374,0.026582225447947857,-0.031221826917068433,-0.07743200159396234,0.050502979391969675,-0.03657993978337979,-0.047028465554485095,-0.043799708066056126,0.028624636577095488,0.03522904682093424,0.005408031903219502,0.10829593280143962,-0.007531148787514702
PYY,,,,,,,,,,-0.026114337922209286,,,-0.023602008681235645,-0.03233228776107946,,,,,0.008718995632107034,-0.0004822191984114044,,,,0.04032600761282027,0.04805096560526531,
PENK,0.015621255241336179,0.07766908415478677,0.0015614242793351863,0.08889978487914164,,0.0948050933716758,0.07973591181406628,0.003947420995877986,-0.0036902002931707184,-0.03972266372457505,0.019731640706765287,0.056858809664068595,,0.10646149083913006,0.0919174875535093,,,,,,0.019243897693683294,0.004991704928837558,-0.005828423164599938,-0.018422763853403745,0.15005169764765253,0.08546191527328138
CTF1,0.055183107996388134,-0.007672698484364088,0.015734926868999875,0.027854837877110697,0.09851115193709942,0.025094939101522364,0.05447633337077429,-0.06339265838654327,0.01988268050416165,0.006650821074603035,0.027372070558336903,-0.05008002711607352,-0.042698391675822546,0.01697916299372881,0.025094490045454457,0.012120895852188772,-0.0348294525696265,0.07278360362399569,0.0599463478938595,0.05883514076517848,0.008764491261931188,0.020915727457205678,0.01599008031171923,0.18436753136213443,0.03579836352089815,0.045463479455026004
COL3A1,0.2198393101180116,0.10887086056622636,0.008857317942886519,-0.023897251404742782,0.027115737308711002,-0.06836313449260542,0.020517347320789664,-0.001267422209519696,0.07183399341537944,0.0069620191089687904,0.0041139604934433485,-0.17494343808071675,0.049906406818843396,0.02486183053240018,-0.08396745080009278,0.12087671853723017,-0.043562008530947875,0.060437966360028794,-0.011080071935580584,-0.07393196530567972,-0.034621847327102245,0.01796859703125831,0.026191446932679205,-0.18204719998874688,0.12023186770741305,0.1156760701485052
S100A10,-0.49882609585144594,-0.2908835852972453,-0.35206287522308594,-0.014859482933217042,-0.07159263997086518,-0.058046665545556195,-0.10069566970518029,0.04968197996011121,0.01813872550285287,-0.0747239138738726,-0.0366498623707732,-0.3604553263389168,-0.06170060722589615,-0.2777673425685872,-0.03931712339948286,-0.21187147459396394,-0.25048471720562826,0.1430082105851153,-0.15159382638189026,-0.24114056907400294,0.09974551947110112,-0.02901653538522536,0.1846818467545778,-0.0609814973564601,-0.15745931926659165,0.03835321935733881
FGF13,0.06767945999590673,0.17889564819975454,0.10861548731338945,0.03696155066898844,0.004235744004958799,0.024996427642088478,0.10827459619695645,-0.00296922867794735,0.0018946308080260367,0.03736905843138347,0.033754071683372154,0.27286825521375585,-0.029572722693221254,0.18032600422384554,-0.0228389036278008,,,,0.1136700343655263,0.13482815753766633,0.017792059595744286,-0.040069250569791375,0.028517718008956257,-0.02088680374042625,0.11827830086430902,0.10687381349614429
SEMA4A,0.0754897573997095,0.06427089747304185,0.05712199859736235,-0.00941294697558863,0.02588510687850666,0.10984489287532612,0.12159645741112039,-0.04973082719649034,0.020719091307180876,-0.018363058357650505,-0.04500749327774416,0.09365931870455135,-0.04400390944343467,0.1261744462856235,0.0033347989129236377,-0.08412408912637342,-0.006340989413565237,0.054871963315206,0.005444355665588807,0.016930730371039912,-0.0387470490128009,0.027474342500293493,-0.014127775658376867,0.0733749988194279,0.10689349015801335,0.027951386274502943
EFNA4,0.06166222666316117,0.04219620929857957,-0.0157920453428489,0.04253717924612776,-0.015366012427443758,0.023893444332975744,0.01204713132649781,0.09205992408271436,0.026865928630523242,0.048039138479651904,0.01939508556075084,-0.008654770043661908,0.048071837895564094,0.0371328445168637,-0.022391563869612635,-0.08684962661513555,-0.04001205173466926,-0.03620009641327455,0.02637593568243615,0.06164926266393793,-0.011627265556061101,0.02972012060007758,0.011782146744125125,0.11873279421036506,-0.08991600519185224,0.008726580284522391
HSPA8,0.21604115924858833,0.14217472481844007,0.2819073454206728,-0.06911224794220808,0.02669924198017746,-0.026411843569225893,0.12063194676109373,-0.02027422374808939,0.05215598957446241,0.04013208412904867,0.06216774351596088,0.07497153834294924,0.12914381195550254,0.15749712080806394,0.09627689559178186,0.16079638856977355,0.1009097268792157,0.08243816500784326,-0.04709660214598367,0.02749856598161557,-0.011192290757188576,0.11581244019566377,-0.0460465954344392,0.057702284165002525,0.05785318487502116,0.0174119110798473
NPB,-0.022348714325653704,-0.026388591491331832,-0.08836528503374973,-0.006619519376761738,-0.028794590616481215,-0.026287431432015434,,0.025715257348292015,,-0.04561589514688236,-0.037437990520565255,-0.019401195069179266,,0.08246838390634084,0.12845452144389963,-0.09856685537156823,0.03500180206772864,-0.0549339204644143,0.014307720162399335,0.08198774222190372,-0.049045367604066165,0.08047950977490675,0.0021637796528371023,0.1518946068681685,0.1192672132544995,-0.06929171084041325
ULBP1,,-0.10379229920740804,0.025056571106109253,-0.04960321296341235,,-0.03562360014057385,0.037468545891489936,0.035529970504056804,-0.016866616801329917,0.020083775446764304,,,-0.020989039709472607,0.0006655319865062427,,0.01404216330324962,-0.023725464405708746,,0.036519686139590286,0.005365687245047711,,0.003647101196583145,,0.036799961586647244,-0.016727663365100138,
SEMA3E,-0.12291805293333793,0.07579459430938368,0.06414474042601369,-0.027984216807087015,0.16172310740180082,0.042056065887448785,0.015551663415297696,0.09076767018098139,0.01690434823160155,0.007924752927684535,0.020144675087072107,0.09994117293692337,-0.03483724053665374,0.06823071926997147,0.12253384961542266,0.17300153038380017,0.041519422429192356,0.0634802200831791,0.1251061938900681,0.13069489801872342,-0.039459363509696345,0.012084888330115524,-0.054288957534017364,0.16811360921583923,-0.02267386001217265,-0.001992541574233006
FGF3,,,,,,,,,,,,,,,,,,,0.060650319344835384,0.1235186357593621,,0.020968147940023815,,,,
ADAM9,-0.041241941130344226,-0.02262873519023304,-0.15016103776872333,0.038668193183457274,-0.0018452825570662067,0.04608931261434868,-0.01988768003862366,0.061060224092675267,-0.009780173837254864,-0.002164048624275932,-0.003423883509832205,-0.1647676471337913,0.038852603591890474,-0.14258678073810863,0.07163089761847491,0.12986047083992003,-0.00239061204730841,0.0900721187758993,-0.08104356708525425,-0.14494736118234008,0.042234716501453565,-0.009815276291301352,0.15212490821678093,0.10006901049629849,0.05878511674127762,-0.0022682143541544993
ASIP,-0.09681053710176758,-0.0843815878273278,,,-0.02569373643517441,-0.013159898474340329,-0.01639720645541182,,,0.0027482902496893166,-0.05634303935778272,-0.021460301806465732,-0.01170706615059695,-0.04258304682329006,-0.025089232830237975,-0.01783779336232615,-0.023552406033703014,0.0884632533985387,-0.03914266636185648,-0.026220326766879087,-6.937372666091567e-05,-0.01323455712480186,0.032184429409186296,0.15005381157511363,-0.00894204743001591,
IBSP,,-0.016349756302969323,-0.083532147236695,,0.10177825915539333,-0.14428303742907647,-0.09150626669981717,0.047774272926990005,-0.01606302040602812,,,-0.30493833946451154,-0.006545324459461763,-0.02843146861649159,-0.01767715813259105,0.07804747019558896,-0.1134720417188615,-0.053358453949886024,-0.054341340035559356,-0.002565417274020546,-0.019750837594938404,0.06034177676535147,,-0.044646363899152997,0.017125923703598795,
MMP12,,,-0.07939531046525491,,,,,,,,,,-0.02658731313752536,,,,,,,,,0.008778432310093827,,,,
FAT4,0.1672133720034476,0.04713166710412597,-0.05108899880428691,0.01947273039536143,-0.023584607254624555,0.04101914607026634,0.008575723553994493,0.027126071385242922,0.02285257070765298,0.017555768195903196,-0.018246585813120265,-0.03985521536916452,0.020140716405177908,-0.01872302351340044,0.005266198899459048,-0.034465482469042394,0.002787914264907775,0.08389258952821664,0.07697688370229258,0.1264293422479844,-0.0011899754825002507,0.094505524480913,-0.037904778496006486,0.04126319138067089,0.020759619921105782,-0.1271844965692722
MDK,-0.11604540601350613,0.15438454962333922,0.1458977458890065,0.04267976401471669,0.06424376062693851,-0.013203210983895305,0.035084480011356625,0.07030926590956728,0.05411174791542773,0.03180413712198751,0.06982140940888092,-0.1620624348231886,0.056099999370074524,-0.13569191567299835,0.0714004449306064,0.14130930640456002,0.09135564677153296,0.03348850159188002,0.01734202766709553,0.022816840736663475,0.002320143531965652,0.07719139499013482,0.1201667353172566,0.05152935522387899,0.012723821374189734,0.09725759766101053
BMP5,,,,,,0.003106979103390568,,,,,,,,,-0.007697800802485398,,,,0.055941290843371946,0.07478357355894585,,0.02324190538148419,,0.09908678200226269,-0.046832802554826074,
CAMP,,,,0.01960971245664708,,0.007555451383059066,-0.0088619730077355,,,,,,,,,,,,0.02937862249946058,0.05687496726219279,,-0.053469813630919474,,0.045545818366500006,-0.0324842608513046,
HSPA1A,0.014571032310154167,-0.15529286519904678,-0.22516466997272672,0.06055698800870885,-0.08933670369080769,-0.0711623891665192,0.04948594805603284,-0.06250138522540435,0.05867186642619874,0.09213044767710375,0.06092937185216238,0.002518250687817926,-0.04510433546948286,0.09549670899944948,-0.01404783021371765,-0.1645183770875177,-0.10747024103814638,0.034675473295429714,-0.18361258989589022,-0.22681043678507648,0.015737445005385847,-0.06163923198498093,0.09731473989794255,0.03022148028645355,-0.12437570374437772,0.08703303657607525
SOST,,-0.009614571087390509,-0.03549591935884836,,,,,,,,,,,0.017346726109812957,,,-0.05671463289532728,,,,,,,,,
SEMA3F,0.12442741629652121,0.13537304670838546,-0.015505337635482003,-0.048101732738740105,0.12053502041603359,-0.05036478192753354,0.01848896681538302,0.0403735973961324,0.009886908459538366,-0.00552173789163906,0.009184093266719127,0.02559069093078881,0.039091049492782075,0.05760212301608367,-0.035635439111705525,-0.013796373197528916,-0.03386591075639534,0.10207771969984296,0.056186291912297404,0.07815591408887938,0.008229105804036468,0.03242838868388822,,0.04921710164520726,0.10856028987987744,
ARF6,0.0791281708050994,-0.0636280888012417,-0.02908083082352879,-0.018132280700085747,-0.07811196757961977,0.03528987404519698,0.020330571147315863,0.07903044741726632,0.051049501511899874,-0.003728499921026988,0.0062033323214862775,-0.14567404438867818,-0.0020939644704777477,-0.04368488774771831,0.06644980579790224,0.01961583718138895,-0.022299194467354552,0.07223231352498873,-0.028345665685535804,-0.04276473195512849,0.018932041803366047,0.03270247383253951,0.08811636063590207,-0.07990944642611303,-0.05380117108453121,0.043628024821594016
IL6,-0.030569545388590327,-0.0077800038133962485,-0.10734512958471566,-0.02638084879442711,0.024782719341718894,-0.02480717617930731,-0.015447218698025048,0.024731554468763774,0.020509648849353808,0.030943617817623226,,-0.14342968679267587,-0.06143595728038116,-0.030309604847950363,-0.005782495201330893,-0.047251576869360844,0.04536600861913884,,-0.005430152230720831,-0.035983609698856944,,0.01684717151376655,0.09818273324420528,0.09334762695296536,-0.0769265752956042,
CALM1,0.16751033593996167,0.29599804627587595,0.22575315944093116,-0.025959917222384533,0.06363770232375303,0.028097436464049174,0.16011492277064104,-0.06282889826236109,-0.03370908068958862,0.1436086327948838,0.04639004017209863,0.43677790264822386,0.01988400135845824,0.18832580573741126,0.034724552910199546,0.14608894886336196,-0.006983952185723282,0.01382880032896159,0.23155052040599422,0.2827672726442455,-0.03841740590901952,0.07447456731421428,-0.1968967962494854,0.16986460500381553,0.24343129136989905,0.1866803714450483
VIP,,0.16318773710678278,0.01367169096767923,0.0193265465786456,,-0.02241207612307908,0.03466569402386493,-0.015485724951054377,0.033710047101295826,0.013317870451918807,0.031126886569927254,0.20217459870007318,,0.03863347050368678,-0.009069082755239677,,,,,,,,0.023023040323598462,0.02605750912244401,0.06544053477338209,0.1790843004010418
NMB,0.1251778905914968,0.06544924661830462,0.03609385525017335,-0.026560342369905853,0.07924490640463737,8.342128637874914e-05,-0.005034709430277113,0.11429260513833917,0.050026827159529025,-0.0013166408315655413,-0.011840761776619574,-0.17716260077998738,-0.05708295049954524,-0.13740589398773675,0.03371352578535102,0.15143387153264604,-0.06123786496887608,0.0835623158171775,0.0892328595698877,-0.06348029198897777,0.014483828474818473,0.043885394288757415,0.10116226372353622,0.15495982649264187,-0.10282786934768098,-0.14630458861562878
CCL26,0.020833145509925013,-0.02086047785316319,-0.006290556768570239,-0.027787422697277808,0.026896316800504697,-0.006848448214670901,-0.03585502782238007,-0.007365335581086198,-0.010763637136396654,-0.05643227880633028,,,-0.05209132891359311,-0.03377991315710416,0.0029918087923226392,0.05405731492547122,-0.025411812094306215,0.046174588229515694,-0.10800710411866372,-0.08345086554520413,-0.055078073250251436,0.009845874461981796,,-0.005669243649080379,-0.04145088787677307,
FBLN1,0.008668375633423596,0.16303156317454273,-0.0011907250656963825,0.05309203591386072,0.06177046779644301,-0.006394787213645627,-0.017439040057780852,-0.007506248706094024,0.0028130170996684954,0.04099478812837652,-0.03503920493816093,-0.021961667851960794,0.10166540756353415,0.08894311168026726,0.026492392143652087,0.035216303269008445,-0.024059172379147353,0.09967049027651556,-0.015825937597469256,0.0433639218924604,-0.037265041590912186,0.027805577648338565,0.15307898405307901,0.058420843190087834,-0.03951684019737143,-0.06463100954122876
SAA1,-0.10403175960190549,-0.04740718278457769,-0.0649119595881999,,-0.021786095525424577,-0.03864781095426329,-0.030891461073862852,,0.002326004041602134,-0.01071748025629714,0.06267661922963108,-0.15505676851397585,0.015177024355835374,,-0.07334902803394473,0.042770870472545436,-0.039858674200432216,0.06309516422819521,-0.20706067690622187,-0.16357763297559486,-0.017145424354112964,-0.0475980756419185,,0.04947278046616204,0.0909347630960472,
MICB,0.11206584698395017,-0.018139985077522024,-0.0728933048016534,0.07313456053065907,-0.012590783023047942,-0.02115418316909853,-0.001290535788622023,0.01901805730972861,-0.036826757498997206,0.06410522374456053,-0.00016948213586054988,-0.0765948066519882,0.015428624505047938,-0.04405951817187482,0.010183882162035241,-0.044460028013379345,-0.11957700384034155,0.07389830769364908,0.028261783093438422,-0.00436233127035694,-0.056710975109220005,-0.01612387114285148,,0.0203902442691046,-0.06359848048493438,-0.030471025120736663
MMP13,,,-0.03114637080370973,,,,,0.010240228703032744,,,,,0.07664504430664273,0.023776000866055316,0.0526722714490174,,-0.1344014028137285,-0.052613958007663844,,,,,,-0.024397271400223134,,
F13A1,-0.046293186140871724,-0.0551255525200474,-0.006628386011935043,0.0364782433399378,0.06489769306834584,-0.00930261716552555,0.0024993173179652262,0.038719336907074235,0.01474505158805296,-0.034366974698743134,-0.009514712612972214,-0.24311585882707631,0.08747839034678652,0.06222090442799554,-0.02217491464506901,-0.07993460197761663,,-0.013977978167921182,-0.16128260986950022,-0.08162160821664224,-0.002889770587208646,0.011202656419958027,,-0.08160138451942298,-0.030187244953639836,0.12970404980561637
CXCL11,0.0739639215646342,0.06018192042918252,0.060719785746714765,0.07187855685688613,,0.042680044086801996,0.0355599502338869,-0.006502151836522054,-0.02203874352501058,0.018723100399333382,-0.01394961127969017,0.007143289699303267,,0.03111747997839097,,0.0033645533846369227,0.06798990867245618,,,,,,,0.09078109084412464,0.05518688466578089,
COL5A2,0.24915755418886837,0.12070713973008756,-0.0364892034247702,0.010197159097364789,0.05539721926899966,-0.07038442627211093,0.01918197098662483,0.058471697643382003,0.028358216539339356,0.03168623618827819,-0.031326322121743105,-0.037304510492655464,0.01515110861419035,-0.09416502641235457,-0.0011934462788239517,0.014045729340759433,-0.043746895616770906,0.16521619236091575,0.0035984934944814045,-0.044621007841025156,-0.036521490281642977,0.010792767190058325,-0.06577339294126626,-0.09946268363121724,0.07766163331114875,0.25626152270521146
EFNA5,-0.018291445917045342,0.0881217612156009,0.06886821629286004,-0.04148423998049353,-0.06380371272101518,-0.042669419564739346,0.08670408778732935,0.022304237037725553,-0.0590415610033104,0.008583170911788621,-0.03138096225439215,0.1872076372668842,0.03840384080698589,0.09147323880138554,0.020635169359597083,-0.06045209480288567,0.056076129830030845,0.018951653655359953,-0.0193609836270005,-0.07476775297937165,0.031560485819356325,-0.04898880988636054,0.006175648942633107,0.11602693955254023,0.11572521356445314,0.1854835871612321
AREG,,0.041146851132490676,-0.08031338041230757,0.03056643256908301,-0.020719196437127555,-0.045639681356594936,-0.012999796070336744,,-0.08802145422212924,-0.029313414935782073,,-0.08438733179645919,0.041051466421236714,,,,,,0.014978045911928323,-0.022538422825055787,0.016374091227187765,-0.05585509457044172,0.05493987900653438,-0.04636552647738744,-0.03878149277391552,
EDIL3,-0.4497023466664337,0.1802263798744321,0.06643641918384074,-0.0009573413299686,0.10644075497717964,-0.010100726862599364,0.12088991490509567,-0.05059734548150032,-0.04701271408942286,0.01496303659563299,0.024724357282735816,-0.27480772702744477,0.04117527764508544,0.17863511215978675,-0.021190331075845514,0.11650719109199693,-0.0936151833516372,-0.0808560021307546,0.0299995262285923,0.16004790682433678,0.0009256349876478083,0.029304781928811398,0.05527160623743607,-0.0826818824601705,0.18421968957369417,-0.05968726622464889
CD86,-0.1647726530556129,-0.0074175078812376265,-0.060271970466300596,0.022479213802947342,-0.02670811190177266,0.018306604516312056,0.024635662423102243,0.004695152341423506,0.010258891657942278,-0.030571710592852623,0.02766931443824797,-0.07252831171095654,0.024649251021146408,-0.04154870626352662,0.02274035902439978,-0.06212662137235379,-0.06636479485037708,0.06557485350212687,-1.4915357961419423e-05,0.03997962519528717,-0.026084647718263184,0.025004001350556283,0.05355000815052725,0.051001133638264126,-0.08903092808383722,-0.07007736967553582
AHSG,,,,,,,-0.009679682463946538,,,,,,,,0.02858957718235745,-0.05288597198998808,,,,0.006816210442399169,,,,,,
WNT9B,,0.06758689389391415,,,,0.01498072155438119,,,,-0.03489141449256721,-0.003110531941098438,,,,,,,,,,,,,,,
HRAS,0.02442518302235194,0.022964704450949305,-0.030955797867252926,-0.024585056237600402,0.02805654809959592,0.013759018526908114,0.029843099585248726,0.070115248814232,0.05357219818798841,0.02291607826151942,0.0326707105651673,0.15607890478824146,-0.04277373850402046,0.07549560704413331,0.018009299588724537,-0.0736001040798138,0.03252072224745857,0.11743194234122929,-0.028122299186670217,0.007941287928402494,-0.012745578960323257,0.00028799718904789525,0.05016001346835055,0.20579435921077832,0.10938175644316102,0.09874549733524109
C1QTNF5,0.11018341000972208,,,,,,,,,,,,,,,-0.02794250333026029,0.05010675938188376,0.010605771419414005,-0.02670447941733337,0.03614065244862253,-0.037754178777945374,-0.06353880196873529,0.07907906237315097,0.10333662756382397,0.061604051773812125,
RLN1,0.02687323418514599,,0.034553719885130646,,,,,,0.02246726711892885,,-0.03897559019021454,,,,,0.04236984690623433,,,0.015951571902771113,0.052069862311758176,-0.02170401808009657,,,0.04686707207307626,,
COL4A1,0.3250527049180647,0.12215298752731706,0.029044853814939202,-0.012314830494892667,0.07050783251096789,-0.05720343399141095,0.01705828920530856,0.05301068871810055,0.05035556336642114,-0.0015770457615694262,0.01590980394695345,-0.1338755119752205,0.04052745134983309,-0.03378543519183676,-0.06973586480181229,0.1014771023470081,-0.10732216150316529,0.09346735157365343,0.012267437158935515,-0.013247203910140243,-0.06172425435847331,0.024342739024855967,0.03648703006997049,-0.20744277776635778,0.18403532034127895,0.06368674000240378
CCL3,-0.10709136270435718,0.16413810079891356,-0.05736342403447793,0.023945985215781774,0.06709393381793947,-0.018589097164339635,-0.0776086512693999,0.017541323396962356,0.007442314160411898,0.11693544101959115,0.03265681495850997,-0.2854640169332748,0.08024804831344105,-0.07457704386744159,-0.020945040318740022,-0.020060985237329798,0.17647460652008828,-0.004812528450761433,-0.11049349124072215,-0.12139112527595217,-0.018403831434949364,-0.05319154816596548,0.028683719012541305,0.2586060725709887,0.07790060899122855,0.039203504119977924
BGN,0.2207729119929502,0.08260504168472743,-0.0552199189255893,-0.022688540619107214,0.016359296406438212,-0.05587732942861148,0.016312415162783457,0.04654198742205882,0.024646490947865647,0.035164427290015864,0.0127794616352932,-0.1525987479175701,-0.0345366020519255,-0.010279317749020718,-0.03834131369831638,0.1270131425653066,-0.07144466727467749,0.10067741610548096,-0.07222206109065273,-0.0529590283910553,-0.025192474036748902,-0.058270938287329134,0.09163735046720825,-0.1299711654124169,0.1443481659463445,0.0009848883669984754
RETN,,,-0.04650626288314953,0.005978504426279462,0.11516507077987673,0.027626236734031532,-0.0727763186974123,,,,-0.003201533514098056,-0.02628652799909345,-0.02324798414417911,,0.03666649615246511,-0.14242233809993993,-0.050951841055820304,,-0.009217137723235284,-0.03639988126863581,,-0.005329202722299483,,0.06371869117984844,0.006752243497671664,
S100A9,-0.3292781824131909,-0.04888963793275133,-0.1581599749283003,0.002615952968044127,0.05306894537455941,-0.01997529407867891,-0.017294096385144397,0.012474858038660273,0.0841699669284589,-0.03282218627065833,0.007639159282098588,-0.4010791066823616,0.028231152097119957,-0.049543056288264255,0.03368839338205069,-0.13965273121352076,-0.0932678671721321,0.023181689493249273,-0.13292525822484008,-0.17528455229403714,-0.02599275157275369,-0.012375818528474015,0.09796240186738639,-0.06684593043328652,-0.13371478518641028,-0.035978558679733666
HCRT,0.08341684892011382,0.10309644685443622,,0.020451344343063914,0.11711670909242444,-0.021524027468223787,0.008340758958815716,0.047451009227000046,0.036637988123920676,-0.0006216326109122285,-0.0003956668184699871,-0.010754473378872928,,0.028613952689033807,0.07461196370461966,-0.028819236282788742,0.07755412815413643,0.029878001893820512,0.012554531983950892,0.049335559040674014,-0.03431626526666415,3.25870919960773e-05,0.03140023286202676,0.17107507289066046,-0.08143114459290768,-0.030791999128218082
FADD,0.028200318921782073,-0.034382202004015136,0.03940971744841198,0.008540894000853751,-0.04905315190512563,-0.036743979585539474,0.02069633835809879,0.050181313565998684,0.06533982480976674,0.07132859016945323,0.04394572868584712,-0.008883259432351869,0.03973742636421979,-0.009408033770072084,0.03545663239016131,0.06404146263218906,0.0012978932874376957,0.06652531377749578,0.03585598702972998,0.05463683939177581,0.05679394306761306,0.040657050395938206,0.05538184290040826,0.16503108490983087,0.0020946514267849463,-0.06364603449996942
ACTR2,-0.12848932877892152,-0.0014838487612880678,0.026634193580210522,0.009730685140137429,0.11015031656891744,0.030061289193899846,-0.01755372117710129,-0.016755363636953357,0.10705983193796624,0.07703589835618646,0.018789557815651035,0.018455403569348446,0.0704216593266614,0.03779907854653865,0.0007860535929663084,-0.05210962731338335,0.02979355003712533,0.017443791126951606,-0.028134838511881723,-0.02595342789519637,0.0423224124994263,-0.047444960346148105,0.04892992376527336,-0.1755837344230932,0.11948923074218146,-0.04148438199159287
BMP2,0.02379949809678475,-0.07372724334596721,-0.09249098048640911,0.031510044456397476,-0.07905529123643584,-0.033541939707419414,-0.02566262422645446,0.10580542998780573,0.0827131521791313,0.020133247081898786,0.06950037698465247,0.015894159361411267,-0.03050430611001143,0.027121523789050448,-0.022624739887361613,0.049211891923120206,0.002022071657585744,0.09461032864547585,0.05753630449511759,0.006971541871372518,-0.01386587535786535,0.039544039024303757,0.06916363045071507,0.0056010730452033435,-0.04531677606779699,-0.007352109828205546
PDYN,,0.19406632328967952,0.0995764678871436,-0.012888795655622466,0.05968584381950928,0.03211816621266347,0.11163388339091164,-0.033402150028864847,-0.005830248804719699,-0.008840207543734805,-0.014453083527208335,0.14846092877835818,,0.13883236088167872,,,,,0.004722257870207568,-0.005095065462162508,,-0.016945067726518364,0.0019526333763323408,,0.03811671472650613,0.08832385338502557
CD55,-0.016399832003313745,0.09312975443265371,-0.03690292986918377,-0.0048777862903137,-0.01170850253859596,0.025984401953571778,-0.012531664799979424,0.0628867759463966,0.06389378814831997,0.015203857501742081,0.017351350844782495,-0.08835719882821766,0.06544058808114533,0.04531089120076278,-0.12103855645252706,0.018234261492599785,-0.018000901588809015,-0.017019827556667037,-0.04108209210831113,-0.03648439059666923,-0.022121279332319565,0.01063755473799453,-0.08189761269717502,0.011999022704270232,0.05253461668483768,-0.011684512340886855
OSTN,,,,,0.004223285923490625,-0.0015495839698852758,0.05683947453168379,,0.021794940664156437,0.05031577809075256,-0.0051446465126916896,,,,,,,,,,0.02280131104263351,,,,0.12340332998594396,
PDX1,,,,,,,,0.016646656827999644,,0.04147031381309145,,,,,,,,,0.029356452612364504,0.07519475809035993,,-0.01132416812925741,,,,
CD6,-0.08062484652599129,,-0.0689853718735218,0.04161421223628859,,-0.012955863201711104,0.04101729974874271,-0.035093489429512875,0.079506648597984,-0.04048498296413742,0.01719014321774523,-0.021474904994140603,0.03275422576263027,0.08182518293999967,-0.01536373249796134,-0.038028294649176314,0.010227834014590993,0.021432680079571092,-0.022655032651911124,,-0.05196336313197382,0.02862297830432195,,0.02063249188027337,0.0792095788444354,
IL16,-0.09292351530206956,-0.04196880459794428,0.0050323903608283935,-0.0498750987802782,0.01627729281595723,0.027002334961579347,0.007662080526675554,0.06808301557482507,0.056736526011297785,0.03215679484378545,0.012885767209606207,-0.1349033420800904,0.11976054081541264,-0.020085001583234025,0.05502771670289977,-0.10543075661079833,0.03247100010751788,0.025257965803676674,-0.024457632820729915,0.07140203506858751,-0.024115557365309938,-0.021200949838326866,,0.1361785352273371,0.03846621523193602,-0.052332024900754504
LAMA5,0.20840412230268945,0.025785973090369254,-0.06929421701827468,-0.007013403628880464,-0.07125615293119358,0.02134513509527871,0.016898454388584394,0.006149211198796366,0.06882381423013482,0.06813315920443644,-0.025200428435667863,-0.04643053063901731,-0.03179441768688989,-0.08059157664893712,0.1281423186527429,0.01912264492922504,-0.07310197330834103,0.05644015028022511,-0.06752558993222971,-0.10765744359914166,-0.0479398415524933,-0.06286582327780424,0.09038279586765083,-0.034706073852401015,0.03178399686058112,0.08871302698054823
RGMB,0.08147103416819935,0.03605472113252083,0.15342969178707702,0.02119495943970233,0.03354496694525664,0.07087096788073328,-0.021961496660870855,0.11649497355568604,0.040871183091167586,-9.084450866598749e-05,0.020459994105115443,0.15182673372857552,0.0013775392229818026,0.08797214241346127,0.026004622520711396,0.010990564610199335,0.03351150693613652,0.18516993078230243,0.09486915715130921,0.06121184524040094,0.07737971414951741,0.04136072983604469,0.09877184168464258,0.18042556937592308,0.1182811463575047,0.08036556674071633
INSL5,0.009356453851172808,,,,,-0.003656019446956633,0.05066236237484545,,0.027064055151216057,0.07152514467863547,-0.0004672239066336847,,,,0.04033522893281994,,0.08381657194865882,0.041594252102788574,,,,,,0.07475228832956221,,
IL12A,0.0695564666256234,0.0671318410215245,0.10572572362950274,-0.02023809601531493,,0.005602841286659772,-0.0448549200959168,0.0023307792792395033,0.07447448614827164,0.06469848805370881,0.00047456812152958677,0.07121529322071286,,0.028134097600542876,0.041960126501810205,0.07922928733960552,0.020217634127029132,,0.010184227607107117,0.11602121068825545,0.003922340700043527,-0.0028779704282899097,0.007978104594733134,0.12912346368756736,-0.10241678866444649,-0.09278809675225408
S100A8,-0.3295524777186413,-0.01652250156939214,-0.0673971164926605,0.036614237760326386,0.16037107356285382,-0.0718759152433494,-0.05031779752708571,0.009437996270650159,0.07901159537532508,-0.02795067836954121,0.009723387072385882,-0.35173509679915665,-0.005483855957280968,-0.11764380249746645,-0.007990849680946032,-0.03579161301469949,-0.017037145262368547,-0.019005412371335968,-0.010515613711295252,-0.00700035795620962,-0.0004913327853165323,0.007479928871359371,-0.007882500700618154,0.10096927709861082,-0.10972380137545742,0.06486479018733585
TAC3,,0.17930655000145948,-0.020272320466461383,0.006395965066854785,-0.001476265430281498,0.005225815371442064,0.08491226851260392,0.0077492136100462405,0.000365538725244532,-0.04337540498716428,0.03757670893965886,0.21044046908512265,,0.07274955515325586,,,,,0.10798760423871209,-0.00857671638968898,,-0.028434438933159452,0.0383577354779988,0.09686775461078091,0.06975155595210249,0.07358371036265575
TAC4,,,0.033178825411122805,,0.049488866550533216,-0.05093807690523566,,0.06541777399038073,-0.0006812266236236405,,,,,,,,-0.004076821763499942,0.0024318811942097857,,,,,,,,
MFAP5,0.12008007466302055,,-0.08832798611678593,0.05761345636640413,,,,,,,-0.0220436081861721,0.01042861013925022,0.03289779552603139,,-0.006900572750962525,,-0.00447516673626374,0.012496492743330034,0.03877469935546819,0.058240472506900204,0.01726843041346318,0.01698579483352495,0.1070191688286792,0.047953621493554206,-0.11052175344418641,
CXCL16,-0.14735753719980693,-0.03473261265420597,0.0035259840857819725,0.00235901129218576,-0.003510817516912743,0.02666505463308113,-0.06894222234158202,0.06586002727190293,0.03631279737563935,0.020077970735899613,0.003762598028324896,-0.21664641627300893,0.01635832096466272,-0.02683928382144829,-0.009643613466067234,-0.037891867088470935,-0.04064151449583206,0.057408287826925176,0.0781291541502104,0.06649186607811333,-0.011461807993267485,-0.02723470041525753,0.05380502372980385,0.052602429725863584,-0.07430380458151112,-0.0543232175650276
AGRN,0.31725469183807886,0.13649907100635708,0.13270571734992867,0.039982301220847796,0.13782863463499992,-0.044418195203174866,-0.00952763593576435,0.10169517140779115,0.04668922863954837,0.07853432093017607,-0.007152242659896065,-0.025018627765562424,-0.020198049580837877,0.03578075544839942,-0.046705205063253756,0.18581760683698048,-0.024855988654507402,0.1325703312845666,0.09017750356320872,0.15680661032319435,-0.021503860949740043,0.018425519077406246,0.05449595693421623,-0.04041135809393755,0.11073418828469471,0.14248560860149517
COL4A6,-0.01603082796474556,0.010946973297646614,0.049329241116770305,0.005005553648202586,0.09231651129000829,-0.006434266758439948,0.0437668291646924,,0.03086982018653456,0.04229597666246404,-0.03903046545259018,,,-0.012867310987608646,-0.03237644370386823,-0.09975019678357863,-0.008648630677497961,0.1139991701393323,0.061146763532532906,0.08905579332546079,-0.035047094580702896,0.050685415000718964,0.02511958589271352,0.13586947254648932,-0.026043479580850938,
FST,,0.03083677890462921,0.009989565151074839,-0.011263727018672929,0.06797755891245556,0.006315430639464283,0.036636877080184725,0.03282088447354407,0.0650739197555446,0.01570717590609834,-0.03328479690379252,-0.011926411554939951,-0.009259983821690151,,0.011453688933220177,0.10971037399688031,-0.023968118865454666,0.01823214575948271,0.12493260216537869,0.11176845650873421,-0.030508691359672387,0.042889088035901836,-0.01967434689649486,0.15622720776671858,-0.04004347759115636,
MEGF10,-0.25628827781152863,0.1411650242184747,0.06616000394200491,-0.02069193021297987,0.05571606380469069,0.06476291647579474,0.07494608584053888,0.12219405702839908,-0.03540031119241277,0.027845454422036252,0.0004365431939664128,-0.00782333692739475,-0.01582987320035416,0.08565627800187663,0.05182713527630975,0.11542728086265555,-0.04354781559221079,-0.036284554645741866,0.04024420850345042,0.07004043524331571,0.05217123904115135,-0.0333002281270614,0.060049110980332714,0.16806765751522634,0.09633177758921634,-0.020536153620107044
C1QB,-0.4611527352706221,0.11950724780825533,0.07873110333983024,0.027159878393724305,0.1106387112804887,-0.11029108946418324,-0.02374915814697146,0.01176549403210924,0.09155301056303541,0.012797675327915356,0.032204162055137986,-0.41175613215475637,0.02499968867288472,-0.08515279968443075,-0.02278938155035474,0.0920603109994515,0.06380476055315196,-0.08921614451749849,0.10547084566414036,0.23300312752530544,-0.07468282361458801,0.06378947582997575,0.05930176585888295,0.059482625246362636,0.11207986262989718,-0.1581474868182391
HLA-B,0.41164852146246605,0.028967930735498682,-0.04169279951517791,0.04486500335841864,0.056515935418744556,-0.062381048837169085,-0.15065106672943127,-0.0003387337881708469,0.04195221962417915,-0.022736135076485427,-0.023077689741877162,-0.3598829374676005,-0.004804698297667071,-0.16858139809313363,-0.0634498353932293,0.04065484325600857,-0.03321417591502471,-0.010006936683836782,-0.20529772827673992,-0.20307872079799094,-0.04874306216904236,-0.009529896527565376,0.0778955202008491,-0.042681652535000295,0.13083433945592196,-0.16288056343949397
PDGFA,-0.01841485660032344,0.1848224329271887,-0.007152547413155212,0.02571675039060227,0.09655911777319473,0.006042815359377054,-0.004333601980076216,0.05353100619748957,0.014709415507489798,0.07089974578052832,0.04957609694068316,0.051243956015458995,0.012941971055655432,-0.03359066476534637,0.0658696451054506,0.16010448135161578,-0.155260097653928,0.08338908265333851,0.027533982920872096,-0.010667257956414615,-0.0005763321117761409,0.08023904086949299,0.13656099884487166,0.005773236094978625,0.10688014669616538,-0.014684779285843368
LAMA3,,0.005660568080274125,-0.04851703157113367,0.004061870619708255,0.027833299987662513,-0.007299055154657171,0.09304055648166742,0.08198522574142837,0.0039122126214570195,-0.04945642792674329,-0.014324527242017266,0.0723215182695663,0.06314260716011948,-0.04862342018852197,,,0.018792783206185968,0.04972001507756979,,0.015351315853564054,-0.022482754546291867,0.017856566276379923,,0.07591704527138227,-0.02685253968096804,
DKK1,-0.08474047405122538,,-0.010102395324234294,,,,-0.035844611759605786,-0.019430047831590705,0.027498374940828334,-0.04772570154447184,0.007758924311388423,-0.13292368764885623,,,0.06155355157682471,-0.0807878543212604,-0.07789551441206367,0.016033909211697735,-0.07888438084715815,-0.14556752755629365,-0.009292984121393177,0.04012059330609257,,0.07338164883093128,-0.05597474985416554,-0.07544234194409863
INHBA,0.028316550346640067,0.11876032825182699,-0.03620138676246153,0.016953465483063868,0.048913739719709644,0.0349167038232961,0.06943962577507955,-0.013051196337926048,-0.0362277809660978,-0.04383942302667728,0.011584711179400317,-0.06113828402189159,-0.006146745862113758,-0.02140042894074078,0.07042562768270726,-0.18275478892988598,-0.06448211527561669,-0.0086185251087591,0.03211507840956681,-0.024985859320384107,0.055044813374473006,0.02056275294415333,-0.010186485195670628,-0.017314484165475014,-0.0575760642419396,0.11248570836582454
LEP,,,,,,,,,,,,,,,,,,,,,,,,0.006063150147709573,,
IL7,-0.01124240807609046,-0.012011516883126521,0.019511787533555015,0.006188217741689894,,0.03024969313321543,0.008910734411592297,,0.06574314187785249,0.027583323654622016,0.03694632783196273,-0.07449525571273992,0.002965281422823662,-0.011868478148828833,-0.04150466056656268,,-0.008482302191980946,-0.02228929844325986,0.009969418911541093,-0.025750158479405254,0.009866853055319189,-0.02016044341213793,,0.07730235560687172,-0.041575135434528204,
FABP5,0.07511979946282564,0.10527231714937955,0.07847536329398988,-0.0049615710277453986,0.14536752365524286,-0.014279162774128603,0.021105726744748355,0.03848619848359206,0.018791079469220304,0.029058140743430015,0.033446528226805654,-0.09067813911760753,0.05912347715801936,-0.22026643214882016,0.0977863555915711,0.1410231422647909,0.11422655431104448,-0.0016605170946307115,0.2127804203702629,0.22132968042384182,0.055268515998598305,0.04300656820109374,0.06470832186593854,0.21276952401272262,-0.028129177316419243,-0.0280611182590316
CCL4,-0.24218156630095702,0.1681147025628339,-0.143578104721797,0.055028453251779456,0.007923635293747731,-0.0460619773353027,-0.06636203586103112,0.03157339463525066,0.09075979803255547,0.10299579433662877,0.021120987426925284,-0.3201442059692079,0.018347015414585104,-0.09262339843074982,-0.0026324988807968994,-0.04379784146978647,0.16495343768856907,0.020294989401949303,0.00492823032891405,-0.11133743805975842,-0.012952287048346759,-0.06359479180209864,0.10878253601936355,0.15142345863197082,0.0105529138414769,0.012795285997748176
FBN1,-0.019633979599700122,0.04252648704343254,-0.025503798152012095,0.015757855116718452,0.05035944883845999,-0.04777846739762363,0.05897049750079291,0.03225623619410441,0.040845188119040296,0.048643479603354634,0.03789807463572519,-0.04911143176228107,0.045181752297957616,0.02172732594445747,0.01535236816550448,-0.07659001438556434,-0.009537866646430046,0.02177981009777516,0.048239445118397825,-0.04218097918017583,-0.002813877623249118,-0.04176804085130894,0.04901269446416213,-0.012372942495665087,-0.022529061959941636,0.10805842999653363
TCTN1,0.16162275486441732,0.038696864060990585,0.05885863903288453,-0.003363512744557398,-0.0024295655301121402,0.07774787143042317,-0.019462926293036642,0.08571132598088835,0.08974704027781623,0.023020737585035537,-0.015002094436625625,-0.019413732826862918,0.03338987393282969,-0.0704135387153157,0.1344283667904461,-0.0060578862152340495,0.027475634739256606,0.09403065222034523,0.036707099118012745,0.020197572375692717,0.038530842696907854,-0.006675012694443551,0.1516326138845132,0.2360069524111268,0.00904545598274568,0.020846213456003286
NCR3LG1,0.07317706739113092,,,,,,,,,,,,,,,,,,-0.037506745076602545,-0.009810854618798005,-0.006538080073993436,-0.02902540178474813,,,0.0472477770669078,
BMP7,0.14013559983987092,0.038968911617779316,0.23051530246885268,-0.018945839017337512,0.06343688832815078,0.038460440825809315,-0.031484020299065496,0.04616156644790729,0.09462196302072791,-0.05386609988717391,-0.018862851389086725,0.008728438545772868,-0.02494051366889927,-0.05635189913896849,0.07238539491115245,0.0171015663659592,-0.17635495967165538,-0.005432756995119016,-0.015539114839440728,0.014181952286245143,-0.06991078303239673,0.02646498875423891,0.10821627351331523,0.22070843780056779,0.09675432561178843,0.017245948436811685
NLGN2,0.014590102780084178,-0.032312082823391625,0.17630457291869464,0.022203790305484354,0.1315747957528163,0.07102109660888001,0.04217172040414938,0.03520368314116054,0.1010796410714835,0.006802361892308633,-0.02671317763435691,0.09467870321806374,0.054862658661636206,0.020335506225101118,0.07192837603802403,0.1692369084175482,0.014557245285691729,0.06381503482511694,0.1705979913684708,0.1529730959295756,0.06075056958387279,0.11105528774144519,0.03303368219298086,0.17045454080717104,0.040909873220677406,0.11589642402743915
CCL25,0.02362918183910131,,0.09763326863513275,,,0.06174311194719592,,,0.06142715300888478,,,,,-0.021818815445549006,0.05946324364322703,-0.04057857461926734,,,0.04258691109531504,0.033397493809832327,,0.05722320528580054,,-0.0009338480674731832,-0.03497952878597896,
NPNT,-0.0186990596677268,0.179896187832685,0.10324639029604768,-0.023645242291490016,-0.056205977234836606,0.06858218507922532,0.047688504744011526,0.02167097863086972,0.09043118506726557,-0.02884681870600375,-0.013586661872130788,-0.013996438578553257,0.041092771928539364,-0.11916229451730824,0.06547833750190464,0.08360150731456407,0.055031826590101966,0.08594274956056563,0.018913871110491934,0.08098161743598083,-0.004046174778930457,-0.037537793831541585,0.07030132130753908,0.19724591413386047,-0.023607257045268473,-0.023488797284481843
KITLG,0.14136682195038922,0.11259000698672576,0.04697452802087631,-0.021606298874734014,0.08767837376311603,0.05197949948085718,0.031135830990502326,0.006298860294007902,0.08742679404807867,0.061986462276077445,0.009840646419649181,0.08858933628247083,-0.0034332850233241732,0.04521692635538547,-0.004078020260626988,0.0694625696692895,0.10005658415430878,0.07896659217864888,0.006664199203197103,0.06183530589114465,0.011150220124254989,-0.052357824216684626,0.06106098252915006,0.11435199317543848,-0.06099725712165575,0.06295695857853306
MADCAM1,-0.055386605828764306,-0.02485513861907678,0.02373288130824116,-0.011124747153173369,0.01716082546472235,0.011540736072795384,-0.012488451526161378,-0.07792242795487446,-0.026828210986206125,-0.01197033471402556,-0.026583366225589464,0.08253389284094739,,-0.01585053972190246,0.0015090776742886568,-0.050876048749637325,-0.11883028193910371,0.017215314194276625,0.01510507401355108,-0.022715928663551772,0.04913287101871842,-0.029521240021798897,,0.0937584035738458,-0.045789341567674224,
F12,-0.11421200653935133,0.07234014364145756,0.013583985808860966,0.025816150079854577,0.037294447261157514,-0.016744754384356856,0.09089318345328605,0.010221241505403381,0.010919053389452347,-0.0007699404146118571,0.07251367030838415,0.25119997461015275,0.013263778412376364,0.05668821973744147,-0.017068765158544368,0.16033925851810882,0.04282550865558323,0.039235034362209896,0.058171339629229525,0.1357006075206045,-0.02631473995436129,0.03586928560625464,-0.08929544858898228,0.09419515142142301,0.030490207287327206,0.17223736518124416
S100B,0.21455683976017667,0.23768338086133273,0.44920789072293127,0.0906971181516354,0.23213843658837435,-0.0729909400325465,0.08470742553824863,0.005531841220002332,0.03410873196789861,0.11149267859013297,-0.03142534921727311,-0.31850040140498403,0.012961580079716048,0.20994759967245083,0.02700936674811987,0.1583206985978555,0.07131737842336038,0.0158618451519842,0.1924527413614247,0.24250309916743595,-0.012033412203216402,0.052289984052694555,0.0865650844138631,0.3199637633441721,0.13138412178305,-0.1478979231413645
IL27,,,-0.012349057377990951,,,-0.008413762217349326,0.021618977836916003,,,-0.00042008925543190713,,,,,-0.09772056720130307,0.04814577498990789,,,,0.0235005400966323,,0.0330578374008818,,0.06163809897699881,0.04527335161414035,
CD99,0.27453081583683314,0.03994146891375767,-0.08415188858429332,-0.016346858594983655,0.08903595312810587,-0.020245686592986888,-0.04350346602858246,0.07065993209404772,0.04724536174413167,-0.048606663569700725,-0.02940319584480515,-0.32678834506349297,0.0321657701077609,-0.2731963835227104,0.07275220181763616,0.004892780681940743,-0.029693277468889685,0.19280721718159954,-0.047448509964517924,-0.018219702228876943,-0.006643677171704217,-0.06713842173242163,0.09810760050680724,0.11976147741376456,-0.04896897032373937,-0.03995527120816208
PDGFB,0.050575012975778336,0.15317112588748819,0.04339101531098766,0.024514900519181825,0.08416277034132214,0.012381640258270904,0.04593590928811908,0.04871146475305041,0.013596680504529396,0.0075216275499497675,0.0073983109085555545,0.06336522926095661,0.10411365937107114,0.07354468861191117,-0.026683238756320265,0.034089367359863475,0.02600288523973699,0.08362416731763818,-0.06165396469924522,-0.08388377523311605,-0.06816045692069399,-0.06708000473254198,0.009075453555687814,0.053135866892875507,0.12340609788982063,0.05966801135053666
CLEC2D,0.03690214753214274,0.017406970681807597,-0.008546465861873196,-0.006942104762938138,0.11646249530743266,0.011033821001655229,-0.016944560834412384,0.07280719636793322,0.046712807271019105,0.05537031975321481,0.039486020556498164,-0.10899338538289514,0.04857505136866061,-0.0379391057486402,0.023827531750194513,-0.034775344098115425,0.005263494258620408,0.12464817765002988,-0.008603946615841877,0.008261901888500421,-0.04415724156542693,0.013257108246929593,0.040549956382219456,0.102421008336457,-0.028906787855314683,-0.06046277910229053
F8,0.06023958220608454,0.04259934913717567,0.07717312690250744,0.03786850131698434,0.05208313665697057,0.02566133747212361,0.038813167500281034,0.01760513588913309,0.05990018635121566,-0.0280598922492262,-0.01391243940814671,0.08023552532963582,-0.007212086098667552,0.043193051670581885,0.006228124077110167,0.07694234661454619,-0.014947713225705263,0.07761589339591898,0.08910361672019006,0.03365987176930135,-0.009204105006846357,-0.05652867666241054,0.12980395903845937,0.2650802928676518,-0.006714011982490251,0.0703532816258207
C3,-0.5046023606176131,0.05134320850237772,0.058678604784225166,-0.014743195283688568,0.09768175421234888,-0.02444142763466838,-0.04734992208091699,-0.025824476550626085,0.031636490480329224,0.03222827366264342,-0.024033315209921396,-0.39030185498188036,-0.06113558540372325,-0.005256153640741437,-0.00815326784587918,0.13223217348374874,0.03214726440994602,-0.07704549895212667,0.07538536984513616,0.15069964964886243,-0.05646566080095082,0.06404491136394792,0.1583178094381312,0.0018479846425654633,0.114827977021932,-0.13032660836733548
DLK2,,0.09809450670989767,-0.0007237846945848573,-0.03002222622370991,-0.009607069979428865,-0.00886933900759486,0.03106621892340143,0.012968996335906039,0.05571561734533425,-0.040561894680918135,0.008149590093277197,0.13182931670015532,-0.014685931569199425,0.07421733926749241,0.04905307930042351,-0.04063359614013557,-0.05575317300448472,0.08626667259943786,0.008475251362143735,0.00025583488370999145,-0.021785709016927942,-0.006550544650928356,-0.03421396342977167,0.021485871385285463,0.09653555264223936,0.1223243021569022
TSLP,-0.03674785593179178,0.01251537695357544,-0.09400323077706188,-0.051923698736525546,-0.03529008725270438,-0.022340896019506704,-0.06252856666876003,-0.004186596780119221,0.04408901620013365,0.00022702683924709239,0.01319439810720127,-0.09999747738389544,-0.028116884190490868,0.05049646350289225,0.02637787498758731,-0.015575397036494533,,,-0.007896011994403405,-0.007106823572110669,-0.012149893042158938,-0.03560156565638062,,0.07645311469144361,-0.057967275622831486,-0.003673668718532855
OSM,0.014515008348603023,0.03449162729171275,-0.06813739665159375,0.004516813302117373,0.0993368124272514,-0.05611135167511944,-0.05212012658947702,0.02295513401370303,0.0455917501729969,0.028600056311598204,,-0.23788285140826645,0.12356139001950289,-0.04122023078136967,0.03273124553835479,-0.027648639049093145,-0.011465351883270363,0.047153413066414684,0.0301270878714749,-0.0225800740067002,0.06125937779614919,-0.03353981657832767,0.07804491637215136,0.07481325107000143,-0.0623622640458736,0.01647048727336451
PRND,0.06506699428352042,,0.02215078651922553,,,,,,-0.023045923819505147,,,,0.027149849286856122,,,,-0.03187613332702999,-0.016990039870495015,,,,,,-0.0077779364409914405,,
SLPI,-0.03751519258033436,-0.24213772875475206,-0.11702420895652657,-0.02960493989162959,-0.011332048055909096,0.04633679824676036,-0.004628346601126651,0.01930282255825345,0.08015304321013039,-0.010836892603037563,-0.01677850900634145,-0.07003089608351176,0.08912420549462505,-0.10369495628950187,-0.07358511457963716,0.16448242843466188,0.12169425107081182,-0.0008680927634098313,-0.16633976329470776,-0.16742215059172352,-0.05142335259682296,-0.005589019620143016,,0.06346766787849571,0.019528937882111536,
AFDN,0.06783617185671975,-0.0443621767701236,0.11772835717564392,-0.01749363454465893,0.053084108317697554,0.08141098678522342,0.034259622422348694,0.03719575561808333,0.05215286189368834,-0.005996692180790982,-0.015076235555975304,0.12805519088858897,0.06434337029002073,-0.05667741969910432,0.02556973622186491,0.02017551893674053,0.07066206331044664,0.026549666240894325,0.03482985853805136,0.07125134903181247,0.06204416671454807,0.04294771323136711,0.04875535962098764,0.09102455041306858,0.04324780754205996,0.11763655975904679
KISS1,,,,0.04075592559118261,,-0.012179638764202628,,,,,,,,-0.00556620556481427,,0.1134226911370425,,,-0.014401400747345116,-0.012176646205559753,,-0.05559215975726419,,,,
ULBP2,0.10694187380497905,0.06604485474448706,-0.02122506812842303,-0.034932026354080235,-0.003425504622698488,-0.025539417592486038,0.08233140257632174,0.08932366889935925,0.02188825422374548,-0.006157928475532691,0.030385174723460886,0.11537727028522124,-0.04072949862026238,0.0025621522257593832,0.0028281878163236756,0.11339013500853239,0.06207303950314865,0.005355751905174427,0.07541449789258219,0.05750507132511077,0.02038083672434277,-0.009165571972777238,,0.08538547444539427,-0.004422294370586898,
ICAM4,,,0.03188209910266821,0.06645129853970051,,0.014141985095030785,0.023545180454311223,,,-0.021312212163575234,,,,,,,0.08937096007506144,,,0.04119019014794751,,,,0.04620124316134467,-0.02984964081957374,
TDGF1,,,,,,,,0.032703850244615786,,0.02006456683837481,0.008999415671065963,-0.05288758595529222,,,,,,,,,,,,,,
ANGPTL1,0.20981336812574894,0.04981118084025567,0.01715068616438103,0.05598992447462379,,0.00957756891720815,-0.017093514421875136,0.036222245617670464,-0.004889331788595561,0.050272986561293184,-0.03856615450075135,0.03335932606109088,0.09472723019028197,0.009369059688789948,-0.014170093651442749,,0.03410581894154484,0.04060900236759615,0.05755373044069825,0.009821130568138109,-0.09993751365248861,0.05373352586458211,,-0.02850812672131731,-0.050205161561514,0.07057766724922236
LTBP1,-0.01456269883788374,0.17105718978050147,-0.04286811490120743,-0.009272598281398443,0.006874043048019947,-0.0032992837101564173,0.007390890618998932,0.031755552797944245,0.026758153888179675,0.010167770881853236,-0.02074553846023197,-0.03881292214017107,0.005311483098580485,-0.04300049816553448,0.0578149095344273,-0.018970354683098448,0.006069578390861208,0.055619028219410095,-0.02366091622392655,0.0004760886436429064,0.03631170285139583,-0.06278363978513882,-0.029072598894124852,0.01647160075884509,-0.06713448220510347,0.041164635675464606
CD160,,,,-0.015976577653224876,,,,,,,,,,,,,,,,,,,,,,
NTN4,0.1562233508610958,0.08421143378045838,0.040410026606558805,-0.016814872640447637,0.15018605393088122,-0.005170456604492256,0.006914108972530571,0.036259286752726806,-0.004422916351632528,0.00992100003115471,0.013249846975565392,0.24855600383544887,0.06072460928370761,0.12449233333452693,-0.06503206555610662,-0.010584663933707326,0.013352967566408823,0.02623999560943434,0.07422036450594219,0.1277027161085193,-0.020540496286266658,0.04383199054988439,0.07055228371279759,0.038245060296504416,-0.00594773731680328,-0.034671138777860724
APP,0.3768332849634901,0.15660886455171819,0.09021947084691681,0.013761334350630493,0.07948170348545225,0.034122712093659864,0.08566904925957429,-0.01377712556043125,-0.05157673283179405,0.021105043819966255,-0.0014810523780595844,0.3641743315858227,0.046681613028847546,0.0857942211529386,0.009097444030048132,0.135726246753818,-0.042870427581724935,0.03831927379776944,-0.028427547208382656,0.09182400654230996,0.012882506837904631,0.04552682601203139,-0.013153278263893866,-0.013312985612145412,0.2680407519709872,-0.02100370229265066
RIMS2,-0.08288503830235978,0.15125735893738726,0.0691846390324089,0.019640135106748818,0.04892083578542757,0.0203634730902366,0.14215718566999958,-0.0029943430439894636,0.03759210608229792,0.03013227362765931,0.027724976276740358,0.2925453011091313,0.00998261424042469,0.09617651558968358,-0.019400697547009918,0.1390032764322896,,0.021687394265431263,0.08513896073550202,0.15947906099841633,0.05910842964896131,0.061984473585884894,-0.02081062447410554,0.014120304022681903,0.23497506591073883,0.05168911639860962
WNT7A,-0.041097336040136434,0.07649127502824775,0.02674423085917092,-0.021906097374046463,-0.025791355346944406,0.03966671768463583,0.022150124909406384,0.008306000466010797,-0.010950086792937873,-0.014697012377351574,0.016519979608833637,0.09696954592663436,,-0.04120133833855788,-0.05921871362059433,-0.04331258974766978,-0.012612061939896606,-0.0008865763567791051,0.0328507524734106,-0.02488691129514016,-0.07529052648820708,-0.028974401458924576,0.04437137652145983,0.09411588818019094,0.06579684096805305,0.012161940131162272
GAST,,,,,,,,,,,,,,,,,,,,-0.0038525409200851437,0.017297265551622865,,,0.05022722265245148,0.010914967476881612,
GPI,0.3812449611552203,-0.05580548856885443,-0.1469132775048391,-0.0005033583465514219,-0.15233704508016563,0.039259406744502415,-0.10044653267359663,-0.05959561592261214,0.05241482373038614,-0.0016806566240213294,0.04402856120637551,0.40058731128318587,-0.06608646881973392,-0.01896276699793782,-0.027295107131550225,-0.1770935283671243,-0.019767654508874705,0.07536688927668019,-0.13306753864622206,-0.18147411814685288,-0.019952862968551335,-0.03393130090380183,-0.06449745189811913,-0.07576962434535761,-0.10874387431882297,0.17098464394796498
IL1B,0.023984827654516972,0.08427706247171952,-0.006363476867509571,-0.0005722713941027467,0.04926029423794128,-0.06777834683839354,-0.10009442333654467,-0.019767865986271567,0.05391721539244087,0.09514370223555343,0.00725301837166578,-0.17223024383396704,0.06889385290952395,-0.014953213697919856,-0.08978013270046453,-0.15285735508080228,0.09393408970476678,-0.03374788607539596,-0.13277944666494196,-0.17640281129676652,-0.005488424828354804,-0.023895994170507105,-0.05877067888856958,0.06297954841603184,-0.11184003337259281,-0.02747535310095509
SFTPA2,,,,,,,,,,,,,,0.009350206415027562,,,,,-0.023794514139835545,-0.0015735434704542918,,-0.036780716509919105,,,-0.026544672845395384,
HAS2,0.09004379534363613,-0.006783214801598512,-0.15292938240230222,-0.008983795189215781,0.08326703791600949,0.02715844874003121,0.023484336255661136,0.10067218498125538,0.048335535617599915,-0.016115964663828884,-0.026725101524218878,-0.053316578682389044,-0.023338002071049243,-0.04792008914682714,0.06899656305217208,-0.06855933828519306,0.09864145953437499,0.13680886171394316,0.058453661003902126,0.14776527955367177,0.016769827484367027,0.043019821742543644,0.02923261520481365,0.013321753922999875,0.041548580362884065,
IL11,,,0.030477204289157112,,-0.08100089941359528,0.01557513129875017,-0.005492848430743215,0.01907121261738518,-0.023913073338260184,-0.006661466274273108,,-0.0306554483618029,-0.022524074640024615,0.05381889785323423,0.028143726276230224,-0.10122018159279383,-0.035662722118946916,,-0.02402580682780108,-0.05895229001146848,-0.0702464878741328,0.03417143578100765,-0.04686944110007562,0.010841999537030035,-0.0027323455782916665,
SEMA4B,0.10982458669917863,0.050454919207113764,0.026821349627375913,0.002715664447076318,0.0766332181169201,0.06709389456754636,0.007949121223363304,0.006177952864021876,0.07520100380611669,0.00868658286737006,0.0461447828327221,-0.0016447631300594982,0.008706008846649507,0.017350324649000087,0.07798703727815208,0.01796916004216163,0.08263124998937807,0.024485417252871965,-0.00272589638801875,0.05254666089633434,-0.06263734005673081,-0.052949094043907644,0.07474831178931754,0.11198199955619749,0.04895497701672212,-0.14594833795925338
FGF12,0.13993499618826205,0.15224215562368643,0.14283289307251593,-0.010471066810863548,0.14703643583888565,0.043742151064361016,0.0558521743898,0.0915124343701256,0.008164221224298737,0.04289574024499228,0.032285879109982256,0.36525207535601717,0.057216347853366954,0.17284292549505734,0.01589808821570142,0.11905748679212898,0.025665500925772564,0.07020123754778376,0.13191398358300635,0.14555099434907537,0.048129754519249945,0.08619281515831853,-0.17880234746857143,0.13649997062141078,0.15469967721933556,0.14671066138418326
CP,-0.21439032479294848,-0.06634174349633962,-0.059974495748000074,0.02245383031616966,0.06434027824419138,0.09260890960911106,-0.06093512246146634,0.03518468287784651,0.04467562629668045,0.01979439699465981,-0.0544059343925371,-0.28216451732451897,-0.01851223857431148,0.023695315058500043,-0.007550335728878553,-0.10032478016175057,-0.1073976969703716,-0.006752476088224254,-0.13606980656165144,-0.07646722105344282,0.05775717378858216,0.007166153453506991,0.07554628307534621,0.04380832329287549,0.018731225987090754,0.015189987964443442
NLGN3,0.3412207414286926,0.2305261568375528,0.33205705555890624,0.007066768832046529,0.2014006992908591,0.030629966526378956,-0.02575796063973341,0.06291676877061873,0.08692051557164548,0.07573630757620084,0.03769120790851241,0.05594326120186859,0.03693814483861388,0.04428523830040252,0.06598564647905704,0.22600573868012963,0.09370605506675844,0.1280505211193103,0.14542521589025897,0.21336016526082358,0.07967403692776878,0.06543755851495836,0.13985682488795861,0.3591067098569351,0.22503502102435294,0.055342475222459324
GZMB,-0.00636553770712321,,0.0010411710828653593,-0.009985928047537975,0.0549253775808555,0.03218839949410627,0.027034514724070455,0.038345526026052984,,0.0018724015507047833,0.026692279221277516,0.02406094109348556,0.0009042731427945468,,,,,,0.013060233215173854,-0.08525892156840723,,0.06300316487263755,,-0.009366115989778965,0.11738744175024117,
PROC,-0.09199714772208141,0.029328266721238106,-0.04340017111951432,-0.021393867472786918,,-0.022318243642634367,0.02269388449220932,0.03660375535924105,0.028213877486942197,-0.02366791016149372,-0.002738253294456043,-0.002684406729077399,,0.02497610785737964,-0.05070106845960856,-0.0633291283833395,0.04042975038538137,0.07785574744555149,-0.006662816749268496,0.011409097665143489,0.023690734041186965,-0.0039953910559446144,-0.016489560668374145,0.04530076061188638,0.004840475643121801,
TNFSF11,,,-0.008751794751804518,,,,,,,,,,0.012897065419047057,,-0.0642427036584993,,,,0.0182491179044036,0.039011530887881916,,,,-0.07610938482818315,-0.0162462761314647,
AGT,0.3738808081141975,0.12388732168441988,0.26315275390456544,-0.012109137011493023,0.09406007902128956,0.012443359732535242,-0.02586371294341714,0.027431954951528045,0.04818300190988634,0.012381662152690332,-0.027736010767934017,0.12800607230852076,0.0023951017864990566,-0.04576018649625458,0.15534143931753586,0.2028147755018193,0.18065121400096276,0.1501207541371882,-0.13356075605076329,-0.13257212094174456,-0.017742849489986588,0.04348935718333817,-0.010603398390894704,0.2716780630342407,0.1324445042972523,-0.1295975709198207
PTHLH,0.04798067600231036,0.037431992391899545,-0.04419607209661303,-0.010379983510805369,0.09059508515944324,0.02699009522616013,0.07405330100894535,-0.024371939343194045,0.01606503950017445,0.021831502781615275,0.007321619345617505,0.0493280224494146,-0.03210259961088516,-0.046937279210272354,0.032655549391324666,-0.030717129206033426,0.11745651744970041,0.03450256108566794,-0.005539920356327871,0.0041033076078053985,0.04957171844566704,0.003318128191158372,0.018136060583414184,0.11831757117873622,0.037285382449883664,0.0641287031568323
COL1A1,0.048378253715815875,0.09506601654476644,-0.024678823933732257,-0.019616740085884137,0.07122177231807848,-0.08655543551021537,-0.03076147962756855,0.04289574964748539,0.015262574052514858,0.050414384809566434,0.03061293868887654,-0.21960207845393245,0.03952523134322106,0.06249251096012088,-0.09994965538298152,0.07350843119212999,-0.05488981716580195,0.08364303033513484,-0.06353683692100308,-0.10175101470410008,-0.02413329889130486,0.04419832144143366,-0.04255226373335376,-0.22751837660030624,0.0849642731732536,0.003858310745423964
LAMB2,0.2029036678895393,-0.05031695713108803,-0.057413597947985014,-0.011207223617036332,-0.025123685917125937,0.045894758689922314,0.05320174526066251,0.02832825198699151,0.07578037460840979,0.04667738262285621,-0.013759902109412935,-0.07856057528166989,-0.035777295068098534,-0.12031913607688192,0.05119087646166482,0.07018283523025287,-0.07060939046002995,0.1321342107426649,-0.02885687925003356,-0.06655858075117081,0.008644070034646695,-0.026375137975009483,0.024253120120286437,-0.028753439206910196,0.015111323272070423,0.05592732411727654
DSC2,-0.11012800144913504,-0.0054939142508186375,-0.014445599460324317,0.04340935375076088,-0.004496864512614508,-0.0013116275326395031,0.0862651224541572,-0.006113664476310567,0.05676286790726836,0.038588523482377256,0.001866722825557242,-0.09721208047799704,0.04655987126264422,-0.008441056731043584,0.009362909888368645,-0.11123417112632136,0.06262122299370058,0.003381927006836564,0.004551996650815309,0.02125999296765074,0.07268423821491721,-0.006972236498690775,-0.014478917073910545,0.18322909795562062,0.021047044759842027,0.07656844477225949
WNT5B,0.021147092967363383,-0.01140250210597249,0.06760288857113025,0.01683478076864089,-0.06384187097900625,-0.03176655583211772,0.10634557244555022,0.0323276895373082,0.03434914561394576,0.05532422498130225,0.04410763869406604,0.046223744167659855,-0.011649161253096752,0.03592544337866476,-0.08492199877179936,-0.07158847189838334,-0.06366563648982784,0.1039650369887088,0.04051725189256077,0.0993817099725397,-0.020776011132343643,-0.031679379912895246,,-0.0011021846942747347,0.020033361765895385,-0.05472626744339063
LEFTY1,0.10356654667559184,,-0.007941727738436322,0.06798296844061114,-0.013249329670691095,0.0324274988658599,-0.024887638919963224,-0.029307967752984002,0.059869886594904914,0.004647153103244143,-0.003007916082517148,0.18488654410091385,,-0.0152955005461985,-0.014037884840336263,0.0011490743373331618,0.021588167113856246,0.05994336750013418,-0.006047181941245156,0.07816440127836789,0.04089814254478639,0.023290217658069347,-0.04087628372472097,0.08297761713531587,-0.007807756630879051,
FGL1,,,0.052185576268698845,,,-0.031103185477714047,0.05262228893156179,0.011381348475387285,0.014096454465339617,,,-0.05772696463011936,,-0.014606146147769748,,,,,0.060018473796633956,0.041517451581548896,-0.004420457148643133,0.018254684270045958,,,0.02518005426791102,0.012926473380562397
CXCL5,-0.10622889028219411,0.019208166814210715,0.04270775629020616,0.04603244428214075,,-0.016616927779617673,0.01718567108506287,0.00040322522407828143,0.0022999490857967407,-0.00525202154411017,-0.024322489206922013,0.0489038738521514,-0.0020840707401341444,,-0.11107716074872036,0.07337886438434402,,,-0.14944118574099605,-0.14362025569305717,-0.048718298552703064,-0.0329615585914507,,0.0752220226008902,-0.01854551851949334,0.023743839669936026
S100A1,-0.3486862495999353,0.212780906167601,0.04636963291198008,-0.06837871701264732,0.08407663648748256,0.0010622659989491898,0.017809325001699957,-0.04973093645694708,-0.0446335058056943,-0.03636200570450735,0.01465708552955408,-0.10551988972162887,-0.026899732910054007,0.19699014832081144,-0.05871024998991827,-0.009859577947808479,0.024202328807911084,-0.03161101380523421,0.1074748324911484,0.12146857770487463,0.006243759400160519,0.0837887987601455,-0.043911182159867126,0.18506836060422382,0.07194414788546219,-0.012300421543351238
C4BPA,,,,,,-0.00033455768733692845,,,,0.020661964992440073,,,,,0.1097386021076327,,,,,,,,,-0.016687188191133785,,
NPTX1,0.07456541598708208,0.258087683257425,-0.008278587833761617,0.023450563225938716,0.08368719009038786,0.03597026063264444,0.1515621817368429,-0.04493530098618902,-0.036643197205845246,-0.038627554757215174,0.0594105768522942,0.3267277148356532,0.011576817641720694,-0.005772896581522389,0.060868652389459696,-0.19094717486055796,-0.0674600987199911,-0.01273747814251172,0.0024791477549413717,-0.0400402353251021,-0.012703327895014572,-0.07405107956888178,-0.1164944728060375,,0.24653813142453246,0.15405230864909747
TGS1,0.14103347245062614,0.09489600668830042,0.03368251753610717,0.011114140792401181,0.07274460980054637,0.01677950625877078,-0.010493802007168956,0.07418390047317591,0.06702037318221066,0.06084035231650765,0.03512495676496381,0.04802701191919104,0.048046430714178495,0.012068236829525023,-0.07051731379320014,0.007432233359440105,0.04740813618401037,0.04710348861165473,0.06764165277545753,0.08570601545939673,0.04942542526801798,0.01077522882160003,-0.02424584439316525,0.17591005794601772,0.010907301979423223,0.006041861297754819
SST,0.014066098198236258,0.14567044530470308,0.07951760410975252,0.03992471018348579,-0.0337952627981897,0.023615790104319984,0.07681203269405579,-0.012774949232523149,-0.0301173618520008,-0.02506861604176113,0.07790117308633182,0.07206041192690597,,0.08822926303031127,,,,,0.010523717230013201,0.048534865460717815,-0.011836136528854208,0.05157262952980257,0.00031595841409212693,,0.126781118653738,0.13347319862121151
IL34,-0.03756088372495343,0.17038429172386946,0.05683513271162929,0.01530484179324958,0.003081144587915281,0.017476190224173654,0.09576858947217574,-0.017224675820291163,0.01231694399098706,0.02274998073848578,0.035437618750241436,0.13549603128009735,-0.01724730060341641,0.13989153427056886,-0.045818621538885794,-0.02302996104541948,0.012005401966254995,-0.037138176011559366,0.027678869959178606,-0.06141407743178792,0.0024205700676444525,-0.004635644295832077,0.02614411413739003,0.013035099579351367,0.15201149250444984,0.1335569503838486
DHH,,,,,0.07169704124557695,,,,,,,-0.042984143314899116,,,-0.03127987215542293,,,,-0.008737728292757119,0.01924166274452825,-0.004303436884928991,0.058490068403589876,,0.00391277586495819,,
XCL2,-0.07792775650517657,,-0.02065685253993635,,,,-0.07025172735694939,,,0.040909659734569705,,,0.07606891423505115,,,,,,,,,,,0.010925494080738233,0.05914825589870581,
RSPO1,,,,,,,,,,,,,,-8.545037999561581e-05,,,,,,,,,,,,
TF,-0.5169133687027736,0.10669125653714141,0.059582978213359124,-0.000528830904817596,0.10678421485083722,0.038887635848126635,0.11216995414138564,0.03816361578124325,-0.05074938166957001,0.05605333977960321,0.04569138531928943,-0.3256240090745909,-0.008112192773755904,0.1286096576545705,-0.08921911954630776,-0.013480075430206493,-0.03932122567827314,-0.0513933582789435,0.1618714489018998,0.22366419572514673,0.07828857561619926,0.02736003133966163,0.09790546124177923,0.05037925763809754,0.22432093296555816,-0.1746739834579341
IL33,0.22179580852011818,-0.021358142305381134,-0.01504435721699003,0.02739814312039019,0.06484606180372343,-0.00856568287117013,0.04940153096897905,-0.023592036341136643,0.0367548775846354,0.027049787842026482,-0.03182570342181763,0.021841069080600337,-0.046227824708351135,-0.006493672404547508,-0.008632760140344977,0.023692550535207864,-0.011169366318219031,0.15070838952615684,0.007742784540504298,-0.023876301882792945,0.061683846133936265,-0.03040374005262638,0.037230743780502486,0.02121508466122448,-0.039509586845675876,-0.10799418551423684
RBP4,,0.0010849527327998982,0.07965146734727838,0.010381976844312803,-0.0025896163892721803,-0.04350597382618051,0.0963263583698301,0.056915745815511266,0.05013302484462866,-0.01829727792176631,0.011092436288955239,0.19898844365534363,-0.011974568999462783,0.1652899160327272,-0.05039766760790392,0.03408575511595671,,-0.052884279794912885,0.09767168634693875,0.13572217252157265,-0.021028490901778503,0.05818594938905371,-0.09162772827938971,0.057986488833939295,0.20979633799045105,0.022199879107234814
CCL19,,,,-0.041730283648133464,,,,0.024064441974280898,,0.005212938753339476,-0.038463707641293914,-0.09021615317675415,-0.03459129445348057,,,,,-0.07515946696815214,,,,,,0.01293570279003744,-0.0580036667222859,
CCL20,,-0.06275098472093624,-0.10007284555505887,-0.027322636195422245,-0.0462717051046286,-0.007910326974961239,-0.05501448540385416,,-0.018992274756262893,-0.04659135647304508,,-0.06270839395393155,0.010171562424265788,-0.04022302901263757,,-0.07022135700169542,0.04931002466201358,,-0.18645502007233303,-0.18522817161970817,-0.011761748235422476,-0.04949055954524185,,0.011239087419051634,-0.13926463587779386,
NAMPT,-0.1915717427465404,-0.21356124018675904,-0.22951750372991803,0.045970852261068514,-0.08259862066281032,-0.0007102794595724879,-0.06552731251641965,0.049796491715648886,0.03407448075111132,-0.052893300529657364,-0.014420742104011596,-0.1831522844907144,-0.05466929036641059,-0.1025375177864461,0.11303866344375454,-0.09558632377647532,-0.026150582942966457,-0.008669997810990017,-0.1169622127874715,-0.1613234877428386,0.03536985358654155,0.022800964053387537,0.06798382935347483,-0.1409212928836166,-0.0535590387504209,-0.12616474877621137
