,MGH258,UKF243,UKF248,UKF251,UKF255,UKF259,UKF260,UKF266,UKF269,UKF275,UKF296,UKF304,UKF313,UKF334,ZH1007inf,ZH1007nec,ZH1019T1,ZH1019inf,ZH8811Abulk,ZH8811Bbulk,ZH8812bulk,ZH881T1,ZH881inf,ZH916T1,ZH916bulk,ZH916inf
IGFL3,,,,,,,,,-0.06804215159185707,,,,,,,,,,,,-0.051447180378957694,,,0.029063186085497506,,
BMP1,0.05654533640508559,0.16871490458963084,0.11650754505892838,-0.00373914440122912,0.02717719767603689,-0.001268104984375941,-0.026944229539226865,-0.06153634335030774,-0.3113182912119559,0.07111863765068045,-0.0027977499722228773,-0.015543792795861528,0.08909544014394088,-0.028708648158002736,0.04154931215503372,0.13121734598762833,0.06848556452747392,0.1066818616165529,0.16385232557186347,0.23168620669886322,0.18316492681552635,-0.017494376502204066,0.10000466744570732,-0.14204944383146462,0.11119761118789007,-0.043823296043550675
NDP,0.10833406506261418,0.27928371730431467,0.06235812899060385,-0.0051680440268614515,0.05845474965548231,0.022742460921344083,0.037336155137892284,0.044834138240098166,-0.053647485175361415,0.018554023121237162,0.003457652709039132,0.03497526947108842,0.05606030267908762,0.0255337581717726,0.07544064401219198,-0.029550006320560925,-0.05182740767857985,0.06932972981955127,0.08642271215223403,0.01602706942268514,0.11442802942894122,0.07540781338782812,0.03454127059325684,0.1891458204212679,0.05163383813891152,-0.02373552032748184
TNFSF18,0.07279049701071297,-0.01321067701080759,0.05357179740823719,0.04009503961404684,,,,0.034419568769623404,-0.08104822327299659,0.026469175062989854,,,,,-0.0069043040411331915,,-0.013919889838348937,,,,0.0697393869228478,,0.012114127664845136,-0.0393651559504156,0.09103028812399687,
IL36G,,,,,,,,,,,,,,0.002216518410362842,,,,,,,,,,,,
RTN4,0.030180363562936116,-0.11878061492706994,0.05285604057528899,0.07935530353190337,0.01652948520892815,0.04524806961978066,0.10151388422930108,0.2173464627463405,0.38737378611656764,-0.01416004205027781,-0.013600354840726584,0.13325628788374225,0.017451762707260662,0.12686894392586462,0.037947782761794675,0.07109345809297751,0.022676796992813553,-0.0826387806846321,-0.08708881047512763,-0.06994605929574672,-0.2345095841251015,-0.12084053484864037,0.009534620033253014,0.11282352294028543,-0.2016878371560106,-0.06401225899066539
HEBP1,-0.0067970162367158625,0.03293489566295635,0.09694692897030129,-0.02965492236354518,0.07964107426325556,-0.016157202419594528,-0.034035171654580317,-0.029538354603862726,-0.1408399819068228,-0.03401096774098433,-0.014076048955240738,0.02192978540930493,-0.02684613768939053,0.06276538028887443,0.06010540474927918,0.028903231160450953,0.06388866143749876,0.03554405007267525,0.011879692817922845,0.08872123574173436,-0.0001271297410266644,0.03253286840154138,-0.04403762913906256,0.04382320561570199,0.0672053853892876,0.10233288343573378
WNT7B,-0.012980897261423282,0.039533074588307154,0.026939571057007918,-0.012360592077752187,-0.05457823592951922,-0.03695471928557115,0.007955035996372022,0.0510199747918694,0.19620558842629207,0.025004038716722708,0.03474521161872989,,0.04995176548101886,0.0406315703776267,0.03161711965174092,0.1014733026607827,,0.03206908306257442,-0.013608370912135043,0.03324144626141805,0.0093168025484697,0.007847976337601575,-0.09157576499337435,-0.05203629675361639,-0.004069281845992636,0.05416926215161172
PTMA,0.03208976561862733,-0.3166816335122352,-0.005798509428841908,0.006431161905566928,-0.0857124722588677,-0.09175662243985623,-0.1635042695021592,-0.24909651766113472,0.114731436959294,-0.15335761530670636,-0.057553363428953896,-0.0548430118894772,0.08880457821801976,-0.12986412603429642,0.04316735026889561,-0.10263749296032607,-0.08051174979562908,-0.2084978963422681,-0.16378990227854406,-0.09611171813013047,-0.24204250058718887,-0.1752121622368304,0.0691195066405921,-0.2543447479357432,0.03152837279813367,-0.0749563854846306
FASLG,0.008877806150122087,,,,,,,,,,,,,,,,,,,,,,,-0.039473686554805355,,
CEACAM1,0.022888945431584058,,0.047347815315893126,-0.021027519979937154,,0.005808460808594294,0.054388033638118796,,-0.07503780791446561,-0.053488713698064856,,,,,,-0.02755213477319927,-0.022469773885661314,0.022104718537799023,0.013312886363657864,-0.06194735929213784,0.09286747259891427,-0.0261584392940785,,0.059794588845416115,,
PDAP1,0.07447972604164138,0.00474596444286311,0.08793406975106215,0.03521427139045613,0.013079233540198137,0.020676996616649308,-0.0632692204943278,-0.046964169266665856,-0.23622254318910454,0.03655081077878597,-0.04397772587032286,0.0014009033631450498,0.10736006206634512,0.0018730838035096085,-0.041251231049716376,-0.04532643333502267,0.052903906936427936,0.04072804386470071,-0.09573637156486832,-0.008915659072237932,0.09604532686707579,-0.009998747183206348,0.07128379624767435,0.09744043666860384,0.08430372900407172,0.1415927253139767
QDPR,0.05363515142007512,0.11897104071017858,0.026041087729068095,0.0041203375817517995,-0.07830550733326387,0.0441400978786301,0.12064183569548499,0.11206465334217612,0.17858977238867496,0.0018500655161416048,-0.04108622205604613,0.16062764569801957,0.1270312059246172,0.1149470809498491,0.06237462480942541,0.17867097841667878,0.07791558388370319,-0.09736736570105428,-0.08554455080151283,0.06126444640290007,-0.21989507683580184,0.019363956210949586,0.058791921311603164,0.05052582942006306,-0.16291043388047144,-0.006945397364534628
POMC,0.03551677273412001,0.07840149845886042,0.025777258705097353,0.033093123595048034,,-0.012390655974110454,0.05552233033218934,-0.0010131482308437766,-0.04660320271402158,0.045534154761957275,-0.007838361522175218,0.031889904061332505,0.005624382388022631,0.007545580126583289,0.05777627633056745,0.08885630805767333,-0.05121519194326324,-0.027804494588873643,-0.0533858628134961,0.02686519433742728,0.015534781013898949,0.04214146445416416,,-0.007818546062540385,0.01616656337401496,-0.12376485952669213
CCL18,,-0.08789095245612649,-0.02701798362869639,,,,,,,,,-0.018189251106037318,0.07270585082032481,,,-0.011462893655226887,,-0.08249875811624198,-0.035691077993886766,0.10018637830615273,,0.00322965340474248,,,,
CCL17,,,,,,0.010584623356236347,,,,0.03841257896856297,-0.014774942250522,,,-0.04662635433380056,,,,,0.1721637879168922,0.14976944850165316,0.05104332883044214,,,0.02701563867221931,,
VEGFD,,0.02235543705007132,0.06512060441091279,0.018092120777033153,,-0.02023252625288893,-0.00047962044373839455,,-0.06687755374365167,0.010671402556088071,0.007075866530940311,-0.010752279886806115,0.07630835974125234,0.03019299905012708,,-0.03511397287279421,-0.04225484128124489,,,-0.006867063437211605,0.03938090581649602,,,,,
TNFSF13,,,-0.01338791589506643,,,-0.040676708941502354,,0.04203848434879746,,,,,,,,,,,-0.0070437953418679335,0.005996291656741058,0.04071453684169499,-0.027995680550828173,,-0.03624452044123587,0.03129390341894127,
WNT5A,0.027862597394491772,0.01950144554237447,0.041699936233755605,0.03994062011251486,0.019117742123837555,0.01890935105872045,-0.08644969703070418,-0.09264132935527315,-0.2012365496342768,0.014741217933395114,-0.006191966161908149,0.010197885049842722,0.061998454558425446,0.04120426398721919,0.015864003016815263,0.07034810007838392,0.06309652904068984,0.07858294704039831,0.09483111889315057,0.03947003609364168,0.06285563607652982,-0.024357727338237052,-0.0026619971669795063,0.018051715612261023,0.0783926827492784,-0.04139028600029855
CXCL8,,-0.316181327183092,-0.022406540275333082,0.02871101610622467,0.029829233561842854,-0.10414508788973878,0.012289643517182024,-0.014753254029140923,-0.16033800263133163,0.022461796316885694,-0.0400824259596922,-0.030683798286078187,0.10634918740776957,-0.1451602422090265,,0.013036173851020487,0.03507884367337647,-0.14146358517674706,0.3346787558003206,0.2359051095000226,0.026814162235842934,-0.022736884713339435,0.05602209666349062,-0.026993241972497944,0.1991975375614429,-0.01735943587755657
GRN,-0.08923377369877217,0.08691295172256651,0.07685773933701724,0.005311017987296015,-0.006432288548476391,0.051618612213311946,-0.0353728200307291,-0.045478050571642684,-0.3107128464777346,0.049354975027264755,0.012034462777519683,0.07694071122915007,-0.030200284085273463,0.09213055623176435,0.1058967914791503,-0.03857997020308949,0.11539739835370619,0.06312184881921332,-0.03573271692654317,0.03752504679762875,0.23223333149525663,0.04558662923027085,0.05400877160925197,-0.09037220192877689,-0.03413449205910867,-0.05395188197157265
MIA,0.054926743710052586,-0.0005826482553613779,0.018742632455055603,-0.04564807236499383,0.03787186889708079,-0.015068066656130578,0.04030074488923195,-0.044741891622898496,-0.13532897132563335,0.0076640444585218594,-0.0015952637384630956,,0.04122059755161514,-0.011036728417110597,0.057612610189428134,0.075732380804378,0.037585628885760246,0.08754919036645442,0.0021965656485568967,0.02373812257846616,0.12647951194358686,-0.0005426875021528995,,0.10473635024462737,0.15338217753013106,
COL4A4,0.010883613259098313,0.05865840135499939,0.04343091068642481,-0.006945967387677487,0.008103303046557906,0.04294392896358634,-0.06370404636681389,-0.02706849378930118,-0.011399717056429413,0.0517958717089815,0.026390169054555324,,,-0.007573115499371422,,,-0.07548945466529923,-0.0339574174650109,-0.009539907877288246,-0.018763150993327725,-0.0019970180546820594,-0.057176513826042365,,-0.030962239158061837,0.05869437244488185,
TAC1,0.02088890489501345,0.003993259652214585,0.07542899849901297,-0.006061659260432492,-0.004179528872677745,-0.020728706869555448,0.186449610495912,0.15439379363968184,0.292190364770633,-0.046191906008967644,0.04196250622238432,0.03451222321260112,,0.11829127943719923,,,,,,,,0.0591806161051884,-0.023148591223694098,0.026400427471994607,-0.1300391211595636,0.04370252851662695
RARRES2,0.01762346095855858,0.126729657773962,0.055142583460961424,0.07054007301344489,-0.01961552887978211,-0.030526610445739146,-0.055904850020065115,-0.11011597713012827,-0.3241184188624267,-0.15718624437801224,0.03519681814308766,-0.08396918135107999,-0.019026124090422755,-0.0448900754807946,0.05131132728747259,0.09915444503242546,-0.17997456033141096,-0.01861108595059452,0.2156247720604347,0.14148978801544318,-0.06811266642993095,-0.031985642010472305,0.19997959607542873,0.09583572277532366,0.16666050585519748,0.019616736231500016
FGF7,0.04948636478347246,0.042002894778242456,,-0.06889898703886904,-0.04190972112952217,-0.012008148526979736,0.09968440676846363,-0.021781564762321695,-0.0723489125965119,-0.001412891393826475,-0.007588492761456481,0.05014200842293065,0.01681964531601001,0.010832324247099658,0.140900442635258,-0.026190149075821605,0.044361677497115094,0.06340899625820372,-0.02993124576086648,-0.044357656128830344,-0.020641646360981883,-0.04880014235586482,0.025946490117204485,0.14981212292827017,0.0830136483534089,0.018383221166596173
EFNA2,,,,,,,,,,,,,,,,,,,,-0.04449154538719327,,,,,,
HBEGF,-0.06760984556496623,0.14184847100752793,0.08568034042281447,0.08935487028295817,0.06781750073243713,-0.004962149799363692,0.06012704164067669,-0.0761121556776111,-0.15067200493034835,0.06234337592981976,-0.01684193131503391,0.05931029157402923,0.07970291540438851,-0.03987001842868743,0.03605360941487036,0.2481703692207211,-0.025329836633168044,0.006014757689985295,0.17495326716966897,0.1459987892977267,-0.012488764866349367,-0.011845618849494075,0.09026778731182299,-0.011823024520005616,0.1518830316961792,-0.006140535156042609
CSF3,,-0.014054854769322018,,,0.04830683770420611,-0.09697265023090441,0.12273766667556561,,-0.04557700606741763,,,,0.0888708773654365,,,,,,0.28556422858511793,0.3148778691968184,,-0.042726469376151543,-0.0786199994167227,0.085118403337896,0.11210795018782821,
PI3,,-0.045214635313778104,0.03548300374873416,,0.051321232027412074,-0.03384376158996048,0.10689228602157982,,-0.10337555647515968,,,,,,,0.1328886625488279,,,0.24504770864585992,0.20420676024343415,0.10372768567224995,0.009054086433443152,,-0.1029535720365342,0.17234352926081048,
PCSK1N,-0.018939771128603042,0.2462521579039765,0.011885979175298012,-0.04900352613790777,-0.02257866793662013,0.05474405055979339,-0.00043905254793366545,0.12719845018322143,0.17963243464744807,0.039064539046050846,0.06109582002650021,0.037599372141125215,0.02929882513168854,0.20549735512079068,0.07347604698528341,0.1091295151467873,0.06014794965604818,0.038900576257466665,-0.04072817974820082,-0.13492410711652272,0.08718556724280076,-0.08247082667773135,-0.09895461717503454,0.2317743636908539,-0.20573064561763146,0.06120457065175981
NTS,,,,,,,-0.05779929317441382,0.06952536698900902,-0.04847273870026618,-0.05044194060283902,-0.006339282078765953,-0.024023688068798503,,,,,,,-0.04847280259191284,-0.040999146937952737,,0.03682260854565614,,0.0319819958851128,,
SFRP1,0.02244065641540665,0.05314279360272202,0.056543355901628206,0.005336907187015938,,-0.007250544118502694,-0.04945693561519766,-0.003033186674563914,0.014261640112201117,-0.04706742842618564,0.03392359687770201,0.04325692740738946,0.0505471960792956,0.033441345464382995,0.13203810712233774,-0.02531558169618507,0.022753878076862452,0.12556492806981503,-0.04749450689193474,0.0070024548321950195,-0.0708205343095713,-0.01957880158342701,0.23170419951471785,-0.09773614247630709,-0.0014268413240141116,0.10556863359757196
CXCL13,,,,0.06597986133127685,-0.015736118841392293,,0.05484685507682291,,,,,,0.08534825563390266,,,,,,0.10124455193162683,0.18673381705158043,,-0.057375078332217506,,,0.02031487823901138,
MICA,0.05547010206164597,-0.029027227684661074,0.05598653976033417,0.04039451700378293,0.026748625760620592,-0.0941551639337917,0.06466468046162173,-0.04524811212822212,-0.10383502301732582,0.041694693573878915,0.04875756150796209,0.05505084782754512,0.003888596249953364,-0.0731644864959568,0.08160060273610645,0.14087996907404976,0.06938104765823334,-0.04598763019346155,-0.05779235269524305,0.07651888267554464,0.13915005103469733,0.03657481173206613,0.0005542082120795419,0.06454618877675208,0.13587911597862418,0.0902317674253068
TG,0.05228588466052124,-0.140819890172288,0.03315162385033691,-0.022037082204989945,,-0.013949228858018773,-0.0932305971849577,-0.0647213217621981,-0.027503343213295093,-0.06855478635275641,0.016129413599996388,,0.03273949830042214,-0.04477293526977073,0.03328538790826869,-0.014704301188994006,-0.043001874306742204,0.01425096451910992,-0.023292798567870424,0.03732319064927705,,-0.014983270462164789,,0.031190711440686695,0.010397878365101088,
ADA,0.06030393315276739,0.04984537554310476,-0.004473353986324007,-0.003004863563032722,0.04930594535250648,0.02540055993843595,0.02692753209385358,-0.044347917750612434,-0.241146027287335,0.07588082610359387,-0.014400045248691845,0.014175913472085827,0.0824142499599693,-0.020413758406108495,0.09565799067610752,-0.1296586720822284,0.10618224197625546,-0.03464117343646666,-0.046211174507653184,0.0005966785754420367,0.1624403665269502,-0.04176124967024457,0.08376264906967651,-0.04226997599140432,0.04147897743328507,0.037895757498043095
LAMC3,0.06119149487954896,0.044000023880643585,0.13149875000876304,0.06190248274332267,0.05837092464792824,-0.03155898644214777,0.04342686356393549,-0.06741046458039822,-0.23396260909941446,0.0537946801636099,0.049888937460525015,-0.052419212709322587,0.004543448824567934,0.035691683544376726,0.07976147597515251,0.005998146617063174,0.03275096866706344,0.042082289149474476,-0.0036808502377113964,0.007141393791891354,0.11632668001185142,-0.05895262492588298,0.005780202679395035,-0.14261461156957328,-0.028827554531814504,-0.05651719150692802
CCL7,,,0.003998087744076265,,,-0.01403832061181492,0.06713490688780271,,,,,,,,,,,,0.09101403769806266,,,,,0.018019185701107276,0.13432147968079666,
NGF,,-0.031169908413275542,-0.03445815939862617,,,-0.10055814947080369,-0.0022008697314753697,0.01809931167216041,,,,0.004577711818645361,0.034910832077409,,,,0.07346142785317507,-0.09934873490268777,0.004992267249461775,0.006564497140577679,,-0.023312782431799274,,-0.04384359495656045,0.054102378559452845,
TNFSF15,,0.09973251907741668,,,,-0.015195269779939215,0.047415363227579915,-0.03581295522664027,,,,,0.006423022227043154,,-0.033103866914158876,,-0.0182116300796292,0.01900416122482761,-0.013810713181902017,,,0.08368971820491354,,-0.07636712354384514,0.07221877650063518,
HMGB1,-0.05477266542103019,0.20880632759558382,0.045722496867889616,0.03406727237084678,0.007703069521251584,0.0392740912314207,-0.0346803738213258,-0.07658606384565417,-0.25638838983818546,0.06468515032205456,-0.024821489699573474,-0.05310705648409644,0.05180742299510454,0.10135959064041197,-0.01739556453556813,-0.16971224153554404,0.1340141469438152,-0.10307020547280071,-0.2564242706396264,-0.16951389331008482,-0.13865780124953286,-0.05915619779736048,0.02802194757655192,0.01830365583809527,-0.012966887043866162,-0.020239317972485786
ITGB3BP,0.06924722397885308,-0.024379421908279658,0.008345698889074079,0.032555055633093403,-0.015014142782363588,-0.003075081066703547,0.011815968328944989,-0.09587358926534274,-0.20161522624162767,0.03686686938245427,-0.011734578576545434,-0.0025265450304672323,0.07664774378335139,-0.03291899427586777,-0.03561024637276225,0.028487553981875687,-0.04097204521502362,0.04825650942674332,0.03954047609599497,0.05644375324746351,0.10191022903991347,-0.01576024975476896,0.10770025473571988,0.07026893613794184,0.08433824424621193,0.10886903637818497
AANAT,,0.016818076045056158,-0.001074677382014651,,,-0.048845676393046,-0.0060474934410893084,,-0.060286786325252015,-0.042164963382230664,-0.0019541399501331685,-0.003598617333781175,,0.00628890349853303,,0.0697524937628629,,-0.07132885776027027,-0.02744866081367532,-0.046624321907134864,0.0573538510952133,,,-0.00014458870622350876,-0.026875699379119683,
RELN,0.01304463831182107,0.07366509191225556,0.010856381675269734,-0.06397084552368484,-0.010042912658051443,-0.028466558085335644,0.07372977195075621,-0.023789207192811558,0.16774705494576303,-0.02111043231280105,0.06446411186720023,0.022654799124787614,,0.04028426315307764,,,-0.0077798321531788684,,,,0.030180585922378034,0.0029422300815435975,0.018603660282944478,,-0.06028225028956179,0.1893571305412201
IL15,0.08549855105101256,0.050835303625566666,0.0285339277419559,-0.0032161541108256596,,-0.027312652601079117,-0.11044709422920429,0.02743464656467822,-0.11369347096031589,0.015066182789699026,0.017911053578270348,-0.06798028264274415,0.0463799318962598,0.012056610333807526,0.021255697130477792,-0.029550054727486053,-0.001002040845334567,0.08441497085712427,-0.0228062267102647,-0.02123681536660324,0.10348472044793879,-0.007178073874415906,-0.023446784484936062,0.03403089255936631,0.07430785532434672,
UTS2,,,,,,,,,-0.1410364876084401,,,,,,-0.007173421349316653,4.254020395760293e-05,,,0.0018574324495037899,,,,,,,
BSG,0.07884473336617193,0.04556270549085535,0.012071634396627416,-0.02075587553415356,0.031680030448031575,-0.029259769780577122,0.0010020477050662372,-0.015333354034976012,0.1813083645319562,0.16797013553962084,0.0043796178980690026,0.07536007415704105,0.003017955783874773,-0.03397847473342914,0.11903415953358483,0.18860476390205222,0.020962349912486803,0.09559630539356989,0.15258154865423385,0.17950994034630774,0.2776003539952653,0.07781863109707624,0.08309020675978225,0.09562961085712528,0.16501477476493331,0.055588825918553346
ADAMTS3,0.11040065244247979,0.09822803176250558,0.0965492194037812,0.005551417228849981,,0.008248359359954749,0.041216361295997594,-0.004232828474487877,-0.30986651973000573,0.06604725564836642,0.0472508671270298,0.08603705835915972,-0.01950135539837942,-0.006403361928913861,0.14877960320612565,0.029650906893030987,,0.008548741860528519,-0.030165549217467884,-0.04347113311274111,0.10296548603585172,-0.03951509436655057,0.1661890739594326,0.07550339028970873,0.07114840277290144,
CD34,0.035246254754972894,0.09938003616684594,0.11397707946889211,0.031073822634605505,0.005976621297484035,-0.05951153047655433,0.12775107723047735,0.005435795931238852,-0.20908999362232805,-0.030079991532065323,0.002374189979335461,-0.008729162650714,0.10016734795961099,0.02369633942830086,0.033118216143715754,0.039358083805006744,0.11822504772368272,0.07618386048073184,-0.10204871572804072,-0.005426006945506331,0.06828594314178606,0.011275866907613978,0.10333128063547084,-0.08458360122229172,-0.0019234450507702215,0.0631025969032429
CCL23,,,,,,,,,-0.040755693039391555,,,,,,0.06088592425656716,,,,,,,,,,,
PLAT,0.09624451922552062,0.18441497501402943,0.14092340586764418,-0.019779351620062717,0.0334248411820499,0.11111079814072246,0.08260526981284148,-0.09409589990956185,-0.3025797318461373,0.1615427906026924,0.0208167064549644,-0.0025993624274663276,0.05211139203260604,0.06105330997179397,0.03169815469778629,0.12485209857834763,0.07206435038346279,0.09106871107458724,-0.09464210244158897,-0.05394927674689355,0.20283387098674718,-0.1166661764098164,0.17220688425124422,-0.029234041107997183,0.11999342355188142,-0.016075374357192772
NTF3,,,,,,,,,,,0.0011218034341476438,,-0.017734260874852494,,,,,,-0.08365428685211616,-0.08236487385582866,,-0.03808072459396596,,,,
LTA,,,,-0.0022760880571207863,,-0.0010846386658514486,,,,-0.03195275465176439,,,,-0.007308974708221016,,,,,,,,,,0.007488478735811018,,
CKLF,0.047674845178812604,0.10591484912006334,0.02197974109298989,0.005900314419511303,-0.027253345294667528,0.024094187954516788,-0.05282378425370025,-0.14211052942459748,-0.32913845572357553,-0.016486115821859652,-0.02483226431846375,-0.019362394469316285,0.0635681905735864,-0.039518412309254486,0.04264927520848202,0.1614178955783442,0.057820450315808104,0.09783047591879235,-0.17951092689324522,-0.09367556915799619,0.010834330440588303,0.03516468982277007,0.012144160914027268,0.05190319076709504,0.1113810974395241,0.04256746345735016
APELA,,,,,,,,,,,,,0.02266044320608179,,,,,,,,,,,,,
CD24,0.05588737170275515,-0.021499357131937513,0.08602141703405268,-0.024158303843380392,-0.010394534475669981,-0.04993214182322888,-0.011489629892872437,-0.0499473363850756,-0.023273040434949547,-0.12899468065636904,-0.02965020436660139,0.06757941891928906,0.08942000908138502,0.011276089556970214,0.09723403676330383,-0.05341010783514634,-0.11842364405430317,-0.0285461497695859,-0.18358041605489636,-0.14109047367410102,0.015099576474075843,-0.06305737389982086,-0.06590921337739941,0.20043613419827658,0.09450770059916275,0.1201692736954066
HSP90AA1,-0.08338029416629754,-0.10367279362142631,0.05532297039497207,0.03957591940817075,0.018878758823979245,0.050065841856791665,0.113963575089895,0.15978403202323227,0.35404730131557066,-0.05889363288623922,0.04254358314625277,0.045564744763555244,0.0011606530987721402,0.12900315026496856,0.0849397932928732,-0.052732592117319045,0.07819145195976951,-0.14074618569339548,0.22781041708242716,0.17196263160710973,0.01904815792396632,-0.041066874412513096,-0.005767382157268781,-0.07957889180972932,-0.0746632471622238,0.06638281312833397
BMP4,-0.033427219417757226,0.02340180392410715,0.023753702628420605,0.01658603719402827,0.04035323004100259,-0.07094734242644281,0.0023559495725554297,-0.1287858322724544,-0.005192121117165478,-0.025032000243704045,0.06367392842919051,-0.0015236976180081677,-0.0343135009951773,-0.007209199901928657,0.05877255901456316,-0.03473737916877854,-0.019549622647256893,0.034103524880446774,-0.03480557828303748,-0.03140436976018772,0.09449659967908011,-0.03697603849111165,,-0.05551438769573529,-0.025131886719319343,
SCGB3A1,,,0.0039179654880169765,,0.003506067626572663,,-0.00144906103633885,0.03906803523672958,,,-0.007672548127023373,0.0027285428547279317,-0.034001524049322614,0.08347095119136975,0.05426754471142207,-0.009954742307042656,-0.0072563093802663,,-0.04220392884892457,-0.013727032255446239,,0.0024668540853122487,,-0.06614338635494953,-0.1028007427166762,
IGFBP4,0.05949265357242107,0.07122363778006997,0.10177011187203391,0.038512811178378896,-0.0613033251410046,0.02106757988899712,0.11804350861260612,-0.1059254760897494,-0.19340059541598556,0.05245433611546414,-0.035143202363578964,0.08004109571549754,0.054541633749975976,0.027607886538381626,-0.03808775775079609,-0.0018753453040061532,-0.013754101934663294,-0.00873909236986929,-0.02972269114372772,0.02135697761919469,0.22202698636144405,-0.09336677730099845,0.005335265335874827,-0.09062019158574239,-0.08567292166408232,0.01048048930856913
RSPO4,,0.07006073479085391,,-0.008002668164550118,,0.03828973106740042,-0.006065380147892469,,,0.0077004439430702724,-0.03745842180580981,,,-0.0072931648246351965,,,0.0479960643142642,,,,,0.008046654047770227,,0.08519157120495588,0.10124344239007013,
LEFTY2,0.03721439068605295,0.12993931949430965,0.17725986035710098,-0.02511003769609237,-0.028885193544164394,0.016572877376789186,0.03751675732967036,-0.10629245195707204,-0.23158724625498261,0.020079448327401685,0.02562381747567675,0.03806876686567605,-0.056330348520006776,0.04901345550656651,0.12512601864890446,-0.03526945813349395,,0.05423657760917345,-0.013928999330194754,-0.0306570577243671,0.2614233368681202,0.06504895287204387,-0.0033716827396788863,0.058185651245650255,0.024725170942891648,
PF4,,,-0.01451698868404783,0.015237305706938483,,-0.002568686893575982,,,,,,,,,,,,,,-0.13435295612392156,,,,-0.005132971438566044,0.015001257864253922,
ANGPTL2,0.06949331397380973,0.038218232588946945,0.07761468975393751,-0.014753356129664537,0.013680394851309188,-0.004986246705247377,-0.04005961152763554,-0.14826159403942035,-0.22857423181869002,-0.02775565043569025,-0.07372449943469193,0.02755829717543678,-0.06949225984948992,-0.0810752627518656,0.12848851002633635,-0.007989717299689085,-0.012210249662850402,-0.04957770666235096,-0.07074664775659734,-0.09118321351605789,-0.09529117260338202,-0.047628724277755045,0.035939132116097276,-0.015652184240656973,-0.03973636026050782,-0.03135039623575379
LRIG2,0.07715482276471765,0.14148974899822228,0.079052598136065,-0.008669822271464178,-0.020221154908548793,0.025916875103848446,-0.024824602928606675,-0.04710196357198003,-0.09616913797884286,0.015174885654526458,-0.029863076957224375,0.022057734335345427,0.02311766961431289,0.009832750262193778,0.017248820238331023,0.05630523326692678,-0.024908979192803375,-0.03136330307005006,0.06118657043613814,0.026658274877826047,0.03301105147820685,0.043326385906993566,-0.06848662749869043,0.15192449672745922,0.10152741385635292,0.07999607700396603
ICOSLG,-0.01595498216308654,-0.02005552065284197,0.05740921579874478,-0.0030327497180402253,0.010162748803165998,0.02275521512268099,0.04102847408480764,-0.024846838383505255,-0.1724415596269791,0.025641423662957772,-0.053882623368233656,0.06190111434419373,0.015797020058840514,0.0671948077052531,0.07115281526011005,0.09401642935658833,0.059851403098092254,0.08200824370958437,0.04764083137523389,0.07266757504714044,-0.0075538367020450605,0.06673394398518014,0.08190928565427573,0.05295318516362826,0.06723926443089982,0.052095597812070606
WIF1,,0.004134852213451301,-0.050942169478083776,,0.01496481726983116,,0.037371296689056366,0.17620826841656118,0.3227178950848266,-0.016489871356600152,0.03413571015494873,-0.05968529224936882,,0.12198019066269954,,,,,,,,0.0016574514323055246,-0.04545574139032803,,0.025018867761424268,0.19519306681632648
NPPC,0.09435606031953067,0.04942980650336441,-0.02269330949210477,,-0.0832946861102155,-0.01097821648845258,0.060932215125917025,0.01577670304518347,0.021755429272197157,0.04326743567097472,-0.008333691427616394,0.04195155397719283,,-0.10537203285433551,-0.07059673149602708,-0.11683500819906455,-0.1676623783625114,-0.12715824872908152,-0.03202922296479235,-0.008936590305786984,0.08866048521321684,0.03575738028019082,-0.004480074904375578,,-0.07934887317718423,0.13041654207027334
LYZ,0.012158866687010862,-0.16933251915256117,0.031168277747276794,-0.026226920037652,-0.03982879204308327,0.041454626956574814,0.005580059989505396,0.003897969848169672,-0.22643219572613593,0.018712053113097576,0.012310493560851156,-0.01209238560556893,0.089177153157811,-0.04334561008054443,0.11331262902364525,0.026796038398428576,0.08086075031571051,0.07341261605505918,-0.03534450258036424,-0.032286697260235905,0.07104914299037292,-0.041392267721025486,0.000720591496142291,-0.027740855063869252,-0.030342279373607613,0.03333279489000122
EREG,,,,,0.016895871794188087,,0.057907557264427534,,,,,-0.03113637099479741,0.09119618809124809,,,,,,0.15739542733219578,0.1986744377799183,,-0.032225172606296766,,-0.005603171302208658,-0.020076425407490554,
SPTAN1,0.03806304325658712,0.28865596537664756,0.054697104125165104,-0.06725563901137627,-0.07585700995241003,0.15150437018452598,0.020653614650237528,0.06622318964728814,0.1296158496056355,-0.003590911761343854,-0.046357076396362294,-0.003030092472578471,0.05408494716691518,0.17675498934673342,-0.004898151085202594,0.004586429991460541,0.07475087289662678,0.09008078630027219,-0.11651696255339651,-0.11701491568029113,0.11084767230410111,0.043031367618165804,0.027154623558622252,0.05278229448415334,-0.20729782001131364,0.14089399456124502
PTH2,,,,,,,,,,,,,,,,,,,,,,-0.0012325287195160766,,,,
LIPC,0.03038571233295613,0.07053871183819849,0.0399013318408529,0.017839049457292012,,-0.01966811429279997,-0.029746599508179032,0.06386846327818892,-0.060954908298600854,0.04559655836170994,,0.04219280377185756,0.04520624822298802,-0.020773878726417797,0.05369331770687781,0.060571992873788165,-0.09785772593088488,-0.010001255005458955,,,0.01686473781711031,,,0.03898495434820371,0.01097561459044167,
COL8A1,0.06491921872489814,0.1512642976698136,0.10967407813826217,0.04381195365135148,0.007341000702866357,0.028716134998539415,0.03385292903502618,-0.1041966336375085,-0.07919907849124508,0.10804215789198707,0.03989863556318189,-0.04451852582124217,0.025404735627228014,0.04035136550734875,0.10646193962552923,0.07535203473716685,0.10197313110447709,0.11265839205434107,-0.0350145199867032,0.08848350142521455,0.20913688725687243,0.070842031355772,0.05597996475973634,0.17871005999312348,0.2666511020252225,
GSTM2,0.028980884772634847,0.06790162162507493,0.048677640247385204,0.029425924586703064,-0.001268942953635335,0.03468627372829237,-0.012913732398333056,0.0049199123253109035,-0.12115653866130002,-0.023104211934425977,0.01225130689439975,0.0030489345105809062,0.03738428792417306,-0.021522246016359294,0.004006735719306794,0.1426349839834,-0.029244590034965455,0.0674342249499964,-0.06397485230558903,-0.02799344211803329,-0.09654356631596213,-0.014467323212795907,0.05107724390104351,0.01596551204251331,0.006322015653605239,
IL4,,,,,,,,,,,,,,,,0.08767715853604631,,,,,,,,,,
SPX,-0.008178002772715109,0.18543721530066845,0.08200858482381536,0.014786716242351538,,-0.006506594779703767,0.13496807059523397,0.01593090621177066,0.12429529207276141,-0.03514602028654142,-0.01651860832283736,0.12291424439161477,,0.19517008917308365,0.007982930474673838,,,0.016388469924255328,-0.010198750715548753,-0.0029762421276206424,-0.059603896978442636,0.1014176643108328,0.15041954201317526,0.09810748248124301,-0.06054885171871849,0.05036574226883581
MFGE8,0.10056358099638754,-0.006190979362656948,0.10948324278299756,0.042132590364877286,-0.028184705510272794,-0.04056876196559487,0.11087129699588708,-0.058141635413292446,-0.1154181176605788,0.051951498862991115,-0.05519412647685778,-0.009806591291351646,-0.009530363089657792,-0.016979538346023865,0.05307753225235386,0.06706891705060153,0.08070515562103135,0.10021056746092884,0.16525376127847463,0.16574118147860506,0.2566123423829306,-0.006017646527107924,0.0816196298331297,-0.09951600760298904,0.10161979927188851,0.05033598491286266
TGFA,0.02151498354722176,-0.027156346585659834,0.08940815751930506,0.0009738219818625741,0.06813825303531809,0.009012991801846282,-0.08262084580536501,-0.05196793930790731,-0.1900470415791726,0.099485772729605,0.0034862915635174275,0.08485231367779683,0.07835268684117855,0.06292092284479656,-0.010508402713818294,0.07410717219405244,0.040071906731451626,0.011444993299036258,-0.03491437067887066,0.012164269751171183,-0.08678831063808407,-0.04443395921274493,0.06430171122821862,0.11455491360254352,0.02057407766325783,-0.07939342622921951
SLIT2,-0.0038060852000182353,-0.009548000550318906,0.049935907609152654,-0.02358987959581025,-0.023392382361860108,0.008452636529439807,0.1699841179968866,0.053652415727239305,0.14970025617277066,-0.017724723843671755,-0.0039028892199118427,0.02332766017602754,0.004382493686607117,0.12929677823618219,0.09152480850057794,0.027023756014351082,0.012333001524809692,0.015840524320602626,-0.014258823548421794,0.03272084226158575,0.028796542102663317,-0.021406464664643698,-0.032942818091685665,0.014466291846916222,0.09004259730821129,0.12363620441459741
PLTP,0.03987734129639175,0.19536608850968895,0.03580051729724623,0.02975903450842415,0.07277450228350206,0.04413244872271642,0.0203708129356085,-0.08848463537855457,-0.3582990727393452,-0.09365568798362285,-0.006974526084852144,-0.05403356439547702,0.025211186366460532,0.012889625719973423,0.10827488014895305,0.08793185855238096,-0.044256723229024734,-0.011232531506086753,-0.031447284107167926,-0.06253195302865841,0.2750478345128915,0.002685815967259106,0.02047599045068516,0.015901925091976542,-0.025916917160669333,-0.0038129852208797143
APOD,-0.03851126043952764,0.10315957313258795,-0.018743888792782746,-0.010050004886082197,-0.00897316735577017,0.06621119308449228,-0.12852261463153145,-0.01987563295435708,-0.22002700215551685,-0.07532885455385586,0.031938634641607094,0.03249968656967436,0.011083872301715779,0.20028334870407546,-0.019499156570217523,0.08414166142551052,0.04830760952417294,0.013333253761057082,-0.09505512250158987,-0.04164022990548295,-0.3100899275057685,-0.03232924406436567,-0.01830637636582344,-0.0023016968054238155,-0.12983118556374124,-0.08516243545904364
B2M,0.2156576596536508,0.09224856022438727,0.15769858041340337,0.007457262635681887,0.01276800663382335,-0.042210092292211725,0.00428054688108612,-0.16855939400428288,-0.4332352820515976,-0.3000093534306002,-0.004212907748299351,-0.0452938708835604,0.08613356230327428,-0.14064500386560622,0.1236598197979531,0.16241248079097068,0.04761811576961977,0.04508859991034413,-0.024547174743670956,-0.04146984593600628,0.18661216194641655,0.009237865826369375,0.0821217778420178,-0.2194337002043778,-0.12403380369781639,-0.2079589107875215
OMG,0.0650292542343432,0.22950872352114673,-0.0011180752169969463,-0.02735395891199378,0.05840038335795571,0.04281082182584854,-0.012756211052659287,0.0027506859818726016,0.00379811134381764,-0.09775198313467888,-0.019251241979350464,0.08174497407155479,0.09474362741214085,0.16095028756778645,-0.007270399096208108,0.04476766958322524,-0.0674471506350797,0.03816679688154999,-0.13998068451190318,-0.07381380188027048,-0.2001903128618384,0.026784918005115455,0.057328608096155455,0.1588951096508639,-0.17559032748493944,-0.005858620541365748
CXCL3,-0.0009393278640335873,-0.0575594423660454,-0.05361502048082125,0.04260906765392318,0.03461357871733173,-0.08222265420675261,0.055702660439767696,,-0.10995207862038424,0.12144266881231659,-0.0009657940282750367,-0.02622182027839119,0.12091556580948253,-0.04553064700372762,-0.026581102545202805,-0.008672966673376244,,,0.2732097358461261,0.22780577617266165,0.04885603962965483,0.02983709000784232,-0.0447455053200172,-0.008890660220377569,0.16451547314752288,
CXCL10,0.014865552310338093,0.05069277021500384,0.08831362768421674,-0.07392436977184712,,-0.03743305877917006,-0.024792364483322102,-0.016225292676610333,-0.29753426235290753,-0.14280142892640008,-0.02600945682090497,0.03273454918694378,0.05754159249293728,-0.005821797832495856,-0.019623682608631357,0.12928059468355238,0.03895609759933048,-0.030422512244971035,0.05346044856614983,0.04386268324480428,-0.03614610098949661,-0.02855107947937743,,-0.046476400857741844,-0.026464830255959103,
RSPO3,,,0.0030247359527886815,,0.07588857296519752,0.012650858887177065,0.10348006144055512,0.0849737383370287,0.06280079473193491,-0.07045587617889887,-0.0447577630540613,0.014252787733888415,,0.0028594264111844103,,,,,-0.006133447441121453,0.046834230448668177,,0.05161882292413394,-0.010824194473360223,-0.006002170681320108,-0.13953896401018073,-0.023186697567811016
CORT,-0.019884475150168193,0.07037174492349385,-0.006594130766430813,-0.01607051440917501,0.05452632388414925,-0.010780172113964282,0.03715920932917805,0.06179474664599573,0.07044976748581457,0.005321322694996673,-0.02771772735836038,0.012745572677595015,,0.047747324297089916,,,,,-0.026604576451210806,0.005035582665414624,,-0.01721281847061112,0.01851208172502539,,,0.029491140359692285
NCAN,0.08988283391029665,0.40802498669010373,0.22143805653662033,0.0021040246814118565,0.004892819951537637,0.12176507790939319,0.15050645188620687,-0.07808185977296156,-0.10485209366307294,0.2445532858081694,-0.03269801619560236,-0.027864524292100554,,0.08820413768281675,0.017145211820742096,0.04302196052613873,0.22265222578031513,0.1416150265075866,-0.21431573366505113,-0.12912342140484628,0.27470679853604524,0.07350753393947676,0.04003832568875585,0.07949007146430274,-0.10590162297966846,-0.017479520501363557
PRG4,,0.00688964013503676,-0.005091060234492471,,0.04655660943027321,-0.03410453425411347,0.03357677588265039,,-0.050678591583360716,0.0498739438325642,,,,0.027429230180573,,,,,-0.02757827458507608,-0.03907020843982663,,-0.0003940820415413255,,0.05839319229572712,0.10247628724227559,
ZG16B,,,0.04635747882985506,-0.02227931349758353,,-0.048850894879196465,,,-0.007082334484286009,-0.004078678371723083,,,0.007930112282344035,,,,,0.15020753607270887,,,,,,-0.013961523153050019,-0.05103237193104044,
TGM2,0.02374677854749422,-0.02246615838281545,0.06694828945919029,-0.044172232364236064,-0.027585748974395283,-0.05017281623239436,0.17406489986844675,0.03894711591162798,-0.16376607776084195,-0.029984866106753556,-0.01786397017067445,0.04044052904772154,0.003371023997679972,0.1260290686592093,0.029634689106959256,0.15283690632398644,0.046105027960747745,0.06325663504986083,0.26689795377037717,0.17175449123450443,0.09967340213188884,-0.0546836937149451,0.0193651216818115,-0.1171205906913243,-0.04475463370308313,0.0015948003477743446
VEGFC,0.015919044857541153,0.020138471930608966,0.054955868676792564,0.019773188945715676,0.02109127862572254,0.017901005866236056,0.02690989676649117,0.02244763229519599,-0.020574514693493997,-0.0238186476633082,-0.07689103366675934,-0.005435565751250149,0.08951520481809752,0.036598385984121976,-0.013405564632640681,-0.04951914516218274,0.016102713556014392,0.057289450397961336,0.04231625682705538,0.0854519779354918,0.043786376319467246,-0.008743542548279951,,-0.0999514193685723,0.10045111945890961,
WNT6,,0.058661804046749796,0.047964034020540496,0.03727686746485237,0.0352228947694974,-0.0074625355266514535,0.09814603393723799,0.01333152131782135,-0.08627641747306421,0.013237747735987097,,,0.02508771997945106,-0.016968256308974274,,-0.0054035114960066565,,0.01045345871583735,-0.0055669550270856455,0.00247279363659408,,0.0014072620806717456,,0.028199208120182236,-0.041127461263804156,
NRG4,,-0.010145054511815417,0.03540698110948348,,-0.01687300142813955,-0.03460083001664631,-0.018726941500306887,-0.027424127263566706,-0.02204305514346884,0.01902131971277818,-0.06406623280162127,-0.0493697703730847,,-0.01198969610047064,,,0.08457610529202601,,,,-0.05585339840452098,-0.009872031816039177,,0.049053877570970655,-0.030108850545543894,
PMCH,,,0.03028574490170048,,,-0.019168595898548094,,,,0.011255273191607384,,,,,,,,,-0.013566242830067307,0.004366265635891485,,-0.022151475196139126,,-0.0052296177339089395,-0.028629527360386334,
COL9A1,0.0709152866600271,0.17287157897166752,0.06307061996061701,-0.05250647363819122,-0.06125432721915706,-0.034935883211860086,0.016273104560231143,-0.16360230857470115,-0.050182594292241096,-0.007658521972341087,-0.023391578364910688,-0.025071426203970893,,0.029225615940357372,-0.013351039876592766,0.009828008623235514,-0.06810156551533642,0.014340694172740746,-0.11418980206380396,-0.09061454629370326,0.03177459904007904,0.011635697165904737,,0.1271249028296891,0.18701812107723795,0.018880167360721865
GDF11,0.036593933792660224,0.12154449819496983,0.011909643949608063,0.0285071646879415,0.019309114632355354,0.007898197631603545,-0.03964330257616235,-0.08974316256257618,-0.18049654145092428,0.03228826000539198,0.028680268223029562,-0.011685431096043456,0.025864119162269075,0.027961508491033092,0.1201396472059152,0.033575945191290334,-0.0036505670310453355,0.05350292335832733,0.05120465325599179,-0.052251432142870036,0.0754609210651358,-0.009762361676539015,0.04791610073152457,0.1070544461320453,-0.030673624164261594,0.06142101978333914
RAET1E,,,,,,,,,,,,,,,,,,,,,,,,-0.041609961481212356,,
IL24,,,,,,,,,,,,,0.04318601552097958,,,,,,0.108672845168674,0.15614012026145735,,,,,0.10508676516379463,
SORBS1,0.03156482467104458,0.12472349795176477,0.14236007729865702,0.017365820138724845,0.029593375763089725,0.039104973170650266,0.05514812160352727,0.018152729421237943,0.042974842644894935,0.07052351637591853,-0.006037849894414638,0.018997464271917897,0.004709989016848412,0.06815940886763634,0.06569620295661302,0.1215340046392691,-0.05478378003979673,0.09912988383438326,0.03178618544071056,-0.010307033796674109,-0.012031195906171827,-0.06145969934377717,-0.04961990232302308,0.17453663594578384,-0.03148525089923492,0.10779967159706018
DLL1,0.08840980856007195,0.0643496704319301,0.08186786440887271,-0.012326240116854832,0.03475626854343736,0.03500479788500132,0.03026389895717014,-0.06606298448405429,-0.10651244414822958,-0.013862266362101201,0.030544164452203384,0.04747521026610533,0.06332112366970581,0.03833364932409464,0.017945773167312246,-0.09948066970396315,-0.09075801656836328,0.022895987446796436,-0.12315221344840613,-0.06700862286926873,-0.0002081456890016358,-0.0376813287233789,-0.1094726213750937,-0.061319987033349906,0.021612295633833222,0.057350121792637244
TLN1,0.10799294849999425,0.033790152810081305,0.08689725767129708,0.023428551230240634,0.042491903296050806,0.0011745022667235118,-0.04870229307452193,-0.11244315211548166,-0.3240547523587045,0.09988267817933907,-0.0008011297305733199,-0.009445021884285136,0.091869547569292,-0.04122339979184511,-0.014526340572694111,0.06873729403994026,0.07900012286017219,0.01211395173905934,0.06733773081991803,0.07790157787237953,0.01693998083668259,-0.023544840936057434,0.08482092470137874,-0.06758645200264549,0.06172601309005609,0.05537967117144481
COL2A1,0.03556146788309259,0.028211454892800483,0.07075669396650114,,,,0.022444769911091435,-0.058807401128834966,-0.0030877565149520564,,,,,-0.012579824954874152,,,,,-0.013207031359830488,0.04574203944944982,,-0.024296576743830477,,0.034560560940135265,-0.010900542659424972,
SHH,,,,,,0.027735995843144873,0.09178248123949387,-0.028547243687993645,0.03125042281046337,0.05367079926417932,0.028110224140230438,,,0.1054239794140429,0.12941874464339348,0.06880631420783834,,,0.17780107054301042,0.04348041961619147,0.13433764250592722,-0.05342519833571612,,0.10132165158276943,-0.0049073896843355655,
PON2,-0.014999284902223553,0.38073047234688107,0.14634765182767118,0.040502728909568686,-0.017412745072396173,0.1393533021158488,-0.0959063587468546,0.016182797813471792,-0.30969339939070123,0.1808555816550102,0.0007336617743732056,0.04457919239987891,0.09377320232739726,0.03525012763617489,0.06336025676729998,0.06667420099280554,0.050601861779456865,0.14107891228515618,-0.09608033949276572,-0.038658892570203385,0.1659284357177875,0.15746513454265498,-0.015460247095847581,0.17831240672058649,0.10319903245940452,0.07384883018360534
ICAM5,,0.0382170730786526,-0.0032877076461684243,-0.02173715310675565,-0.06537081273021082,0.0010160164260988305,0.14618620150314707,0.05227576714444919,0.11201133058510844,0.0063295956599696305,0.00310425036438744,0.02735531153210512,0.016350345522055613,0.07160895686487964,,,,,0.012985919320560927,-0.017754621443620194,,-0.047481140786062526,-0.14309292722167852,0.04796190036382659,-0.05545714210606453,0.15144801177709355
HPX,-0.024037673619261377,0.0921149150335901,-0.0015709550728955513,,0.043778379440812566,-0.010657917405673895,0.0020304103796494836,-0.07320624999606937,-0.0645449491954939,0.00948839736755431,0.01790881794605416,,0.060995188391896056,-0.0429304777265735,0.05563909622227266,0.11170653831286148,-0.017105261296401192,0.04506427388301615,-0.05590233457098981,-0.010666192935398208,0.07300914941212805,0.030339634487116598,,0.0290240494907211,0.03971290601951263,
SFRP2,,-0.018373600081483473,0.0003837340641064659,,,-0.01887441072925815,,-0.04966973828954956,-0.012324213571734771,0.01832814277436419,0.0016474625783668895,-0.06541240370210212,0.012259387245591571,-0.006662405200647498,0.1212853622016343,-0.009283888827590774,,0.005929073675450922,-0.05186551639918302,-0.0766593279193923,-0.09969247617476927,-0.015457101366831356,-0.035602549964535504,0.026024431151591112,0.035178332147111066,0.02799665847781647
CFC1,,,,,,,,-0.021905941442099234,,0.018204861106393577,,0.04015618999176742,,,,,,,,,,,,,-0.055738613784801556,
CD70,,,-0.002908493147912817,,,-0.12131991917997893,,,,0.07580908617216324,,,0.055038340765511125,,,,-0.053210339461074896,,0.13652386387043902,0.14536960392686954,,0.061252421490895916,,-0.01199518655150179,0.12769691516214512,
HP,0.011225426254533198,0.18420543068945017,0.09482529246009791,,0.024982171924069724,0.018178972692840974,0.12684999579284628,,-0.1709302900620357,-0.08360127448350145,-0.0022873775620515764,-0.032173121474761174,,-0.011339764009300611,-0.01546573640485796,-0.02108820259337159,0.08462716281761995,0.1466377858544776,-0.03700682519753272,-0.1441295866215696,0.07603683033772779,-0.030405289799202116,,0.05451971696472508,0.05985145567799875,
CXCL2,0.048269352587563805,-0.07898463577326509,0.02605131555856768,-0.019925974258318737,0.048298992299306544,-0.045035961134306315,-0.020598154877460757,-0.0005327745228599093,-0.04074571712833009,0.0396156846794502,0.04837654188361001,-0.03892855902477226,0.14256630905437553,0.062470137513898044,3.5481082980429486e-06,0.07228648448183263,-0.05812740583651998,,0.22909315009088957,0.13540456278376367,0.0025966387449149514,0.02349446027862686,-0.19285387874138102,0.01315532263672378,0.11345745106994333,-0.014287979621830553
NPPB,,,0.03353359181726685,,-0.018627065111767573,-0.11286008202278527,,,,0.05710704604040879,,,,0.03660312885036466,,,,,0.012668411662127345,-0.017473440793321682,,-0.022580954925922457,,0.017512109970588014,,
CCK,0.00471932826499249,0.044055537398590465,0.003894261183349063,0.020355244438381936,0.0976130550164503,0.024012440257498845,0.17516284625067352,0.16074140784044758,0.38174294785041085,-0.01729843462475892,0.12563180197641324,0.07953905548777286,,0.16806429909312287,0.021203917770634215,,,-0.09391122344496525,-0.12332826412216072,0.0037589935141004176,0.035875069602126615,0.004675872207419591,-0.12534630280627246,-0.03133762454092389,-0.3272516500121849,0.05240187255618166
SEMA6A,0.09991145957026448,0.2978573234968986,0.06597930700635954,0.055615355716403296,-0.03940952565370222,0.10923742753543271,0.028074088900244848,-0.13629007061806245,-0.2846359320345438,0.16451386112236294,0.04037628255256489,0.05176244353597456,0.09576073421541839,-0.024136527531873172,0.04044090315489365,0.1340285777629778,0.04115780982760848,0.0844580459468429,-0.07793320789390686,-0.05767068788534851,0.03506071503728927,0.05315941843606432,0.0052221777818488285,0.19506003866621327,0.09225395890308864,0.009809539794977526
IRAK4,0.029325551697624356,0.007683768441851489,0.08643583037961383,-0.03203735551849402,0.04984006873767816,0.0526694093718975,0.0018851035607611308,-0.0932657528687976,-0.23244480462310504,0.03544303526065017,0.020973862146852693,-0.005556267805875146,0.02591725382421813,-0.007284216239484241,-0.05824171259657457,0.003273101686236641,0.08130623902404854,0.04165020167297773,-0.07416263430507317,-0.015850171779418054,0.10143886146861188,0.007471718302381119,0.131473956419862,0.09279405565580812,0.07079315006533969,0.15333611239693423
GSTP1,0.0034236415597771585,0.17021785721979804,0.09165797439277512,-0.10320090285135604,-0.08053146655437259,0.04755908339759646,-0.06462232821824547,-0.10563788820677981,-0.3174270028387411,-0.10917153462102061,0.04205688936845374,-0.06527754822285801,-0.010847181841378376,-0.025681043551057502,-0.0923902796139581,-0.01392954069513695,0.07730786039887225,0.0061370959492990755,-0.0046373538118610995,-0.11121406837105953,-0.07986376772275382,-0.013980707196039709,0.09421733449767776,0.1591430040958966,0.08441709075359027,0.01875740085416557
VCAM1,0.0166035053817525,0.055684881278420646,0.15099799714161513,0.08370962130185951,-0.01735327599689004,0.07139205333860071,0.06398599406416987,-0.11791955637222959,-0.3117777111307311,-0.07960434003818208,0.049690266013554016,-0.04193594452587241,0.004616334623311174,-0.029119776595330934,-0.05404720563730364,0.17459234663423118,0.06851288864720516,-0.006803629900230963,0.19861157156611486,0.1314640242220364,0.12757886936324633,0.10122474462168285,0.14201829358931556,0.05308328475890059,0.17659629710200733,-0.06434384376486577
NXPH3,0.0015407834890370769,-0.0004455516134280925,0.029043858798458246,-0.031249868597228364,0.055031725785083946,0.004741560885251849,0.013986737609918405,-0.07807129372644551,-0.07826978473263754,-0.054852709002214756,-0.010872756184985424,0.004195053664094176,0.07400504928459911,0.0881813263408844,0.0803160459425594,-0.01585043367877986,-0.04089709713370579,0.09021099193143516,-0.03406427176167075,-0.011704169062028676,0.11679326125485931,0.04944699630282613,-0.04153677422156129,0.1559079687032062,0.017511527425387544,0.06671245139986186
MTMR4,0.028857149352002676,0.020933440747165005,0.07642043493438,0.03290276551475978,0.06523734834422545,0.028100055192214646,-0.018337261539055,0.008482562767228289,-0.08606963277558602,0.010180091790042808,0.010252773519134513,0.04123918711697432,0.014115669598150988,0.1072218142675908,0.056486724595123675,0.18308952628272662,0.011380127274030254,0.098616623051913,0.05726711334577655,0.009524940768715013,0.0902659099671423,-0.031080197187312007,-0.054130734413793416,0.16748437586843096,-0.010501544009960036,-0.07807623238255457
LAMC2,,-0.08803508067503324,0.053772964387646366,,,-0.06697286387429104,,0.013946960904439457,,0.008959407223813248,,,0.08236019685704579,,,,-0.04972105199141536,,0.044307172819732364,0.010443703809496364,0.004789238406820916,-0.0011578906900344239,,-0.011148332350190625,-0.013645653452052845,
IL10,0.04987277054625896,-0.01931571581971326,0.01582502339584839,0.07004508344683041,-0.03133118366456743,-0.009951986444385014,-0.008133896831300816,,-0.04240040745125614,-0.09554224226479777,,-0.04928095267732901,0.05421009895269504,0.005308707064819344,0.05506220634428405,0.012256129506312483,-0.014481744445323989,0.07468777040047306,-0.009274723758657198,-0.020786443039852658,0.1302233401953832,0.009400451626426796,,0.025475467927521412,-0.023163352506618832,
SEMA4D,-0.07308250426776117,0.11863618027848517,0.03315814324488335,0.0482621904848643,0.001866804762592723,0.021554967893601007,-0.018677251135062283,0.03029318689983099,0.03648783480417414,-0.03595021016188939,-0.013834849124762768,0.08749382801923018,0.019870149108363714,0.10303472069882214,-0.0229078536194617,0.08783343410553895,-0.14376330935252266,-0.07437290380113575,-0.09778625923106805,-0.06028818006828779,-0.2160080884554853,0.14978065425921966,0.044725308552628136,0.07886660134430985,-0.009870909159257733,0.012280744004127979
TRH,0.05089721128165036,0.02708677625653836,0.0881523370626161,,-0.0057647369189519505,-0.06840167625488036,0.06290087250628121,-0.0524969189694555,-0.05850651762903248,-0.041762662791687916,,0.06479304158318422,,0.026287513770802122,0.009551335895389347,-0.03743023049692413,,,-0.08167907885737677,-0.08828999164296668,0.22673412617190147,-0.05708782285544857,0.018466516967698906,0.012915343605698964,0.10200404975100143,
SEMA6D,0.062290402765662646,0.30808065203037105,0.05065698822773213,-0.05406271344973476,0.03423675060822652,0.06413521600452757,0.06116186478525285,-0.09666767912772564,-0.11157730700720718,0.20852166619506626,0.051708766847494966,0.009717240848372987,0.07482922431682341,-0.020694488731458627,0.06545497025211672,0.047936566961745426,0.08383581254049656,0.15314140737843807,-0.15863314702063874,-0.0063850143443951015,0.02771618454332354,-0.013346419394108789,0.033393003156111344,0.18597438300494587,0.19000522830681854,0.13398242369143623
CEL,,,,,0.05491982444888242,,-0.005104109529799595,,,,,,,,,0.010366606579208914,-0.11081969724541839,0.04282073199382607,-0.0053639948437359305,0.0468314767183715,0.10204163042485234,-0.033779076630008134,,-0.03635718197895207,0.028450252050409363,
PDCD1LG2,-0.0034543945921864977,0.022422980637801338,0.03786549304133593,-0.03170708584280649,0.00429737838021996,-0.012192309038847979,0.01585424235934882,0.06938317516026452,-0.0923123556999448,-0.028358159500407588,0.026099109348660304,-0.026182227121959206,0.1327540382253141,-0.024947709284607395,0.09912041492952516,-0.07375379674255363,-0.05118062231249691,0.054866557889503585,-0.004933605909283594,-0.054524745192828634,0.08634990289907006,0.037012841926905786,,0.11700460476804837,0.11250623733860404,
SPINT1,-0.02002226032203625,-0.07022600335691337,0.07141970765119943,0.04600609994860225,-0.005181798731627703,0.05159927337146849,-0.007191690222318637,-0.026337316108643576,-0.117085146526727,0.0036063741994210147,0.02326747415034897,0.00029373609983416677,0.04111470440996261,0.0005189127845086779,0.032919551082938786,-0.03181868933783736,0.02915761232937993,0.029873842876300294,-0.019732035014380436,-0.05623205653943155,0.06513178524699764,-0.034784652610929355,,0.09052072204232818,0.028486795532060596,
CTHRC1,0.016722330265727118,0.0712620610284581,0.07125910889376126,0.06825639941462339,-0.04000497851870038,0.002940886099944162,0.048218710203324355,-0.13612641821912752,-0.20502813458008762,0.1126537975031085,0.00048102417636379296,-0.017576361908146147,-0.008463363395228404,0.036477707727653665,0.08362442093527311,-0.033142027730010716,-0.014598135900772151,0.036521665577924245,-0.0325140304473734,0.049764113405683555,0.07566730021629775,-0.1194810939524824,,-0.11544958531124598,0.01668955882330889,-0.017456520825432708
PODXL,0.12895245375025066,0.2394188491532983,0.1550434995538165,0.022664832636439817,0.055902015546417126,-0.00042366727289980054,0.046417316010446935,-0.12490927176836647,-0.32306676476340546,0.14164811727346502,0.002963255844924729,-0.04099580492780368,0.04840892382628288,0.12210667950319745,0.21506106385603088,0.1714958521672767,0.10571006957530155,0.04669903339856988,-0.035202783806251234,-0.04809564421657876,0.1967978961920189,-0.06934701393571654,0.048640895270805354,0.00011373622898031183,0.09667788974248767,-0.04881769132171323
JAM3,0.06135079977643403,0.07579289916578721,0.07042747836908249,0.009400752675202965,0.028809661409494633,0.06253805103457447,-0.00455174042602824,-0.054618459455213944,-0.3463798751605174,0.06227484896670223,-0.03432388580493332,0.09893733077374774,0.08086800664448839,-0.09734206853984928,0.07076206549784253,0.10811705736554797,-0.09801326182024418,0.04232898381205754,0.034121902434962305,-0.010999618844286192,0.020870006303516177,-0.02068385456984898,-0.012266109951082696,-0.008207283888710677,0.0843592250057822,-0.027816721187879798
TGFB2,-0.005953163475940208,0.10911743057850574,0.1307861924768947,0.006142813736593002,0.06995545612576186,0.033636452598872234,0.13877864946270677,0.028938595784020242,-0.31500199464178447,0.0438523162834441,0.004148579884602935,0.05234885417914285,0.06440397384240747,-0.011415261120839097,0.14520470397904015,0.22388132272464234,-0.1017662359275538,0.020929332300218755,-0.053139905457470535,-0.10322251523576043,0.1467761372974934,0.07064583315052472,0.08006359954495519,0.116679856039484,0.030920999122038568,-0.03101888379908886
COL18A1,-0.019563451185536065,0.1133336930572428,0.1032266382088719,0.017898949423352396,-0.014203476800523564,-0.03660745979433774,0.06672137632457384,-0.09166612849834901,-0.30636361861126177,0.11975008943291933,-0.0011136309769719053,-0.027414370523415076,0.06955731220793307,0.09104903080400494,0.08049417805565648,0.016294591250639576,-0.04291652599441704,0.0372909775168193,0.11573730731269562,0.24604978516464854,0.18428735203781274,-0.06933292743942865,-0.012999473327123525,-0.19672401881498244,-0.12363154320729791,0.07759154744799816
NODAL,0.00767823450204549,,0.033071919576750416,-0.010224137374737138,,0.002690728979640556,-0.024750801896773592,0.012125013432333968,-0.13197842214835495,,,,,0.03507172031823609,0.09506854333943092,0.024553548539596293,0.020577328968417723,0.037903011489987516,-0.07726175049936213,0.014661024439675124,0.03338462411783346,-0.024020056139700104,,-0.04751183730876679,-0.05633102258219732,
INHBB,0.013552284368763733,0.043338951233653514,0.040389882364197,0.014899615900478431,0.0213050061243991,0.0013444202203243064,0.005939876382276748,0.04897252423291613,-0.10314424068755886,-0.012891739769070971,-0.00268459872551135,0.03743367633729851,0.11237996098438428,-0.04397579462659179,-0.02297827302149947,0.007595113326859882,-0.07554274602715422,0.05580368916924297,-0.0031334500343935395,0.06150887900004746,0.06694370077771182,0.04273317696911387,0.0207311200569121,0.1451488904725603,0.08334582475795285,0.06350895393440656
LCN1,,,0.011924223980987424,,,,,,0.03560054548031787,,,,,,0.07722428675705795,,,,-0.04686261843026088,-0.01417268438390295,,,,-0.05657524723119894,-0.023330517276139027,
ARF4,0.01931790041378579,0.047102801014002604,0.08667590681087364,0.029313974281055213,0.019282855702863817,-0.04995133498101567,-0.026293313778607132,-0.029310267322169275,-0.2551432033796479,-0.07723518860061497,0.0076734105268036696,0.014703458892699051,0.05379749602481387,-0.12149028320010136,0.08143761234335233,0.045008776395393975,-0.10549924505456144,0.021938140570165156,-0.16650073877680197,-0.06515443200222915,0.10478303024113611,-0.08853575732763064,0.007342638129918205,-0.09745672312827659,0.09238358994668472,-0.03380926954601686
CXCL14,-0.005901348524218085,-0.07560314410534,0.0067200782216447165,0.05607727476431844,0.04548459821624896,-0.04059877466535421,0.20553377701440756,0.14815895322059117,0.0886979835263759,0.024664008132057026,0.07459954685932862,0.004452917261362438,-0.017475317588440967,0.11136473912348518,0.16769026783991764,0.02367534463596607,0.07919915130837332,0.09796853739648057,0.08686278574568146,0.03917800931411733,0.3431180575294662,0.15406635804771376,0.07787779726360033,0.2512556839713619,0.23927623651985216,0.1532086987904006
LIF,0.006088156178386433,0.03224955299907441,0.06413419493993712,0.0316833581299444,0.1335065783252249,-0.02848699517587493,0.11199071376864692,-0.0638351424525576,-0.11031979195088558,0.10357126207040948,0.04038291676387655,-0.03495326215052184,0.13192139446930917,0.01052284260644125,0.12262521818535943,0.11155661316648068,0.05535319905649318,0.0573666759579301,0.24687975234417267,0.2646748775930837,0.09503762347797211,0.018971447090407337,0.16832717602648828,0.07290091709422204,0.29582812540450043,
IL17B,,0.0780617138307423,,,0.022044156583490362,,,,-0.1417880981570917,,,,0.023003064543505227,,0.04374847853856953,-0.09151421043951889,-0.008600212819672635,,-0.0423668900008539,-0.030397223059534247,,0.029782948219944705,,-0.014328929372516059,-0.10458911794101074,
MMP1,,,-0.032856250726944376,,0.034053642614740726,,0.035037586778965985,,,,,,-0.10128775075608863,,0.003531006365062836,-0.030408490057591008,,,0.19809555038542723,0.10837273908511491,,-0.016736598708267655,,-0.0789726091216089,0.07349676400553277,
MATN1,,-0.09030342951708789,0.05958817198310054,,-0.04902469389356121,,,0.024697067996489016,-0.027480738065081143,0.03781462735415674,,,0.049621073404018876,0.038212853380510704,,,-0.11585602593692054,,0.02933960305691496,-0.048078520508774515,0.07911215333607423,-0.03413918030853772,,0.05175864581061743,0.07940872997158778,
ADAM28,-0.02381797034952005,-0.014585634874333864,0.09400722533879659,0.03293029690909986,0.006459142051443635,0.03192383530078686,-0.034971574310570304,-0.08786206686433448,-0.17472986179152114,-0.029546179969163037,-0.043284612580251625,-0.011689119617241454,0.10686057582543856,-0.033052216959451215,0.0405768616125108,-0.02591290649292403,-0.022679831867317063,0.02087875241582229,-0.0795088096787437,-0.11815536002192498,0.01450428278989831,-0.00969804971669117,0.005956068003356607,-0.016004027840161646,-0.019221491226779554,-0.015160159806799333
TCN2,0.05324460383974196,0.06384932125785589,0.06091691115114449,-0.02770042805530045,-0.035559491902983666,0.03509583866408878,0.07912954996720592,-0.0013162076600731023,-0.2566666566858207,0.014930244377787566,0.037172928117182605,0.07243083525622789,0.0048967151870398995,0.05831596754433374,0.0478943519546989,0.15400945668633217,0.09436280725088582,0.16723887936193804,-0.03960929342265316,-0.015623016000044423,0.1052311282696806,0.02710239945406373,0.11333727244893102,0.03535579880787943,0.06809952180494092,0.029536763770516093
THPO,,,0.048280873803657295,,,0.002878437842123003,,-0.007680633650943808,0.007214206291482293,0.06086691480650773,0.03098187620150856,0.010102061151720269,,0.060836399625049414,,0.08185660222005617,-0.006878451464366654,-0.05774026437653758,,,,-0.056121168152471985,,0.055316697319759876,0.0005490504826535681,
CUBN,0.11868137235703949,0.004134218883325946,0.0679831742193225,0.006670250834638164,-0.007169669149688856,0.016909394056007044,0.05297858217773068,0.01108111951302292,-0.0951036511083997,0.005074677279167549,0.016589751655668672,-0.003817898598771817,0.042967334050477514,0.014014707873232038,0.029130726571059574,0.07572878575953065,0.034658616597325734,0.07866970874435042,-0.034442925581159564,-0.046149908220083406,0.060297280821495415,-0.03055362755635752,0.008638612864057739,0.043020841140514875,0.00010218182644201032,
TIMP3,0.08587307520126033,0.13655819243813583,0.06629322140833246,-0.03639487574530437,0.06237446183774113,-0.0641356389800425,0.1012158873994504,0.043423002850697445,-0.11608512419920178,0.00412589042271149,-0.019351335362290868,-0.055099490965389554,0.06023173250093229,0.05070629794899946,0.007239022030260569,-0.006733769633919575,-0.08766563869037244,-0.04576878566484617,0.1734526136842132,0.1666189268380993,0.24006707666423657,0.06047195940674596,0.0172608907358019,-0.148956238293545,0.013908037228471939,0.009453877675474655
PIGF,0.09458994620684433,0.10209853702213643,0.11498763932469909,0.009365403702700887,0.04666858037862808,0.021100407754311473,-0.052951804912369185,-0.05507687574232709,-0.15367987812231748,-0.05188348134372309,0.012883178227841553,0.09152820834403504,0.002653039524050549,0.01433542497853553,-0.024114363092494605,0.06824962857420501,-0.06693213281871357,0.045653026807762516,-0.08409598150043768,-0.10507122571893535,0.017140804138407875,0.029972108598591216,0.025566017986342195,0.17440046734468376,0.10036056430786205,0.03118505968709377
CRH,,,0.02006591698195609,-0.02121082117480419,,-0.050729391514700704,0.06115035995882022,0.02097978675156032,0.13389444511570336,0.04196674842876111,0.020268590523723613,0.02132114463760105,,0.0264371111588485,,,,,0.03028481536404016,-0.04334497630682202,0.05274040468766666,0.03412751345686506,-0.014733426699442744,0.08308205349967722,-0.04140104185336211,0.17768112787972548
BDNF,,0.05275306654694725,0.014083334923915733,0.06253767521586069,0.021398069517416695,0.06645131137060775,0.04158271125705371,0.15591536460093108,0.3236328789661505,0.1091111160082524,-0.0024136392951727074,0.012289779064339073,-0.0038275748553961812,0.01376342703244315,0.0844473113157631,0.12801204722116616,,,0.012713538693775466,-0.02028104713108745,0.18601384591034179,-0.06125156740508157,-0.039704286745505774,0.10665290006638478,0.20252874318569558,0.08700265370216159
CCL5,-0.01511284740150024,-0.060699031451757875,0.04116051409460739,0.012793096978174786,,-0.01888832257064229,0.12014665567027843,-0.026765699038661276,-0.1140650235289514,-0.05480839291859478,0.009608256776344344,-0.05922037870005572,0.051903169025240045,-0.003956054100576616,0.042518976190856206,0.033108459803065475,0.07280436983637946,0.03899015832761908,0.01665210487624458,0.038413713097513846,0.027545097994574896,0.02762334982206376,-0.019903712261378975,-0.09881216705735123,-0.05477629191088867,
GAD1,0.1359054560622497,-0.0026515587482140476,0.06543528378440489,-0.014690326887662331,0.018437732942715116,-0.039670719180634625,0.1574276069455531,0.14190306630709168,0.2765773110636598,-0.0597864842631897,0.03665339912591151,0.05201599384963988,0.04078235421618069,0.19048152281730196,0.07656088725347159,0.059419221494233745,0.023990143629372948,0.0903032721787381,-0.01560328430629695,-0.048769803792288784,0.1116947910738223,-0.05148987381306301,-0.027768452245664686,0.020310145673814797,-0.15819536948943783,0.095399751901531
COL14A1,-0.04789785037903692,0.10748260882360933,-0.004802170067144873,0.010911222932088366,0.05529428069983041,-0.00889226429559451,0.09390493036849236,0.029042104299267957,-0.08798929941041839,-0.01751585545192023,-0.027746602555235353,0.008130143462968212,-0.0015993784181815472,0.05915067058243682,0.13542640971897502,0.007617336675701485,0.09481859599047412,0.17889600310926324,0.23803679327967153,0.20822919804105136,0.07547052218355077,0.02203883102158161,,0.004889055073188941,0.09942660010187594,
HLA-A,0.08534904679316412,0.2773776543236534,0.03714671443861358,0.032753782157716675,0.04943659735549946,-0.10954102150689059,-0.01813387472026276,-0.07770403610524196,-0.38046254737045115,-0.08458569558849185,0.009662096550555282,-0.049577379834852255,-0.016019250434032087,-0.14178146945475786,-0.01369031371379902,0.10225946699100427,-0.06198447460945431,-0.002413636013147825,0.24736913220829992,0.21832699380450493,0.28737960398358275,0.031254888481048695,0.07021765049457977,-0.21507406473548912,0.025311034172221403,0.0600988133559276
CD5L,0.047426972523240706,,0.039076489988222475,0.09512824185579535,,,,,,,,-0.005445703419779196,,,,,,0.041494121216703275,,,,,,,,
FGF18,,,-0.02653378601353369,,-0.047687748549554064,-0.05395001073782936,-0.0037360203191842125,0.019648339379608346,,-0.029009777020034197,,,0.021259254479940422,,,,,,0.04327787123989049,0.017102800786693947,,-0.020659390824870727,,-0.04372388666690724,0.009055706897104216,
ADM,0.018909954420998687,-0.30162703035901633,-0.06217126862618211,0.035428243469296565,0.03801418930595571,-0.12227552786750041,0.012950095095195324,-0.06942089697137342,-0.1732356414337874,0.15923351247572048,-0.01291763396930535,0.03512884465145094,0.05595406870550351,-0.17477803194394143,0.11328544411420381,0.0709017571988868,-0.13884461201092121,-0.059957256434582,0.22293351506487644,0.20528635821965327,0.08171650546610683,0.0556744712730917,0.1057539744456253,0.10392778987652401,0.2661915867919931,0.06512944848775767
CCL15,,,0.048855254101058176,,,,,,,,-0.07439519954538723,,,,-0.0051784903493945255,,,,,,,,,-0.03925507157134181,,
GNAI2,-0.11258053748840804,0.15765898708238854,0.03773799707346444,0.026423697963917595,0.0973921811855005,0.08093078731412906,0.0008265441071997854,-0.11958969409092096,-0.3677593912680579,0.06823641315147859,-0.0376875257487245,-0.024554993393627406,-0.02579984767184035,-0.05146424697127411,0.11416074833988064,0.16259828097213955,0.13208955610023548,0.0913451413129215,-0.03330918340812753,-0.016136721146339066,0.0007809137896892183,-0.04225212939049384,0.11643278121199852,-0.05889739839817366,0.061331034652435515,0.07861955948288633
HDC,,,,,,,,,-0.1358080533475816,,0.04812955763154531,,,,,,0.03903693124977332,,,,,,,0.07158415134717218,0.059341015434438336,
COL11A1,0.01695078053369592,,0.0063782003322866015,-0.04380807516030477,-0.040274462956705295,0.005863158725839581,-0.09167865005880624,-0.18384403455449866,0.07106973004967426,0.091616928880964,-0.014773977478977646,-0.10512421201986773,0.13237713705126888,-0.007143102345139449,0.12005670914446472,0.038785376079084416,,0.03759413544454429,0.07766599601645062,0.0810992563035732,-0.01177093311913965,-0.016876599533442296,,0.022590982390406616,0.15078304337376708,-0.02112831928611881
NUCB2,0.08211279302301101,-0.09461314216325226,-0.0732549046464545,-0.04568213091291764,0.06779334128663153,-0.014992105724500816,-0.012697692288128271,0.018350233188055474,-0.12850022391763438,-0.02293871837174271,-0.015839574748546314,-0.027801734053472155,0.011203748250176086,-0.013121437099939182,0.027922049308841155,-0.005656768369130769,0.07630833305085662,-0.002117939023932812,-0.0167023116300913,-0.06781751758638062,0.03653475411259012,-0.04162656226298894,0.017058080596774633,-0.020608041873139443,0.0034127123001970513,0.04258436733926842
FGF16,,,,,,,,,,,,,,,,,,,,,,,,,0.04383369643373616,
CXCL1,,-0.05016536774777271,-0.03565118778986776,-0.0170570701789539,-0.0875919511419365,-0.01951736417252026,0.08000697040948335,,-0.07596548931709583,0.07696806472749576,0.005881153567736212,-0.012124561057752467,0.1565351716384898,0.05432891080222612,0.010533427603127645,-0.04906247798496927,0.056218952030700785,,0.224889005387467,0.22814851156004054,-0.03737546933308541,-0.04087528299998422,-0.024992949817235023,-0.027536563634601195,0.09942707283547418,0.07087039826659701
VCAN,0.02271276107528537,0.07914215602775934,0.05396731133376506,0.003343749679652349,-0.03831098998207497,0.05824508106546969,-0.09136027124910139,-0.19372469169640885,-0.28337635342852685,-0.04110359900208483,0.016523117905988243,-0.0465275262336689,0.06905121354980562,-0.021711705639957446,0.005236169453693245,-0.08664912417726126,0.14422611822305925,-0.029298680053817232,-0.181264832919321,-0.21378160490104336,-0.08696175620951843,-0.11683143137700826,-0.06308682070051719,-0.1163401859817508,0.11084636382943083,-0.01300616443279774
MMP7,,-0.07391255249702913,0.1516055538063398,,,0.02666659469392193,,-0.024014938351947443,-0.044418256651170406,-0.006379635229753532,0.029335628532071507,-0.04688577900321018,-0.05701158435877527,0.0033572796341244477,0.07184496215657361,0.11487546157233218,,,0.15071097044079376,0.10064405755771934,,0.019514066380093398,,-0.0010138348421834015,0.25769595292125097,
PTPN6,-0.0482880316784892,-0.037283238488734285,-0.0022795390094102444,0.013155076299047627,0.08726539302751816,0.07652167359930978,-0.0028446351857956964,-0.07492451435334958,-0.2097744541853012,-0.029811947778244727,-0.049719784311708204,-0.002881798830975211,0.08104499935209276,0.050057055767207766,0.09185127855847315,-0.01818735675786081,0.0005679827475786849,0.02970336709255651,-0.045393030248555406,0.03100243562126495,0.05546188492570791,-0.030448563648125024,-0.007418756677290106,0.08787236962017154,0.10614420412396909,0.03381601626953715
PTGS2,0.002808571638074488,-0.09972887659387976,0.0192584939893398,0.005058639414591714,0.105046048326525,-0.10301831099919155,0.07131833291196556,-0.03865951766029932,0.3135115832551019,0.022294634677265363,-0.0003251737000382147,0.013731187940231149,0.0675646051521119,0.025865780647453672,0.047621384840558875,0.001040017921783844,-0.10201659176047725,-0.06145473640377874,0.26677651560998444,0.23054103881997862,-0.037028795294892565,-0.08248178068312156,-0.015557667295312414,0.005884290327110597,0.07688694717618251,-0.06378132217449653
XCL1,0.015519396493934984,,-0.009699597428334532,,,-0.03138262348845539,0.005709012060875028,,,-0.03455176689602458,,0.07606537393098291,-0.0033728649566332623,,,,,,,,,,,,0.006848342498508241,
CD58,0.09129102314705624,0.15380634128683612,0.11568657814437357,-0.007906276289162871,-0.02019376214346084,-0.010031745107030981,0.042077813291426513,-0.023157429252991017,-0.260469606414591,0.12391801012694258,0.0076565465594387,0.0017771654500152482,0.076124252394733,0.04839653233480369,-0.009322777288271258,-0.029429930432731198,-0.0990735164897498,0.07311173746510177,0.015446093581547533,0.025232467559517843,0.06486035430158398,-0.019705175824814358,0.041519675719359904,0.06854773426503892,0.11600087116479076,0.08162916386074325
TNFSF14,0.05150754132315578,0.04683850513016901,0.023878095461192156,0.02061188555635707,0.007039334711000542,0.0917261324127528,-0.008390383675208335,,-0.09616357203166116,0.006480626806479117,-0.0485721322463419,0.013175024767184067,,,0.05728551168093183,0.05421449641120067,,-0.00409738929133202,0.007582846562963794,0.06925598933525874,0.08277609924039213,0.03286151071184547,-0.0032846318920926446,-0.030714213384290034,0.04189636449923272,0.05404168541651204
CNTN4,,-0.03731942942636699,-0.05650036819773288,-0.03293858882376788,0.029031563646975476,-0.03763301709814037,0.15541700358457797,0.03050932577143684,0.16444035708369853,-0.00693795703507352,0.00935320046255924,0.04994227641467067,,0.0645150150752022,0.024439637686894982,,,0.012440124972091902,-0.03649120134227,-0.008500656684343556,-0.004712762874125949,-0.0559492377147447,-0.07399191949126653,-0.008480757201026437,-0.10186876800644598,0.034343626664640144
NTF4,,,,,,0.016220850564342176,,,,,,,,,,,,,,,,,,,,
INSL3,,,0.06657786581711836,,,0.01216271219654901,,,,-0.03236515671166567,,,,,,,,,-0.022024676034662998,0.0035359527039949554,,-0.006457379015185443,,-0.060776226769526306,,
BTLA,,,,,,-0.012508729550217907,-0.058967472489559324,,,,-0.015286581528179464,,,,,,,0.009956982412789896,,,,,,0.03265141015873036,,
MFNG,-0.0028117269970935445,0.004124351689879552,0.07439615030605674,0.0340809550960961,0.01416591759302009,0.07432653482211304,-0.026003581609264814,-0.06967922717777746,-0.18670718355466026,-0.05171784053253608,0.03525763974453584,0.028388425503782146,0.0516378932264086,0.04024726666500082,-0.03716015882457798,-0.09033486199415079,0.11788262861350407,-0.028157348917573523,-0.12049928780163088,-0.08453803171207598,-0.022804576571634035,0.02344994190855735,0.09088788206217698,0.031553396891566256,-0.034866776463382654,0.06712698931593103
ICAM1,0.05824239301205042,-0.019317608351882197,0.052803438025698375,0.046991804742476294,0.0498396960085709,-0.03896625569380396,0.06492190335079415,-0.0822224890802741,-0.26313204647403493,-0.03684231164900877,-0.020485826345666872,-0.08798255669870493,-0.010284659592371551,-0.0319929101818148,0.10896828762428401,0.18485601222735643,0.11873713014249836,-0.01652738637519494,0.2465820033434172,0.1433001948490956,0.11407581988932763,-0.0016958862274078668,-0.03662469150375969,0.12739531415888922,0.14913753091364865,-0.03082035154116137
PROS1,-0.03698892913327533,-0.0012088644844947532,0.09594759188325687,0.06770940769554704,0.013292268620785327,-0.013274095432740886,0.034425413925175195,-0.04641850818914867,-0.31029880270632965,0.0035818962201913736,0.02558092704372093,0.04563191745232451,0.09494655208688625,0.016116414411345585,0.21977287934105177,-0.0026448889670424003,-0.0003265474486728334,0.12382075241190232,0.0556237526761235,0.0023542911475858885,0.2370604533726047,0.04476734652636014,0.01601586161321192,0.17449788721854356,0.16040805958165055,0.028760758609064248
CLCF1,0.036661919867349006,-0.015061143750438577,0.0529460326696297,0.02594093775763371,0.11136205728662266,-0.004860005475269869,0.1176960290837196,-0.060688855138379405,-0.06495123852939831,0.03269495469041671,0.005699387758045459,-0.01622778767943454,0.023052884751256338,-0.03293180009854254,0.09656174696183145,0.21424341325532698,-0.008917009558894544,0.055136716512200826,0.15352408713011642,0.19952264960821123,0.04175291071243948,0.010725262200798984,0.09383820136677182,0.17278999001392328,0.3186072822021868,
PSAP,-0.08079326720304601,0.030026020654811903,0.09820124016508858,0.06794138170326391,0.02575029378489243,-0.06482295219511876,0.03280006132202789,0.21947962573094534,0.14083936691046714,-0.11988342887524833,0.02317133998543261,0.038596349144252785,-0.09530678838046329,0.11353689277459629,0.19744326318837055,0.09439964227492115,-0.061606875401717616,0.0997453991379741,0.18878392367363125,0.2061332420603705,0.2056928782881293,0.06385003140801597,0.030568244746307864,0.12705252239799786,-0.0818868103676177,0.034395010541864925
EFEMP1,-0.016711535448875506,0.0396785942021149,0.11405807279315658,0.05463873325887209,-0.013913778823643478,0.08572647349093729,-0.049556407531172145,-0.0035069394103972723,-0.29254132682596534,-0.19092763953097408,-0.031097094618223544,-0.028596603697300597,0.01772941655103142,-0.08639758115633957,0.10430977771021283,0.23123483532510458,0.056535934103961766,0.0780385160537326,-0.07195329120158067,-0.10224331778223512,0.10422557372955342,0.06247697426094517,0.07584494109610945,0.1523346369799418,0.2781333027352875,0.02626620718288855
C1QTNF1,-0.02837723409138481,0.09315550607451538,0.1266941024402946,0.08288374319101391,0.025883670358920908,0.002043042720862315,0.050899699682835316,-0.03705985852899164,-0.2539559890603905,0.06744594990552785,-0.06929243787272793,0.026644272068595768,0.03823129040409659,-0.03600474906442707,0.005284466073896834,0.10065929314625548,-0.04264084924142797,0.08524139279431137,0.12863397341739702,0.08044460857850051,0.2754568606485673,-0.024148542622371774,-0.008518625115188364,0.03154312213058509,0.22218513754426225,0.12554053023246828
ALB,0.04649520396839747,0.0659485602340314,0.013726431257498888,0.01670397328899344,,-0.009652184890719428,0.012354496675540718,-0.016207718985946425,-0.033245401538728396,-0.03944285961354644,-0.011633372835756757,-0.010158276698840306,0.022631062006571775,-0.01119773620658946,0.05866872052911401,-0.016576376361603827,-0.05366549314575067,0.029635158249281764,0.04008180289667892,-0.09348450469627917,-0.017044892441381465,0.05668805125658467,0.08067013089577418,0.0786097242120931,0.020849585304534554,0.08132259996966923
CCL13,,,,,,,,,,,,,0.062034669231428405,,,,,,0.09747899992247137,,,0.052090606779638726,,,,
EFNA3,-0.03857927999368571,-0.07601585798954771,-0.011419321439647313,0.03740109416585787,0.058982053875459094,-0.025985259018857787,0.10421814529797196,0.07142831605620323,0.3196200763844512,-0.030557640309007292,0.003635518598809965,0.03319742134570453,0.022776687826892152,-0.005731016323290792,-0.02930447782523692,-0.01747285618674415,-0.14636873660235358,-0.028011374584350473,-0.009802655111085195,0.010302782391690335,-0.009136716567044756,-0.058912183082683076,-0.004359755632162012,0.05740872905758108,-0.042770470990301554,0.04658931530050014
DRAXIN,0.11312083235191736,0.14380265985597823,-0.05838536871031158,0.03784613473131723,0.041907241749214105,0.005655099508639836,0.0719355432720172,-0.11144005177661861,-0.2117436716015949,0.1279367426183759,-0.036462141041220815,0.03484319036245132,0.027756238607311013,-0.02855322217391086,0.058694980372169976,0.1999731805560985,-0.01572883384717676,0.059264652352005044,0.05679242009978695,0.034124959799716484,0.12207890051920779,-0.07597049814786536,0.11336376069664694,0.06096510957273758,0.09042157081174612,0.05567679882262688
RAET1L,,,-0.017436986059725372,,,,,,,,-0.0025495146714459406,,,,,,,,,-0.021430423909661506,,-0.0420458483769765,,,,
NPTX2,0.006637740303794014,0.17664064679133018,0.09751625368295315,0.035974329203901596,0.04349105142872441,0.026727768958405687,0.14675743360457097,0.22353811812997412,0.3937387116910969,-0.0228849856967333,-0.009454603549557556,-0.0020974521748143233,0.0854730757936882,-0.00987543003450131,-0.03579639174656256,0.13321909829641607,,-0.018925516411205268,-0.001467063413299419,0.013659819649683222,0.058506293688904594,-0.009198943026905397,0.044638791305145566,-0.05725652849020515,0.01324021326508503,0.08664239238182161
FGF11,0.07211806105542216,0.09770989017108699,-0.022009098044289816,0.047576162202089635,-0.0008472865294344698,-0.046274134302841406,0.005388897172356984,-0.14619871267317927,-0.24877180908714436,-0.02780743657826832,0.013827411088369575,0.06622167526436418,0.08240230951804177,-0.04690122025190521,0.05202397705686325,0.18293328550948698,-0.15742095686034605,0.019005757012023332,0.042492748840093054,0.09143898481570228,0.07666778545101928,-0.017688938133364838,-0.02721618395700538,0.19042003135816438,0.1649542843765763,0.12810336995468657
CD59,-0.05299219884396934,0.3204352313804279,0.14167718337409338,0.006077678978919425,0.06315959667901465,0.0255624689619925,0.15641132029587418,0.16903515855870846,0.1724968343291965,-0.10755243020493772,-0.0036408753572753838,-0.02675676937663561,0.027587104887499898,0.17697830863378303,0.12451967417525892,0.17234191423964934,0.0894570107116481,0.02912198425951456,0.13456706862122095,0.08372580811210345,0.15748510411679398,0.038159054975666525,0.08841315244022306,-0.0646132657328497,-0.08586620573006151,-0.06499054463375926
COL9A2,0.06567675144952481,0.300948029889106,0.040966653948159876,0.042937257935410755,-0.02142790264747862,0.08379164230015934,-0.06820994541729491,-0.07270115854621954,-0.15294860184054188,-0.0072032333054615925,0.017205124191513512,0.016041883432027605,0.05267063337863998,0.017557848993147412,0.07854879551425793,0.07595962342751875,-0.055002861759714666,0.045431905204550614,-0.03531500217084983,-0.11908673001851107,0.02861222835333276,0.04636317003957642,0.0669571128537893,0.1676507047993711,0.00782703134392004,0.06934108506920576
DLL3,-0.020826739182954173,0.152386883373602,0.05929552767442267,-0.014309588156266024,-0.028844657643876805,0.0989301941278282,0.006596067245701163,-0.09598466845585395,-0.044735645704071986,-0.07747595149107046,-0.0292846059076109,-0.00044964214604404013,0.03388018485764354,0.10633731427113186,-0.12838247117511833,0.022068751397170034,0.11393574187616395,0.035803304910043784,-0.1646368144948472,-0.08942947211727409,-0.046479894546022464,0.022261872954316555,0.18728637746062707,0.08558766050171679,-0.1074076509003975,0.023659958519802154
FGF5,,,,,,,,,0.03675416274856474,,,0.022680100817777684,0.0007432185890319608,,,,,,,,,,,0.027100923407430724,0.04587930177827618,
LIN7C,-0.026318465180755424,0.06222223693331954,0.022108042662563398,0.07024094402003285,-0.023808440425578184,-0.003908775684396387,0.05107616238030043,-0.003092298314157714,-0.08072992992388536,0.07624092096504688,0.02089482864685112,0.10453843535296467,0.02674555866359715,0.07463720060577551,0.0975336973210621,-0.06961593182512943,0.09043637978635134,0.025835132061299528,-0.1482187846079701,-0.03858390098951211,0.09268183442201157,-0.10607332353248304,0.021649546492417647,0.08893295348593415,-0.04496392373672212,0.09394935724872472
GDF7,-0.027726008702664742,0.0008680321707103959,0.008140499341803048,0.07632699242655283,,0.02051016994277841,,-0.0045571250738501694,-0.07615408745294126,-0.030202038379364575,0.005388704710813061,0.03152174242722451,,,,,,-0.02899492634009309,,-0.061438277906850844,0.011101161847363232,-0.024012559954224195,,0.011894471748459578,-0.06655056998388487,
PSPN,0.02625360546280361,0.06581059096504298,0.03212551760220883,0.017378366738282677,0.10844120064835425,-0.03948007193187037,0.027057421493272605,0.01100688553368374,-0.0566993028906756,0.002959626436428706,0.011877131743044169,-0.05566955162381796,0.033260796202814254,0.01009059653521779,0.003585869780488074,0.04062421182643724,-0.020534958803491963,0.0393092518131002,0.052533635201331266,-0.025307460191948312,0.11591456819666097,-0.03451727381359928,-0.01709273514016845,0.1018601864509424,0.10945888105965068,0.1731779521158675
ANGPT1,0.014535981824165163,-0.0030358657776858164,0.04847694733823542,-0.004400389976237199,-0.02190039051555571,0.06338873377118404,0.06252484549884862,0.013941526623729213,-0.14926645264101088,-0.03197595040167263,0.0009981326789998408,0.14628894146052718,0.07926199196844133,0.07569509180851668,0.025547826547633466,-0.08714412152098079,-0.004915520955529277,0.024013985891203755,-0.004605943364117249,-0.024927722766669873,0.08599994911263016,0.06623129787017115,-0.020847309315694354,-0.04044288009504057,0.011363410396604804,0.07646864177237886
PNOC,0.039092585068591895,0.047685167618582436,0.049828339968618074,-0.0007895839541641918,0.12018099329938325,0.020595992105947713,0.1749471249149731,0.13334229927417787,0.31516801103930164,-0.03588943873543225,0.046238842697983756,0.016841750414004583,0.014685391478670026,0.142047838429452,,,,,,-0.06338508873530672,,0.07614751502819471,-0.05600837265862316,0.022050991194724475,-0.12383162204904807,-0.056181318623885104
L1CAM,0.0505363812006145,-0.0030631070482752274,0.002588142874429764,-0.013376542447511942,0.06602119492681498,-0.03884072197904012,0.12134671673159346,0.037918350212933175,0.27450723903187346,-0.09062004500380849,0.021720845196790975,0.0347307302032515,0.09078014345997441,0.17151171658272066,-0.060207363439522536,-0.029312830713981653,-0.029248580194912277,0.002745637534596039,-0.023478599793035706,0.04169129629739987,-0.012354817168765493,-0.14376988650324396,-0.014351414742455468,0.024002181779293738,-0.12616488288565555,0.11606083804126428
APOA1,0.04452251286650701,0.08707372469995271,-0.00903293116031012,-0.0003472815103651819,0.06404325053155865,-0.021391624618370162,0.03865839218299884,-0.038986582519703245,-0.10480422204362855,0.005021442611763846,-0.009381852939494971,-0.0016054812369821652,0.0006948132455394906,0.033804768027609185,-0.042985939718194435,0.05321196849817818,-0.0267773886740946,0.06604460385568486,0.027162748547382584,-0.0030755569928466973,0.11623118549112119,-0.04247736083807643,,0.065428642487419,0.1330564657796404,0.09767163186715065
PSEN1,-0.07278248726233219,0.0241735197253469,0.11134523437149406,0.03895401598504105,0.042068483288333125,0.0035922233897684596,0.07892280182205073,0.010773620288580857,-0.051415721491332375,0.009339743371175671,-0.036827407363769445,0.09504799036920014,-0.013762380852295412,-0.023898457053859103,0.12443379079159399,0.0311892268556688,-0.009828603301683104,0.026893530526695693,0.07100335237287832,0.038727196371818914,-0.04892660035212149,0.018476551969171102,0.06445780438117048,-0.027882199318372075,0.12238298118400888,0.021227798781954386
CALM2,0.06895802581680123,0.2048650477924158,0.0854769577096626,0.027307208701302783,-0.05260060453725886,0.0717460664129241,0.13974084547014437,0.17407841677097274,0.3871757395237902,-0.03739565609442302,0.06416053447019937,0.07866281535302326,0.02850139015628631,0.21264920172537774,-0.02719840169358956,-0.009256865721986992,0.11292732788820926,0.0037363762181759864,-0.2738606730012467,-0.21594602160438817,-0.12460766707171353,-0.03614265414536597,-0.02172826288929545,0.1613616058461623,-0.19895364846286478,-0.044778747904162385
CLEC2B,-0.010965122320424316,-0.2006856754564135,0.06201615593062965,-0.031323570456306245,0.03863589782106798,-0.06852292770589494,0.019628472445831643,-0.029689893911313544,-0.2354761511350276,-0.009300441564100781,0.0007840253984087612,-0.022954211819980946,0.04290602215918781,-0.029524897679950018,0.11034365901585894,0.017225929852734127,0.022156454823875616,0.02792255741638373,0.05736232632099605,0.07937314468453269,0.10028006547326541,-0.059202715781692235,-0.0636790485682425,-0.07971357979347111,-0.0373651688404405,-0.03349650561385057
NTNG1,0.06000147676961262,0.04162502923826377,0.0741111509694424,0.05254987233492582,,0.030905233705811188,0.0418441863271811,-0.035199798112870016,-0.015667510076222784,-0.06176556507081749,0.07588161662421514,0.05351693056668249,0.07349431609035313,0.09679216888569407,0.12498526606264704,0.01165911059043095,-0.04698086993857594,-0.06400090168169512,-0.13437702279954272,-0.06978240150325757,0.03857252383594115,-0.02944114560977216,-0.04522765567132178,0.1646471740767803,0.12239958153214729,-0.0304077517704085
LRIG1,0.07265269748854365,0.29915643360221356,0.11502210213977239,-0.029983202168074943,0.012476938320436469,0.11756933532620822,-0.1287785083125312,-0.027318096173388623,-0.22581467948938902,0.14787775799516217,-0.007757776028842895,0.06368883962159534,0.019355026167895223,0.0700761245958352,0.05247854063718707,0.11109229441329191,0.14968114006102484,0.21652975674083122,-0.12411581015986504,-0.027112537966821924,0.28270179180342536,0.11587981520205728,0.0009189777296373064,0.2554743278280847,0.10956726811680365,0.22289186756099683
CPAMD8,-0.016462930206958867,,0.0005447566137706833,,,-0.00851378027182596,0.034738335286416476,-0.00752308889952311,-0.05053859604870668,-0.030034336592743783,0.00792991944009368,-0.032706766667934074,,0.07136305455943434,-0.053466905610164935,,0.054785375228828835,0.009097800085944727,,0.003410995466904696,-0.053279688008545184,,0.016584157255582422,-0.07028107929451721,-0.08719677452818687,0.07459876112720801
GHRL,0.004412677415979052,,0.07107470914649705,-0.005530757053006432,,0.018614044165775657,-0.007817228437299824,0.01773924643504897,0.02437524553777133,0.04235377696854708,-0.06237831186741158,-0.06164014849524595,,0.005225362583732033,-0.050793774158101476,0.08580146186219405,0.06385887406867978,0.018380411785834834,,,0.024750970142757654,-0.012679002910402354,,-0.002294031193678282,-0.01682766614534899,
NPY,0.030910563247001827,0.07464653100780629,0.002543574625779067,0.03213348698208497,0.08231959234492674,0.08775617655192114,0.044589949265070324,0.15004551826529672,0.24135378912536587,0.03817798060440003,-0.03338890642917231,0.046432843736499675,,0.03997619685448579,-0.10141706885738239,0.07413029337521213,,0.05135581011792546,0.07185030841195947,0.06588438981286754,-0.006007522220696394,0.023000252370188445,-0.0896067935582813,-0.017275100373083295,-0.13384097451790103,-0.021114439776801434
MMP2,0.003859244311133861,0.2776849125314818,0.11160588712698088,-0.012731409881156952,0.020862642635316554,0.08027904212741235,0.00013105265669245545,-0.16495372369347047,-0.27268443191764485,0.025461521481336225,-0.011115498699341454,-0.020485643815006768,-0.050635929492572625,0.00045176178922610836,0.10413677126049786,0.07396622104677843,0.011307065795117246,0.01973568372243662,0.028854155937601884,-0.01643111308821992,0.1664910290514934,0.011330213779093422,0.08801728130258897,-0.11982965398070936,0.02198489440591951,0.028238311395645636
LHB,,,,,,0.009534302146996914,,,,,,,,,,,,,,,,,,,,
PPY,,,-0.015301018316454503,,,-0.00969252359039635,,,,0.04830114507771174,,,-0.004193407423756208,,,,,,0.08429403828103499,0.18099641777333905,,0.0032002460169681824,,0.0358648704447012,0.06090297675901586,
ALKAL2,0.03914083491574551,0.07924584328797513,-0.03574523651744157,-0.0012108413828321167,,-0.039130923623895635,,0.0041481071624269086,0.008348616683999763,0.01257529452016045,0.0028292699288014855,0.02102592486984493,-0.013655780799056244,-0.008104035003951486,0.03001646728784255,-0.033765451707913,,-0.0017645064646044368,-0.03872184875501767,-0.1301955158771969,0.028429263858958193,0.06392519881666629,,0.08551937484724276,0.07538668426499473,0.0897256472233083
CSF1,0.062096659431737165,-0.05147873972649248,0.13298380075234195,0.061439986466396375,-0.00697591917963617,0.05937562861040609,-0.012500469839843787,-0.14854740063644295,-0.1627860590322849,-0.035245087619038745,-0.05236145108342955,0.05348052371888133,0.12699182279080243,-0.043286159715943164,0.10589540220340642,0.10642835863918998,0.013207825639572844,0.04035941454865549,0.15867038862916655,0.10278375653253138,0.06115595564706264,-0.01909621267419897,0.2139462399497752,0.18176371172955222,0.16692551933854305,0.034045084181794395
SEMA4C,0.015257614711965281,0.04649384736196247,0.10290332326719848,0.027568820825977034,0.008957347618605983,0.03561117490348813,0.03209047894109882,0.02573428787198055,-0.030899284300273604,-0.0024700528760674416,0.001736275907950447,0.07962512206599337,0.03326917638633437,0.027382120080619472,0.08170952113567963,0.11196053810195049,0.010860186850565527,0.14990722194338466,-0.005836774884319257,0.04387488488738382,-0.00016302384862530763,0.06374513623375908,-0.04098603237062481,-0.04075847693903254,0.03293570416480329,0.07940888538208508
BMP8A,,,,,,,,,,,,,,,,,,,,,,,,-0.06410642090984016,,
ICAM2,0.044744266743141865,0.06225709890563576,0.027766784429894414,0.02192755222668164,-0.04298845709152039,-0.012478687826392632,0.07780238938218487,0.00922984217826566,-0.13181867422171809,-0.020991025152056326,0.05034021981691254,0.005381379897232215,0.027550728197517922,0.0745638894649135,0.07716931884177189,0.012237576312185002,-0.04916016345920183,0.07030290727203081,-0.09282567219715122,-0.01915587939806742,0.08099776862258708,-0.04969325972789223,0.06128942950620744,-0.12001945302387022,-0.1608401688094197,-0.009805336505239707
SYTL3,0.014663619749872639,-0.08871762182384749,-0.01986901116227987,0.03977031856793928,0.01677890873029861,-0.006195552036819843,-0.004634043835723485,-0.0386971311211552,-0.1546435031907452,-0.04623153510553238,0.015979313370580943,0.062468904051595546,0.020805557998567047,-0.029293797895063756,0.0599724074488589,0.05722080866114564,-0.015133927970958957,0.06058533044680513,0.07873427783865766,-2.0802871586944265e-05,0.054965770212309396,-0.017245203920047567,0.06258462744691846,-0.003315241515766927,0.08155582875493424,
IL1A,-0.008602091929537238,0.13434089971082652,0.03129257151895975,0.04137394326808105,0.037031164710826764,-6.440741923613066e-05,-0.030733064325658813,-0.04309383399242381,-0.09816206954492147,-0.025979784948985084,-0.023666919969336984,-0.07955854860060793,,0.009210617368923344,0.026054692024076793,0.09780616385753649,0.03855086930444859,0.030286681047160504,0.08250834014349344,0.13804514801379691,0.022537630230285193,-0.019166184555524712,0.11121825558058972,0.050255227146384925,0.10840576557802495,-0.04478072834920003
HLA-G,,0.04210419836084706,-0.01649171662632016,,,-0.03816827141951636,,0.0043587755038630065,,,,,,,,0.04899313813837549,0.04031571756119655,,0.04624719921374922,-0.02180809465920975,,-0.0017267988755940466,,,,
PGF,0.05816460148434711,-0.06724395452913319,0.049202334551349335,-0.007135646288509799,0.016055421560099616,-0.01802993668199382,0.0034853438662661167,-0.0247981301897903,-0.20968582647279355,-0.02597734083211045,-0.03250007867394014,0.028683904897070026,0.041660444570346844,-0.07087913705629337,0.04841012527370649,-0.017690773980119753,-0.14737747892379113,0.024810345637758083,-0.010546127733718333,-0.0451959977184921,0.054328010743522295,-0.05867940433918654,0.08528887411232931,-0.08243456424903522,-0.08198997207486915,0.04323376689311803
LGALS8,0.05560889167814731,0.09126850501508164,0.06592996991989516,0.0014534317096306902,0.04033509695469198,0.03672667153648856,0.04457362991669043,0.00278394388027386,-0.07922079567350086,0.04707772536412601,-0.0005786855196013355,-0.020713337046975273,-0.019794906209300227,0.08524464417388217,0.11264809629356184,0.09485392041874792,0.03626973872657872,0.0038881359295040636,0.05332962929429651,0.05217655906074347,0.00181811468873433,-0.062321993285566236,-0.004399039152289254,0.023717128133296506,-0.0048635580739943484,0.08272746489809356
DKK3,-0.009898416462110328,0.2894852921008076,0.07459352982319196,0.052684947236176866,-0.007732656098255974,0.031131457382273603,0.10682073355997355,0.245100679135047,0.37889471256317286,-0.03621494159500946,0.022998043177858484,0.08057405633560041,0.024882788281673472,0.17617413567151352,0.018646919022247615,-0.03888304259232868,0.12026513649183963,0.1396058409251121,-0.02812305571391469,0.018124668618361553,0.20077954178531918,0.07934877726625197,0.016959356344145058,0.05280345268536447,-0.29256516585118225,0.11270727409332061
COL16A1,0.02766655621260794,0.3311983219566009,0.12593683703825997,0.015349353475757324,0.03312151832018619,0.11308384215356602,-0.0755593035809444,-0.1041007686541834,-0.15693813525196726,0.10604495643592955,0.011615451427899928,0.046834168196289286,0.10039270626973451,-0.013980335194935042,0.10322676485602489,0.12744138999425908,-0.005857996668539066,0.04568400257307798,0.04263745481481761,0.029065331293884965,0.12897588826699616,0.04519764356619879,-0.029956041245053803,-0.05452693732331518,0.09467378642855641,0.05887320157603123
TPH1,0.08563180538016049,0.09944595850255335,0.008794496259041763,,0.006204788337707177,0.01709389785822795,-0.01614149331736251,-0.003443669907475753,-0.08045073883646477,0.07253835113665753,,,,-0.0400907754041482,,-0.010649900410729043,-0.08351785552207336,,-0.04023384124726719,-0.011585654685668315,0.03411331906331704,-0.00025684786648944724,,0.08452326959453609,0.0755868902351118,0.10260269426883634
TNC,0.04457980904292205,0.02625483594441306,0.17850938857015544,0.07204700153035251,0.1431341503217479,-0.07178493903197788,0.049020759956040376,-0.17366388307925912,-0.35917860527040685,0.10088661669764899,0.05462937043012238,0.012879279449866811,-0.08678598202960722,-0.11572789874321876,0.15738232067828573,0.2337942358414569,0.13164131514578584,0.10349182210959,0.1297155951233483,0.08459738082407825,0.3067942775255838,0.0003804116358742207,0.13106058836150586,0.18402640491189087,0.30222783210180915,-0.014257251511089199
TNFSF9,-0.019379493875368085,-0.07766456212197964,-0.0005314668442902337,-0.018833198734469515,-0.03215087448343646,-0.01143543024916931,0.05236412993648675,0.02549430112566998,0.15104477731560634,0.009091654408516716,-0.047313308090757504,0.0005898879456190756,0.10811689795217516,0.038564406281248104,,,0.05055716227493369,-0.03700363153799983,0.0245463021262634,0.09338147977101026,0.003913058389259178,0.030309469557610144,0.04461127225462569,-0.016612163275215364,0.06046053261198238,0.042678743704607794
C4A,,,,0.059282395171290414,,-0.019327610087975046,,,,0.008239946052097146,,0.022465310371523477,-0.015856152269619696,-0.015924516990967776,,0.09074768221504896,,,0.04600223893041196,,0.03774627673235814,0.04411900231066108,-0.01255118454146145,0.024017893210752317,,
CNTN2,-0.03620812649570994,0.09913904223149407,0.04897016516343236,-0.025849877622871782,-0.07446177673292913,0.006059723241310311,0.03254692673497322,-0.07604198871289901,-0.10630156203666592,-0.07441264862616956,-0.03291062256122737,0.03965369075066705,0.004809857310256373,0.1479186108486412,0.045290311969516266,0.09180714034960935,0.021705954509478563,0.008907126064384365,-0.06491310604175025,-0.07559424347284574,-0.28838180176166145,0.10698586571304544,0.08415011685705207,0.06887790939095383,-0.20693810832547596,-0.026806616728355742
F7,,,-0.02857354251736858,,,,,0.02298368585031671,0.033880408167749065,,,,0.07139412052339228,,,,,,-0.008851522054846772,,,-0.06651499565411256,,,-0.009641961856818428,
LUM,0.028212208717213746,0.1070187795596687,0.0962306439268321,-0.028754112153003813,0.003950403798528596,0.000822898872101274,-0.003497095132836406,-0.02317408139070268,-0.2705666740571391,0.06961932312010043,-0.038721365772199035,-0.054521007093520514,-0.014318386345872396,0.07411341105144614,0.0816921294314133,0.07701788864563955,0.024665697762413404,0.040543139327746905,-0.02482154101883004,0.07938483292468292,0.15073050693175477,-0.11605080232638872,-0.024809448337496688,-0.16060326567947183,-0.008529328459796249,
IZUMO1,0.007293464229574585,,,,,,,,,,,,,,,,,,,,,,,,,
BTC,,,-0.05724348519678136,-0.02619458309998464,,0.028879194516416098,0.03119582599210286,,,,0.054669657531403903,0.029689238934582588,,,,,0.08546468033118547,,-0.006107535022883683,0.03046931543343627,0.03640537027975032,0.03765893867880134,,0.061464035819569975,0.13898644271104127,
APOC1,-0.060441432125851006,-0.23579515421310332,0.045358678370769345,0.009064120159838011,0.015328712181684181,0.022369928892086645,0.024654216461837002,-0.13017943217587372,-0.37506332905727374,-0.05300674973188735,0.005452756600095477,-0.006749814390652747,-0.030901842526471955,-0.08497489335838568,0.23664203204831255,-0.10210843741039848,-0.020088973842395254,0.0493507364476218,-0.28696357059832334,-0.20534342548068377,0.15817302014766543,0.12195751641267798,0.14442116108801104,0.17074587598800323,0.03466723966755169,-0.10609559435875524
PKM,0.09768344005324167,-0.03197867258307581,-0.07610910429615254,-0.021550274541472143,0.03630628626647492,-0.09991417623757988,0.004049869191782914,0.0107861683864419,-0.05405540625468733,0.09591340812504451,0.010611608050198403,-0.03168023107670942,0.00876660164364036,-0.12827006954269418,0.08433004557365212,0.15359590822979385,-0.12454835496357441,0.010477329897269815,0.2266632167485367,0.17099449132259986,0.24726342376383165,0.0624948584396769,-0.009477340783238234,0.17753858479106063,0.20997099157004476,0.12818428000793444
TNF,,0.15342528086259996,0.054269266872929704,-0.01163251116393095,,-0.0037611502035953576,-0.02715649874491709,-0.039064672518171965,-0.062199215787973876,0.007104678156988656,-0.016087285725905603,-0.0156513196397386,0.04452588585896496,-0.025617310118950364,0.08130293125863546,0.08817318555222244,0.04194735424338763,0.0332577030945822,-0.02943588845306111,0.007257421958117074,,,,0.1090092078648857,0.041694339749529775,-0.14350300346003297
GNAS,0.055320170165854124,0.18755249760092563,-0.11229021840340277,0.007052635637206461,0.03713945893546371,0.09538329982489488,0.11304552837224245,0.2373056372306104,0.36014570315095673,0.1958180819162055,0.044938327279307716,0.03612784042841774,-0.03227123890067023,-0.10958522901021978,0.13931066783368234,0.029270364434168424,0.014472389651164765,0.0088013791070762,0.013369055137395548,-0.0007457184813778789,0.31145450281154374,-0.1508569162735786,-0.057504609793087684,0.055909087752305714,-0.2332048024272322,0.014959669664394888
BMP8B,0.018503856751945432,0.08911480497454659,0.06214186221250825,-0.02861911708250383,0.02973833923765615,-0.01165412947920242,-0.02865697694020926,-0.11233460149125288,-0.04485648004525828,0.01889963795663171,0.009822905226339707,-0.02193598091353182,0.012783168573387793,-0.05785322206283808,-0.0527351483144734,0.07317821912545829,0.11193017748646793,-0.00926248911217767,0.042263935615761555,0.10308623582793451,0.03608967521087185,0.009306188469138426,-0.002768813717307625,-0.10275128778967019,0.02273248171059952,-0.03188604979780845
LIPH,,0.07402946719135137,0.020599822033389132,,0.0010655431414338724,0.012930500321394742,,,,-0.031188204113357574,,,,,,0.02002437755027878,,,0.008634649181786424,-0.025770343533704373,,0.05213067225182115,,0.07592961174007275,0.10002619607490655,
CCL28,,0.00522892356339515,0.017244422137205728,,,,,0.01180652926620751,,-0.0031059432807801777,-0.010644858898134655,0.040334003386161346,,-0.05826361245436887,,-0.022205863268016643,,,,,-0.01640099995884495,,,-0.0442629908532659,-0.01047672354517383,
PTPN11,-0.06571733506201657,0.03703572157968601,-0.012931258111858229,0.03466874103261419,-0.0011279784341424349,-0.014302842376307578,-0.026807659761286688,-0.042502471370451544,-0.11231854773945568,0.04200083846309812,-0.039474495488183665,0.05819298777669783,0.10873341719356516,-0.028452721080480296,0.12506405924861946,-0.08378873374569935,-0.0999899369050317,0.004257645317854073,-0.055580554535843686,-0.01596015193796804,-0.114146815328234,0.019871226951798594,0.044024063818846756,0.05433461599734158,-0.10921988165544917,-0.06799790381126229
ADAM12,0.16954616959275723,0.16389036424572517,0.10447266883859378,0.0012919485673745423,0.0684561059988724,-0.0047077358000523675,0.051262113153935154,-0.06454806675376008,-0.17506161977044438,0.17223288847376952,-0.020201582924167245,0.011940573139785441,0.06289462823356468,-0.016823939625654774,0.11638616678968634,0.1829898366962394,0.051958956901037884,0.08536415988133514,0.022290304604147115,0.009273006309854514,0.17047416334397736,0.0034273372409255307,-0.05894188363171952,-0.08079290331201916,0.04592919351206354,
EPO,,-0.015492442535478755,0.06688801553131841,,,0.005516656063128682,0.06139895055995808,,,0.047478302400121346,,,-0.05576936398568401,0.009407658449019037,,,-0.09226303348306895,-0.004280697409764039,0.007365009808624819,0.019173140236720974,,-0.02209272295131064,,0.054104017167307984,,
EDN3,0.04691562920790964,0.017632343485831908,0.05969586134795864,0.017093730781354715,0.05989259945054051,0.01737607025991331,0.024910635051472844,0.015058029951963427,-0.008159516266930787,-0.010684042612700869,0.028505348857756792,0.00488041779885332,,0.09232372432324389,,,,-0.056096707133730814,0.05762158599590889,-0.00859937109958917,0.0897676385222527,0.009879948537738709,,-0.030281502853229326,-0.0013247053275962856,0.06394880921308989
CCL22,,,,-0.03632078403958559,,,,,,0.0025295206551922134,,,,,,,,,0.12339738657314314,0.05661602150820586,0.056673755569605154,0.03918057478061928,0.0060064073868269525,-0.007798151744267954,,
CCL2,0.018732391545763553,0.08686726605882508,0.16170994102185418,0.021296282121447234,0.03964365042817135,0.11778303249049202,0.030830177334813864,-0.05917185114273599,-0.07578926579103822,0.010420574360452932,0.06986541529792792,0.03624935731217821,0.0707783206037649,-0.06863240043452096,0.10838907439981693,0.281794768553918,0.09529251288136299,0.03513645106660169,0.16536453812158095,0.10631628699686285,0.08694039487156145,0.005216296922176013,0.04601519985073887,0.19042951306047784,0.19362484700763788,-0.049052318583259175
DSCAM,0.0352665598017514,-0.007450831847048427,0.006274918192377691,0.008389979127708114,0.005517611611732186,0.1131842795510418,-0.06401632064992203,-0.05441706411153228,-0.049802926229535624,0.03419530663908842,0.06279614815116355,0.04188969090042011,0.06757312591052438,-0.06096531665973039,0.04210279116604,0.045703622624933486,0.002584943459951474,0.00793789356383107,-0.10311246422288013,-0.12670599788770234,-0.03450518846567465,0.02688117488370009,0.06140296491345791,0.07162599539979332,0.11563608055657036,0.06406313126028466
GPHA2,,,0.04775852991249821,,,,,,,,,,,,,,,,,,,,,,,
ANG,0.03813930105598415,-0.15785503560933434,-0.05470552977331649,0.0467389199364544,0.048410381322091044,-0.11744289091491716,-0.016269581971304528,-0.0007414058853230258,-0.14535536654557504,-0.01569171355382803,-0.021063450989865125,0.044484489273718446,-0.020180518017985996,-0.05851889707007573,0.08036642027157874,0.045482759782455,-0.022301922752765897,0.06386274589347317,0.04249343256452054,0.1370497220544479,0.04738384312821256,-0.03078046179862767,0.013763487119025104,0.07890708449241793,0.053871634759270336,
FBLN2,-0.017452949289331932,0.14419568519935808,0.016664606254767195,-0.004513095775973596,0.0039226044237049605,-0.04804879371163066,0.003059182404093416,0.0442525360411529,-0.011394576651218008,-0.061417818518217225,0.025018250400682764,0.08425916648508466,0.03564464292210482,0.06619531993572778,0.003056601076221038,-0.04742154818229792,,-0.04758685182339295,0.06525078576867488,0.03840998778114339,0.163683866964561,-0.10906382280013599,-0.039222804072776944,-0.003488554505075089,-0.02340349556098828,0.06638337336361275
VTN,,0.017857453675118942,0.009681662371956296,,-0.0015309596369409227,-0.00442695967329712,0.05827595567447512,-0.01337807763822213,-0.05441112662076559,0.02558911923187505,0.004789046192367717,,,-0.018156844230180207,-0.0031032578873002163,-0.07521514100171929,0.005164875073115138,,-0.023874595932721034,0.013903334527744225,,0.021150680414076563,,0.026058777021594995,0.0006410478578388303,
VEGFA,0.11482147252132222,-0.18873058439138077,-0.1318381784292163,0.045677180313598194,0.029795720907242102,-0.13404262857183158,-0.024875856199102032,-0.09029442126335015,-0.13360265897116586,0.08348932139082234,-0.036557499144946395,-0.022349519230841754,-7.238922207219913e-05,-0.18339511314700585,0.171649235866139,0.07922449287508516,-0.23266198765579182,-0.048118327229772516,0.2495759822647671,0.1761206586441824,0.07469883744924632,-0.03299215043977149,0.13046645869417145,0.03633194852951464,0.26860709556636747,-0.06415338871463787
F10,,,,0.01970512623174665,,,0.05110780653281373,0.028608905628846448,-0.12092179512178834,0.014772511767769437,-0.021483781781675503,0.039709930063849784,0.007964772451785116,,0.039485472639501785,,0.08689279850892381,,,-0.00378913742813469,-0.014022952167664292,-0.01582854689620693,-0.018764746909876152,-0.015295826800753807,-0.050003962381565334,
SERPINA1,-0.050444765552251754,-0.013314029680985011,0.12024507265214028,0.11821178124285481,0.06574821495539787,-0.00034966993126952893,0.013460348686770322,-0.035000872433702604,-0.2802964302461991,-0.05688604545728684,-0.004752574538492485,-0.0001535889935339674,0.09382548421727968,-0.020437670507059358,0.05418346837096291,-0.03655284653965731,0.015703574894835134,0.00345813400585492,0.051905543521686456,0.031963221891145456,0.03755196564850361,-0.03011921542824157,0.01014044315390114,-0.020599048198070926,0.1837232313900638,-0.0071036912631118835
VWF,0.04456412087292328,0.1742706653951138,0.08835617186225488,-0.06319690876761352,0.006823080456253336,-0.010309259903724891,0.06359930571839732,-0.014219792205174232,-0.27114657680203685,0.04820105969286246,-0.028858052390259816,0.013054076325928119,0.013246114633620529,0.12014891339373775,0.03949872800548207,0.02821648619970068,-0.006011395381014877,0.07962840862109441,-0.038030666765767426,0.03921060661701028,0.1701001737442176,0.018881850450966513,0.10328089578317315,-0.19128318926031235,-0.2932099368184728,0.003758157513583557
GDNF,,,-0.000774664272775769,,-0.0025925703060972905,0.01642470375707143,,-0.04529563110265421,,,,,-0.011472766744647351,0.0145844402981169,,,-0.057657349326904445,-0.030766246804864294,0.03322869783833416,0.09196295781542158,,-0.023613811382759538,,,,0.09572142955869847
VASP,-0.010686803404400931,-0.018643979330706113,0.11873925650494915,0.02965330099203683,0.03940203503575589,0.004025004632650933,0.02036437913129538,-0.02065481230971247,-0.16798867662536998,0.030613018870408956,0.01307238806848843,0.06171787147295517,0.05272384518929378,-0.0046777062580415415,0.028446823870742186,0.1425516427139962,-0.0038370183687797847,0.11641050436637895,0.060834323305578336,0.026453353258316922,0.12334574823352577,-0.07112669029039785,0.14671229480855633,-0.06082290209545508,0.10446297208933393,0.08736212187269314
ADAM15,0.10716608921662164,0.07941482000817895,0.026602100268066097,0.06344013491179433,-0.008114458956324561,0.030940851018066033,-0.054665246933445086,-0.049730485987733414,-0.18480624908970095,0.06502244005066292,0.011061486689826972,0.09373747643676358,0.07407030288528234,-0.015957566578914107,0.06290661227591572,0.0685440511919916,0.08339651642482956,0.018775425497093927,0.029719063244113962,0.15048676339640588,0.03445801167598165,0.006762327488162607,0.03296076487517879,0.018598746863315817,0.10510742529595987,0.02854676657686334
WNT2,,-0.03465171810296379,0.03710283345734252,,0.07926527512200583,,0.01455116264327012,0.016509826634445827,0.14114308236395387,,0.0029453357564039272,-0.0742148720083207,,0.03791371261818125,,0.05375962514722764,,,0.04492555561391236,0.06746109408991274,,0.014134411738381454,,0.015053455178074026,0.05028369645809821,
CALCB,,-0.06485182978177537,,-0.05323508655076725,0.0378787627644262,,0.01690576628059854,-0.038995458935481314,0.02974602912715925,,,-0.02883280023623406,,,,,,,0.0061069604167704955,-0.049804112509606466,,0.03033207857512211,,,0.10022106614202003,
OLFM2,0.10710231348308992,0.31160577119510496,0.1305380634489878,0.038572840893110596,0.06203607711818568,0.09355082524914794,0.07594092714535647,0.03949424657129366,0.25158746031522394,0.1333900815866121,0.007539510171006801,0.04226671274631517,0.0495542140354429,0.032826268486154456,0.06476594844723454,0.023555269210094553,0.028671476007713678,0.11044738666334465,-0.1164207874471073,-0.11442672267537919,0.08662092205893063,0.026189076095900658,0.08378703308876327,0.1445430954840742,0.03898609932481887,0.10068325444347195
MFAP2,0.06271216490244498,0.05215712662015811,0.10202766667656113,-0.0050514412887676975,,-0.03309364402045837,0.013684713277318294,-0.07263085668446476,-0.2102832628647468,0.019406101487117872,-0.03146336940451811,0.007828441542928263,0.05418756255990652,0.004469704096396826,0.0390985011112095,0.003658416695802762,0.07460668227343369,0.04540230218578714,0.040489475955485084,0.08619500151439975,0.12951319635153824,-0.04429056463808909,,-0.07322977086370731,0.06338239902084986,
HLA-C,0.08640096677295112,0.2517232557329097,0.010619719690170832,-0.0006036566847575931,0.06858102482637551,-0.04751414342686443,0.026435164701069536,-0.09485648455728375,-0.38165758393126864,-0.2930759380960342,-0.011311632596717058,-0.0456546963593989,0.08123777811590233,-0.09760031649311425,0.06681898098032177,0.14489559464865975,-0.0014450903573281007,0.02670131809587769,-0.006958484511480744,0.04369447121558587,0.15912297219354338,-0.02966556202734465,0.019692375071672628,-0.031330057633265136,-0.10989217295449087,0.0367051623690065
THBS1,0.03958550898355066,0.10508641872966394,0.04913095364378313,0.012400418201469128,0.02084398144425198,-0.0040781125868508674,0.05615050769141112,-0.04491649065350092,-0.1276419465203745,0.01573928853648529,0.021076338731962244,-0.014320087319437819,0.05189512082775182,0.014923144702838493,0.11930566932926688,0.06988093257945259,-0.010644335688871893,0.09800946327710586,-0.004037536294847085,0.0021860915482289915,0.07464192404517926,-0.032267833248250256,-0.01070205280108929,-0.14156571742685256,0.056382415504393775,-0.07733445090249629
HSPA4,0.010040174733769721,-0.0005366858487616336,0.03759832178053973,0.034791291723235744,0.016891266820295472,-0.014541201368386603,-0.03314471960168096,-0.0121470754502226,-0.009462479702308069,0.04368714675793481,0.013407221903754195,0.05946133137780808,0.046166920503019196,0.0563288114503332,0.005988365597231847,-0.05567529896921202,0.07352798809331089,0.14289449390151132,-0.09153689897023667,-0.0043756520218541884,0.0018074051649066903,0.03489963498432689,0.09592676924306434,0.05680953535175376,-0.1080842227410882,-0.035031376257363904
LMAN1,0.026502818065008,-0.12498761034498182,0.013002890369339232,0.004157679656205694,0.08616764201452681,-0.08657333617741732,0.012830048669956613,-0.05641305416853244,-0.3271482064714913,-0.01163658233641,0.01567273075422615,-0.007280195435208116,0.0442182857766835,-0.046197543424177374,0.06488846319667005,0.03455011334821604,-0.035561796494763716,-0.002688433302880264,0.052054386154185145,0.14052036120703212,0.09993173922390593,0.003816666267627344,0.04319712547003027,-0.040040451911253785,0.08909016254973715,0.02549108467926318
LYPD3,,,0.01685888506519693,-0.0009581458402133074,-0.0374596012157132,0.01853089949703081,0.005488013295782412,-0.0023692901789607755,-0.10494281390657569,0.017622301926784868,0.01325242006538115,0.005964157379893806,0.05575242318303165,,-0.0025712731701781825,0.0752709804821005,0.0007611261683601407,-0.05276490164110786,-0.014939317120668677,0.016924990471713718,,-0.016051372418763022,,-0.10436978632402961,0.05200511978976851,
APOE,-0.09173485193356706,0.17700061871930903,0.007794513668405535,0.04083471174760643,0.07452975137173345,0.05305424220389103,-0.06961305782404184,0.01236765198418885,-0.17806896889485757,0.0206885586207781,-0.026819453446810672,0.04547065394991495,0.02377900765552764,0.16011567234180693,0.10091278199923297,0.0009506908064756213,0.06130387743325426,0.1486726952818245,0.038244367203600436,0.07608330332164842,0.3050016545829626,0.19704184866747776,0.11887737376297242,0.09434506545449857,-0.12926274222857187,0.014545738528420017
SOSTDC1,0.07552791916453364,0.04665343096293459,0.011858984939471856,,,,0.12559461107648298,0.04896359080878648,0.07402333043834392,0.037773904955906275,0.017594593420006254,0.08580431811426845,,-0.017578651688894595,,,,,-0.04273080022812418,-0.03624940419640787,,-0.019639990590743703,,-0.006568669835118568,-0.04124050579344541,0.08622191470959448
ANXA1,0.07933148712491467,-0.04788650788334072,0.0815236672600327,0.06677871447507257,0.025613932583071472,0.03413303867535944,0.06133591851929386,-0.12222965358064174,-0.36685404635679136,0.009484007227081943,-0.024158173736781252,0.030949208427110405,0.030524152140213996,-0.142319898775855,0.122561213939305,0.04880921954898878,0.007961030532272078,0.165988717289546,0.21182428798022113,0.1596730575061949,0.12908468982553373,0.0910175200944953,0.12431976880890871,0.08888473330631477,0.2612795436239561,-0.009065967398285482
WNT2B,-0.004811647806031759,0.05391353768998079,-0.005969404851090809,-0.020901836513338053,-0.0047297280838514534,0.03978472076011211,0.02485023273296587,0.012902459328500286,-0.08321076959322268,-0.001849569818680738,0.01795695282253034,0.053544808951827,0.07989843572923508,0.0035247262594054417,0.08095513902153367,0.05253339545334501,-0.0734587066651229,0.0009249233705726562,-0.09848532013069582,0.025531573296298266,-0.043983443096381795,-0.006629264688320037,0.06181859527682114,0.09549325848123054,0.09584044687091206,0.1094053810037054
AMH,,-0.03157449109222385,0.025975890122732853,0.03206330021185001,0.039253315641179606,-0.03840286312660905,0.014290850201716492,-0.05591058971330159,-0.07025061638593852,-0.015949069792106835,-0.03127226645250101,,0.0009001833909550602,0.05749407150643535,,,0.02288644302647895,-0.0452009018118795,0.0055944134977978345,0.0013604919514970094,0.07883894797078562,-0.017454441134154345,,0.04754415754912458,0.02479155243672145,
GDF10,,0.04687297262891382,-0.026755899067970785,-0.04726117725315272,,,-0.003536151281235487,-0.024241748148712633,0.08177540682300824,-0.03155273102210342,0.02265089049242375,0.07736226694278563,,0.07647705908832161,0.015651808627512098,-0.003978546303939529,0.03350700998306123,,-0.02779038567320006,0.04125125942000195,-0.09356015662038643,0.004018153534510044,-0.024767755406930315,-0.009648519283536829,0.045198093707296924,-0.004297178368762615
EFNB3,-0.028007981135288067,0.04548562403719865,0.045594587688065444,-0.0001484012842140524,0.04699628209180444,0.04121011769076154,0.054244447574778136,0.1307562127864346,0.22791498996404366,-0.033283562176606864,-0.041719778246494414,0.029373513386675546,-0.011945858249563906,0.09520491723013466,0.037763591855066274,-0.033035799591786916,0.09280606506066232,0.04555678686393467,-0.11620813354464365,0.012606384677794817,0.13394416568314815,-0.13160642435721392,-0.04411712084618357,0.06872338228262616,-0.11263927316707784,-0.023936481107062948
LTB,0.03154790024997521,-0.0748465937879902,0.05485778494712204,-0.016654614419789868,,0.008736890862524336,0.04395777225950371,0.0031922911152011155,-0.009572292886980669,-0.05876394414673674,-0.012751708925056162,0.01972999725852161,0.058091178591651235,0.0168608802603527,-0.018975121204170053,0.08634777346274175,0.01119859570219768,-0.052376486216094205,-0.026604700107799143,-0.027041749515626393,0.04394696325159092,0.021583044557551192,,-0.034865669394832016,-0.05362134106800215,0.03321139727361557
ANGPT2,0.0633097929788808,0.12027322382925854,0.07609550376023648,0.061638658287284556,0.0752202733060857,-0.04297222765533821,-0.011478882611416505,-0.02766042852916588,-0.3562233306955101,0.097681021880624,0.015248914655701145,-0.038349161090841195,0.1011584087029727,0.023525161877681014,0.059627269794561344,-0.0376269783372432,0.03218803498792178,0.03609053808470898,0.0012743108732050476,0.018981749808790218,0.15654568586930018,-0.08337198017488635,0.06368825536576472,-0.1019852922449528,-0.13763572209262817,-0.056643812494206164
NRTN,,,,,,,,,,,,,,,,,,-0.054773895209279055,,,0.03749437944782307,0.033339596201117996,,,,0.00025603983213453696
ADAM17,-0.002418663286754051,-0.03942669488814383,0.06239090851982981,0.1168897709142196,0.08391676588772588,0.05122088072965288,-0.023263237281133917,-0.06387386810508056,-0.10486118999762448,0.030055666562330413,-0.002457402987305908,0.03808142222275866,0.06897942710403082,0.008412740403668446,0.050714221587011436,0.12140997011676632,0.005557616753156935,-0.004160726960308041,0.14255958915702327,0.09585534411279263,0.08567418007824822,-0.04140485126212776,-0.08044594183611758,0.01664490824877701,0.15780185835044505,0.020721728301309656
LRPAP1,0.012966721251986871,0.14031654470325525,0.0675668934450744,0.011995100158215874,0.028929284055833754,0.039673943389068884,-0.0786544853054917,0.12759854237172719,-0.11475523689045583,-0.047336555706280536,0.08350446727010959,0.07671940092496574,-0.011873143256158554,0.002434362678083955,0.10128404097960317,0.1304806217515024,-0.056064416240709625,0.06012614047189119,-0.0971862552188922,-0.04052307826211512,0.13426925387488337,0.0931637721149907,0.05630498031593045,0.17028680020986828,-0.06035690297576454,0.033018381923356946
NID1,0.06354032078541513,0.16866483552024344,0.1628583146903138,0.025711451813884664,-0.02801855295032495,0.0060851746979918644,0.04348318491593301,-0.07935531331685468,-0.33024864004894094,0.08861263394124383,0.033184404346927016,-0.035716180785676184,0.01804326316313711,0.08259557227543368,0.08033421927699065,0.027740960616251965,0.12199342464402303,0.0816535862383064,0.11205444079065936,0.12954833965009427,0.13012206362610326,-0.06993973062996005,0.03335996402545472,-0.2138693908009369,-0.04376909086127182,-0.032679801105245085
MST1,0.058963225307141015,0.11296268783767517,-0.007200232167860181,0.0013341811319571794,-0.04472226890347283,0.024819996812724173,-0.05732335767873671,-0.07416919814940101,-0.19657833278843778,0.0790538981156143,0.019351082318257582,0.0019185122824056675,0.04414640462620924,-0.028016998316734862,0.008824859528935292,0.10350571321434437,0.017847041883280696,-0.04978514701046832,0.10961905997428181,0.029376651071135976,0.04574134152556369,-0.007752884432497678,0.0862864756470015,0.108406556848803,0.16387889748795312,0.024577530390829164
CCL14,,,,,,,,,,,,,0.017812301428656124,,,,,,,,,,,,,
IL13,,,,,,,,,-0.06265612647253993,,,,,-0.03302113798803525,,-0.04671846328374288,,,,,,,,,,
DCN,-0.011719453486619404,0.208835717796536,0.07663295581977576,-0.007989233865322447,0.010206580097498846,-0.02776178448715361,0.06399578432556165,0.08483595709581665,-0.22448661470914327,0.088029492578564,0.02831535289218466,0.08079414713562773,0.014736992761291617,0.07444391244939386,-0.019404567666013034,0.04611495104254464,0.007097831870553095,-0.001498247420453749,0.04819916026523628,0.13353882442946544,0.15764346832433493,-0.1112974453167234,0.013599863996452514,-0.1564405489740677,-0.10446824525129855,-0.029322928026940705
IGFL2,,,,,,,,,,0.02700154251732084,,,,,,,,,,0.049214578546996124,,,,0.021288071271331793,,0.002197842605816646
COL7A1,0.047473157029451096,0.01752746509929436,0.08614905915137896,-0.04498165754175338,0.023675834846477683,-0.03137987667381637,0.029168005530099985,-0.08978864617168301,-0.17623457787273497,-0.010230425881282557,-0.0546203168209819,-0.052670216899609566,0.10838357044976851,-0.06483853516533647,0.082433690897779,0.12832265088001174,-0.07891456821799679,-0.006513038410570163,0.10798012767460315,0.22171253068842314,0.06312993004672986,-0.03264933649434053,0.03624681392415577,-0.03865110962604907,0.13851865456747883,0.005765144567793609
CALR,0.042099655764247144,0.002898850692871004,0.026481437826445662,-0.08151473936355451,0.06714580805320103,0.05106250393723862,-0.08815954808999009,-0.1437406815920502,-0.29201173824796994,0.13296502338777844,-0.027126637412194975,-0.07077063987973119,-0.057972899090817764,-0.13649245078260794,0.12352107850267069,0.14806175685709302,0.05106267192306758,-0.1321892884144482,0.1675562179004367,0.07682437088308175,0.22203610647012656,-0.0002741105876867825,0.15345661384614065,-0.09515039224891181,0.1708003291874297,0.04207659382827501
PIGA,0.046729353304643444,-0.1039887752477473,-0.010569675136412257,0.04625658147874467,-0.021113473388719,-0.05456374389419423,-0.02110584433351113,-0.05066880468258429,-0.037244192340887,-0.0372964860405173,-0.018242985258427193,0.05826175641871506,0.0414387880670302,0.0027244552697654532,0.02754753401056162,0.10652043482002142,-0.051688648921187894,0.02901314625586163,0.06016693797846902,0.06278449664877664,0.009646958392734613,0.03395570953267626,0.010923050593774384,-0.001406884283248166,0.08478410044178077,0.014420414172097816
CD200,0.1008372220331263,0.12209856287516974,0.036609809420791437,0.0173117811869564,-0.04788802421358673,-0.0019362972777184591,0.1174872217893661,0.1733212262409837,0.21871168425483248,0.011878314507546289,0.015748411178824414,0.0973554451026171,0.10332865223075884,0.1883083513066462,0.08951312880694394,0.07144320019751385,0.00779725458373326,0.0317365925211167,-0.11080794468327884,-0.07095447546190335,0.034105173538183126,-0.10616181671210544,0.060681545740934956,-0.034250384616410216,-0.16521072328473005,0.14223549275541805
GRP,,,0.03306408723323537,0.033099508997702684,,,,0.04948227322120658,,-0.03436721765675555,0.021052177618831002,-0.0381153376377796,,0.05551454915291112,-0.01160064646939118,,,,,0.02315545486636229,-0.012725877548233204,-0.054227441365316854,,0.08536759069577962,0.08030463764857788,
CDH1,0.0030220475874319108,,0.04329520197674552,0.10812091984231248,,-0.060102483227470395,,-0.022352961475718157,-0.17686675924466425,0.0639818928682169,,-0.0028273974586943353,,0.024220029567210827,-0.005485233523706099,0.0052837966222171314,0.03633239912868048,0.028962931393297132,-0.022877058282622355,-0.016037991537731052,0.10329343775655697,0.05174757420926129,0.0003087448629272449,-0.00606903652184903,0.047511678993682846,0.08799568679348198
LPL,0.1256203762254058,0.22546282297410478,0.13866078124226885,0.07037246610861896,0.09138454337715632,0.059364383292816646,-0.02606279215190263,-0.09878171933811836,-0.3084797483713791,0.0928284515795031,-0.01628363175596075,0.031417778008589255,0.00531544667224,0.04587549582806256,0.19034821763342338,0.2812821472688868,0.10594077276821455,0.13116604268357515,-0.04323214705835221,0.011653740577816159,0.2181084944840205,-0.06014883431689628,0.08848212320619936,0.1819055868855624,0.27670286771894986,-0.04286860172141426
SEMA5A,-0.017078158401325913,0.19258493406666002,0.1166094438883401,0.01817083183869903,0.03230649659743843,0.012302642088600543,0.023122358711286362,-0.1735928767799389,-0.3176973601143974,0.06008490360616156,0.038987635768316216,-0.035134320313627905,0.004592709091054784,0.08161347470214365,0.013193891445804701,0.04087715672477888,0.04701857573488768,0.05123570700968525,-0.13237834569498041,-0.14278890072553563,0.1375676973625537,-0.010141567093311802,0.10712840806449252,0.019939308604250198,0.053139899396879374,0.006624537736824774
SEMA7A,-0.020289385673448467,0.07729475729964494,0.05027518970697219,0.020344643634751337,-0.03052255069155605,0.06651921244109153,0.0942260454537726,-0.03833807235024375,-0.013914049227581465,0.022893480213615088,-0.011452865750244203,0.02260053318675619,0.04390161018971666,0.10318747156256292,0.08037095152497592,0.01695630795039271,0.01688428825876393,0.03213327788869351,0.037831728830025696,0.06820493144451271,0.0017146782055319945,-0.0267233792330861,0.04910936484608092,-0.06601263432026153,-0.1989006840789335,-0.007517418539186837
SEMA4G,0.029599881401702048,0.16494615132229765,0.0859713172485874,0.01034314685131593,0.018985090664041235,0.0009526240929376483,0.03749958604181171,-0.021725144526880114,-0.08785694543821163,0.03563991908976843,0.03931875115902875,0.013475103955077117,-0.0045812385417329585,0.07405571190204509,0.014514934629826325,0.05939055402188564,-0.0425538783399276,-0.020564143928095704,-0.04469521678083201,-0.013076680411848757,0.051968530655936075,-0.04814599928722541,-0.03156600765856455,0.0771866876425976,0.06070199096934382,0.05080388169837362
SEMA3B,0.004928422316080936,0.17730579631131013,0.10513231286685681,0.007129930097888417,-0.01326816918400102,0.06331119977350227,-0.03480061265790497,-0.09229728555804628,-0.125367848070881,0.02776127670122505,-0.06894868654860017,0.10777980872786805,0.004154024915884579,0.1420575571038363,0.017062298729843554,0.05450603547491664,0.03752910009572928,-0.004360987493960447,0.22632550261355922,0.09962746459369734,-0.16020313705957068,0.03668585444875262,0.0705331424336654,0.1698020041369633,0.10443633020978366,0.0022608546835932186
RPH3A,0.07200658482264435,0.254718530554734,0.024859065827674776,-0.015056428769200986,-0.05160812598386506,0.023819635762240686,0.17959476544054304,0.05925232611245174,0.16899112148743076,-0.08250873851586715,0.014555000923242566,0.04174107575822255,,0.12813371183922562,0.062051341938031815,0.03660157595054407,,0.17378302642007618,-0.007357461724817364,-0.04365603134975209,0.006094707237372274,0.0691621415926538,0.022182160744188186,0.07213948995467265,-0.15971020937802496,0.0892320457758814
JAG2,0.0465060517628456,0.009159268565725045,0.12584027868734365,0.07332790313143568,0.007520960731407161,0.06026767936041979,0.000180784414705068,0.03385017479071643,0.014981871656085723,-0.016811609146807106,0.01851351792608524,0.05691864257265735,0.03433457166339106,0.05418377378615755,-0.018032603560889322,0.019815853830680064,0.08241750768134919,0.030306661677376574,-0.03956525411665517,-0.009783566748540997,0.10905519882304571,-0.07723181959920927,0.056468455648440656,-0.12297110411121434,0.0225139086638061,0.08965154540629233
CGN,0.0058464444501631265,0.09990043194938468,0.0701479933808556,0.013561789666264442,0.019496468206433016,-0.024321440680879994,0.037316273971268375,0.0031290495106568545,-0.06843185791515197,0.004990090225338143,0.03710917054250877,0.04064080837395953,,0.028182606301282446,0.05609665493541242,0.04058054192419142,0.06766435149551786,0.026440856663635215,-0.006770983301487488,-0.026523798746357994,0.04879815386653786,0.002017619103168016,-0.05863027936900477,0.09723574530035099,0.08235295231201872,0.04479032374253912
GDF15,0.03765355599032358,-0.06258420806444243,0.032339033479765765,-0.04911695494013325,0.0776131288144292,-0.08256831375804317,0.010030863571953402,-0.11281926892980082,-0.18845177943936758,0.028484126033864125,,-0.024810731777855737,0.0836386749936264,-0.056837171798740656,0.12113830807961477,0.12322410866108839,0.017719064342141506,0.010088918444630076,0.18402309800093156,0.27202334091481734,0.11717703595051228,-0.025328693135848047,-0.02996312112321691,0.07102058770573869,0.19504154167925494,
SEMA4F,0.006472606645212594,0.16459590105238892,0.05809086269218852,-0.02190909194629456,0.007608264314463884,-0.012172499227486564,0.04612767968995903,0.08939259042087414,0.16266611946332696,-0.06141019324650227,0.017510808361644314,-0.010495629324728336,0.05397741051690561,0.00928192414902525,0.021004373799036927,0.18745724114861612,0.0015064529318806242,0.09071394236035736,-0.06808248865749353,0.03881969348070484,0.1388670383143627,-0.059315096167453014,-0.008378067073473898,0.1001893652700596,0.0480224745045205,0.03434507826880626
NXPH1,0.09223170125999133,0.1042887121763607,0.09198584951521571,0.019523570676148343,0.01330334203828005,0.04459441056409018,0.11927696001477726,-0.10277673728519277,-0.05395818933907726,-0.029570287582599605,0.029211727550429906,0.034357829090469465,,0.051165726777671845,0.10708660377825908,-0.011556051292761084,0.051331850336205305,0.07859286598717002,-0.18842656888188156,-0.11037143246504379,0.10624017517182148,-0.032349803922426576,0.10092098592019957,0.04802077315303374,-0.007034250422497024,0.083209310450117
ARF1,-0.004287972005548388,-0.1052768939206566,0.01368624321800863,-0.04276102761106886,0.03674585899226191,-0.11719221621238239,0.0570956693951275,0.13296607426190202,0.22943454481757156,-0.004086160447279868,0.021115480196146594,0.053394219494791784,0.08915237993549253,0.07727782862611594,0.08681276731147909,0.17216256748194494,-0.042118371897049284,0.036678236271819056,-0.026975018166010195,0.07173512525671316,0.07347112256254469,-0.010754839276209259,0.013122792695093973,-0.10065448843844128,-0.021559463272761696,0.069783340785916
DSC3,,,0.03235156208279269,,,,,,,,,,-0.015256630368953908,,,,,,,,,,,0.0008176044647466771,,
EBI3,0.01060055545453188,0.0602524669026238,0.08035655737213715,0.029251060647222583,0.026471769616089283,0.01664565969141385,0.008425882629495588,0.05436870869482541,-0.07676712433675807,-0.0020931089784963753,-0.02988924987756618,0.05262533337386785,-0.028793362150796562,0.04282674804020799,0.09645787585838013,-0.038974598683392966,-0.11581069315909111,0.03189528733575899,-0.0454593127825317,-0.025541918032040666,-0.01893622132401564,0.012289058024867197,0.03947145870928823,0.06436456968468965,0.08016894973463737,0.018093466553995574
TIMP1,0.055594016369181425,0.16120340161420946,0.13153749417446614,0.03854123857711318,0.07021501397901543,-0.010149492866080707,0.02633837066513606,-0.11873817681329708,-0.2667031034423566,0.07391736631577674,-0.005616781799454016,-0.03962048633033364,-0.12064777184671155,-0.07890434767301184,0.1290373547954113,0.2432756570560004,0.06518919110021267,0.11012118421258367,0.33872968827052347,0.25748621650818704,0.27669650660256884,-0.011164907765526925,0.1521876746026439,-0.11888271563438363,0.26623030982536494,0.026244345075858155
SEMA3C,0.026005310704744385,-0.08453549172517344,0.02342791154049808,0.05510761907755689,-0.0781923630072873,-0.04833531884687361,0.006590633497448742,0.030173213208005756,0.09404969920830708,0.030299542266533207,0.007866138734144188,0.10729852497496009,0.06628702336815347,0.09992236246409064,0.12013478536916941,-0.05149127639505584,0.03384316529122724,0.002855069707250136,0.03135307506007723,0.08000120063352524,-0.07724312873557054,-0.09075790194198001,0.049754484069752636,-0.03505572796130669,0.024048029833464445,0.017045134641764704
GNRH2,,,,,,,,,,,,,,,,,,,,,,,,0.05349210178954536,,
GAS6,0.006389615022413693,-0.01808081269974366,-0.05430788500124064,0.004331334622925268,-0.011301014933404917,-0.02469787282504934,-0.036539363651894134,0.00017669729461333201,-0.16830771455250007,-0.07382250012106294,0.03494470234591914,0.07029313151918748,0.026656952595744698,-0.07558825165655589,-0.038526803191606625,-0.04615707791149816,-0.16437762839546138,0.01504764598490902,-0.050321513385838686,0.02612855190936075,0.13951770638864094,0.03946800561664749,0.06191186427880157,0.04926515122206346,-0.08791959531736107,0.03663268237326147
MEPE,,0.020896328829460565,0.050365629802182954,,0.08486559042214231,-0.016980302575554065,0.11435740784561174,0.0741366154728855,0.054001145843061454,-0.0500394289082835,0.05223231994631778,-0.014820842039972854,,0.1053326031406361,0.009002344588737847,,,,-0.07087044667783678,-0.06376357453427814,,0.04987850234195593,,-0.00930199876391738,-0.15011588777783455,0.003521543381517453
SERPINE1,0.032323676768371376,-0.11080453685266481,0.05322044780798901,0.047528126313916196,0.10728186916452738,-0.08193508914533282,0.06732159342125384,0.03979580832276307,0.2518708795481577,0.09164394926227921,0.0051335919808720145,-0.0006754888272117329,-0.00949427707828194,-0.0665964962782128,0.17037546985354413,0.24705104710609702,-0.03141206683100425,-0.0037085151728495627,0.35140699098819717,0.3068474209776636,0.04644287281858067,0.012669229584313482,0.207432098148125,-0.01784484377103683,0.3568318299876631,-0.012659869804641663
RSPO2,0.017992497144246552,0.013472385595556035,0.06486241436485275,0.04187437405304343,0.030827872894567957,-0.007455764723672506,0.17482481743191916,0.03049531953397816,0.09966206371885945,-0.006687028520825313,0.007348419859904986,-0.006790814877308673,,0.14317871780240224,,,,,-0.029204179584525838,-0.027782596331640534,0.052127965114141556,0.08995087602204171,0.04098762639513126,0.053793033793621506,-0.10002133490024598,0.021755681989671566
SHBG,0.06496921946318798,0.0331162221657286,-0.012991388924081295,0.03476419859994072,,-0.001308209901199951,0.012489611971429358,-0.008769798270193535,-0.007997394944402485,0.023790918288066877,-0.013937714595627386,-0.006484361499480962,,-0.014118553702267759,-0.0040617838978045115,0.08649164690884864,0.021158590062802952,0.07225505812717904,0.039097201666537414,0.008998716846568309,0.03396798497152683,0.03224464695905859,,0.05183841657567781,0.043006515232393405,
LGALS3BP,0.04541616286192056,0.21136257709399062,0.040439789547867526,0.07525744768545727,0.0056186630317859145,0.046223184141378396,-0.004645787088202561,-0.16226759388829504,-0.3151921202870195,-0.056340879106166294,-0.06731073704508249,-0.04531418202541266,-0.011294710759959664,0.06312777392019266,0.08244670103218489,0.18636091273591496,0.13717162685999335,-0.025828581123845413,0.12609096345361928,0.16179104209979003,0.21664349072502737,0.08983744642237058,0.006476431888163597,0.15807611668185612,0.22288444224604467,-0.08386966569019463
LAMB1,0.012900625498115069,0.07205746097984932,0.1563139754082281,0.037221528122242394,-0.003704335685224991,0.023282575336967374,0.06326184120141304,-0.09793282421719221,-0.2738280081336054,0.09702646092089973,-0.028708871559302792,0.009052040877880876,0.025802150804345465,0.05714693756376568,0.09914407069570418,0.1116673674867894,-0.0012168493892338729,0.048330985541048706,0.11021740552923089,0.0840656140752424,0.16132764401305164,-0.06736496582644604,0.07554962911524261,-0.14278468770055025,0.06055683630596615,0.012053396461391596
SPTBN2,0.04036752047207755,0.06637131875881463,0.011750456165715167,-0.029670436938283487,0.08580533447031498,-0.026457032618701314,0.09042984943356668,0.03717543571742422,0.3003544195325403,-0.03515812072721261,0.05446172495791913,0.07546570943654292,0.09441203677451325,0.16028648767882653,0.04802151981003635,0.0113682365114891,0.02472887979726902,0.05104478203144241,-0.08495406537075384,-0.06658803519355698,0.08214652995642767,-0.02647816243839105,-0.0784492788206633,0.0505631769795615,-0.1294371982742771,0.11847586154010435
COL1A2,0.0054710629262326145,0.21697512812017494,0.11121286456151341,0.044425175324447196,0.05050010241075046,0.0033445123756638017,0.03099662153396871,-0.09657834124508678,-0.28302739278100936,0.11453157270368367,0.005576286753091791,-0.03879320239536352,-0.03293255632646085,0.029792347527819195,0.0388803914543574,0.03103249807442574,-0.021860141091317467,-0.0006333921767953349,0.07272187722346285,0.14487970098833045,0.17610780376315335,-0.13359486160031425,0.14533945604176624,-0.24851984901893845,-0.015007771588788084,0.00045389426866968805
DEFB1,,,,-0.0360422139812234,,,0.029055575618839823,,,-0.06197053214489102,,,,,,,,,,,,,,-0.007328378844828711,0.035261510607999265,
CEACAM16,,,,,,,,,,,,,,-0.0008717387585894155,,-0.006241002514419722,,,,,,,,,,
SCT,,,,,,,,,,-0.032197727534895776,,,,,,,,,,,,,,,,
WNT11,,,0.01622789218222687,,,-0.01572456548525313,,,-0.08253985401866278,,0.013140304794800918,,-0.021541925730341163,,,,,,-0.06495568389890445,0.025628328133174814,,-0.05199159395469722,,-0.06552279431651363,-0.01738688207464186,
LGALS1,-0.022178989245050046,-0.16436085442531045,-0.1501257433589126,0.03433705656074432,0.04588048460367325,-0.11711251235484112,0.09408983180012004,-0.05121267209355377,-0.14789352783132453,0.030440116457210634,-0.006848865428091342,-0.008636838399583202,-0.12026445946874832,-0.08757983842424392,0.011920273322459506,-0.07916513312417135,-0.053523047806840286,0.09403802436951107,0.21560090269990864,0.1500578739360361,0.02750477381702447,-0.08806685820151551,0.03662589187689212,-0.19119584398037293,0.23633192135758788,0.0624615380956902
BCAN,0.05468643131464755,0.4135322841776339,0.12774111091423226,-0.02405819135166741,-0.05642541989658253,0.10705148002883542,-0.11032836416231151,-0.15961092909181882,-0.31389932962353906,-0.10338828852788705,0.01366333838355756,0.02745997491286777,0.009030218810451211,0.027934969935560796,-0.11772356610589337,0.013436667619035132,0.1596579497970417,0.17953283379645296,-0.18293862657943866,-0.15528327665966227,0.17097119640586245,0.10724464914032641,0.14765932131315188,0.15886785166208534,-0.008608343705501662,0.0012983773164215887
ANOS1,-0.02942297593982157,0.2617753998305588,0.1312973567957074,0.07980227776723195,-0.09040062601027564,0.07859192984966301,0.016146479101458926,-0.09911468440693684,-0.21638633461832252,-0.008049879011571106,0.04912313717007857,-0.008567995892831396,0.045097766815642454,0.012185773221384947,0.034350764932032735,0.011416002548298103,0.05271189599367106,0.15776938720121478,-0.15002782332165268,-0.09416531942342338,0.01563611421274803,0.056118988729695826,0.1058919203089521,0.14538798297213348,-0.08671412085717829,0.13177880771981743
EDA,-0.0538180304325747,-0.01813612009811062,-0.010257170139477224,0.005028676077796125,0.033286841174780556,0.009664621279851076,0.02248113253705886,-0.01920013542501209,-0.05123277903408607,-0.007866367639154518,0.02033993311864981,0.027784892967172688,0.1180535288483924,0.038413459903999504,-0.07095273338449012,0.10210479930304982,0.034994013601315724,-0.050955513727536636,-0.015043157562519524,-0.008406272896389093,0.039939000591919016,-0.049671166272721265,0.030861754315744755,0.03735842399478335,0.058640042980331146,-0.07455323913661074
FGF22,,-0.004294700947341093,0.04578107833483675,0.05087900190868065,,,0.01855867891838642,0.017422136158192818,0.03506590001438111,,0.051223163019360994,0.06648454519601535,,0.09975783170495042,,,,0.058583229941806744,-0.028924698413921215,-0.03350813776959631,0.00897738173506391,-0.07550616443580989,0.017120598886422693,0.054085065415549576,-0.054202289855585804,0.14402320494217055
SHANK1,-0.043804147741573846,,-0.020426748863090483,-0.0009353944853975364,,0.00946453451672014,,-0.017213457378365472,0.06675433526277044,-0.008371891160441992,0.07427622950504047,0.07537084017552563,,0.018736678132885133,,,,0.01516175590013125,-0.03954503622386013,-0.022572260170564455,,-0.029356702114499717,,0.04183225019267229,0.03206289881209512,
NPVF,,,,,,,,,,,,,,,,,,,-0.037964316676598574,-0.01716038255829271,,,,,,
RAET1G,,,,,,,,,,,,,,,,,,,,,,,,0.05180511875965114,0.05994242629480743,
TGFB1,-0.021044336962523127,0.05688935386951377,-0.02909112003898844,0.00808308510700321,-0.03974282363065258,0.017793233509579127,0.025602470329245692,,0.02857558019911648,0.0009702810471706123,0.04357584201341724,0.033005363657834866,0.030045221960473958,-0.004331203639952251,0.05248676669774785,0.06126530892377205,-0.034101255396264275,0.011645177265884587,0.03282897946115036,0.04679655785718589,0.15820210191561052,0.008946072243742916,0.06466045966429194,-0.15413104403885597,0.06479681545672579,0.0745044972973335
MSTN,-0.039783057994007776,0.07088886806092502,-0.007250601222205288,-0.016927078084762,,0.0201033147276611,-0.08128930973658166,-0.046117858466997244,-0.18603257910634424,0.0475678991245141,0.0023161010256681834,,,0.03277814166724151,0.06274870288054106,0.07688165383497567,0.10008886156692481,0.16253192179035902,0.016154887732872974,-0.0412505336958449,0.05263712324604406,-0.01652592497199117,,0.07474965977744077,0.061967274888114765,0.042080679958816126
WNT4,,0.07730231583991443,0.025403740233851255,-0.009194202010612978,-0.023401770722410408,,0.0010907864427350152,-0.05219813198357761,0.07919853191043344,0.019474515177932167,-0.047895516351317266,0.05813494943284339,,0.06258674668891522,-0.07373184158075781,,,-0.042233027391788955,-0.03805326956926886,-0.09865674826993967,0.10877386999205112,-0.05007206487437224,,-0.029204287758605032,0.06597480273345158,0.01475349027004596
TNFSF4,-0.01870932352741905,0.12369465689057665,-0.01968024436460543,0.0256100542908698,-0.061583772954830286,-0.007447847046476894,0.07463840360655312,0.04071936042583948,-0.06638975715446366,-0.02193017283236368,0.05813125299505024,-0.05946370083630104,0.04077319399390826,0.06572924410768198,0.0771002521469981,0.10575563643797119,0.07650640595993344,0.07669365908324939,-0.055934612737044205,-0.05127563954236568,0.04195393831870926,-0.024469915911900224,,0.00982310087326721,0.08766348150664448,-0.05378806295752464
NTN1,0.04229885128207069,0.1986962428687094,0.1332145104654934,0.04134030036082216,0.0799036726851383,0.023946468988825794,-0.013747919375944509,-0.12277320005201801,-0.26911925768738043,0.11563704042553732,0.004486182767302711,-0.06655378113804879,-0.014768663696819445,0.012501893442786757,0.10600529324404888,0.20727962634121597,-0.03958670717422845,0.035074576225015364,0.06921878107339699,0.04253150354697279,0.182847295137349,0.03078030993819437,0.16237771460327266,0.19626233723449818,0.24821606548189604,-0.018210412147849447
CXCL12,-0.01540642091828688,0.017955097729788122,0.0507596750861931,0.056045698877495796,0.0812149865306157,0.06924695525202275,0.065744532457353,0.049299349231266706,0.023689721921675084,-0.021512480315473276,0.005528717414724532,0.023696961863671838,0.09411168433613643,0.06844270697867551,0.09064027971636988,0.0819776611153759,0.03771389403097466,-0.03401691066143806,0.0008404882983546583,0.08264661820662669,0.006924892207862379,-0.03828027422342055,-0.002925359523559732,-0.14527085199987863,-0.14780008354948143,0.04921678456978649
GNRH1,-0.003971377809863697,0.09759888072265582,-0.01847019437426604,-0.008716228767559236,-0.008860011890860475,-0.010079320814048769,-0.02593454179263999,-0.05203623563253651,-0.06667334284272232,0.08382433460884654,0.010967254152825056,0.06229159438050954,0.035810517997402994,-0.006667914928530908,-0.018477906155778382,0.11775237498502618,-0.04668574334866571,0.026535382464734966,-0.006509575427850441,-0.047202322601065536,0.05131507107634619,-0.019464895054808928,,0.03922017800179101,0.03988280691139243,
FGF8,,,,,,,,0.004507205846762405,,,,,,,,,,,-0.030851552653047513,0.007230156924044408,,-0.032866220650454525,,,,
RIMS1,0.029771597078438496,-0.019391585926338106,-0.026763774863854974,-0.018840758060039358,0.05278659347958406,0.04675383835401371,0.12834473554429654,0.055551386026648795,0.16437707170198568,0.02551375845870151,0.018442787770152208,0.06502584279566734,,0.15295755599719538,-0.018037789377637833,,0.03214298396092832,-0.013158576030785542,-0.12017423954795156,-0.09589833762444036,0.03623891841129501,-0.15397744614834916,-0.04305246811646268,0.0308147677054609,-0.10177454507121661,0.11072490205411017
FGF14,0.09241330809178366,0.10532348171547923,0.015191205959844592,0.03358370969751616,-0.03544888051043491,-0.013902269298082559,0.029453275925278834,0.049759979355069144,-0.12625224002350877,-0.04270906551631698,0.054880653257322554,0.011358275370183375,,0.1101896247533777,0.16822273653846856,0.06977739498263293,0.028701395620832317,0.11474862095145386,-0.16301569564191137,-0.0400092111783993,0.06021090634555655,-0.0741628553862119,-0.014386237822748794,0.0348999907607112,-0.07725394643590683,0.1013095096631385
IGF1,0.01568912680471838,0.1284135597989726,0.030250800316568183,-0.034142515722264205,0.025080788314849865,-0.026581157195172306,0.056254935725292395,0.032673748254312115,0.007334689832542803,-0.013713183145499401,-0.010112525834089257,-0.05056059588462179,0.07632457002255197,0.04662974074045107,0.1341742923213841,0.021572123369722966,-0.05017330239229952,-0.06517425746703337,-0.12401570823693484,-0.0683344820230856,0.07299539066771128,-0.02291910992672323,-0.10098143514781252,0.03757895450921868,0.02405293513521729,-0.06551073882465054
TNFSF10,-0.004114208446429548,0.056665536554336045,0.07592310371850979,0.04114446494076903,-0.021601328380010967,0.00734284013478611,0.09655504876191723,-0.0026143048279749083,-0.2015257726839363,0.010000019210488662,0.0021559869831458568,0.06398976763330219,0.050224029232921616,-0.0260984412548821,0.10054554118254608,0.10944453859307815,0.04466268420427633,-0.0051618626047340195,-0.08560863063366056,-0.04208037838383962,0.13252652309425492,0.022124928339300447,-0.04240530774604832,0.061452337437551,0.022567933000519805,0.039027130265603824
GDF5,0.019973891351465718,0.1252913420887787,-0.012556426885705897,,,,0.07889535991411008,0.008609177891245465,-0.07031153839823803,,0.011557843480449682,-0.012621769546485714,0.0717880872249558,0.047198969435137544,,,,-0.05020691848035661,-0.06446698047852113,-0.019197091917190184,0.05690233517934093,0.07758147732336673,,0.03662185267731962,0.021789983346245528,
CHAD,,,,,-0.039167727107031265,,0.04065647535609292,-0.02073819878803209,,,-0.0007651473892358729,,,,,,,,-0.0992154719405174,-0.02861888183649876,-0.06477211111875997,0.007182590819110682,0.07993182300674799,,,0.17884452155988823
RGMA,-0.013956660718747717,0.36947697038567356,0.08579490854080872,0.04778377557957231,-0.033797844715269226,0.06410539926692185,-0.109637765401373,-0.08793250270527349,-0.2863783245738792,0.09319794216086778,0.0032879803360282875,0.06347278911448195,0.11392434530702511,-0.02698357198602731,0.040584969068923504,-0.015783474875734848,0.21355665680915162,0.09815562674242867,-0.077633387037424,-0.07446476262302452,0.27034573789363286,0.115757612633447,0.053138121016089127,0.19515873184541271,0.13932237163956424,0.1748692498246154
CLEC3A,,,,,,,,,,,0.039639717856435296,,,,,,,,,,,,,,,
WNT16,0.035061573145108715,0.058665322388055496,0.0701696334711171,-0.033757567103615514,0.025805095238223285,-0.009281841184891344,0.09198531557299318,0.055366533752498066,-0.03325077130863479,-0.03202944501590732,-0.019089228963763392,-0.01186714528382922,0.0354131954150872,,,,,,,,0.02450092750678472,-0.03396421402419398,,-0.0047712004240194885,0.028071822760446567,
CX3CL1,0.03615687544525895,0.013373970344287164,0.07880293024947777,0.024354275311345392,0.06264502733711463,0.0016963177717559273,0.06582320275237405,0.024653454677940594,0.1108291814545506,0.012548139590672523,0.04330734549171581,0.037267869810714394,0.07799845975595593,0.06928719811465804,0.07960782450512317,0.08184414793012466,0.09260256523846523,0.14744587988001356,0.05469249896219188,-0.08705514446114035,0.2452326673635282,0.028958767333186072,-0.0999742247636057,0.026402199890991702,-0.026746688333278125,0.1212632868579247
FGF1,-0.017111662292795538,0.27584355552909734,0.11237961454209842,0.09489723902410463,0.037227050342525964,0.13154108013063165,0.08161300795099767,0.02532760563870613,-0.06352567330532875,0.108241144146569,-0.03263289948929113,0.09146373836306051,0.005442444982796054,0.13337460495489284,0.062364278618419165,-0.022670294517305137,0.01759437791900763,-0.04513050230214869,-0.10243412053587918,-0.04197196651544502,-0.03840579106887941,0.1695432844475225,0.003811973488449485,0.18499940286158734,-0.1483419357490262,-0.07705774566454333
ALOX5AP,-0.04805449227766119,-0.11759754610817803,0.043450868839373595,0.07868822843818352,0.05359688372760193,-0.014716144328280917,-0.05561580920367897,-0.0668579660450445,-0.36174903034759165,-0.20741187208779308,0.008847599887157609,0.0006762586593605212,0.10003342882096584,-0.014163620362611793,0.22030468127707586,-0.06830156386440896,0.08341874471179968,-0.02739434373054575,-0.029042346461377454,-0.0016706141249470717,-0.09196731366454773,-0.008620708730287318,0.09103289913149892,0.060652158004618484,0.20357077305126675,0.11277513897178836
IL1RN,-0.01407440594934958,-0.17408309911358316,-0.04389224573555378,0.011182742274451455,0.06373895796312073,-0.02569730101960351,-0.02040141469914869,-0.024512468320111603,-0.07828612515062372,-0.028813820581251155,,0.004148467273538176,0.032876518697793754,-0.01940530355726398,,0.07419700305777299,-0.058713526088529665,-0.1218791459458743,0.11305978054175657,0.0639093851409637,,-0.0035304834382436324,-0.010859622634068512,-0.001825216783083759,0.04515984984424871,
PCSK9,,,,,,,,,,,,,0.03823050415423654,,,,,,-0.036135934502277374,-0.011332012430823199,,-0.011170305023982138,,,,
FGF23,,,,,,,,,,,,,,,,,,,,,,,,,,0.07776309849666273
NPW,,-0.0013981465519683804,,,0.010280929020833033,0.0013987131624593353,0.05937926780750781,-0.005324105783337228,,0.0403005995706397,,,0.01616814909023555,-0.039784273292964696,0.028085742205949858,0.022022151791289156,-0.040255798155893405,-0.038074690203159275,0.06345183161439624,0.0026031602937644422,-0.00450450351689276,-0.007036042101872168,,0.06018700190437807,-0.044964261849803,-0.015438353288431727
CXCL9,-0.07244109385581754,0.06630128122740298,-0.01169638890279197,-0.05457390243395894,,-0.008890175341070117,0.01914914439852199,,-0.0747392671418382,-0.023911388856212308,-0.04083158440848227,0.022087149426732698,0.05731239318581413,,0.07445975521681802,,0.07607797731089315,-0.004283300545461374,,,0.008688305686208141,,,-0.059364914378022555,-0.006221462862962819,
ANGPTL4,-0.005239203227329073,-0.20364429558664063,-0.06618053769880738,0.006995354823689001,0.0709265813427468,-0.11298157479037345,0.08168884304832776,-0.024973419444655514,-0.10168498383659326,-0.013745689450423074,0.03569297595401975,0.042886476687028864,-0.012414501396865354,-0.12758222779438386,0.010669554905395081,0.029895471948984318,-0.11028187378032585,-0.05489377841094622,0.3551297709837936,0.27373907982113854,-0.051594126384758625,-0.020222351664997803,0.0527840211254493,0.03988491601427877,0.3048959910016359,0.06990403518913955
CCL11,,,,,,,,,,,,,0.07285238423958101,,,,,,,,,,,,,
UCN2,,,,,0.0056210661591774595,-0.008378179589323104,,,-0.1073303268670012,0.02454923901773778,,,0.043470439933242365,,,0.0037275604039180748,,,0.1158224532779704,0.1006194014662327,,0.000662757810283494,,,,
OBP2A,,,,,,,,,,,,,0.012332360806733634,,0.02029184473523264,-0.11729125341773225,,,,,,,,-0.1173243128889346,,
COL4A3,,0.037254554737230015,0.023537700543163353,-0.019089871508544038,0.00044380946688176473,0.03183526932098154,-0.1377653533964927,,,0.0007952243944586354,-0.05313101253839695,,,0.012906669545303947,,,,,,-0.01848899164535187,-0.0064062320826156266,0.012932046543977114,,0.025110414735664183,0.04771788450619184,
NRG3,0.01182741778054825,-0.0008354891844089813,0.008674664914428656,-0.020698189010724448,0.008090647708635459,-0.002827069795575701,0.12000895973349911,0.09540738141668938,0.20606025444973447,-0.004617843030092764,-0.002299799145038595,0.10825906622029265,,0.10286678260906681,-0.010636494313227345,,0.05042975968352008,0.08175927096281471,-0.05883207845878663,-0.10146200985856788,-0.0371502337028523,-0.011077636888841547,0.03049114835772899,0.13618136533100922,-0.061064352871187465,0.03569641534870788
IL23A,,-0.05734230729498737,-0.05280280972477196,0.0028072412841202736,0.0244127291167612,-0.018373853335739328,0.06240741562748411,,-0.005269528344188769,,,,,-0.055837737496520365,0.05134335966620175,0.03588101788788171,-0.008419637297237064,,-0.028394393682148113,-0.04430972378734776,,,,0.08533156030337084,0.02419873994877423,
COLQ,0.02231051122828412,0.11774705134600645,0.03477625411717006,0.06542621670894694,0.05021159881375292,0.04840293729579311,-0.00589925238798692,-0.05859358235194836,-0.05227843971867316,0.019367299136455338,0.025821081806639924,-0.024511724747162317,0.09629396496580381,0.0058343512705784665,0.09348042150081624,-0.048802013502321835,-0.0761813159952088,0.09016146257612336,-0.012223318629090749,-0.058405509880125835,0.06553890744928333,-0.040740465071780946,,0.040876538836702656,0.03362508825663998,0.021422403790756852
SCGB1A1,,,,-0.001043367644011953,,,,,,,,,,,,,,,,-0.052780789847956595,,-0.02090251873322489,,,,
TNFSF12,-0.02696641664444401,-0.02050525728698445,0.04936653350276727,0.07510821890281284,-0.03273169827482274,-0.004984642016568692,0.03209641452067618,0.04258314809485257,-0.15937211702792126,0.10905141627283947,-0.011900749095835737,-0.007266711450148823,0.04316569522574545,0.08223474089711755,0.06366195646007648,0.035092819116331164,0.054609841742516416,0.04842316228252724,-0.06289203752662732,-0.04139494114476259,0.12002859971684383,0.07238768915273833,-0.0032721413520924564,0.023912838669186507,0.051898562021430096,0.04122238491749507
DKK2,,0.12596256775201028,-0.059027682016749364,-0.016220690225770724,,0.008863391819125595,0.02014428720290315,0.04999534727489186,0.0782248219306699,-0.005127447414078762,0.014457616804514127,0.03742120167574213,-0.05439474180559133,,,,,-0.056002780533112674,-0.06137763593723972,,,0.04877647139706688,0.04642314588098361,-0.03925059440671816,-0.01735991154462879,
FYN,0.029169146665028463,0.3187585784186254,0.1567926719964295,-0.00390030867903198,0.03907494925475639,0.07105060500680235,0.010789190346413067,-0.0998818134483905,-0.26123051690786675,0.12126322646076958,-0.020175876003646287,0.06320381324558694,0.06693982794078772,0.060752961907636495,0.09078626888628305,-0.046444013884926055,0.014314387640647385,0.04563872327065137,-0.14120439436348478,-0.13884274100247274,0.28045667767997434,0.0964302061079119,-0.07186940243156324,0.14962839395696634,0.13061840624094162,-0.02664700744727142
ACE,0.061311389566585626,-0.00901702679063072,0.09670729204637121,-0.04179640268283755,-0.02609261691661879,-0.0022021279482272054,0.07238788096506914,-0.06172395361124259,-0.15606136408503957,0.04584928588791308,-0.038478500842073,-0.021914671540047555,0.051505292979717156,0.09604191334934625,0.07721752482204101,0.025946892300577572,0.02540461113942179,0.07277083888057323,-0.13629679003535222,-0.04603441515525637,0.21924845581271885,0.004974813594220506,,-0.12670735269023062,-0.13568874880552842,0.14245169359724108
IL18,-0.010879785793196985,0.04305228182943346,0.09089254825539621,0.05491648619993034,0.021649707835261787,-0.0011471183673939056,-0.011139366853109414,-0.09235016090077686,-0.28499318804815416,-0.007338098749276788,-0.005952871411112839,0.043231099383824356,0.0922251134987493,0.03909629146217841,0.04735585288731992,-0.1134283462119847,-0.03376975243022165,0.07742763848294754,-0.13403130856078832,-0.09676813688828813,-0.033514649729161405,-0.0638076050199321,-0.1389071779066423,0.059492751827818026,-0.04666793298424907,0.030920921535823234
PPBP,,,,,,,0.06488087518221544,,,,,,-0.03970502014118638,,,,,,0.018361932469231734,0.0034934755679139145,-0.016027572625284592,,,,-0.022705014852907456,
CCL27,-0.0053232181671403886,-0.05122551487164865,-0.01834432106208346,,0.09274729441769361,-0.008121778279468545,0.0023993996410679426,,-0.030829361803729236,0.018308018258357376,0.03852352191943623,0.036588587882553286,,-0.029101374912074915,0.060076450553671217,-0.020211113793856598,-0.04884947798527479,0.04134764976604979,0.017380125840122426,-0.021439186538891278,-0.03841032901398882,-0.025587940837932595,,0.005658681976050874,0.0549183703417143,
SERPING1,0.06472654132655152,0.11212996984132248,0.12007796647645617,0.06484337740937186,0.05799355622031854,-0.0013382829755857416,0.06841296209950054,0.005920079732639227,-0.31720161354715704,-0.1702045076448291,0.011752090188796907,-0.06046234380235788,0.042217134128417766,0.10178072065716265,0.09421652145768006,0.06948311386950294,-0.046612073938483135,0.06671978162583755,0.05613374786181046,0.017273202825255542,0.19827071407631655,0.05522087256787369,0.12176159693091836,0.14792094008656653,0.15657491615511002,-0.003939276216802017
AZGP1,0.10794879795547255,-0.0706005056354763,0.0402569766674753,0.024579164595139615,0.0559708839953901,-0.09475501993395599,-0.15551368428353918,-0.10093099450838938,0.05191320106962195,-0.13332656940122953,-0.03579588702317652,0.037842683089797095,,-0.023677988780792608,0.08218822385576202,0.02489501261348921,,0.018733050511661544,0.16647095664404915,0.1783072313810384,0.22430707164187283,0.03467386499078231,-0.00773587610962985,0.14928910896947767,0.15624111785387332,0.07465735957851166
INHA,0.10565814874701845,0.05591549200808854,0.06189717985162993,-0.009901843577265229,-0.04314506107478246,-0.007470894814784854,-0.036519267146234456,-0.02444568931827578,-0.11251492112299356,0.013336110658731607,0.018593932235715996,0.02046407836304831,-0.025412490597548867,-0.010164013254231843,,0.04108969193269867,-0.039852433857041215,0.08268239747681112,0.03204778016074511,0.04299748401419451,0.10081186845835001,-0.00753811594875912,,0.1135803325004081,0.0560673360861569,-0.012387078968693791
SEMA3G,-0.020366961998137353,0.06568797031258373,0.06128790229781471,-0.015038834785979078,,0.06302072582460935,-0.012454931003133343,0.009561358075002246,-0.049041458569337996,0.010892112160226924,-0.05113989975503763,0.1160835967076776,-0.004042859428645937,0.07984329068926702,0.016756886764815057,0.09546263064047862,0.042417940923733286,-0.07151141315986483,,,0.0006285428328836399,-0.003947153522089319,,-0.07991555651877391,-0.09513321323167008,
OXT,,,,,,,,,,,,,,,,,,,,,,-0.00528613829379593,,,,
COL6A1,0.06364201780830037,-0.002536415142840377,0.0899436592079802,0.027964626412004794,0.056591056100594096,0.03169204599789097,0.06887251803647047,-0.11855386376752551,-0.35940352888053106,0.1699841622363426,-0.015326183855874113,-0.020218707932890802,-0.018681207514251383,-0.06435328659763893,0.05437960649477379,0.2462925925136802,-0.12147006067083214,0.03073744549377391,0.19657458331887653,0.24978612808964415,0.2654037752033712,-0.06737458089033047,-0.01665509883670435,-0.19717811328708615,0.09839945881387692,0.18855977326357948
FGF17,,-0.005213764692939399,0.05584242309720258,-0.01469520881856576,-0.0003459601527824545,0.042588792025151825,0.10644808984394138,0.013757329327565486,0.08821591856825833,0.02468094379011259,0.013449252915057476,0.012004797174027153,0.011958847540287752,-0.0260555082489701,,,,,0.01682304526543118,-0.05274323744114838,,-0.03763946717851426,,0.009342552988473977,-0.0124881653104059,0.04587478408630078
TNFSF8,-0.01456898525250701,-0.03812723778038553,,0.0338886550745379,,-0.004098021586926208,-0.03000267716283558,,-0.04646963484000547,0.03337584176094483,,,,,-0.028276728228382324,-0.03278817006326971,,,-0.007497001254596787,-0.015944916943949124,-0.013580959745473407,-0.03845726012745898,,-0.00020774425400614603,0.13450688058769406,
FGF20,-0.00969717103045376,,0.04155837215934973,0.02566172151155739,,-0.00012565857040367967,0.00722876267314544,0.0701990273264389,-0.07289635861305338,-0.05502652017425514,-0.00990629792676966,0.026108504906434026,,0.0029688678615862243,0.014667818653978575,,0.0034740900343130723,0.050355118568512255,-0.012549334283662927,-0.04422932362386127,0.024142926945429213,0.06333211737547612,,0.0988161680779957,-0.03968648856805733,
ICAM3,0.06321014490446494,0.13829348593471863,0.05494466972989713,0.02324170867323671,0.030662188168219716,-0.0036777233927997393,0.06434103037406907,-0.010344486923823178,-0.0887898112681541,0.017557943376710104,-0.0026222688144374607,0.009803995837139983,0.013180659810149879,0.00829613311197154,0.004702546356165614,0.016831178335199305,-0.04967602876293869,0.042973475995805276,0.0038060812925586884,0.004693266423696045,0.08796076357049745,-0.01370899269071686,0.0018834155355253925,0.03861871086198001,0.12180140935376066,0.014578569367523584
LAMA4,0.1283637324602053,0.04054696987725141,0.12183297247927292,0.04732285735998582,0.012251662152410274,0.006577175888024028,0.014409829287344267,-0.10092243333544651,-0.2893358486899763,0.061228728747435054,-0.03413439011398772,-0.011315721876964635,0.045698676836837884,0.06334538305823766,0.06018600730542536,0.023919931101370064,0.01447942025310487,0.06017997257654133,0.01703171049491984,0.06127253445638658,0.17772064246094818,-0.07451919854731023,0.00032254346821801303,-0.11480226151976176,0.08952074972628908,0.1434084645813478
INHBE,,0.0060722796992263494,,,,,,,,,,,0.022015272542770473,,,,,,,,,,,,,
DLL4,0.02273584044166783,0.03379789926243491,0.11119502695145683,0.031904124888916,0.007874069237176698,-0.02256934274483267,0.04077462934129305,0.0003645842751181385,-0.18496623944460291,-0.012296278808325253,-0.01568942335969884,-0.026195285023906095,0.03258570370042178,0.01597803356753355,0.03580472054187962,-0.01948903556899334,-0.04877472226388267,0.08160737553622383,-0.07065453497525519,0.0043666486200348974,0.1271104260400416,-0.03780913559238628,-0.006689089622415453,-0.036753986792901046,-0.011129351439876804,0.01878954335126226
SEMA3A,0.13422273707698398,0.07263921728643105,0.043119835983990384,0.02433583167862373,0.027683558971612725,0.011572631657341091,0.06898184861053026,0.014380297753237717,0.01478867227162696,0.08200762430175584,-0.027916707694698898,0.024588226028371435,0.09571995470265177,0.022846161508767143,0.13936879774245786,0.149251645719867,,,-0.04799449464029805,0.05526384449780448,0.13357811158815683,-0.014812553737507924,-0.08050137086412763,0.19496120233578748,0.20975069822888187,0.06605810016706042
RLN2,,,,-0.024388457067049805,-0.02390756761888785,-0.0021791363021957093,0.08472754957636042,-0.011923569227892492,-0.0015726659217876237,0.026807637817343008,0.0005706004115548503,0.016205148881678132,,0.015603895232182544,,-0.00535477786226021,,,-0.0026782646460697308,,0.05282732825971784,0.004510216901050765,,0.006923520029024577,-0.06806940883521587,
C5,0.03962969220903394,0.09949096259180294,0.0245057495897357,-0.007358546863212739,0.025571967818326314,0.00028287933426208154,-0.006210447075214459,-0.06342771128781546,-0.17186429959077767,-0.04133043492502579,-0.01534160255961382,0.038332096360528006,0.07258526890720257,0.025217868766658578,-0.041609446283754896,0.047472191304515236,-0.05964441130919986,0.023177589108908155,-0.05991263411279552,-0.0025123259883056115,0.025006440049714408,-0.06775550045068314,0.013660649840079146,0.11392882931207572,0.08595739800442191,-0.06655563713244145
COMP,,,,,,,,,,,,,0.021796717323290502,,,,,,,,-0.027847908387872246,,,-0.09231625086206226,,
EDN2,,0.001799711158159276,0.008876238340108727,,,,-0.037377996152915094,,-0.0368821526976473,-0.047621606083084064,,,0.007352166420933883,-0.0689518674074126,,,,,,,,,,,,
C1QA,-0.11976514029706851,-0.06893525018831234,0.05978998882571115,0.020712334593053564,-0.0016091783167546767,0.05623735043312703,-0.01203690508192344,-0.08212550230229407,-0.3287186102161161,-0.06849099957769705,-0.05625656239607937,-0.05318909857352768,0.005678959191519926,-0.027670045731543146,0.022694325847029836,-0.05738270097070357,0.018910557388775204,0.03262761067480074,-0.17362211772767744,-0.20952282463672564,0.11993205829023361,-0.02359738972884137,0.07849195960584007,-0.06447315882315303,-0.15628570870893907,-0.03881959394885063
UTS2B,0.03056661148992705,-0.034779090936075646,0.005150516532883294,0.01908243825542652,,0.00805226141770259,0.006551679148590051,-0.026415684969341494,,0.002037556097199387,0.015761308676093107,,,,,,0.07508684597109822,,,,,,,0.040378277709194665,,
COL9A3,0.061605917008212704,0.32832224445294345,0.08721539189693661,-0.018337710564780216,0.026626735417233826,0.0769971709477354,-0.03172322014670461,-0.12332039595773345,-0.31941661283493905,0.21056747246811233,0.007512928018365568,0.13444531620722264,0.03672118850638593,-0.009886594845262399,0.03836813185954849,0.06306029541749489,0.010229219646496542,0.018879345820721604,0.02652782163134615,-0.009084777189415473,-0.13664031330502463,-0.03640928545795508,0.08955425240222104,0.12812511640213814,0.07130214913176436,0.07157043446287467
DLK1,,,,,,0.011295440579947486,0.053088118332391375,0.034567061715504666,,-0.001245804066771275,,,0.03696623682254927,,0.13717620843631936,0.12431693249978366,,,,,,,,,-0.0073950177008275395,
HGF,-0.004559841749782176,0.01940920809947598,0.017547131638345956,0.09668756257892298,-0.03582568424078056,0.029688713412852067,0.024987068474569895,-0.03688238105317004,0.10067068215597269,-0.010964675449023782,-0.00017123185784323892,-0.09320119360739199,0.05975940289053641,-0.02905000817026841,0.05712195085377239,0.00232131162873817,0.06473477240305815,-0.0442749556543062,-0.004139005199131976,-0.008410112353249089,0.10978890493655072,-0.09454663226082846,0.08203539271046181,0.07615074927017293,0.05966395828179615,0.049407591357636234
GIP,,,,,,,,,,,,,-0.0696029118920579,,,,,,,,,,,,,
P4HB,0.11283554432583368,-0.09826798155949748,-0.03957955863116424,0.023732078287663407,0.0665272528528318,-0.027934337922319852,-0.023839365591640693,-0.18999374294251165,-0.34565539434204673,0.11798325208654488,0.00729216351795431,-0.08822513026394492,-0.016400617994214498,-0.057591523760832916,0.026126821165747667,0.1452583910949349,-0.07471515827373235,-0.03687071568030834,0.23420777149442407,0.14525836435671008,0.25749480064584884,-0.014982223896228079,0.005524465800636795,-0.20626344894323007,0.2060202219386598,0.02377913480846413
ADCYAP1,-0.014773091073197502,,0.009269354166013197,-0.014986953913586001,-0.00682260355038775,-0.008348725217708998,0.09006908595652081,0.06875124113137955,0.1424500742790326,-0.038572784407532416,0.014545617373492789,0.009764231750029575,,0.1030486766955276,0.08611989536389313,,0.002095728380566988,0.01651943644389526,-0.07238194882626661,-0.0750390480526773,0.1254173210363743,-0.031967687301950244,,0.06100319539937779,-0.05567841481225551,0.10288386454140512
GREM1,-0.06278353018374395,0.023431327357625254,-0.0492677173386245,-0.020233469320461387,,0.002478806042372688,0.035621761201521156,-0.03792469461429419,-0.03457354985331257,-0.053476098204585584,-0.055645056739085916,0.0732728284206967,-0.02551848811612385,0.11457603558651878,0.10226017638984812,-0.043697730245027384,0.05267425760744202,-0.009627112035703359,0.12705781783649678,0.05390682492122707,-0.1939990597044552,0.021641826577508152,-0.0468995147884538,-0.031004108000690003,-0.05676608391497803,-0.008448395543132668
EGF,0.05862174481517974,0.11153243598137819,0.04456608046798181,0.026961683300873358,,0.012014278573467733,-0.004366372124233704,-0.03285425010222306,-0.10769196832158925,0.009028907244014821,0.04405110190927216,-0.019311354599265234,-0.0011841544705306507,-0.012078568851215873,-0.001044241912914773,0.020996810733750534,-0.03561264872779692,-0.0651705906837585,-0.0008055628164736334,0.052169319911392384,-0.058656286368273775,-0.03118114816925827,,0.1080073803614396,0.13963042556090205,0.04198070822946241
VEGFB,-0.011758476272148065,0.022042102141439583,-0.009013496501515991,0.060602858171963925,0.03892497793569499,-0.06099246288853628,-0.07712895457665252,-0.0904293260670434,-0.25875935355649626,0.03835855114244725,-0.04355731944683825,0.03208975681494433,-0.08482039199456949,-0.08169908249249296,0.052594003711091,0.11825253279714797,-0.06894973350072757,-0.05587502335169334,0.10192928152174438,0.13642387189329613,0.10702446484265006,0.02331672965906463,0.048919455701279535,0.11687568775581712,0.07480308780673924,0.05431479307089405
FARP2,0.03873400267660632,0.08357494048445917,0.033404183444248295,0.004606146510386364,0.013108565954946015,-0.007767719467243811,-0.04982378834053604,-0.08895079790160638,-0.18859746863642274,-0.03164143837255237,0.031360323476032556,0.05617127679764552,0.06770916873180126,0.02811960747398997,0.007612172456091524,0.18294427857177753,0.09329413945481232,0.013527525201108724,-0.04409753023536823,-0.008661371052402432,-0.013046626219457113,0.01519886888287536,0.05312174799784965,0.08094433824157395,0.03835262314607478,0.06480770136444325
BMP3,,,,,,,,0.0408718510150156,,,-0.004230615582132932,0.09327279140075585,,,,,,,,,,,,,,
IHH,,,,,,,,,,,-0.051171163986010376,,,,,,,,0.00736148300714289,-0.012246446830804466,,-0.0322831415268356,,,,
LAMA2,0.023990890584611766,0.12631814040088218,0.04186990946299219,0.04948603411946956,0.11490646475937288,0.00023126319159372735,0.02360544861933639,-0.0531872020384615,-0.1613115489463336,0.14170311957411547,0.0583110414024558,-0.07311333434059547,-0.019107016277567626,0.04362104268603851,0.10348672709456395,0.031115454618323095,0.022521466284038304,-0.02783553226162029,-0.002191562030501402,0.0879903942522142,0.14054567579843733,-0.03852117779966533,0.055891871449972645,-0.11943026849173495,0.07191255075535997,0.07382788090806469
SERPINC1,,,,,,,,,,0.011070682986328313,,,,,,,,,,0.000450274755080533,,-0.0038411531115161305,,,,
NRG1,,-0.004899651280795972,0.0063165905197496335,0.046386829218653246,0.04747924048086507,-0.007946176954377172,0.08743270896124346,0.06573403723755858,0.023105546189706446,-0.061761859431673685,0.039853105017801295,-0.05013126041723516,-0.05034518712036047,0.06677937457079916,-0.0002321124040755258,0.01724261788924933,0.02363465914671467,0.03546800511361306,0.06087091510129403,-0.014467936200790968,,0.017686108084131735,,0.13418372289925487,0.11159025945040041,
SPINK1,,-0.1700184665066755,-0.07404275260880933,,0.06426530856313539,-0.10805153886283775,0.0009224591382950464,,,,,,0.024865198264957016,-0.055044961275366656,,,,-0.050265548323249656,0.14836221782027387,0.16601715584656776,,0.01773621581895376,,-0.014308761009294544,0.15145413392735382,
EFEMP2,0.033848788267906264,0.20121202753289452,0.09156410087118379,0.06177798389175689,0.08649376394361956,0.07197031631984117,0.003065890019218921,-0.0534074645169341,-0.2562719762320093,0.15384982532868566,0.03646060359435462,0.06391563586801732,0.013519861851937168,-0.04142142619935663,0.09251825150510917,0.10101675603352295,-0.04258086271286278,0.05850420914022078,0.1135186939606589,0.120579073361663,0.19235628775649918,0.010465846666435422,0.10953447382878224,0.10285366555184972,0.16319584660757291,0.13664126280002353
SELPLG,0.04026192855304529,-0.07857715546903418,0.09343977001449645,0.07988999280311666,0.0430472182426742,0.06586102553788109,0.04973217072736952,-0.04736595006038796,-0.13347914275403802,0.011179288643291242,0.03523323507217401,0.04564694802909197,0.04373770996492054,0.03430191153538464,0.028881728536030445,0.08820197069235786,0.011936326676004841,0.058780597884415274,0.019261610796829625,-0.10089758307867615,-0.04940269532920299,0.03991667670563142,0.04713584042890485,0.0739435472742283,-0.013948589549848261,0.08272660739816685
GDF6,,-0.09895312524179417,0.047259903327353955,,-0.01350552039008982,0.030457754876725893,,-0.06908133131574164,0.004151782250227622,,,,,,,,,,0.04376274612848719,0.06247725972774951,,0.02102342851841596,,,,
HLA-E,-0.017369759039988313,-0.002089036741190341,0.04297271056286879,0.039653254952831986,0.06182828965054789,-0.03532533663360071,0.048149425265460254,-0.06541541933006317,-0.3627424170562508,-0.12458366269856871,-0.00588945860435698,-0.005612422753770677,-0.014044025547933712,-0.08875973298380932,0.06709481090134578,0.044427342254258734,0.03391103883770201,0.08094209461956045,0.02301707100471809,0.10869020617916458,0.15062803850994333,0.0303862213398233,0.005238135475927566,-0.1652927867269015,-0.2050152331160538,0.01452597927553117
PTN,0.1589474072462652,0.4402002093648572,0.15295426407357432,-0.008596484464064216,0.004801698994055577,0.20618984729749948,-0.058762205515434325,-0.19974594602297618,-0.3567079729375031,0.26529467221363223,-0.0386749874033066,0.013187822054496777,-0.02167069241932187,-0.051219153438002846,0.15629118936817646,0.1443951135782749,-0.035837692722083085,0.11845915490583613,-0.17680857301423555,-0.10291307072083125,0.3385250689359101,-0.053908800753759166,0.16839751116426974,0.1882513356382162,0.20486538077317729,0.06525163237751788
CD274,0.09347517344941067,-0.02812313885666346,0.05249280936860836,0.06645406989025733,0.056704404144638176,-0.09139000234029704,0.035843274612442674,-0.0035473656010398167,-0.1265139769283306,0.004509078385005149,0.03385197247857754,-0.08511852956023103,-0.03191617523181419,-0.01137794392107916,0.08521785366855104,0.08922542169441529,0.0923638389573626,0.001485857190052547,0.054171303649065555,0.012803490366169993,0.10238890610603912,-0.023160309266392808,-0.032823451156248254,0.1484600403162848,0.09105221470077722,
FGF10,,,,,,,,,,,-0.023740404039512754,,,,,-0.06653724291765069,,,,,,,,,,
CD14,-0.053892490369851144,-0.03361000866321163,0.08341583129757171,0.003329502301671664,0.04101271315450085,0.0039024757429652022,-0.02211275459107855,-0.05938998580944915,-0.2674454095944552,0.021622510797566264,-0.022450253695849402,-0.047589608512442115,-0.021957407254398643,-0.0626239321864975,0.10733026092503545,0.05753544821897718,0.06660149778091813,0.057264630385331784,-0.15258963147559998,-0.19779828350659734,0.10596075186530306,-0.045620880244922765,0.09430251302298802,0.060581640479465126,0.09024770839221946,-0.05517768729464389
SFTPD,,0.048943532283246355,0.013963064732743356,-0.05999556437189744,,,0.03384242315925445,0.03070161777970345,,-0.04876833707154152,-0.03528042693424401,,,0.1000391086622162,0.0798929797562378,0.019711834676833736,0.09446390151104996,-0.005702476244732503,0.0013454548057085967,0.006993356282008118,0.020053285266355213,0.02093885767623585,-0.08272451219668582,0.08163861103769868,0.012421174437053224,0.08919559843048372
SLIT1,0.08603373814243796,0.14857573210476796,0.04719645581264429,0.02055154365496203,0.009546068381543265,0.07887530474490315,-0.02414752791249107,-0.028714055115130126,-0.1422979082192544,-0.0457266300293011,-0.004160245437091568,0.039452714369211356,-0.015050711677013115,0.18087561480112846,0.057385978335047265,0.036993514601598415,0.029155934562042414,0.08996086391083968,-0.08880916692631051,-0.08878312768845466,0.15895208195860597,-0.08167754615907179,-0.018997759279787925,0.04420808071101051,-0.1375492653655323,0.03140603841976949
LPA,,,,,,,,0.00894295467809765,,,,,,,,,,,,,,,,,,
CNTF,0.0027581604129504624,,,,,0.04378394697364761,-0.01268445366697409,,-0.08210334536578827,0.06111001077466383,-0.01803163214504531,-0.04194279663022944,,0.05873256807650141,,,,,,,0.02732267990555358,-0.020008120470512945,,,,0.04737275325574428
BST1,0.12319537678352299,0.09606325412154279,0.08022176474977044,-0.029897208741424028,0.0038684202470268547,0.013384800060821574,-0.006190034913416265,0.004101891719056666,-0.2768813072004744,0.010142846137502598,0.024723297380335112,0.012127680321507097,0.00882311198697603,-0.019003862807109338,0.03646420638378923,-0.0008251957558135497,0.08909200734115547,0.00229829155504776,-0.0942065662041148,-0.08268544182366366,0.029664151123632906,-0.03285215776021337,-0.03798211463102788,0.060823873947681274,0.0717457178423833,-0.0402657237940037
AGTRAP,0.08202308405692721,0.12011306612591623,0.0333183328070624,-0.000969818804288551,0.06661172525427093,-0.041218098326647766,0.013068521495331064,-0.08976141934947111,-0.3234200881141031,-0.03103134194485088,-0.016017385967472587,-0.011709394721695103,0.072452892994929,-0.005496446227827916,0.05992916141718494,0.19698521092769608,0.14219483087820978,0.10974932441869112,0.06279630121119849,0.06081727118908356,0.03871114510207459,0.03893418301455393,0.11522924170861545,0.13612338291349838,0.08164922944720707,0.04960911691203088
LAMC1,0.0458341004748129,0.11714683764263384,0.13444614658416923,0.0025003965998847792,-0.02980821664254799,-0.025251171631154264,0.03872358400521868,-0.1012106448618409,-0.28295566607954503,0.14683831760565152,0.08285620664947994,-0.006091354651561819,0.028878259123683036,-0.037762615632057024,0.034858529517534265,0.03187869941830255,-0.036465504172643846,0.08958159981981875,0.06966015762311811,0.16803845579001847,0.20467342766589386,-0.0566397618314196,0.01897289441013177,-0.1417330463196509,0.08172572761935148,0.10115381101540107
COL6A3,-0.03490284322804014,0.09256015478385239,0.08740073298623985,-0.026683139730842263,0.0941525614198997,-0.061907837572755926,0.037902764827031664,-0.08126234488122673,0.0248482643853224,-0.012228982065680438,-0.05013904855327309,0.030935715415490585,0.04038430698940184,0.038531750801298816,0.005042348136606114,0.0944182587916821,0.016860120703556927,-0.05580433670803913,0.1151430269903742,0.14023602159938953,0.10203285433322291,-0.06767383079550689,0.016219035637857697,-0.1730849031508276,0.10256756979909605,0.13970627290177787
FN1,0.07470245293775463,-0.23291564747507865,0.14387706675591316,-0.018326815021236946,-0.015510177761394073,-0.030158020209997305,0.03650941936933872,-0.07565366352033619,-0.3316283013221394,0.08953063603821201,-0.003729452906089595,-0.04524583479698413,0.023114827053398436,-0.04933138811316813,0.05461052639345048,0.023733626128785698,0.015620418122423678,-0.008144708137778279,0.26215638900845023,0.25171957548519097,0.19197776640431286,-0.08417766602716188,0.10161974672648705,-0.24134011026039226,0.03865256397436398,0.060514281095597304
MIF,0.003100910988372589,-0.11839422881112198,-0.19158914617186842,-0.023356625703100757,0.031971842331297254,-0.11155900180405105,-0.007726984166531307,0.00920375327766635,0.02923409531052503,0.01756790808461002,-0.043554049244808525,-0.12087044303836346,-0.13182129089350328,-0.09780416458031554,-0.13228585422763817,0.008088288424142887,-0.1620735966131909,-0.010701223007506148,0.0671769221243792,0.12556369377539617,-0.09642979001754591,-0.09561113036742569,-0.05587387141497939,0.12682613290575875,0.1728414293308942,-0.06636380339385567
JAG1,0.13287528284360225,0.13469199747832683,0.12179450084174319,0.011202506026178508,0.031099680928790955,-0.0029784307189941682,0.01881286054632071,-0.06268277284661188,-0.3150545072813468,0.1351451019209096,0.04890828241563715,0.003398152928624128,0.08832845402247759,-0.06700914810160584,-0.01940697128393014,0.1805954053691267,0.05126624665330933,0.14400384563173968,-0.050140745384069166,0.054151002483497315,0.028244733130420578,-0.08415838004670033,0.1402157735759689,-0.11724605668951661,0.0328373275532472,0.07780644280916658
NID2,-0.05753062334202672,0.0456911728351929,0.11365723446415416,0.020843423893868982,-0.014450014185205117,-0.013095697116590138,0.005895468092109108,-0.11993738809394715,-0.24697054673057037,0.06402611685833869,-0.02628013492564375,-0.07457915869402709,0.017580578301730466,0.007378244214849405,0.02589600449500275,-0.08507055725612143,0.006263532535390013,0.12991438229777094,0.01784515616657594,-0.08095831774758759,0.13031567250454273,-0.08312458004902816,0.0945275676233416,-0.12266456859143386,-0.036134261562243974,0.04964497557317649
EFNB1,0.040647113300844626,0.1298673129030861,0.059612689898593994,0.010702818186839694,-0.030700152007127387,0.010442776565482365,-0.016973863948299923,-0.10122885094521077,-0.12957255663500986,0.007630736713893801,0.08128395735366169,-0.007625237582796273,-0.002717258992583106,0.04390075791984476,0.08919005076994935,0.026103176761265796,0.1010093390689087,0.08244670159405573,0.035538472729533,0.013812500194640968,0.09288337168655644,0.044702542516206076,0.11185616643126702,0.03182171176939642,0.098233742527556,0.060685605189042834
COL4A2,0.037287518148342774,0.1789686440073226,0.14188904443184916,-0.047745550034487966,0.006071500406925792,-0.0037010331925338004,-0.05053060431282414,-0.07791302137505542,-0.3166257934114032,0.1439859614253179,0.040251417613655374,-0.03720706176388055,0.053262598736972006,0.0006975286774864263,0.07418509451414171,-0.01982371382018802,0.010597877491125472,-0.003076265599145574,-0.034134511621232176,0.13664080449268473,0.2092891262119428,-0.0670427363807406,0.07930939626848431,-0.2318668217241918,-0.13327288967734624,-0.06514950330000793
SPP1,-0.094490894473339,-0.3685138511122853,-0.040637064340746404,0.12855345791172368,0.010034120835145894,-0.11468725322276817,-0.07552616638147404,-0.17797339447283023,-0.42699823542663073,-0.07970741809804563,-0.00686624074861506,0.006265095216055786,-0.020538643481067986,-0.19041479527436936,0.2166390941944533,0.06651766792123652,-0.21639621554879768,-0.0914699080765906,-0.018321043079497105,-0.0701106182443401,0.015424203061787592,-0.007325807830136737,0.09394770408497063,0.08529343903988072,0.281897596641571,-0.10502774879011564
PODXL2,-0.0026649088007678003,0.1598005842956231,0.030634922857521923,-0.035447988012620966,-0.027419452139392807,-0.018560092651784304,0.029718035393750626,-0.044838801295309684,-0.030342558225329535,0.03117712597369532,0.039671709575547005,0.022742427527384878,0.03685117109639017,0.1435046123974163,0.04606071787271509,0.09574437069682763,0.037617534556840033,0.0545985373844142,-0.03813888008596742,-0.07740505602198394,0.007734392372066823,-0.10331102063139556,0.04748048176710282,0.15810302973976217,-0.07304469197789719,0.14044002790151114
IFNE,,,,,,,,,,,-0.009401100525288208,,,,,,,,,,,,,,,
FGF9,0.007099194791312892,-0.047488383145122604,-0.0034412047966413863,0.031110082494232413,0.03419515222466099,-0.035062668227407466,0.10647109480140383,0.048942053896420125,0.18797223930256837,0.003398428051533176,0.04560647903444141,0.030743298781844595,,0.15640629333174924,,,,,-0.04527024650625581,-0.07903951460559441,,-0.030468553404287488,,0.017894850756113446,-0.05637977312141244,0.0047511636034166605
ITIH2,0.025202984517090937,0.03375514863500051,0.07964506611405266,,,0.04482963869639181,0.043096682837676245,0.021838339802027817,-0.03240592647053755,,0.0029872050010535476,0.07211387647435842,,0.05191906081172405,,,-0.09854515846151501,-0.05123178920535544,-0.11074543344846433,-0.052919432711900125,0.061751632258398116,-0.11692763526142895,0.04283829926713612,0.030313329870196595,0.12877658373905218,
ADAM10,-0.013221879430006285,0.03314578161380333,0.10217865475019967,0.05015927904131161,-0.0032149461804634417,0.11045146232754496,0.024565157292178907,-0.011895877139728834,-0.17147137450959288,0.1536698095968262,0.03966098093105288,0.04560637993289877,0.05701227850677453,0.02465076285424004,0.050780002570894225,0.14097971180403865,0.08049417332602953,0.0050720005386972996,-0.022676192136373223,-0.014292243888717023,0.027093865729591785,0.002009572791808501,0.046782497971510635,0.008100140721027325,0.03771901241299993,-0.10656287156065662
CFH,-0.016833859650342814,0.22377366233528578,0.10036902227299895,0.06227401372009001,-0.029849398340185428,0.027584478881042363,0.08531284841962242,-0.0429016730391137,-0.20556422620185857,0.09357147189433905,0.013298500784349434,0.06685064625546872,0.052832161837754396,0.04842094164669276,0.1030360450219108,0.05022601501688121,0.040616611819964114,0.14041755653033314,-0.08878910296785238,-0.0007204379913804808,0.15069842066096834,-0.09107605339781503,-0.04002474007276484,-0.04625547430371252,-0.06764661730841164,-0.03245074958662075
COL4A5,-0.007272072814134044,0.22433617658923646,0.0975351071546161,0.03394713552067956,0.11797123675544886,0.005485811744609384,-0.024601859098511418,-0.09340359987653188,-0.19617678777643394,0.09675781926406095,0.027196519483897355,0.127858340593027,0.1030528348057771,0.0330436645961761,0.16327866976909763,0.18882337651926384,0.0628374362355043,0.06058363925936454,-0.04959023001161242,-0.10315910370022441,0.06986869966964718,0.013247348494439098,0.05313489681074157,0.1649284027855678,0.15528507759479848,-0.02406073902351461
LTBP3,-0.051988023061493034,0.04826296770656267,-0.006339067637474561,-0.016657601817720764,0.02212866254069575,0.03041669450343879,-0.049419793743727486,-0.06360185117729736,-0.06873850232544244,0.0886948484532663,-0.017155200584908527,0.09553701880208597,-0.02971201057456309,0.04307729818759538,0.04834435887205928,-0.02727141363229342,-0.05573604055856954,0.04036097765513781,0.2304126441230389,0.18252529971017167,0.23738468389806436,0.09811571524459096,0.08760487657082028,0.18449348154967854,0.2452015447640434,0.0884263972843299
GNB3,-0.0021076309602750284,0.02416325465678167,0.06572751443377964,-0.027284447957185164,0.02815144487352352,-0.0012002370282028687,0.03896994232034516,-0.06517510504820223,-0.05717986607886162,0.03142049097577098,0.016321036893868525,0.022610037351567004,0.15455906059611985,-0.012905174076628206,0.04723087057224635,0.10455147043764802,-0.054194621601941904,0.05076574661613547,-0.01677940768953287,-0.052394986260900785,0.056221351495463555,0.003460105753129722,,0.09135861342253983,0.027518622785362913,
COL6A2,0.0056078851413069565,-0.03395004613730285,0.07671340631828047,-0.020309740336301337,0.08001855780632423,-0.0016531861977681901,0.051155279012870314,-0.09702876003561209,-0.28910274799841135,0.11722475609563637,0.06511343880704959,0.04490981003349985,0.009065893770716413,0.08253891617984128,0.06080579290841357,0.2036348936500213,-0.1687525394808057,-0.023559354829807866,0.2208384221494167,0.2642989331321468,0.06711210606204826,-0.10531447762562485,0.08767132100191616,-0.18327977035778897,-0.01720422127454216,0.08963033363455442
PLG,,,,,,,,,,,,,,-0.01386477205888295,,,,,,,,,,,,
GDF9,-0.007469619304531827,-0.0844384195424361,0.06321286266444957,0.03866773073187063,-0.009740128327460169,0.011788515491145173,0.04099488433185467,-0.07761203136812304,-0.1619848715087578,-0.03791445784065222,-0.03946725916818914,,0.011262880950160863,-0.01794762876579297,0.02830427636763426,-0.027488675821934188,-0.09211714151575653,-0.0055792852488133005,0.013366786791197302,0.040796827667646314,0.07035343683038692,-0.05847655915105673,,0.04892189947371829,0.056002681481672534,0.05387787540047462
NCAM1,0.07494346879463346,0.3209326055144106,-0.014748072818849541,-0.014562664229596551,-0.06175564818148341,0.07269536439300335,0.022304057204774942,0.08067451206449772,0.08510946647403524,-0.08470611728249192,-0.00803668289529168,0.0804879508985241,0.11515123912965027,0.029396338882461084,-0.03160009495406524,0.07542758452001407,0.009795113723399066,-0.08716810204379223,-0.15768217177366656,-0.12547058309978995,-0.1832455204276037,-0.07275760251842363,-0.06433178848235893,0.10304769947687561,-0.22939248292454353,0.05306951590596896
APOC2,0.01435125285906277,-0.026114904045254204,0.014356332425783998,0.0925228251617862,-0.005258297212803336,0.038962303366665445,0.018534155774451687,0.016762958750441953,-0.16383574567756543,0.0029143677463885145,-0.009086691431661284,0.032840709792946024,0.09999884931223045,0.026161793061013315,0.02698391972977903,-0.09883799245759761,-0.00362884413976965,0.10658917634741459,-0.09034981683793693,-0.05405569885492758,0.003251127476346517,-0.021086861561204796,0.0870700327966209,0.15653298416700423,-0.03813599969596754,0.0017944446717476762
BST2,0.04447612099830384,0.2803124771183723,0.048850088372647135,-0.011433978607886445,0.0730721739685539,0.02742463640033723,-0.0059185751574076986,-0.03855865435832887,-0.3380496191703252,-0.06081286268943335,-0.026929400174600944,0.04398390001282421,0.04343868024155708,-0.01649454144041747,0.06536501714132333,0.18578510463647024,0.15638802486325043,0.18544682425540618,0.025102326637039894,-0.012093422410609463,0.18420419378799804,0.10131763252764331,0.10788318252648418,0.13109412635587775,0.08503317016050506,0.1073699335685886
COL5A1,0.00922480890606845,-0.10221570412337969,0.08848556283713102,0.04453547978683003,0.02796855689851273,-0.025810747384523318,0.021334515723642238,-0.09841314663691592,-0.12919857720414207,0.14303609008863405,0.07552167541354479,-0.07599912687433681,-0.05682008696477474,-0.03236587814659931,0.07789241664551921,0.09765198662038443,0.001630642800367043,0.08071816911633127,0.23747559461709256,0.1863050187936266,0.17423483555828584,-0.06787687613385777,-0.04926474490150917,-0.15658496260483634,0.14416814273784187,-0.07321878110947755
CALM3,0.06389990734422812,0.06302461906396868,0.04695780007846229,-0.0036155538467158225,0.009076866991251173,0.006301822740632815,0.12778741908132904,0.19578997720962174,0.3802845822095923,-0.07381487618695194,0.0680096930113914,0.0683246940714263,0.06607618824169066,0.1556265238882679,-0.12918437354378465,0.12597985942921566,0.008853350574546852,0.08501188106611962,-0.19871783058696083,-0.13251245062814515,0.023690277845281268,-0.04455580557185545,-0.04313270806791725,-0.008753773232607318,-0.3124764800419118,0.1889447968818307
THBS2,0.02577835435164913,0.2775002522243581,0.09862004940138684,-0.013205889810858991,0.0033204081169351056,-0.0720879713054579,0.020438094825692477,-0.16056753758897285,-0.26366674750296604,0.03633034696429834,-0.007490840673315342,0.12341546938484453,-0.026253305191769313,-0.13094808842952457,-0.010412436223990629,-0.05142617255402315,-0.013033462266294754,-0.013013486796398452,0.13949007678382502,0.1716249779559855,-0.06541119998778708,-0.03643277435416626,0.04405125793698823,-0.04450890092511305,0.1335937058697609,0.006101121203686559
SERPINE2,0.1217086151148043,0.2876762063052076,0.1211337930628528,0.017327291326541292,0.09572449360825956,-0.06842447826225642,0.0034042331289997002,-0.018788396463673862,0.04367564079072969,0.12326824674521297,0.03989797508131136,0.0818914599448164,0.061133896080087326,0.06785347667513666,0.11366366554080663,-0.05239842975286228,0.004378054918350313,-0.008473369735629118,0.09738092945418365,0.15479833021435924,0.1755252123643973,0.007895237358814398,-0.0036983730799654817,0.10948619090186067,0.0957290571367935,0.042466337907510296
EFNB2,0.10218361824485328,-0.01134212074140863,0.049153790339939045,-0.004205802460297809,-0.009689859018473987,0.007385568107938051,0.07116918102226645,0.09109126553820428,-0.0400974528344164,0.08594192422469493,-0.023925600426279052,0.0257866883216926,0.06546585647118845,0.0737760987271458,0.04438428153733711,0.00899440811126494,0.0890141197737797,0.15538639337714538,0.010763195653661111,-0.0021146317708085065,0.04650075166076362,-0.04129047345833165,-0.05536203783248118,0.07980717141802891,0.11524733707537572,0.15738731981518872
PROK1,,,0.05317513797247008,0.00825604969889143,-0.0013704782986223383,-0.0017149136917538083,0.013324311827063794,0.023599435424565985,,-0.01591589139206193,,,,,,,,,-0.02471312613008533,-0.000742710775486011,0.010472430278665016,-0.015568651861828002,,,-0.04162884786108653,
LACRT,,,,,,,,,,,-0.043870218524403495,,,,,,,,,,,,,,,
MMP9,0.03322588779195568,-0.04206795578525099,0.09136286885169918,-0.03169798783882504,0.05195823348450372,0.039732777547806734,0.13558902167811818,-0.08331294677820555,-0.17287716619935753,0.01804956569648714,,-0.009782818561712864,0.11238150448913825,0.06654745594504045,0.08351390755072675,0.04914852480241603,0.07134369790358489,0.0215624732100694,0.17852554091593004,0.20612958911493728,0.14523779574528675,0.05454775612163501,,-0.14748444338481023,-0.021291102433182788,
DMP1,,,-0.014189229433462057,,,,,,,,,,,,0.0017747400727040055,,,,,,,,,,0.08777118590187609,
NPPA,0.024153502552699917,0.039922185685590826,0.12149795434368933,0.026024761523620873,-0.041039412433745356,0.004472271679732795,0.09156529778866632,0.0011719235766781122,-0.055036732910064376,-0.1486850497699927,0.022683794178406515,0.03995220427121279,,0.0580976152978908,-0.02421463058373041,0.028372399509193742,0.05325746372230711,0.039714232779581554,0.03405418528868316,-0.04747202152462103,0.009981144065616161,-0.03132793640488235,0.06065906828848198,0.06943379143630579,0.0035810714231208256,
APOB,,,,-0.006647139576731658,,,-0.039259048568406486,,-0.023788226603542108,-0.03528983850725587,0.010179723154526255,,,,,,,0.021779757368061252,,,-0.0029153692659118395,,,0.05348734434221252,-0.11879693332998838,
C4B,,0.09008483655159828,,0.02091084734445622,,0.008211350259405828,,,,-0.07642193247364963,,,-0.012405894904564684,-0.01700753623882722,0.03700780633850728,0.044002325393094725,,,,,-0.02177515655353279,0.016324646600624677,0.026326456347046407,0.012611602336678728,,
NTNG2,0.026406017193363412,0.14323720840213452,0.04486173274058071,0.05822674796295887,-0.016162746363724865,0.005862387184746495,-0.02149900307960087,0.019218692145332682,-0.040319780538354166,0.03210739319326995,-0.026568307473687398,-0.0230315719880939,0.016522083518801595,-0.024467394742469832,0.061652010540129344,-0.02631047745421708,0.036391850423632584,-0.003502907310888771,0.029224149690443534,-0.002110427824485283,0.06158358249328103,-0.01860231466529795,-0.03548675585044273,0.014136349579466027,-0.058362864373966296,0.05627644974982911
LAMA1,0.08360125601891974,0.15276216795887673,0.045595037771622375,0.01372537369560769,0.015032316162638856,0.049842582134980704,0.05979823482641225,-0.10076222331628353,-0.34722566693813883,0.05908080959598897,-0.002302902267020338,-0.022142120518386647,0.12412022486767064,0.018050910812894748,0.015100752042187339,,0.0751840696347466,0.05746614212918704,-0.013838101326420792,0.006200178740821669,-0.052696143900330804,-0.006758661388157258,,0.08667820182896493,0.12465768254259343,0.08647104857054333
UCN,0.05055257717235673,-0.026111885666889625,-0.04777214361823858,0.03798007567886123,0.08363324238204703,-0.01465327744863848,-0.05876717514147186,0.014733658318242688,-0.0894953736383431,-0.004503430181414925,-0.004014641491824081,-0.0006822005037676682,0.06379821521269047,-0.02818091266831578,-0.005264742677455649,-0.010722074917630815,-0.055892812377180925,0.011184537600743408,0.020092141257302614,0.016610546917539014,0.05624086861813188,0.01099583117066617,0.011763463029658012,0.09021793849528231,0.08318772130081681,0.02174172587609915
ARTN,,0.02285743398294898,0.03953121380266197,,0.007933150200027387,-0.03897631520454107,0.05015149033077669,-0.008568410956260137,-0.034512210478150784,-0.001547240204780525,,0.0515120218942294,-0.037423886319945275,-0.022759266069216983,,,0.039686160803418295,0.08002404138742915,-0.023295066176036567,0.038879211294783805,0.023654030311595825,-0.029471247628250354,,0.03989926162685633,0.04082377920054978,
PDGFD,0.01688346142509793,0.19336765391232438,0.10279779205883181,0.03557789721699923,-0.030292224882914283,0.08201272683560351,-0.026134400319561903,0.054977393214117515,-0.05273298077815192,0.051592357953766765,-0.056254861934224555,-0.018031593603895574,0.04508524109654099,0.006182977725077524,0.06221418892249192,0.05551882664363886,0.05736790432283684,0.05707945461674863,-0.005165057852715822,0.05406373605233638,0.2658766123402257,0.030662201778163332,-0.05856717685839206,0.02567155445557762,0.13287568545808037,0.03327192756132569
EDN1,0.024783873237166267,0.15301118983351666,0.029406214212562804,0.04511868275462844,-0.0037263140799574795,-0.07100847317262413,0.028831976165763818,0.00011456871348558399,-0.18279800231069326,0.06991950723579267,-0.02446795564712775,0.011958475543761076,0.052188339442506664,0.017484358681968792,-0.019093635154989044,-0.0602977281515227,-0.051447768709771406,0.05944690803508397,-0.030709206879057642,-0.005923139547709701,0.12222324161067928,-0.04512841756932798,-0.02989654759245432,-0.06023635974053206,-0.15084997490582958,-0.043191285011334755
ARPC5,-0.03563004841457485,-0.1611355475326255,0.11920283356222704,-0.010115287270984444,0.06172116905039995,-0.10587522320874518,-0.002560081246587203,-0.11683453770351128,-0.16240834415002173,0.006479800715962852,-0.005519858417273949,-0.02169619471957921,0.06998783161454661,-0.13841160731367086,0.0634923232296389,-0.05033995755137239,0.07840977837954768,0.03930143879007955,-0.07329577398840445,0.0008390888017974632,-0.03506606012940405,-0.05869441111311706,0.02793238930154302,-0.1322550474464868,0.05635175068109011,0.07973967421077235
GSTO1,-0.027114106068613468,-0.1467680440897863,-0.04301989530266382,0.05629387251044902,0.07230765006046803,0.0010887276841503634,0.0351337658214211,0.22787368982574469,0.33511831862397323,0.00802571392343867,0.00814773315675187,0.0492686218777743,0.013068122269802928,0.10203835091389593,0.07694658536686406,0.0034441531719105953,9.222135460030948e-05,0.05450871766379032,0.029653850418839875,0.06493249088619298,-0.091684865104695,-0.013041327392568842,0.09253648747881317,-0.055745148365923515,-0.0206386671904879,0.07177209020149944
PROK2,,,,,,,,,,,-0.011392267385831337,,,,,,,,-0.02525575763601923,-0.005012726492678356,,,,0.06456165396096175,,
SYK,-0.02389091640425141,-0.09807703862385846,0.07069180438164034,0.05008602128025363,0.0722795112171307,-0.017512922727363434,0.0757492696699692,0.01946593405023937,-0.16718154602251603,-0.07299788809787118,-0.02446312536250381,-0.018425862208970235,0.05823288766016059,-0.007881861049132544,0.06490745070025143,-0.08384149336362655,0.036135711235650896,0.04500361639275699,-0.04967367084898426,-0.08343561324281974,-0.1261397986776183,-0.007849376244227465,0.0871248739062398,0.11308494550218796,0.05891337840155741,0.10003703346697372
CD40LG,,,,,,,,,,,,,,,,,,,,,,,,-0.07130899068164613,,
ST6GAL1,-0.05203896934427311,0.07987453444718236,0.12551312406977205,0.03204510240525427,0.015043149745235013,0.014191462732258527,-0.04752196723552269,-0.025835760857231254,-0.15612917059508163,-0.04995812650510091,0.05808520405523393,0.09542404964703484,0.06247943492428004,0.05017002855023328,0.11821662495170368,-0.04368796002952596,0.018007294989709283,0.02466952122680614,-0.22394433910483186,-0.13053282455593998,0.017918234090566275,-0.03288279934323926,-0.0784553417012055,0.10468424377420872,-0.12803963581991804,0.043352998274349054
WNT3,-0.021121947364185795,0.16230641594838638,0.035158518371944725,-0.018830566619262024,-0.006248993448288906,-0.019891844665761306,0.08093200915318478,-0.030947504563649177,0.17265063602546996,0.04005317553135875,0.03479850623064994,0.05477686091787074,0.009100905818514207,0.11017600277435577,0.03514161874188046,0.07252591765631808,-0.005171491506306071,0.033455721325647815,-0.03251399036373264,0.057604964966678704,0.003834872564779977,-0.02164344008343132,0.1182008085636937,0.12769984648189658,-0.03275709440724273,0.08189540122000968
HSP90B1,-0.006265622049066557,-0.20596974846807042,0.01885354164331967,-0.04586117910820315,0.06097718414753104,-0.03268189300354721,-0.07137910956266812,-0.0955172527750815,-0.16430944855054083,0.08554096248142469,-0.04811155052915302,-0.07610781241779326,0.058994363778026554,-0.14103230689166366,0.04724914650363841,0.1519135118591889,0.02183846243188118,-0.07473028774776083,0.18527735180523336,0.1611711097086659,-0.02189628252178902,-0.0394422298966359,0.06424198407135133,-0.18792446958836664,0.06512835567073574,0.1026390415740186
ZP3,0.03216589114249477,0.04105053968274164,-0.0015192773565363268,0.02439268123234195,-0.051540037991909475,0.031145612888595783,-0.014308536992952176,-0.02334265472383233,-0.20735444691775437,0.0239928350128363,-0.026583407046268714,-0.022593229618924633,0.04770426416056864,0.03990943984379756,-0.011050095949352556,-0.037503043642585256,-0.043009317608182336,0.07500284186892872,0.04660812588564803,0.029351572101529028,-0.019198813282156942,-0.014170192264168144,0.046161479024307804,0.09408091878900333,0.104124056096629,0.0472763013814743
ANGPT4,,,-0.017373552443097098,0.023281438728943157,,,,,,,,,,,,,,,,,0.07765767502830516,,,,,
NRG2,0.1303681279361698,0.12695838520373998,0.06996154425043533,0.005213754548985927,-0.02190353422801674,-0.033187973973416905,-0.061107740351497845,-0.03337751890913454,0.0005627372725209281,0.04256916110706503,-0.013331544242483593,0.0569357440916302,,0.04803301974268815,-0.004020386058521747,0.16529271083784833,0.07605845369251711,0.046123919385255244,-0.02329364599398967,-0.07938871411991472,0.1475480805004756,-0.00957336482147294,-0.09325466197293715,0.13441511580391782,0.03050785413968682,0.026407338548183796
MELTF,0.1387161506085899,0.03101727510160534,-0.013223402577739799,0.1076936255352463,-0.044137151033302936,-0.040973293463373923,-0.005395385132002951,-0.03599848435185934,-0.0835111702572207,0.016422565107235023,-0.02141403239413858,0.019066811694284397,0.007038342856639009,0.016048106184345063,0.10984465211972935,0.0567776056245461,0.019167767818485358,0.07829719563606038,0.0679088547501056,0.06935046528052746,0.13725949115389538,-0.005403776851028197,-0.08062591549750524,0.1558603738582919,0.135443212190384,0.0038811538206839137
NLGN1,0.014694296268791826,0.19641118587655568,0.08466569025844445,0.05522192719204928,-0.008565341432457376,-0.011634413292517768,-0.017836862972933982,-0.06804576322486569,-0.2102933262961918,0.007697495537766918,0.050378635286432806,-0.03647131990837103,0.059406576439863724,0.05807585899657654,0.0740724834588298,0.02882824131409666,0.03578022325603585,0.09139048360801391,-0.1727974068146033,-0.08371148383186247,0.08256330699867723,0.0229349915742777,0.02860712825927751,0.18547648193033758,0.13285941084086875,0.08437905185971761
SLIT3,-0.009943965181536178,0.03424671209329591,-0.009168417937481856,-0.0167085847675049,0.024663743986709414,0.00819622538569385,0.056032985528837474,0.09935362663345744,0.1597929048340489,-0.04237606325041828,-0.015486321038204997,0.05537182488662714,0.11074275946712435,0.08853554774486172,-0.03145522913696874,0.14179819711025235,0.02550243681416004,0.021161729599890648,-0.012004596911854423,-0.09184928467878449,0.034433355587890034,-0.06763088162744156,0.04560554460472517,-0.1275271008148195,-0.14770272440553012,0.06178831923148247
CCL8,,0.06808046988931209,0.001126481846374547,-0.02027767729523153,-0.0314871056112997,-0.004979326982465421,-0.0907511976394978,-0.02515239081425491,-0.049871038271725864,-0.06119561842396172,-0.00953842209465391,-0.058416004884989346,0.06532345703462997,-0.04841116562452472,-0.04205209778687531,0.12862322097024728,0.0024906637693413755,-0.00403515347219249,0.11141520592954905,0.10897600395754103,,-0.012459335574790934,0.04960583645677625,-0.013010173598866298,0.10607108011298502,-0.07143570715102185
S100A4,-0.003694221574086573,-0.28229305860479853,-0.017464914899750935,0.049894672289065384,0.01467599247344878,-0.013065448135171222,0.028073240476922452,-0.1487435434685403,-0.36164558862637386,-0.056495499926405415,-0.029710155555883768,-0.10240014482248795,-0.045653912278392224,-0.08431217158920358,0.08427051679771287,-0.04479994827235461,0.07305784683174342,0.006506449384984579,-0.04757452782921421,-0.08493756188047527,-0.08182325346010208,-0.08446312198948219,0.006587713053104111,-0.04370860066251495,0.14400835166638368,0.07727708277252629
TNFSF13B,-0.07435488616821935,0.17478619021540345,0.02683443547452192,0.000876030727050864,-0.034197119857505315,0.02553838848309016,0.032056495649024984,-0.08504728779580974,-0.2262810318920519,-0.10804554852221396,-0.00551537934534464,-0.07994751504231534,0.060942372790713246,-0.0521204781270151,0.054028265870653513,-0.02373861765063242,0.03471543832688457,0.06207222682443597,-0.15450323274254182,-0.05033417117538676,0.10626154513760125,-0.008000439431953273,0.039774629968644594,0.04839279704974692,-0.020002869989502438,0.0671414174178611
HSPG2,0.08169419272371756,0.19449543301829889,0.13336352922421724,0.0030926019906721194,-0.0035196172342868396,-0.007921869934679885,0.04516420355703334,-0.05312981299181304,-0.3070494694620007,0.07656721622164742,-0.02560751759555531,-0.09307314806199002,-0.03196456030933449,0.03522102647717512,0.0695043553356281,-0.00928793614909853,0.08425660843162629,0.13002901385655638,0.15557609395235256,0.1909654357692552,0.19597550436649958,-0.05961746758403328,-0.014290837879276147,-0.13654845591220358,-0.09950212178560272,0.0801878899885764
FAM3C,0.07364239215215536,0.05252203583975167,0.03930486401485849,0.051223257398910635,0.12408887686012693,0.012176027676135057,0.010476774219359131,0.13091446488730715,-0.12615346654185502,0.04079024419879531,0.03519818865699241,0.0827596646416685,0.034950375214821826,0.026988291700983966,0.1325781383230729,0.09542592635782503,-0.027251476266165954,0.13731322531790166,-0.07516850338875308,-0.0839496005489321,0.19161622058524252,-0.016520430220132287,0.1345333442893956,0.16776486419611816,0.16397073266160622,0.08971124021883421
FLT3LG,-0.01825460959795882,0.07196789880964435,0.008587059100220978,0.011578700691563155,0.01817122841899088,-0.016577450836526227,0.03856265677853715,-0.020582102034535803,-0.21829432863075085,-0.030025385616737125,-0.003289339933464941,-0.02590302882772138,0.10734440267470233,0.0020766156883757028,0.14978141497309538,-0.06461543096808216,-0.050860104590411986,0.034183729846700865,0.05698906159328194,0.01991271747573402,0.0019937231428440476,-0.06681536542562672,-0.02803911188437941,0.07835683116216498,0.14281224010818053,
A2M,-0.09408516618173379,0.02817168907683044,0.14535190162806683,0.07196272232555581,0.020731929177958013,0.06815947817612145,0.03723656665850808,-0.03484192317120596,-0.3142020158708292,0.14318316731788894,0.02220761303396513,0.008813201225313863,0.05100500903117713,0.07654881386908179,0.15287299899183954,0.021384058428696465,0.07237917708469398,0.04824292429801433,-0.0606001559090854,-0.0917540570494294,0.2013611412978403,-0.04857891766523246,0.033644065965794064,0.009731534372080257,0.2056454821408699,-0.040184398099082495
VCL,-0.053954479585595065,0.0685220824834854,0.06641466569171098,0.10660461433463317,-0.01420282131862436,-0.014052117412598202,0.04901762372636502,-0.08210046427025998,-0.03415530172745214,-0.019175652073586572,-0.008893176211059286,-0.0656369248554885,0.019170584179649605,-0.03282160574397265,0.05726038809104003,-0.043714588676153965,0.041054972045411905,0.03172843366246931,0.04449939203133804,0.07359692495343295,0.08601271081690558,-0.05131778803798665,0.08485748121276611,-0.08975500377496876,0.10653367655541081,0.08079665897845648
FGF2,0.023111693447142014,0.1239019129088209,0.04531429696465916,0.010823178978248442,0.07172480077308775,0.003303996306366154,0.04421878244769587,-0.018712837292811993,-0.18436760308607378,0.030737112453003097,0.015052567677875326,0.07755941056173225,0.06756134696387726,0.04583816117927639,0.07186045609692157,-0.005715975388148006,-0.0206576603912959,0.12289091346340433,0.039979742932012216,0.10360488474954148,0.01374389814861355,0.0649571931548923,-0.05934986376960777,0.12800212389446458,0.044489894368302516,0.03185669809162784
AGRP,0.0022737083279874247,,,,,0.007158635702254852,-0.0009748200705461418,0.02317229617464348,,0.0023382649952709456,,-0.027103559015479804,-0.05669647747437057,,0.03825745299194679,0.04714303320823085,-0.0025000421175539814,0.08074229370022366,0.007689754716701096,0.022030554810546915,,0.022941025713548578,,,-0.002693491445132132,
CNTN3,,-0.02304619167880316,0.03677346338696125,-0.039235919795696045,,-0.02698820316525081,0.07619059966065958,0.08087781916797963,0.2101959127666631,-0.011543111265621426,-0.019716031626658293,0.049504643306940536,,0.13361173894000622,,,-0.02415675153524229,,-0.09609844819942007,-0.06959764665506676,0.04243172411260066,0.05820972919803699,-0.08819940796430553,,-0.07903333937574764,0.10244051805735807
RNASE2,0.08004054657997196,0.05991971979412106,0.033563843384423704,-0.005608332019979123,-0.002931945921603915,-0.033148163716070086,-0.013496411161408357,-0.06002375679963542,-0.25016470314314554,-0.06274687819198722,0.05034978015643623,0.012774506531011818,-0.007525359849716059,-0.007094699954388309,0.13867604061050257,0.0011224441700732363,0.021159216456901574,0.04012221436692366,-0.14964762260847178,-0.1783241873539429,0.060179789501323286,0.003387982259120452,-0.01790841405570563,0.09771487500188973,0.1395373899928152,0.009068879358762143
ADM2,,-0.12234549874379719,-0.044530253916422236,-0.002655527156323527,,-0.0875354680260923,,,,,,,0.11401552939202164,,,,0.014532063719777666,,,,,-0.05699516849424911,,0.01614594882887434,-0.08475915310579137,
GAL,,0.025967884134986,0.09370009473174197,0.0037255227988746975,0.030715362077220823,0.02433072188255286,0.11385559754561306,0.023951031800219017,0.1125592063008645,-0.010584162781642854,0.0005254116420432323,-0.000636998068459537,0.08931844727006312,0.02664189637866271,0.05308420789078649,0.02470224408560498,0.08994522128263835,0.04611497969236964,0.17400799257785549,0.10641506438715406,,0.0322102902110349,,-0.04066088935360551,-0.0021636491607426632,
IL36B,,,,,,,,,,,,,,,,,,,,,,,,,0.07244739396959649,
CXCL6,,-0.0012129562322045347,-0.01158062070960757,,,,0.003480074977784813,,,,-0.03187593973426135,0.12129433567688049,,,,,,,0.18277510214241893,0.19040150305841633,,0.04575460857129486,,-0.03661550767079729,0.13762223487689132,
PDGFC,0.11990823834938746,0.22814350153774848,0.03959157511075547,-0.0039455689820064085,-0.03420452317383921,-0.010954316293151266,0.01883410975787014,-0.0599097003148541,-0.20299437841081738,0.0208025639863316,0.00755106080603016,0.024316233521927542,-0.03900666453911889,-0.008309776611368438,0.02811313031519559,0.15103775858240495,0.04077718918874075,0.05376758088184387,0.09492656435821377,0.11639317857405,0.14202567374267072,0.07815076073005771,0.036355687726092434,0.1359843511916376,0.13649126712959084,0.07437828428871156
COL8A2,0.004494970110389683,0.10509188581669522,0.05726224589289333,0.024670432445856916,0.007119413333217153,0.03306587198528088,0.10645502172531704,-0.024291696463610814,-0.18789702703438999,-0.06488428890749204,-0.031506030925427364,0.10645356570711607,0.0564619313269685,-0.015669043264089622,0.1051247465098722,-0.018621295025849714,0.02268175792187724,0.06108448837787562,0.027313257122880425,-0.056366049084853695,-0.003115492751992134,0.0351496566430036,0.04038902745203554,0.12209976433272794,0.058038831068556916,-3.776762237738507e-05
SPON2,0.061809353872863,0.10030317974771945,0.14897968969893952,-0.012086927486603697,-0.004336528548547903,-0.021941285192035247,0.012892987597801338,0.05104672195412779,-0.1536611839153655,-0.008274633042185089,-0.03478993870897909,-0.027483052084398652,0.03411935033225726,0.0837000017938803,0.09101668978624959,0.001195229125144896,0.05834602942372618,0.024700243599609255,-0.06226427469556365,0.05197455217514062,0.11049522358458927,-0.04186511479057556,-0.044898128518494576,-0.09776401397391961,0.0047079887285750455,
LCN2,,-0.08869207338746898,,,,-0.07745726538686946,,,,,,,,,,,,,0.13365838806132813,0.16460178282488455,,,,,,
SEMA3D,-0.050931202799543294,,0.02720592692591538,-0.024860854414766074,-0.010680406761628207,-0.055167887887533205,-0.027354433042354912,0.05420072245089113,-0.02634454245128171,0.014695383660777982,-0.016475693014229506,0.024005657645936335,-0.06608602725524003,0.02736094703552592,-0.08479414135083405,,-0.11808395121189269,0.0008193921731794578,,,-0.06878907850077337,,0.023407585583115603,,-0.04820804916348509,-0.006516055956661817
BMP6,,,0.037726625646829104,-0.018914544119929246,,-0.08894058048689782,0.09807824436679,-0.0606286353799016,-0.05017249549950237,0.008292329173201031,0.009916272847970281,,,,,,,,-0.02511564105660978,0.035790573711892426,0.036186134267725885,0.006967137466488217,,-0.02278521181052993,-0.011302682967876948,
TIMP2,-0.09344917350385368,0.2652082766637593,0.1348383174268082,0.06243327707615696,-0.056530081967652177,0.0052182721803348,-0.08209045972339361,-0.15448005235991255,-0.3527623426710282,-0.05066153489261465,-0.03391583496271391,0.033699197966910906,0.0010236999678223978,0.08106453832087003,0.05865530634328059,0.0008077627758010245,-0.06644710003560911,0.1151272600445507,0.1347747842025573,0.1721268212380057,0.2335054189812752,0.05296498938725829,0.08144543050861167,-0.013674279678820385,0.05233041400703953,-0.030528352373825826
EFNA1,0.06938224376296609,0.009587701481384011,0.16472980452406388,-0.014053819195235639,-0.04875273020691017,-0.13119454135815,-0.011836916757771024,-0.12720519448222714,-0.18947326364310318,-0.03429452862370779,0.03373397744740774,-0.02851348742716936,0.04986348437814275,0.007334692442830163,0.13447906540051463,0.14250888220187538,-0.048483744686981266,-0.012101672859899661,0.03965987043476888,-0.022290296984743732,0.013202377242572727,0.057564533129903284,0.11757027690666601,0.053991517927683357,0.12582063800042037,0.012915493340376488
S100A12,,,0.009394264593956146,,,-0.05410342176200524,,,,,,,0.009865310291823743,,,,,,0.024907238619488948,,0.1223313453296767,,,0.03558144725917465,0.030156337109259197,-0.07497057296082853
TFPI,0.07086985282828273,0.13482161202073215,0.059073365829929794,0.07087002929068123,-0.01850356348145299,-0.0025507178720899784,0.022402777194195,-0.0686835997207829,-0.2325626047892709,0.05496078772018365,-0.02365326911847993,0.02730930053808876,0.08594214181813904,-0.08233005004393262,0.06384600258887446,-0.05340245044994108,0.041069200631818785,0.13067262525043835,0.06800420921984121,0.056352280084250576,0.13797931975169406,0.01125536889676014,-0.05106811943600893,-0.15739341020803202,-0.0674903244807793,0.026146006934838845
GPC3,0.023010375942803498,0.05746804582370074,0.01743681695892829,-0.05351913776869804,0.024147130501589533,0.00623586507117183,-0.02910137778985234,-0.1433408341206291,-0.031693770335701345,-0.04259467544096273,0.005895140157747695,0.029391786992040526,0.09128888577729861,,-0.0018246523776868043,,-0.09614212738083863,0.004631114111705976,-0.16150426463946277,-0.04768820503728205,0.13264006384154034,-0.07043038232333577,,0.0031455634184874726,0.08136779482217332,
NMU,0.03858506695369584,0.09335509984958885,0.0025004642887562303,,-0.017701662174309126,,-0.0028832776710726285,-0.04328900981333073,-0.07306051875693635,,-0.008107916149486775,-0.006642720102268443,0.050240564305096054,-0.02708679519549146,-0.06628997265775184,-0.04756801683251346,-0.02322454560856174,-0.037497128030672414,-0.06111131194354076,-0.06553775166750617,,-0.005727530347644394,,0.08470756596932573,0.12042094421072143,
SCGB3A2,,,0.0452910255727352,,,,,,,,,,,0.0410399654835681,0.024266378424576913,,,,0.002524036785082479,-0.027437924582311025,,-0.017501879656981592,,0.03418389093788255,-0.029416646616493344,
LAMB3,0.08204965866225837,0.0771520297650216,0.03239225454541069,0.00524892799067928,0.040771729780518226,-0.017685684635886635,0.14041430023179893,0.08087186687860383,0.3944316963087229,-0.06949029019837417,-0.015534788060905002,0.008917616166276515,0.03990628888403415,0.024912004269587975,0.013162480162804042,0.05769033246828441,0.03505648671948047,-0.0548887696765516,0.04973920299547101,0.06432156254246993,0.06560511747441795,0.013247866881104534,0.02185880528337289,0.043590115370050725,0.04287940876493375,-0.04112427587923071
LGALS9,-0.048990725432955406,-0.04821357033530688,0.07561439427083737,0.016324551572427508,0.029543614479811704,-0.00565725201817215,-0.007042278098067494,-0.030626314282217543,-0.3141073393462836,-0.04837435501329736,0.01191490665903769,-0.005276814313321138,0.047870977471284895,0.002945173509390187,0.02640355989735585,-0.07816233060865535,0.09450865816944512,-0.005509850008000401,0.01229373580040818,-0.08806434369430943,-0.027820683125474546,-0.014273320625189921,0.08077725384788129,0.028379914244950486,0.09190095556881324,0.024913101364438344
VIM,0.12910024506723689,-0.21898303650284226,-0.0605486260723164,0.09531870920459597,0.03758645320737735,-0.11837705282784884,0.08541629700007629,-0.1330836793143989,-0.37976513238359355,0.13058313203545474,0.006496514345916663,-0.020120435073477074,-0.053362897075975926,-0.18720110981689786,0.06586160220414856,0.07174722187888465,-0.08079669687745339,0.0859897903921644,0.20215179568219516,0.18644351108021245,0.284867983806242,-0.03431835101714602,0.15103339413543101,0.0840607198926407,0.2694536949252689,0.13251472911762066
PLAU,0.05185176521456819,0.06960721032683695,0.11317515586611777,0.05225103690988376,-0.008771634979866156,-0.0013510230658789137,0.0711089048450597,-0.052544095287499336,-0.28265238589275743,0.0891403471291731,-0.029533005240994784,-0.042699658699200636,0.07711920908573289,-0.003084297462637889,0.09040306362659986,0.2298852168575229,-0.04206509115118708,0.055393613710261684,-0.09085496054078719,-0.10498598396883266,0.20050289880929292,-0.05017167172456165,0.1459319677064295,0.035337536804937536,0.13182801181949458,0.06851750816040285
TGFB3,0.00997416697689061,0.10783105244460539,0.09156985835766354,0.02177832548815061,-0.09701507636217907,0.03461367947818786,0.03534477064567556,-0.07792351835334314,-0.1367849038957582,0.032532687701855016,0.04685372107800636,0.004870872766021523,0.053638747102247544,-0.008807541566330852,0.08702398629448595,0.14094684557338524,0.034788327005497555,0.01407358156772629,0.00448224841345139,0.08320150318661354,-0.04662289521325689,0.00906304613205068,0.12994733405220138,-0.13777788049210496,0.07513800598822458,0.11637978970777281
APLN,-0.006374067123458082,-0.12503300567310016,0.06698926337383519,0.04158985781774507,0.014274109473252387,-0.05864965955109167,0.003990163171094442,-0.09869197809110267,-0.3032108053514936,-0.008375339246804829,-0.05955888545987751,0.02903372925583211,-0.05352431871485385,-0.15741654009209835,0.07375063950501357,-0.019097008053336778,-0.19546538971336433,-0.015368801956479454,0.10387819216049368,0.13544125183274652,0.15789157137093032,0.08451208100239771,0.020906745938763748,-0.18415375737500664,-0.0837531896846937,-0.03654035973285071
SHANK2,0.03200686776848008,-0.01872248285704567,-0.0023380348922096357,0.0007724319327583033,-0.056919989480067046,-0.007124512057367632,0.05298766360988978,0.09554030115245694,0.1933408578408899,-0.03497783964072167,-0.004338686984036473,0.06315603452409285,,0.06738789703813988,,0.030995584471716,,,-0.10539203687330255,-0.07898571422919778,-0.038305990217548526,0.020389402968836425,-0.054645773835737516,0.014140394885130947,-0.11721326589630914,0.046498097590349036
LTF,,0.03522075748911638,0.07014487782797117,,-0.007119199067876085,0.02644082832227357,-0.003639948939982964,-0.04876838579545881,-0.3043390019306398,-0.06044045563236311,0.03894523619155627,0.003031054942667939,,-0.015918411232315858,0.016411047109728027,0.12759500001059845,0.09161092160711216,-0.01572009130984776,-0.03830570323321196,0.02242220215727863,0.13300524461288224,0.03634890354807565,-0.0028803232770686494,0.16603113425839447,0.0858652922390863,-0.04331319972923651
PYY,,,,,,,,,,-0.03375045252973036,,,-0.050443847602568835,0.032995401095850786,,,,,0.11099233097513864,-0.018601965391773487,,,,0.026172357600147005,0.02370530226427634,
PENK,0.01600652672060059,-0.0030812144681118194,-0.0028586616608184145,-0.03341910814337576,,-0.006979862776516186,0.11681941382484286,0.13105330706019663,0.2289291444235625,0.009078058074925316,-0.031336265293599015,0.029431285935915947,,0.04014832551590564,0.013171640923148034,,,,,,0.12973020059123197,0.018648040645478592,0.011225050197913549,-0.06536983469906574,-0.14461828587849052,0.0031444978462909826
CTF1,0.037847953601696245,0.10164683767009833,0.018513845209278425,-0.005969339162229187,0.043974317898829815,-0.0693818396548704,-0.015050508573094793,-0.024975648502492342,-0.06888882596931926,-0.012941032430078063,0.03611708768582303,-0.036959046116268095,-0.02464207850714634,0.06269074353133013,0.10516620901087187,0.12464179111612925,-0.09642072950468948,0.0925283276228786,0.030431952170474563,-0.011336808165293472,0.04584076383587796,-0.019236609025023714,0.07628622439818446,0.1626749902951391,0.13207738286242252,0.07462895535495383
COL3A1,-0.05315919315209796,0.16177657538440507,0.10678866691044284,-0.022891878417736083,-0.02815993552834685,-0.015365100421933078,0.07188566065754787,-0.07533368178347037,-0.3394874844005379,0.09198061535987247,0.00028329188255898707,-0.09051216551410125,-0.055002097132008564,0.04176414413432081,0.03951729587336872,0.028175778849386057,0.05502331309866044,0.07622406699668637,0.024052529067748973,0.14734781410206124,0.1739475693703138,-0.14215741231555834,-0.0915319202084694,-0.2184942106028406,0.023836216799120496,0.09033032306419614
S100A10,-0.002807195267408832,-0.2734526480659314,-0.018399529024894182,-0.010322786763394383,0.05592776553337975,-0.016136068536459058,-0.01096345376778865,-0.16430325796110384,-0.3566763703399998,0.04970332410680591,0.02244698092427128,0.018364043760288946,-0.06013275952017019,-0.20312381964203954,0.006628057376835145,0.053858575429473386,-0.17283491226723396,0.09284119886105859,0.1414023132561158,0.04498604246074023,-0.060976883521803374,-0.0673736050107109,0.12696704148814045,0.041897636582056995,0.24530012923988598,-0.005417057964105709
FGF13,-0.00529681780385956,0.03051346539333355,0.005587949946240583,0.0596508173192842,0.030698337531597175,-0.02028812455519041,0.07408844057065825,0.14729094319596817,0.29972978994759114,-0.04237062017732856,0.04966698320789073,0.04189692389035864,0.022799832889078147,0.10287423299501644,0.01978554563316399,,,,-0.11965869125838331,-0.043438292651955875,0.054545714008776496,-0.003536463840815588,-0.010202270211218913,-0.06511252711050032,-0.17043364990719487,0.0893494307823909
SEMA4A,0.008044337934540496,0.05912953223670978,0.0418086050313778,-0.0035305856600317542,0.010938209098165383,-0.005434949676550029,0.10133043375559266,0.16040816950488337,0.18354482182237988,-0.01890389656939058,0.06123500979010822,0.08293741884118476,0.032566866308084884,0.06721914748012296,0.0285729374840238,0.10230749557291496,-0.02526362401781547,0.022674840844491204,-0.025268606000448588,-0.0358818350449596,-0.06111897275688259,0.005546157943017753,-0.08126005295302126,0.034515818558439146,-0.0884799829092604,-0.028006599959155373
EFNA4,-0.011998888821585486,0.08415517733118873,0.04101417931869905,-0.011884073575276367,0.025902633415163433,-0.00781738660846529,-0.010154703827466383,-0.04438336411346735,-0.12024423702299374,-0.04713320082614609,-0.026168796413290504,0.028855733131674197,0.03987564476887721,0.027428674003043725,0.04538506241988233,0.07001234421286082,-0.0028506271849083214,-0.00736626075113146,-0.021868276324136782,0.0767553841052604,0.17732754907017675,-0.01695177986092301,-0.0009412108377178066,0.06226225896460739,0.06119848211312941,-0.02948770845037057
HSPA8,0.09321475851787171,0.09242922043833203,0.05543572030024805,0.006858639278426671,0.04759497044263685,-0.032316021808901314,0.06176618787684773,0.12146254121400148,0.12269120327384071,-0.22012249556612928,0.01291191254704028,-0.1053106613245884,0.1877900046185533,0.0867859721374542,0.07059708525062713,0.096428638946059,0.0655010847286283,0.10247765018620593,-0.03802775798868566,-0.04132335620373675,-0.05299587223136319,-0.039263987343273514,-0.02226521348704454,0.004527672596941608,-0.08201607337627627,-0.03959092215001859
NPB,-0.0571608882567989,-0.02648348481924844,0.0011305742473288324,-0.0019102597524500889,0.02620183087922338,-0.03445651963352399,,-0.038350875304269276,,0.03601043820621415,0.0003567653383251949,-0.004427063416602766,,0.04849934539119919,0.009456627204367952,0.08433071047161103,-0.07064060999486736,0.009669390207468147,0.08684346128523808,-0.02485263104973959,-0.0016981790672626357,-0.07945558484520186,0.02945348917213892,0.17565462837162513,0.05737734403616071,0.067419806646319
ULBP1,,-0.07168498354228203,0.007360883115004204,-0.01999878595724754,,-0.019037098849586664,0.007692705756274472,0.010992131242863126,0.040305020720249246,0.05854609124226264,,,0.06331691902241224,0.04915988721980562,,0.17501295121658617,-0.026056016303770347,,0.010279981520784248,-0.00714450740816983,,-0.04130173949233813,,0.020192111472783783,0.028030904627455253,
SEMA3E,0.002074338321522729,0.23325989399025054,0.0590759024330537,-0.03887572198895469,-0.010482122579549114,0.05094325994436789,-0.0018772181650081638,-0.12819684697551312,-0.03450782553505141,0.06173961391504881,0.045383816323870695,0.05820257920073993,0.04406226600674989,0.03160009632377961,0.006756214897439704,0.1255033068978705,0.0073854917666521976,-0.022577581527328798,-0.0450239409974796,-0.0927948268354039,0.08750041575187338,0.030973090301824175,-0.03385894105366727,0.1370296097346753,0.13320103729146168,0.03486134336604303
FGF3,,,,,,,,,,,,,,,,,,,-0.049749625394651754,-0.09276308059507807,,-0.02728712861807102,,,,
ADAM9,-0.05859611406272091,0.07716535448104447,0.06374950055993789,0.08276401509305463,-0.010889831891568419,0.022877005068006922,0.05040068817849529,-0.03515659042670696,-0.3252515390924038,0.17801482546345443,0.009322182778175273,0.03534228953440191,0.13368367909843573,-0.05610421285916895,0.14070689365192093,0.2293443855823972,-0.012605931716379104,0.1481897634535086,0.04266947253960757,0.08176839800662376,0.17074628807874226,-0.02076357476662437,0.07950297476027135,0.19615455877804763,0.215634205585922,0.010977390307789579
ASIP,0.0437687566759823,-0.015791479866405327,,,-0.08240537678736645,0.02604908610312959,0.050945633055214934,,,-0.015504922159339893,-0.034215071304661386,0.019691299129711633,0.03738356247854388,0.016878043018534978,0.020555076482293218,-0.03043679370783353,0.017833834317402864,0.08161868376226228,-0.047431955765813015,-0.033483260356297895,0.10642766220592845,0.054253059100297145,-0.05007974640644677,0.08735696756324203,0.1878902174611791,
IBSP,,-0.02939481243333196,0.10373433826067652,,0.006750094818004747,-0.005939969565462852,-0.037482536633919074,-0.0017151509426672443,-0.1676176509671512,,,-0.0868180207911312,0.03747640827248376,-0.006192372896552102,0.08712462716972379,0.030105748564583812,-0.07084921031061488,0.006622453898758985,-0.12157226925384713,-0.13463468590801234,0.09024249867913292,-0.028046605259549676,,-0.09999043109191481,0.05852429110105715,
MMP12,,,-0.007683540106236056,,,,,,,,,,-0.017685529464672042,,,,,,,,,-0.012021730715283086,,,,
FAT4,0.004180714882360641,0.02684702108082822,-0.017808917699542258,0.031464292463216165,0.005594239701559834,-0.0026027057571715926,0.04916346383704285,0.012732915141571394,-0.06320008616077596,0.0015422161564628272,0.027542016253406926,0.05812309032433509,0.08145258726421646,0.02152635548861771,-0.03473883277109395,-0.04162169958251074,-0.012239505727659701,0.03420146814140688,-0.07097299716736037,-0.07573488575897765,0.068871298541814,-0.06997219478930947,0.02750141153329319,-0.026604417088105733,0.05414295614386402,0.031018695888064874
MDK,0.11634533997928875,0.29223759276217753,0.13998776958011314,-0.029019760254176376,-0.02082368659030356,-0.03437686468818924,0.07026972669984491,-0.17880244666377698,-0.3642669893944499,-0.0004059391002115882,-0.004459845476270963,-0.07302060054140394,0.0068757141787004,-0.08503075341676707,-0.06568446336170841,0.12515302845606585,-0.07896785603053648,0.07707598249419985,0.007948305638138762,-0.08082162975606262,0.19648687796632774,-0.06912970477884756,0.12642347410225455,0.12746466014512103,0.2788372058873619,0.17330895997772372
BMP5,,,,,,-0.037775828272676865,,,,,,,,,0.028633950630677828,,,,-0.003802428189723437,-0.05275886462341744,,-0.019865514500518693,,-0.0018751066089899304,0.07503472415312216,
CAMP,,,,0.039693091475859026,,-0.03378535619874975,0.05498195263471341,,,,,,,,,,,,-0.01756979786254684,-0.034112765643764455,,-0.016848993478018492,,0.00775610382068222,0.07556219132702545,
HSPA1A,-0.004781161662415118,-0.2824140580919743,-0.0259889740697547,0.05479614778098833,-0.004491069079545189,-0.01105172722449606,-0.03963704653608019,0.01927795597047704,-0.22298813802423614,-0.04733399366620084,-0.01830382448219634,0.05473336516154442,-0.1454704837208118,0.1115428784090972,0.12857820798033437,0.0625569464002416,-0.04650379193443515,-0.036324541026712655,0.1993302454082762,0.18963451872523981,-0.018575805348248275,0.054606672299443174,-0.022011447983346498,0.03984720905597247,0.09892726806634354,-0.09034986646646304
SOST,,0.029986687811670906,-0.03640021356501079,,,,,,,,,,,-0.0524090799213616,,,-0.12285073251695912,,,,,,,,,
SEMA3F,-0.013897982461598513,0.051352387389095956,0.09672523331390555,0.04067933211661377,-0.03567579546009762,-0.024863362542608944,0.04600335508776034,-0.03191167891541765,-0.18143277427329166,0.044827409021617116,-0.006087289978054893,-0.028100087177232336,0.013888509168265622,-0.0030447227148534517,0.04669953904039933,0.006694282131872274,-0.04622973392806712,0.01836006659167209,-0.08232345454458248,-0.0034725564909229498,0.09086209356146233,-0.09392564867545833,,-0.11962875831986826,-0.05483516863061857,
ARF6,0.03765826694368259,-0.0019520660527421838,0.07467681171186602,0.009409795124440852,0.01887074776748796,-0.0513671976123718,-0.00513892660166519,-0.03250003320214413,-0.09189664700603939,0.07998998626689706,0.01695418486995344,-0.07608698280424725,0.08108538560343509,0.035858527910375186,0.06458428695169079,0.039439292919384,0.07768379810614386,0.04740743529649171,0.028377620280027584,0.09717145006973699,0.013154970868210651,0.03678521859258186,0.13409569190473386,-0.05166652215882834,0.1521809593376653,-0.03860596266691888
IL6,-0.035681201315448295,0.03169114120120847,0.06690260686791333,0.013531443620932233,0.05899122474144324,-0.035055444164838946,0.08140984417868613,0.021542947530374012,-0.169227210510542,-0.03368986125050241,,0.006002457136924341,0.131784361647324,-0.011619655243721992,-0.009774720999125129,0.02348089097165528,-0.017048220998194002,,0.10999180510915933,0.05878552499674759,,-0.07656343858857546,-0.06386747748389568,0.12078599837528624,0.23408172057588253,
CALM1,-0.005122042071485206,0.30195261122182177,-0.10674783415952857,0.06970120990021259,-0.04259523615825243,0.12098908844569457,0.11342887204271697,0.1743395093172592,0.35841857551261935,0.20917777964473896,0.01880369827095614,0.05000301756519803,0.05800725862986383,0.1754075239736546,-0.021082273147424155,-0.0032845769657109036,0.060231088119514525,0.07176768928214244,-0.2638041566019467,-0.17053621439337474,-0.08827212485440254,-0.04946210791047105,-0.0983137433794768,-0.011504319835005876,-0.33438932432228086,0.09704015744021648
VIP,,0.042372879416034875,0.027182255839342105,0.02001221166980222,,0.013301710015466121,0.1298621526480778,0.10042925444437326,0.12888609001081713,0.0032001225466522266,-0.03548844883434204,0.008888990881608117,,0.11090133505801435,0.029360367380703904,,,,,,,,-0.050922774373469565,-0.07847618903180426,-0.018643778284482822,0.0675989647003365
NMB,-0.04443277347161348,0.2646991359194588,-0.05014564141144535,0.030119336952592963,0.019372124492490195,0.014925568280865957,0.07698672379770422,-0.07802221907421185,-0.3143306714405342,0.015857865277396063,-0.05286251933414436,0.01301363622736219,-0.02426340313515013,-0.09156316397540605,-0.005021845829564962,0.16027160623546102,0.07172884739260338,0.1853889524501513,-0.02813611999728984,0.09464632668698592,-0.028478778745595134,0.05820347419414857,0.04077031821350466,0.12007156179182525,0.21682730885581183,0.05024388545735187
CCL26,0.007953677184112544,-0.0618420821276586,0.027155912488168194,-0.0023076014693706563,-0.002713414204850166,-0.03378556607729454,0.029034744731765302,-0.06299587475202056,-0.053923683799231695,0.0020522157764475695,,,-0.021118150013960828,-0.033401013556770956,0.05116457989167656,0.11263139692990005,0.041438515245646415,-0.005766996237853023,0.18965477365079877,0.09799732346525833,-0.005577383760600736,-0.095722027625406,,-0.06099195316184699,0.13453685745441693,
FBLN1,-0.009851870452046255,0.17080263264967055,0.11788849395023938,0.07248065606738263,-0.002157589121965434,-0.0007274308041654966,0.055777654938282295,0.010201306229775666,-0.08439963889801724,0.022224859269879174,0.056564116494898,0.054311363985484695,0.010695292439745383,0.09319733474734669,0.08706837894422736,-0.014115109355387907,-0.0777875495459947,0.11450763397204507,0.057009608870707294,0.08434430775037315,0.05329445371733564,-0.02596402265599698,-0.08439149942486322,-0.013844118330474454,0.0670188832089602,0.023898545680549815
SAA1,0.015103230937079931,-0.07260773078325482,0.07925132746369695,,0.1022699296466779,-0.0022294630923139903,0.03677779440390699,,-0.2211889748116707,-0.07600199806107331,0.003768184565543603,-0.06586251455474731,0.08465527158541043,,-0.029993010028101747,0.10438562998673094,0.14954672890232282,0.05921822118433146,0.13740110733336874,-0.011623313447846142,0.14121217448178133,0.029782518918868253,,0.044020870137865944,0.06496603031766947,
MICB,0.05388143767891175,0.025310621310745834,-0.02118837910397613,0.0037432561952572426,-0.04822823805150311,0.016507841887393238,0.02979131056324658,0.009828094372635142,-0.11216506534684599,-0.004900200629771094,0.015550965480080241,0.017800707034296225,0.06537488347839766,-0.0014703484565801736,0.08782846524076929,-0.06513592317383493,-0.09665467334851309,0.04057963436717573,0.008432861262666099,-0.0834814248963778,0.028399983721482853,0.011441970818934449,,-0.012639174532680547,0.08835608829172475,0.019980944799784548
MMP13,,,0.03699886095885361,,,,,-0.0038517420202238088,,,,,-0.02846644008825859,0.037207960302830766,-0.014678660909110321,,-0.00534515983475909,0.05790118163432924,,,,,,-0.045997540167922187,,
F13A1,-0.00554826508739309,-0.06796094068027878,0.03223991731440788,-0.02346556841378816,0.019133695658333293,-0.03943328244280739,0.08802456668070084,-0.1151567095585537,-0.11407665938005981,0.011345288031977777,-0.02841910786180805,-0.12942029903673152,0.10093481103877054,0.03234985152096429,0.07549768787631979,-0.07237992448060629,,-0.03731903651815318,0.12187588235495868,-0.06089394255928851,0.06250625257519184,-0.06439941871843995,,0.06750675803184648,0.08705467716120842,-0.02045277934319723
CXCL11,0.01678775259579462,0.10412291257733067,0.05238553209204085,-0.03335117410459732,,0.015448297175888108,0.03858786085327535,0.04383346631760747,-0.23546524357091683,-0.10725362598028171,-0.013825745387360467,-0.01706166724368576,,-0.036853916542080735,,-0.0027196157253255456,0.07941247547592173,,,,,,,-0.061109943896454334,-0.002914538932807742,
COL5A2,0.02540109444519459,0.28281748425212466,0.1346730622667932,0.0004790092642165822,0.006433941847402738,0.0404018795495334,0.11206414763030959,-0.16452611035164327,-0.28361360009365116,0.1553632383528014,-0.0007109859386676595,-0.04535674154737223,-0.10169416927909795,-0.0491856306599586,0.023741304486629852,0.060192138726175265,0.02325810452166568,0.1328751475414086,0.007510178677858125,0.10292549037799338,0.1872661276726232,-0.112580564964324,0.004411946190607904,-0.11366515354811614,0.02364149841237132,0.08895239078472196
EFNA5,0.03268440403088797,0.06809152090925961,0.038548827263475645,0.027656563181046086,-0.05355426014537529,0.02693623785478503,0.10967674836748613,0.07376566272074675,0.17283266951891993,0.03169665561069352,0.04545214757461412,0.031635336128624444,0.07695730178880181,0.08549993229029508,-0.0035147925689970874,0.03197214995254568,0.06699674150935885,0.002454112860304368,0.13208813070032704,0.061368576277673094,0.1148404620552876,-0.008174464934700755,-0.029075322521006083,0.14522777177795554,-0.019201727345224986,0.09194096545600984
AREG,,-0.045317138639528624,-0.013731906323749779,0.02540855176336003,0.04985955048969331,0.03212437470232304,0.052647706074831185,,0.08811732547195461,-0.052856310178158575,,-0.03300220418218655,0.08636702419984871,,,,,,-0.015535069151135323,-0.026946185107485813,0.061240760361843574,-0.05964088465524509,0.04568704572459806,-0.02881917637997839,0.12215644233412108,
EDIL3,-0.05073619175689103,0.034625050761532675,0.04872676667135121,0.053390387492998986,0.010956836349615149,-0.06421922835832417,0.0973138161124068,0.12745091998006672,0.24579959849795285,-0.07593943647347097,-0.01943514774430913,0.08988806754746992,0.03679200427234448,0.15490002369308695,0.0683680007759013,0.030204367348479543,0.047830534161366116,-0.07227161048198934,-0.06145021992855404,-0.019335436775577093,-0.23310074668633235,-0.0018922198263078148,0.11575419234851625,-0.0236932678008384,-0.1628185848810901,-0.018556884970463032
CD86,0.026624003004800112,-0.1844542120872004,0.0707285371525293,0.09050233477010272,0.03029509302838595,0.023796710252383776,-0.009618747168517674,-0.019819393303331684,-0.177214490667388,-0.0050246289066311406,0.02080914846876907,0.01834546550769943,0.06400011449243503,-0.037256287642725046,0.037885333153362614,-0.09805647672257836,-0.05903522790424485,0.010811485707161748,-0.06952505467308598,-0.04258048113094187,0.0195876743524444,-0.013178542150290691,0.019479361146501277,0.0983572150665044,0.06707536103701314,0.1825851677581677
AHSG,,,,,,,0.03817240932458739,,,,,,,,-0.015348023519392563,-0.029558322999453667,,,,-0.029698287366052716,,,,,,
WNT9B,,-0.014575088427357741,,,,-0.054125285309791944,,,,-0.040159820750520034,0.022008701911482874,,,,,,,,,,,,,,,
HRAS,0.07287062868625811,-0.07026522436602191,0.03606240771967255,0.013067169657035417,0.04328522677924644,-0.005943802127470544,0.028657612802541862,0.026410643766964188,0.12194823257051787,0.059868521530706736,0.01716579093083135,0.0031268098582626124,0.01899334368681769,0.04460409255074541,0.058410589698577375,0.044603915521987905,-0.03568167599532398,0.06181200223714866,0.05384538248882244,0.0903964485496549,0.08314388770252862,-0.022444632225681816,-0.061026452040144584,0.10827949102361929,0.07248051626387006,0.10281645194032485
C1QTNF5,0.056455441295115386,,,,,,,,,,,,,,,0.038459766832546656,0.060686823151567794,-0.014320801322278576,-0.029063865808159346,-0.016497457918563455,0.1889002052249623,0.011249705937063809,0.06445774500665086,-0.015959660036989034,0.05167213823789546,
RLN1,0.07924285224152577,,0.04075505943438175,,,,,,-0.0555685179744791,,0.00310421153331252,,,,,0.03456732369884602,,,0.007484424651368188,0.04920594895111381,0.0778535491752959,,,0.020640829794902622,,
COL4A1,0.057781375073546935,0.14001022912599695,0.1315857397333132,-0.0027256342895314485,0.018173724900997834,-0.0012646136827826413,-0.00807713173480605,-0.13438323925400955,-0.3296548809315659,0.15832351870025702,-0.010842528769074466,-0.06338316418331869,0.03214941107417303,0.03119855268431089,0.04383681641527596,0.023602457515221536,0.044422813478392324,0.09770568404314675,-0.020764790712694024,0.05730239751469089,0.2024314778491636,-0.06744798927036906,0.07317875222763097,-0.22762993346676944,-0.15293378178958014,0.04948060381369679
CCL3,0.035660640220507224,0.16065830347999663,0.07341624000877844,0.06408416791660548,0.005385153783541383,0.01406959179416236,-0.05637716309197332,-0.05251234929866492,-0.1398631491375184,0.004934096020980451,-0.036828955362468385,-0.05260946317261958,0.09397026976648176,-0.05836432329080667,-0.05819679544639169,0.026825013347034042,0.0850812926474386,0.06206952780570986,0.0989987293947632,0.06704195425796008,-0.0077593105626357906,-0.04054980837890804,-0.02078424469598497,0.10132750343700282,-0.05447171464338799,-0.034462434188248396
BGN,-0.018084450972072594,0.17189192901488903,0.1284681591284738,-0.026046191385764778,-0.01992913336112526,0.010798939201119023,-0.054245243176789026,-0.07302108042744238,-0.18937194640409097,-0.02359722490354147,0.00481420353370033,0.016968500109291403,-0.09699955888140796,0.02045411694456445,0.12102454758088455,-0.05220865233894197,0.011868539834723395,0.027218051471894145,0.10380033569639585,0.14871991514711463,0.18100707203366512,-0.029833274339478254,0.15908260543395517,-0.20297736539102995,-0.14910855005093582,0.049662646821458885
RETN,,,-0.053960063796029904,0.024851376483096273,0.06637957817257469,0.006513563771648934,0.030892263908233207,,,,-0.01466067023673146,0.07611705205001186,0.017663427562728165,,0.07466351714244515,0.06474395912368446,0.0014014110174125928,,0.015372603379878478,-0.011646934332220598,,-0.0031392040445143202,,-0.01785760938656667,0.008134829427655995,
S100A9,0.009766900546835764,-0.11588237437837628,0.013133002073562008,-0.028192785301820136,0.08400911480747761,-0.06382748823032589,-0.06038427333392797,-0.00968244623988065,-0.33442417830283927,0.013627346295340266,-0.002064173884225561,-0.04249721079059354,0.07963817126235519,-0.06219687018613745,0.0900720443853721,-0.08264960981885365,0.015281777532637902,0.016314259797816016,-0.0009682881218245316,-0.06791197473972956,0.10842598147248335,-0.04090669968570576,-0.08713784222346023,0.019657166451701017,0.10752297551287762,0.06143519787967783
HCRT,0.06268316445444654,0.06104940725049562,,0.03500194022519499,0.05601199056548084,0.0019057907836372465,0.017206501771355093,0.03774129935057553,-0.07206980004546348,0.0304905308597743,-0.02946667284555189,-0.005481916362432692,,0.030359412457319965,0.04792123864766289,0.04842019774421705,0.0651714161144022,-0.018583523738441497,-0.004043397603218206,-0.017913610875696387,0.06921372245667533,-0.04340168973609252,-0.02488357832204359,0.07032010435501072,0.04011865119495583,-0.03287103314769869
FADD,0.008385772220357935,0.10570089553763491,0.021276578365847485,0.0028069604897112033,0.043161598479741534,0.008490237581491918,0.016968961429360562,-0.09209544730877472,-0.2515370800279243,0.0541698638348219,-0.03593110356738511,0.01819665887645162,-0.014044278075640817,0.0367782722099767,0.03794852279890096,0.04940325492677285,-0.0017169976324324543,0.06704472199643237,-0.040241881009092734,-0.01527901938533853,-0.019365681213117086,-0.0831864650286768,0.017865540114192183,0.09767913076862592,0.10293139386657188,0.022695971626736415
ACTR2,-0.11717932948474953,0.05971220481086358,0.0284422095629018,0.045496758427112656,-0.013716611874286733,0.02976920223859062,0.013206067227662476,0.0007270931960503131,-0.030393668577504872,-0.0014638801119722543,-0.020953994493193396,-0.0972815537363492,0.136098829190236,0.07911680893833097,0.10397339014120799,-0.01978473611454183,0.057931318307703955,-0.012166311676317454,0.0647302119005669,-0.0011979404970928682,0.1221670594532901,-0.02482191612451472,-0.025310624317284834,-0.15792482796948532,-0.06469557501655768,-0.011615897378225154
BMP2,0.04893163541838508,-0.07000897692305025,-0.009283218465483993,-0.01840929759633781,0.1015590920635019,-0.039206461207576974,0.04478860142338874,-0.15243000572882692,-0.10785144012724178,-0.04953534209648093,-0.01128127632397264,0.00650748563854402,0.09344306798131732,0.035385438500692465,0.08499411935353303,0.03385487116581701,0.021760168498860605,0.02397982295573763,0.019769019313198487,0.0003441522064301052,0.07813977017013708,-0.009708701367840411,0.08675353292936752,0.00029939256117825154,0.21379627525131348,0.07965544604090735
PDYN,,-0.008229636311459763,0.05722474915938066,0.014868380370974408,0.018039463568062165,-0.020919432803329564,0.13423665928740003,0.17380655043128052,0.3519394976979837,0.01342156085258112,-0.049078891580138,0.046519315376580106,,0.09147265086499258,,,,,-0.03774279604170773,-0.047351854104747876,,-0.034637321846116925,0.004319181069332781,,-0.055768238066125644,0.008709054086220604
CD55,-0.03084577952121324,-0.06276727536041166,0.0030657571777130328,0.016447917700293545,0.004237949948690169,-0.021293267014187572,0.02514170973995049,0.07746341399894266,-0.09579507936991545,-0.0293703736388768,-0.005199707918030788,0.04128549413682924,0.06769817457680254,0.05379947872736226,0.07593142187464746,-0.014254477202188384,-0.021197266164819106,0.048407781841119206,0.054046371652858444,0.026271128427508984,0.013837528048918196,0.013628064994256218,0.06688116021805675,-0.0783075011520706,-0.10809076736506545,0.055931320724091176
OSTN,,,,,0.07948501490027793,-0.027077472067039313,-0.051234260414493714,,0.0708222938859023,-0.004873825352468501,-0.006684897052158647,,,,,,,,,,-0.02222685408425846,,,,0.0013885364794079438,
PDX1,,,,,,,,-0.007031368905029708,,0.04186728413424046,,,,,,,,,-0.04602682512022231,-0.05521983072665289,,0.014950763469398233,,,,
CD6,-0.014329082064280654,,0.004339542805693357,-0.012967851644679052,,0.08164337867395836,0.05363501932442862,0.016183517512687838,-0.020299758459020236,-0.04136972499159334,-0.011420607536670723,0.08470865613304908,-0.02909968323983748,0.04612840719346785,-0.017348639482023497,0.03666180027370647,-0.005427755589225039,0.01576196991448782,0.08894179364807235,,0.09796285795208187,0.07884918252817548,,-0.04734335605703599,-0.0769091972397267,
IL16,0.01937228352583158,-0.03065759177207233,0.013616488429942272,-0.006325480601658332,-0.0013802407058364887,0.04522788231907171,0.059477233839855086,-0.02781180297463654,-0.09073491073779574,0.054152173851484124,-0.006661207491244951,0.014268723909748112,0.03532402998141538,-0.0422992983921952,0.08208578896557026,0.11301627424011532,0.030831990752449186,-0.032406662841772814,-0.02081954285740635,-0.05891942129582409,-0.004570957331897878,-0.019469319152095082,,0.025997201060308263,0.0357112814414567,0.046572891679675606
LAMA5,0.07218129046879546,0.09716552140939454,0.09446899096632909,0.060368352208542066,-0.012501397487666203,0.07284134070975604,0.020768179911928256,-0.05510584194081162,-0.23682502763798233,0.1358372173808151,0.004271869830824778,0.02757365835934124,0.05589392858784904,-0.0900503947840817,0.1150741519455677,0.14781736098732323,-0.0479483913868575,-0.00962411405933618,0.1931230892476344,0.10198459712576304,0.22791973024025983,-0.01177964099853474,0.13646031328401026,0.03645521782371847,0.18842775006808477,-0.010282923467958708
RGMB,0.04038794923197565,0.07523750974251056,0.06388122984543412,0.015859772860026277,0.044438521654594366,-0.0015797322758886562,0.11650193772204447,-0.05472968731884999,-0.11744783089583978,-0.04646232180263116,0.04473112462563755,-0.003488258288349923,0.12327690020888281,0.08253475871646215,0.028425505104787176,0.10144581672153175,-0.01280231769078246,0.11489254535751602,-0.012398554010681389,0.02457570803339139,0.08536315006157102,0.02267988082061818,0.05625400081372855,0.08571930806703627,0.037637629057889525,0.05954550201964341
INSL5,0.046395177719459064,,,,,0.0016473113412458177,0.04806170625439616,,-0.0761814111235992,-0.03941180455532069,0.02565763348738732,,,,0.039079507600111536,,-0.05337486843958679,0.01965813615350465,,,,,,0.08181504350990695,,
IL12A,0.010386948622721957,0.15506716057415804,0.06363504819771222,0.009538722728560012,,-0.035387880952959666,-0.03207402555375451,0.04190628637633567,-0.18625322744787565,0.06403438881755066,-0.000990991863615806,0.0648043211544493,,-0.015551659261635294,-0.04507317074211394,0.007773948281120145,-0.04222389197188219,,0.009387344566559559,-0.047121046136177694,0.014842165020989643,0.011066731415574535,0.08985011412005987,0.0705789758109642,0.15865988365524814,0.06470745838152611
S100A8,-0.003550691979617618,-0.0030578585628075233,0.1328305805302161,0.02916800663180077,0.041259385710710604,-0.08278859941637055,-0.027168889999448737,-0.11423868026765073,-0.3373224042480788,0.043201233487690706,-0.04409623409871831,-0.027449452235959026,0.09952974181038315,-0.0662830271031398,0.05323349515630012,6.93170633364832e-05,0.02114348381910802,0.11093544683326756,-0.055108339147294474,-0.1750320551935747,0.0839464625802968,-0.060029508745019174,-0.024727380192415823,0.04661337498676542,0.07517536473070963,-0.01083715593089956
TAC3,,0.05342003528211482,0.10605136312987481,-0.008772924643395132,-0.043030160690630107,0.00703188500806726,0.10707689979589,0.06746869776546836,0.24775565812163852,-0.012986837927086155,0.005428118166782574,-0.021809651316496655,,0.06189158024347284,,,,,-0.03512837727460556,0.035393262683384295,,-0.039884893953261544,-0.0417502797552797,0.027009142151904034,-0.011785365443622428,0.032738051118743824
TAC4,,,0.03193088544258428,,0.04197034776416786,0.005507268238402087,,-0.05327073628183915,-0.007996283210889042,,,,,,,,0.009478262024801898,0.10118277495648248,,,,,,,,
MFAP5,0.04003713144322797,,0.060842629231626665,0.023522657136033197,,,,,,,0.018041384089967572,-0.0107382204048374,0.02491942053260703,,-0.0027865205199569874,,0.0325715249212307,0.07680611404969134,0.03570153878860781,-0.0815554813839258,0.03187465602799412,-0.041262090830409374,-0.06269003848531488,0.043308272224085044,0.1856182682763048,
CXCL16,0.038751744399902206,0.06516503758163529,0.0431860202838162,0.01127385413790651,0.013760571654900548,0.007718674137682687,0.03236077103211465,-0.04560926957679478,-0.24465720654417647,0.0704056352049785,-0.00541927762339673,0.03408046301607362,0.05644361332798351,0.015430026840860207,0.16260179153388893,-0.01137863174087245,-0.07554114710224757,0.016424060677965382,-0.08109533699660619,-0.009921007308420215,0.049793995676691086,0.034185690231299665,0.07746597181500312,0.028421487757331294,0.04591470772086707,-0.017030298161047987
AGRN,0.04000671062230624,0.17106990343484796,0.11766356426889855,-0.002215326538462827,-0.029780159094401758,0.03493212837497261,-0.030951120064789252,-0.16618989633020995,-0.32576276264260245,0.11212040548597842,0.01383235667165481,-0.02674116908045598,0.04447365992504999,0.02982064048381497,0.0646605703304064,0.08944966547000524,-0.0006561605151645392,0.03878833012671431,-0.1205516488278286,-0.02317585779172762,0.2332357561643484,-0.06621270628313546,0.05778174289379432,-0.07485269834120002,0.02287503078602098,0.0779516876894013
COL4A6,0.05346299026902488,0.10194815670775306,0.05581345706229928,0.05771504430414835,0.042683625798624225,-0.011929835093182043,0.005623178031046542,,-0.07289202739509375,0.0038484463174691085,-0.026246288149007712,,,-0.010003460089650605,0.08122066913088949,-0.08457096794332576,0.05812732459503905,0.10693033849757441,-0.08255685969693233,0.02175059510029923,0.21503186812395567,-0.01052726846531176,0.03863782496638208,0.17662783483425074,0.2007170602978159,
FST,,-0.012403802734174598,0.06342015404049782,0.04101927651836793,-0.014928211634731606,0.049460041380812364,-0.014548222395854215,0.09109572920568224,-0.07292188386354799,0.01855301414801421,0.011826938089861546,-0.013863215175744317,0.07276359255621177,,0.18751153810641288,0.034903008276233556,-0.01930306876038638,-0.0026487585241793212,0.01016524834821988,-0.002843768852133424,0.21988631707853334,-0.0471717396191558,0.0725138397302599,0.17338353135730136,0.20167656926361754,
MEGF10,-0.03605860291041906,0.1492545206722202,0.0442746477243104,0.020799887119662075,0.0074151457402676195,0.07572354031151934,-0.0004100916116954007,-0.03700948461122003,-0.021597502294424874,0.010947129397947824,-0.0026919053869711323,0.05874981225244488,0.02630267763354974,0.06544898454904727,-0.012831641343318706,0.0023123494015572328,0.01872483002798128,0.0365511502987629,-0.04435210791035763,-0.03556979100402766,-0.03167540049695884,0.08067611415705638,-0.14821411228671816,0.14406889408673654,-0.057302604056098556,-0.08946868621216796
C1QB,-0.10725908364330579,0.03885587325903424,0.13249887904157193,0.08767184782454787,0.03684895387734219,-0.013818783172472,-0.10892482679074449,-0.08381783004074422,-0.3815291917970446,-0.01842953193147712,-0.07166509423997583,-0.041619585825307975,0.04259391223689386,-0.08415152276118278,0.11786193045043358,0.039858735534118006,0.07866448610982503,0.0987733330930359,-0.28146368421593343,-0.25193490574499366,0.1699099160511239,-0.0666269118686609,0.07661413319368528,0.1055718238609488,-0.06485616872562057,-0.006405381733043037
HLA-B,0.06463253786179622,0.19373667087293406,0.04019551678937347,0.05932796523402066,0.062262171129998004,-0.06646661610390303,-0.01909843022310631,0.00849673066153232,-0.3825458682671276,-0.2520145680252013,-0.029645581107027544,-0.014085933219012579,0.06636311480326376,-0.15736577730447787,0.07887000775067517,0.14292131994868806,-0.04580448780009221,0.05223959553225773,0.2238984339725639,0.20221357905226917,0.2492097920455149,-0.0021849638510597555,0.04317214390532293,-0.18353175366967145,-0.122318680477686,-0.15497593426129955
PDGFA,-0.017068559076397698,0.31111571861514364,0.04957419294239403,0.008196456257589557,0.008625019525222205,-0.022374716196796995,0.0478958281993982,-0.01770984134330578,-0.1021283695607625,0.23539105067326468,0.0005049346828074225,0.037955944462840854,0.06903709587123283,0.05574323916469981,0.008364550186855398,-0.03140390411195414,0.014991220509042181,0.04491294044187016,0.01901894442125114,-0.011195110652339734,-0.011318924511536772,-0.06378568559411982,0.0689587295127716,-0.07820540227878535,-0.026359814150663546,0.09007374355693316
LAMA3,,0.011589264919124652,0.023949574104179475,-0.02253428502196062,-0.024603153968942915,-0.06961552137443563,0.015493971670615227,0.04723944915308482,0.1337098037384785,0.023555120539526495,-0.03722732420870442,-0.001531290942051955,0.1038768469195881,0.00958422788159857,,,-0.028240305506743564,0.0036086936092497674,,-0.016577994583276922,0.01963074376521313,0.023764307605156826,,0.05507393622304969,-0.05575879722410804,
DKK1,-0.0016464361542029916,,0.04001319552888744,,,,0.19177272531278255,-0.0002320446838629456,0.08608373548345453,0.027552649400840214,0.037476556473177866,-0.08761772897438629,,,0.06280148897827795,0.1755357702218102,-0.00581039859610688,-0.059250962014446705,0.06240904914020005,0.12036258949390817,0.0623283095554349,0.034132725587571106,,0.09325533689233062,0.25004137948478383,0.08591345895281162
INHBA,0.023991910567277265,0.044713413679399724,-0.016278565968810686,0.05121328844461637,-0.05628616985213819,-0.08151568536048107,0.05476572061921182,0.12857628518694483,0.2821875708610573,-0.0008694153399432884,-0.03454515168472273,-0.06230912609019037,-0.044783605153045726,0.03328042094012728,0.06824939846993142,-0.025354212932786675,0.08229870800147097,-0.051589175896063044,0.20800869456134535,0.19883578032519486,0.007217928920412381,-0.06392847348215536,0.03863487176190961,-0.04280622128602688,0.03816834579524857,0.09040130052012023
LEP,,,,,,,,,,,,,,,,,,,,,,,,-0.018670977804255643,,
IL7,-0.005315796723601942,-0.07126807764481914,0.041377939955857326,-0.03767011522896984,,0.012441015825743897,0.05082407849877596,,-0.02900408386674534,0.0381030389671651,-0.05714542753348467,-0.07137115752508892,-0.00132572249809709,-0.0011948379671942334,0.08022312273163633,,0.0016885465888259283,0.05553515486313241,0.006913607789820905,-0.041198441134259814,0.004611747569465503,-0.023950807609907827,,0.05811097308116607,0.0747917737082953,
FABP5,0.12740938823874579,0.34053816591482955,0.16414471741191236,-0.039846788430947674,-0.013583569156375938,-0.09195920131131062,-0.023349666293339823,-0.18098994963013576,-0.05174353192260732,-0.052191477481850636,0.04357672873557276,-0.04407577531435666,0.034135029473572484,-0.13315368758583956,0.03726723558918081,0.19153272663426807,0.054585091787853916,0.07304545096779078,-0.18994601706216607,-0.19812834449441885,0.2094383455176198,-0.00913232994507825,0.15862141029829238,0.22801279454009996,0.21514796351702067,0.17526513846708247
CCL4,0.03397616891403726,0.0954570703550685,0.0439537910332981,-0.019334576183035353,-0.04303375895562034,0.018121471916574924,-0.07641276907057692,-0.08350136776974419,-0.10571530449554264,-0.0040376849678357574,-0.04992973346002562,-0.045414429644732926,0.11603480638773671,-0.042040521866067625,0.07197255105767923,0.07924931131258596,0.04841412991665949,0.02776107319838922,0.10570726942736139,0.11035404138942777,-0.014840328158287076,-0.031461832575063735,-0.0825262840204139,0.058050388759603694,0.031816466133572315,-0.07575956133863515
FBN1,0.01569945844336428,0.05491755195895018,0.03596604754345087,0.02292849734993882,-0.004476096932628696,-0.026738528842436212,-0.01223621896692025,-0.0948287858559408,-0.19608523112938225,0.05106861247093321,-0.036884911741515085,-0.006550848032287747,-0.011212583948625534,0.05935679329906371,0.044917986118779916,0.02626989311682072,-0.007470600771981868,0.03803074970428373,-0.01225046862115181,0.11949665146669437,0.08236968266213449,-0.08123245282974688,0.003508079710246068,-0.03572215176484876,0.09017424885231154,-0.00665389057276094
TCTN1,0.11014633921412308,0.1544778052178898,0.0655341442029817,0.06413922639337101,-0.011451803528573896,0.06958557910458392,-0.00730051278915666,0.0015439747132480984,-0.29840442989194615,0.03741112859726708,-0.012902806235316325,-0.031102891207129755,0.06584040464587929,-0.04059176125582811,0.11071367307405645,0.163451094599596,-0.029890226696909175,0.1561999652612319,-0.04350673923749007,-0.023707038384014535,0.059206356718908525,0.031016582415968597,0.07673344623267567,0.15796148450156897,0.07489285602362603,0.20148577496916384
NCR3LG1,0.019527886878564354,,,,,,,,,,,,,,,,,,-0.048083604886568924,-0.026768519298811317,0.1022565326047676,-0.034976390423066404,,,-0.10304076131075034,
BMP7,-0.007779462903061375,0.27189561536829715,-0.01071561423565817,0.07088753971244308,0.07796111763998946,0.03323167615222049,-0.059727069951161164,-0.02681955871756893,-0.18454179874131416,0.05051535401505184,0.006572369729910514,0.10946943086199297,0.03252748961652413,0.04886516054379206,-0.05141731288694304,-0.030311877950060424,-0.11662109173830107,0.032199812037704584,-0.01031013260983082,0.035646150133685585,0.21250919374975172,0.0719003269648104,0.053213894614498575,0.07647184548849718,0.09150345543024115,0.003015323753575503
NLGN2,0.024357714099733613,0.008700099346501249,0.11901515801320449,-0.027549773338862018,0.017964030126514825,-0.004502845501737501,0.020599811083772613,-0.026788662863306122,0.003148739810020259,0.022440212373413874,0.04025339944623811,0.13137394922743434,0.04668527079758208,0.07731836390764506,-0.01940880395918162,0.10585751131136542,0.00135509118723747,0.0824006088160151,-0.11987314882687207,-0.07085198886185189,0.06951264589776497,-0.048630950671886324,-0.000383152600436388,0.06281736687215309,0.07377257724479148,0.1306749881461292
CCL25,0.044620437199770574,,0.025580806885280957,,,0.033791683222057965,,,-0.03833614581675204,,,,,-0.05925458396432982,0.08557702190118614,0.026416639324372444,,,-0.05905526631547231,-0.016202439219635597,,-0.03081765017003376,,0.013213825893313576,0.008274115052283544,
NPNT,0.07213935589387598,0.288770872004343,0.09576363074963587,0.06374253260342376,0.035813710894320026,0.019092947041525445,-0.006161246434013245,0.02711149911846698,-0.3211062927265075,0.15635395610940953,0.00028542877531955905,-0.008650199576307931,0.013028888871153959,-0.021421419448528534,0.04090824238976693,0.19057865339780722,-0.07890888180864235,0.08714615744150296,-0.07440356193826543,-0.04310212925392242,0.29281187232076,0.1034726742730202,0.021807416356049252,0.07953503179578701,-0.032161801388922905,-0.009896307831289412
KITLG,0.042073917600350036,0.18394203587653368,0.10269039190473103,0.0064281877157219254,-0.05087027555101842,0.027453966371702592,0.0032625214215201816,0.029494360638231878,-0.016785049112479654,0.08192798682772175,0.017725938454491278,-0.001077358293349608,0.025232943617163512,0.08079480211595971,0.09481447181269784,0.08142623913675198,0.09293626413490795,-0.008602388345778167,-0.0540148255589598,-0.018239343521377533,0.04712288526752132,-0.0056314201840255065,-0.03680653543839471,0.10689759430752716,0.07662611234892575,-0.04837391406915629
MADCAM1,0.00043746513800104527,-0.10498785201074937,-0.016391575021364846,0.037954905075800405,0.010618698813010568,-0.022456223394105138,-0.021284194672654935,0.042651233261999946,0.11005840150777343,0.027459501865634967,0.05457923313568548,0.02317039501996091,,-0.024161347870113505,0.09969094169883098,0.059056286861722825,-0.07591970273142411,0.006906315399795793,-0.011697668984844816,-0.021603174920143298,-0.030298245778632507,0.003771169472231052,,0.09092387849505984,0.09869186595880786,
F12,0.024342247388856427,0.06948702182713772,0.05032957214243021,0.008836732043607333,0.047020608707116884,0.004750027027709387,0.09098284334838697,0.09404784960428714,0.20997003044736726,-0.011656230152163896,0.014570535913754174,0.012805288566625495,0.08602851778905501,0.026420339523000456,-0.04288605553181779,0.13167669942337198,0.017480406213442285,0.06592914569609175,-0.02980757195612521,-0.17718987832988967,0.10791314680675598,-0.08508452216219815,-0.016821455631070365,0.06741842522173086,0.10493807128220752,-0.0011571912488208894
S100B,0.12299962841287625,0.45423257615987783,0.10844522169606645,-0.03498674854233677,-0.04227649102579545,0.130422055690694,-0.05585904188719179,-0.08649516308033588,-0.29816810291873264,0.10600191313012551,-0.029305279894083856,0.15067338174951928,0.10156755967168192,0.24823211603533418,-0.0777103694563841,0.05108926399350676,0.16884799839256048,0.11083801805154067,-0.18853732113351906,-0.1312413504756965,-0.30323366833106974,0.180758942693002,0.08158595129443151,0.15155544688189795,-0.13265980265488578,-0.1359359310021345
IL27,,,-0.015866439330853327,,,0.043679949541892193,0.04672159605977932,,,-0.05654396621660511,,,,,0.019228058960365776,0.10351999331763527,,,,-0.016205819287125677,,0.0001274249356238541,,0.031809868865431655,-0.019385706949157124,
CD99,0.1919175132804625,0.29643740728432616,0.12765260413340565,0.0790117516490686,0.07450668640431189,0.013761150182984171,-0.029525341436740557,-0.16221223708657623,-0.4046181919199319,-0.014393158381277206,-0.015003624920051944,0.033563568218755516,0.0026478740779938437,-0.19245060301201508,0.21844329084596814,0.2831908461371926,-0.04928012597013884,0.15059270183078008,-0.014770995797753813,-0.05706056051273632,0.1862613073961751,0.16644500777026122,0.04645100647746682,0.13786461280597637,0.2722423730339827,0.060482186270426265
PDGFB,0.061385239868561994,0.042584300651625495,0.09320591281304813,0.033285928577706105,0.06406111894723995,0.06930206475759061,-0.05449466090428853,0.0896225466147306,0.027845567242146752,0.03352332488009925,0.05074327440789493,0.13996838695546066,0.024515385860512783,0.11246718784247456,0.06318519180986479,-0.0008072821093398544,0.033461363366248054,0.0711224568605564,0.02201664413393228,0.056955476831345137,0.07159841322968866,-0.0631427115668725,0.0635751884346001,-0.015511992705900231,-0.11238826953432426,0.03836792967769166
CLEC2D,-0.037110500126522665,0.03203469801899795,-0.01979148324738686,0.059914469930664974,0.002381309490397057,0.034559593047326274,-0.002416007917395835,-0.11640671617990594,-0.15603225026500006,-0.005505730403263887,-0.05267816684570662,-0.020892203930837412,0.046677483231260274,-0.03034752960630724,0.03500262725847915,0.05296248665055336,-0.046356432310414586,0.06493428991042695,0.02357170922795586,0.023844826077414023,0.05427386787312084,0.028021000680856573,0.009197663912569539,-0.0008547972865130116,0.05674322079680134,0.1644887289997993
F8,0.035248215999856336,0.11093410785598466,0.025497319372192486,0.01673749793372731,-0.0014200371271217828,0.027427504162360453,-0.049631331904567616,-0.04873264969069596,-0.116240385346869,-0.006485554892178837,-0.004541320955636803,0.04164338932811321,0.05606568687867637,0.030924695658601474,0.11157813567623216,0.10902609463608093,-0.0470923188006232,0.1254223615337695,0.02775941026269324,-0.04278096455793349,0.07538123250053454,0.03484143711155901,0.057133239399873956,0.13021493916084964,0.06332902818667706,0.1918860572810026
C3,-0.11197900050990107,0.0856112554182208,0.14925667746502536,0.016332259904792153,-0.0077013417434945615,0.11018397078213539,0.007616832117012697,-0.03686720790977338,-0.3590937647470993,-0.16817177939570407,0.0031671049105630226,-0.0399069070544565,0.037235181481373274,0.011709363393703362,0.06466194852371729,-0.01911999858951196,0.1630681771499912,0.07556710426812413,-0.12607824429444064,-0.08758285250741962,0.19031358540325646,0.15145044850339512,0.12232953535104592,0.1132458300625962,0.04635734623930384,-0.03429784692609283
DLK2,,-0.034069535087784805,-0.02318691737819858,-0.008539525981144934,0.08990026329602242,-0.019253655043408077,0.08360839280680737,0.013000675645056883,0.04885102386129466,-0.002567544445877565,-0.0356895304295309,-0.004715570275494131,0.07889648317973567,0.06970516908890544,-0.05638350314000316,0.06365737941675578,-0.04041304890450057,0.07343850143011228,-0.09552763691323994,-0.06055942296532766,0.04650931485803616,-0.01751991467188616,-0.08894780865741772,0.02450841993945528,-0.06492556079429843,0.021512342972536496
TSLP,-0.035315112318972004,-0.025343473034474755,-0.017980205411077005,0.017535598007414804,0.0495997268646079,-0.10122530158372248,0.07865249527451706,0.009968491862119486,-0.25257114029889816,0.05152947506232089,-0.06312942457053555,-0.06257561726652694,-0.050997302309533886,0.036417814972641,0.04494235136361252,0.027108804516394865,,,-0.009196548499826911,0.04391683447448175,0.11006476825256087,0.05288585215370527,,0.08413891986294178,0.17069864881333166,-0.06939201473083516
OSM,-0.018953274818297568,0.09189428082254682,0.027026587646998106,-0.022056490461269316,0.0439781140337578,-0.044841802466020556,0.022531317319974896,-0.08006920340332274,-0.252093198605376,-0.0017957389301059023,,-0.09780398711685309,0.05034695774550593,-0.0068092315253066105,-0.01680051961381118,0.08504368951063716,-0.09466147485079462,0.020096957392367592,0.10357652083456317,-0.003724735341771001,-0.060236689043653,-0.04805619664067224,-0.035246714010137674,0.06380472901554055,0.18776015735270646,-0.03791532378237209
PRND,-0.017661132584993803,,0.0392455896458085,,,,,,0.0020217347087346763,,,,0.05732037192104739,,,,0.045463529052269476,-0.03984630394626896,,,,,,0.003653253277734139,,
SLPI,0.09870870696903228,-0.21060251964222507,-0.04291983619995407,-0.07559631898517562,-0.05153435998199569,-0.04300412212563964,0.08669325067105575,-0.10538522582817085,-0.3031832363437503,-0.10715200848009153,0.0021994057257097082,0.020917324469349834,0.028501439089279858,-0.07611790742070418,0.1485254278887928,0.035134105483184866,0.05710800316848101,0.08852297597401107,0.07496383234052659,-0.0462711377545738,0.030323166938655107,-0.003830404363848394,,0.10086851576319238,0.11087061004641921,
AFDN,0.031984455129529195,0.04484482877531089,0.05961119354715811,0.043446562356525754,0.04134459250383122,-0.001620282762955772,0.0850531827308644,-0.0007814959471946466,-0.14502166478906814,0.03573769503400024,0.03146825262653604,-0.021417939809524653,-0.019295026724607263,-0.04280304966227204,0.04038827078001275,0.07432950394168221,0.02757284348262889,-0.05110486978957972,-0.09488043383275656,-0.09321919095241273,0.0707205670368156,-0.053196899208988395,0.020134131491741526,-0.02303810483341197,0.033428624338921555,0.07967934004533694
KISS1,,,,0.04894353721060384,,0.031078361573636748,,,,,,,,-0.0010379197137857558,,-0.09761072585463736,,,0.00025660794864684733,0.02578458802354572,,0.0483484948512118,,,,
ULBP2,-0.0038906730086945285,0.010661749404697227,0.005255907131966061,0.02016204241057565,0.06628126772507552,-0.03398529586235204,0.04219350348321077,-0.0175968771551719,-0.10414521014770123,-0.016923874624143465,0.024059320085540004,0.05527861320976438,0.08687318951819542,-0.004267905859042108,0.10282345961425093,-0.023977769488971363,-0.06256910362671628,-0.0439495943944184,-0.04078896766311996,-0.02154673824381056,0.015991269330884378,-0.09884687737361833,,0.050222871601426404,0.09231822722616823,
ICAM4,,,0.020909164013795913,0.030346139736450072,,0.022863781119124314,0.02536210317339327,,,-0.03800023702556077,,,,,,,0.09440939979009239,,,-0.006033411245951848,,,,0.05476509918660899,-0.01168951492417261,
TDGF1,,,,,,,,0.04567062257734447,,-0.0173905767096579,-0.025451575126309817,0.016234562673289262,,,,,,,,,,,,,,
ANGPTL1,0.10115345065642502,0.07011300273025223,0.06547131031694159,0.053906296004899046,,0.0006653126396504097,0.04679125931584023,0.01581888558937544,-0.20597545544356952,0.1458207506154838,0.0036164565501508963,0.004087066662512245,0.061807994037088886,0.013250605778857312,0.005792497887882216,,-0.017049866702182972,-0.005969212984853186,0.04111305283070066,-0.03670512556939945,-0.0653386780073535,0.006223725495553449,,-0.09137934238335271,0.03926984866858727,0.04729263591731041
LTBP1,0.10968953546906178,0.11039795696116343,0.09149328787662891,-0.010880638775309067,0.10681692437616201,0.038471259337046766,0.06990989365193984,0.04949951665641025,-0.0784786451172328,0.028528504171210722,0.00627442444630576,0.07776332582621112,-0.0016464142751021946,-0.0014431145886373287,0.03503061699647302,0.1220533954751601,0.09815417557020674,-0.0026005263083395385,0.11287224048529203,0.09720117770363043,0.09771179169582117,0.04660036121656661,0.01823425582615559,-0.07220768439423972,0.13517186465572603,0.10615730304144354
CD160,,,,0.03216847418809085,,,,,,,,,,,,,,,,,,,,,,
NTN4,0.03929368426999054,0.06815206466489877,0.07765292273465262,-0.023035224481982745,-0.008908923722127756,-0.0359463313265245,0.008809227463287777,-0.03313592183957883,0.06650046414566128,-0.0037151759976436476,0.026893882485441924,0.004967778429386452,0.03304976961219245,0.07337040818337076,0.024716067475745774,-0.013918233072241664,-0.0312393186679411,-0.018322298150678852,-0.06322757872476126,0.02457207562785193,-0.018168648692883458,-0.03749392918259245,0.03129988335562691,0.014017814493722256,-0.006714119698526073,0.17592816924769406
APP,0.056512767134773774,0.31617710113740416,0.15593617310770963,0.0477609826592477,0.011762507464251483,-0.0090092340228236,0.14842669550125293,0.15782969284194484,0.2510796176335091,-0.0907239910231565,0.0008364324286769091,0.10052152270889902,-0.021603501531706315,0.11215716426773797,0.1285715229599257,0.12078386605523099,0.05819831543507965,0.020397464175843396,0.0025702919672631742,0.03285777289829987,0.19443784004028125,0.07815604211590421,0.00028121294258436703,-0.15125270383438183,-0.1716657153497042,-0.05132380683141872
RIMS2,-0.05095191867336529,-0.04877844893294661,-0.008220937488140982,0.04927664656141557,0.02812502698069917,0.015493834391749832,0.17660438127132969,0.07391452278558304,0.2492368369444186,-0.03520674877536243,0.010388809941513326,0.056109735941189114,0.04626064724367053,0.10372764798761668,0.09374713112163298,0.05694112202775312,,0.006505504428508324,-0.07686660566904067,-0.09062568013894964,0.004344449102403473,-0.06088862827679818,-0.028249286973775323,-0.03677773884487177,-0.1261403465289514,0.015913341584452883
WNT7A,0.08405386016995274,0.18537548077034993,-0.001780483369146839,-0.023100489928535948,-0.04416392813910136,0.0020483539179235277,-0.004595516205909296,0.05565582952185642,-0.07167145229708789,0.10056059188935297,-0.003023133930328159,-0.007055321989856385,,-0.034417481649872454,0.028985673007980405,0.18192985504297415,0.06263729228707088,0.011469305800917505,0.006106742216494763,0.004586151912986957,0.18625519467017695,0.023219928023315187,0.03743950351974469,0.08969596718835378,0.09693673541294892,-0.004260792354275691
GAST,,,,,,,,,,,,,,,,,,,,0.009606072630577283,0.07645111945798629,,,0.04828411388778046,0.06845320347310073,
GPI,0.007320011539828333,-0.05438979048958984,-0.09248748223866066,-0.02427802607596853,-0.026095855284498797,-0.08654456626064302,-0.09971658085327384,0.14374783872743713,0.2501314178132634,0.02557838788119205,0.0311877843862608,-0.0027564970136434047,0.028043716228640523,-0.018759807587028315,-0.026240427679081742,0.04671374601416704,-0.14198050489853287,0.013989364538990181,0.2370611125945392,0.17478990057707514,0.21064856475022128,-0.025237860568154268,-0.015674724263723343,-0.025613398185542483,0.0565708722567744,0.0672028647991324
IL1B,0.03934748408404881,0.14150292116085436,0.0800313458377006,-0.03440143019976542,0.10772901829251934,-0.011059190317437536,-0.02497778699323417,-0.12333849125513537,-0.18748439888819252,0.007123244250574518,-0.03443285207882179,-0.002466442087159257,0.11958038479975502,-0.061802938763765754,0.08012304310173472,0.09667773083738392,0.05106962319340314,-0.050305020640185404,0.18408257828154334,0.1918594264577891,0.0420881484704605,-0.049718759392468906,0.08527070489236617,0.07750253843894955,0.12344990922561791,-0.09588135688268155
SFTPA2,,,,,,,,,,,,,,0.020944242200578125,,,,,0.007558406872817208,-0.06448465049648312,,0.033587418396440076,,,-0.01955487719445857,
HAS2,-0.0003615435854188826,-0.01199665740204021,0.07394131200328358,0.05200556252366113,0.023643573849764177,0.0018869593005608454,0.04404794290034598,-0.19543541913523774,-0.20074384225652664,0.02955244773153435,0.038554426811654205,-0.08195655360053705,0.04148883168505955,-0.011784393737231552,0.02205179278378961,0.06383488594255461,0.02731246653728153,0.09295078146869218,-0.05021241888508706,-0.11097877564625017,0.05194574254096543,-0.09241624781394352,-0.013449743846696413,-0.01775328678309347,0.16393795905701783,
IL11,,,0.013557681626486235,,0.07547208091017758,-0.026997274979196895,0.03582962776031232,-0.025940889590282384,-0.007469935958514188,-0.03248348977434547,,0.05006868417671747,0.03907559525018192,0.006710725169689216,0.015106868551706813,0.05277417301354524,-0.021415020391683293,,0.1676461908109581,0.11777077816716747,0.026626720438212015,-0.013317599667138037,0.022206605547780187,0.048427364224378586,0.1165849411696407,
SEMA4B,0.0495317680568224,0.0712755597388547,0.07633242357819187,0.0041413577684207585,-0.033406178464905234,0.06981876845657049,0.0498070096003719,0.02641765990114128,-0.3204420180735191,-3.133765041904719e-05,0.03109816655949547,-0.014639097730526672,0.08157567961847446,0.035061532443197575,0.009070771103442262,-0.019232566994513044,0.07898515353960464,0.10477707788690356,0.037098018120975594,-0.008413619918345216,0.14416196075791105,0.004309894199507423,0.0003249951239770226,0.13773619758224848,0.15885712155079046,-0.09807906822954084
FGF12,-0.0016282731147187499,0.11746475846197298,0.06642828062183107,-0.07841565823928393,-0.0536577691362823,0.024802094948962503,-0.022575232852350153,0.012741775935642624,0.3314118803528996,-0.04550481311434578,-0.01935814794058055,0.0004470775214378626,0.05595796614084373,0.10850957037662438,0.12547194631565387,-0.0849166554643301,0.09138254149963368,0.08352637872372452,-0.08144860891820155,-0.07227090574643592,0.05834790308316856,-0.09441231981663852,-0.08086060642651127,0.14452943576366636,-0.16148630900699787,0.13986598146861973
CP,0.03214707049856766,-0.10143321874351381,0.10887273599750978,-0.0038405918219341284,0.013627482899838398,0.060103075529679785,0.09353770751418394,-0.08251965704633264,-0.17541392736169173,-0.14979365319685065,0.022752744794903995,0.06123156936800115,0.08449063162222908,0.05288934402361234,0.02062576492150258,0.009523917173460938,-0.060712508572922715,0.05449743017075105,0.11858353001549145,0.1393201726114761,-0.07327219564059213,0.009608167214507288,0.047264716027645405,0.07782126587719301,0.08906814897673483,0.147603114952999
NLGN3,0.09105674916020208,0.3637030331336584,0.10466233654348898,0.03975919751039505,-0.008470972614192215,0.11506414591663307,-0.058715094504505114,-0.16502043593190233,-0.26699120491241957,0.13416927063802447,0.00359271871871861,0.15717744484554638,-0.013128155858679661,0.06810466360293604,-0.04002390228923245,0.18813601180025175,0.09699255504739668,0.14318186135388647,0.015431927541719305,-0.08149895365285638,0.06432849699953384,0.03778285669344698,0.030337180620686098,0.1590822698264749,0.0654581876901697,0.09527638844525835
GZMB,-0.00024175163350641105,,-0.015269857147090882,-0.02709082484539574,0.08273892970715675,0.005060876035672369,0.018351600638248484,0.0433518825024409,,-0.045004610457283656,-0.026096138090620988,0.07026595864764397,0.09349044222008501,,,,,,0.04556002709201503,0.0507198316714649,,0.017902958407182402,,-0.032851646636555626,-0.0082637528726764,
PROC,0.07799534609669231,0.012159977757449635,-0.028394417131105684,0.03956385529675649,,0.022563001675726856,0.10403576430329677,0.022322177349532114,-0.13545924915851384,0.035130614296451444,0.006458881527327637,-0.007065122134453957,,0.01266640495743659,-0.00756115302435846,0.0797212102763518,-0.10602470136112557,0.10187766900772648,0.03001900322583371,-0.04433495818357483,0.08432698343081163,0.00930148070463428,0.04622196534384939,0.027953168910076306,0.03448331024917567,
TNFSF11,,,-0.01975464282573469,,,,,,,,,,0.022231519069417664,,0.026661811997068473,,,,0.05756468551201038,0.0754214775542736,,,,-0.05393042739582175,0.07157185023175815,
AGT,-0.04533394737205074,0.39338529496708546,0.05935641032676832,0.02880594225758017,-0.047718825834504035,0.07803501773103634,-0.1403199806320852,0.015329327800942686,-0.3861090146721402,-0.12500874656247393,-0.029742022870224264,0.18979796233116686,0.01813726912641069,0.02213317647041007,0.1262163371668511,0.21881838518829586,0.18509666442871636,0.19827677365708077,0.11195351494551989,0.05942528697280042,0.12536011465216007,0.1806943293666658,0.09002837571048358,0.08457678596653186,0.04287379176018583,0.05351101154763601
PTHLH,0.06730363051086423,0.10676175480521935,0.015024869205968334,0.002797237776650014,0.0818745160220065,-0.08360637552666306,0.08823164793138645,0.05479463996496165,0.07790206731518615,-0.027234031403044444,0.0025792507508442444,-0.005647103393697594,0.02383274374857024,0.03144870457755542,0.0870182127841265,0.06814723569790669,0.019985691811575737,0.020510225574628442,0.028570181557665452,0.029387699053794215,0.14831802137908215,0.006799720618837761,0.0196467396772241,0.08266127106964159,0.08669038261142424,0.022239747925712323
COL1A1,0.013464547734335558,0.0634414710722921,0.12228690576014395,0.030379958538970794,0.032993232637937304,-0.020783412614935715,0.03017780698702246,-0.08627831700630098,-0.23801501578853437,0.13249379438977374,0.052656397802445784,0.00820768436156704,-0.03366497439141593,0.012998311945462191,0.016917222764788326,-0.06662753093968367,-0.031730276393072764,0.036802780121005976,0.09047165126411769,0.16801188265369735,0.11229614574888785,-0.12661833266147024,-0.009172654256088552,-0.2099858029614673,-0.012268844506960077,-0.08951032904503571
LAMB2,0.08786331615245971,0.21485278160569846,0.1947584087052503,0.0010535777251447628,-0.04918065988823753,0.06873027712924601,-0.0076341472282256025,-0.0769836839600684,-0.3026996851837423,0.09248851267140379,-0.014236444862226392,0.005605458398912214,-0.04360091834673242,-0.07173459641417217,0.017852072448241815,0.19438803532555896,0.002956940245203464,0.14270038301167592,0.08962722756511697,0.12804519190552238,0.2560217580861131,0.051198932148164934,0.11072544188879797,-0.08240212354184882,0.026082150673438265,0.02183983831450914
DSC2,-0.038497195534812206,0.011093533862526313,0.0021040946911311084,0.035334907838404137,0.032951432826513756,0.0527302385246403,0.07952341320510173,-0.09014440477904354,-0.12443823688459356,-0.007629600113587244,-0.022651312507986507,0.02577063646351183,8.328592370139495e-05,-0.017545542548785337,0.04855278499816191,0.024035155566574738,0.05875568311868588,0.05718265303760987,-0.07241858766566941,-0.04319535648893001,0.08259561950933018,-0.046212243837031146,-0.03472149994944749,0.02613232326827822,0.0800754482398961,0.1591021091433914
WNT5B,0.006190341034039341,-0.04642181783519008,0.02096518046243771,0.03153155455317349,-0.017633684657390583,-0.06752969794082679,0.05100275447759947,0.09630079179214718,0.05318329655107789,-0.015164368159990525,-0.026270019961465156,0.06373856833557462,-0.010227247731166492,0.002893085118373247,0.05007175766231367,-0.057483463876366374,-0.040624509354686984,0.09275375119557536,0.04515240958417007,-0.05582035023062175,0.07755508477565211,-0.025237491098959293,,0.08052445879958134,-0.02129099972616808,-0.024747779588271235
LEFTY1,0.10135325495407237,,0.027867914475735625,-0.0003228360409267786,0.05037719516397883,-0.01582496145294033,0.0010857825119162307,-0.014560887049097467,-0.07926123559908406,-0.09626460605494114,-0.0067420598518748796,0.05413962716803004,,0.014086659672236525,-0.0053259354443308095,-0.011788442299449104,-0.021684852593354797,0.06843756079742111,-0.025740746608829447,-0.06360009065520827,0.05350797961445607,-0.012995547961304192,0.0364773871927196,0.028174901236979785,0.025803560034694015,
FGL1,,,-0.009778578688955297,,,-0.001778051404340696,0.0731438005046373,-0.03779778960877202,-0.037344460370477485,,,0.04876128069659758,,0.06864135928119854,,,,,0.021393548165348684,-0.006805401500405409,-0.015131772416635358,0.049384133816052896,,,-0.024326636724807896,0.06413902332540822
CXCL5,0.10675145697384206,0.034090659705258465,-0.032104765384578834,-0.03548829384507352,,-0.005651851594497907,0.08173035043478041,0.038410760942953294,-0.018579015619697964,0.037474836679476126,0.0224431337472267,-0.025690889743036113,0.032333664800650544,,-0.01746167310889512,0.10485653958291592,,,0.29373184779639117,0.2253137757042216,-0.004818296134061753,0.04295423835821732,,0.05572783846373746,0.14245201517622338,0.12466873784115229
S100A1,0.004805251484129563,0.25737690714582373,-0.04895177922585956,0.030349848582358924,0.002578405225608159,0.045541146913308385,0.027023158112538352,0.1340556957148984,0.3361421421675276,-0.06799059347985294,0.02430902785470419,0.1288677875286499,0.05337297283178573,0.11609589241374912,-0.04950139138398002,0.090800623772224,0.11093141154748053,-0.035530378551066465,-0.10238464490828646,-0.016859043144643125,-0.2613027101832272,0.13017963274005598,0.026967918823932267,0.1269904530838633,-0.08352183863226524,0.07321600709923254
C4BPA,,,,,,0.03635727349688483,,,,0.012315135396683309,,,,,0.07301271451039142,,,,,,,,,0.01181985831325102,,
NPTX1,0.038243796663582234,0.09189564491824861,-0.06742863804026306,0.004527827797998713,0.03736945013086162,-0.020634607509009514,0.2033741566746861,0.19914411760821701,0.3137595068630177,-0.04561665442717282,0.020279958201557438,0.005125629889418213,-0.03584188058406333,-0.034165958637475624,-0.003541687546147527,-0.08392212319961413,-0.14851941296244225,-0.09576538016214683,-0.0720406110630506,-0.02170256364588262,0.0014792253015574422,-0.07798003342117657,0.018521199010493615,,-0.2724889761337524,0.11510456415141301
TGS1,9.077886008115047e-05,0.00780848784869706,0.09759761766586762,0.03982126250144621,0.004157334901849839,0.037484120401786655,-0.0010565238634102894,-0.04150063680836864,-0.1476874148345992,0.05449757786864149,0.003388548824355438,0.07168849751922515,0.07718997131531447,0.008448387920996916,0.06605606450474655,0.0012269001162349591,-0.040765112219799456,0.002866276002235669,-0.09097509650235239,-0.013298381541002834,0.1682213493418893,0.03003464407350896,0.05686444599858259,0.10833846698401657,0.09346449774985742,0.10007619560884068
SST,0.0315302181164376,0.0032413262813678857,-0.045972625551442395,-0.05651690004025552,0.0808631561036358,-0.022036051474731592,0.11911721486832727,0.11895300710490339,0.36336038389041586,0.005011461264522139,-0.030556702677197106,0.06698351261875887,,0.1579898847063452,,,,,-0.0471011409455842,-0.059018611832016205,0.06683645717987728,0.053704179926025386,-0.1361604951748394,,-0.1210972461192613,0.03397623621495892
IL34,0.008503855196604623,0.1496040881967618,0.10281655588413761,-0.002549945937430074,0.001435741204670562,-0.018154959176839222,0.09959930848189881,0.06647038774135158,0.12705322039247507,-0.038495606061993454,-0.052397751164700794,-0.006518604379404801,0.04925342980242225,0.1270486636898272,0.11652047777313276,-0.028946386107332047,0.07343162624859967,0.014721716641661218,0.09243205869231479,0.12025868209223155,-0.02064057060712987,-0.007356827781009128,0.05298469280140014,-0.013027132720527133,-0.12655439511623479,0.0029902033194929762
DHH,,,,,-0.07974165183431348,,,,,,,-0.01746380210123789,,,0.05056870938636812,,,,0.08759609428609492,0.02384952382472472,0.03499548301328525,-0.011274888659956003,,-0.028852301687535,,
XCL2,0.02082640541595202,,-0.027336690519081733,,,,-0.058105627709283646,,,-0.03119555801134646,,,0.03539441210752517,,,,,,,,,,,-0.0856595331898544,-0.012983356845638823,
RSPO1,,,,,,,,,,,,,,-0.017286208255744225,,,,,,,,,,,,
TF,-0.040580254636041285,0.05476320365858451,-0.034648492519969966,0.05997273465002355,-0.03321939671879663,-0.02008087857234506,0.11391910069632498,-0.13915738177048217,0.11854143263223384,-0.08221133586178411,-0.060526528033049545,0.06129863343398417,-0.015421884673243253,0.1075729988919311,0.01291219125473621,0.0068242692906370205,-0.07964205899294795,-0.07331761711240188,-0.11691652416896534,-0.04818566912980168,-0.2814701830058408,0.06781396439224294,0.05998711877882533,0.018926782290272774,-0.15265833421540353,0.007937102332620074
IL33,0.03824364696730462,0.08097254961392951,0.037874600213053236,0.04553844722329348,0.027053469809182332,-0.0097868346906843,0.04473877471867432,-0.05299934486891133,-0.186872763110323,-0.09665367318598819,0.05315243110600939,0.030358552630056605,0.05308164684827119,-0.0158277776541829,0.008806246700988838,0.03195483383093889,-0.05786155365830857,0.06120097837623631,-0.0281828668091286,-0.075144729166558,0.004521188459621929,0.06632992069363727,0.03256087680537793,0.09914501519918646,0.2167885336183523,0.07232814670883565
RBP4,,-0.029861818946257935,0.03341945293656288,0.004592983092708585,0.005378591174815338,-0.03976737332624507,0.13649197045322684,0.13782961175866387,0.24219060206803586,-0.05735375621037413,-0.02349080703656439,0.07921053673983398,0.030560534899297432,0.15746311331670518,0.11596753716891889,0.03225787585302443,,0.006029030449921737,-0.12140681946461505,-0.10686041576210209,-0.002575035187548819,-0.06113603025464985,-0.13935525999778348,0.024038629289233598,-0.12124194380324266,0.15456765798463937
CCL19,,,,-0.009886100618612436,,,,0.05145568916273861,,0.01737723656185187,-0.06388805156090897,0.0785135257642562,0.09457137182139083,,,,,-0.04261205586208266,,,,,,0.03957447262225111,0.00814862034387913,
CCL20,,-0.0741436802713135,-0.021155518804491045,-0.04411738608457886,0.10987473982044817,0.017734277843634186,0.0013627031071181738,,-0.07429231561620671,-0.039919745143826686,,-0.008570089546118976,0.021343368373090647,0.05621744447338294,,0.0914818993198,-0.00763866734873808,,0.2702273904454653,0.2253039224390651,0.10338824300384532,-0.01286886347677601,,0.030264270110521845,0.15501339194631578,
NAMPT,0.0012299342621870683,-0.26624558134500304,0.10446234394688796,0.04556454612881093,0.09131793586976258,-0.07156768515748374,0.025356501843321014,-0.08688681118930065,-0.2619962116810107,0.016794613309056138,0.009925666631252942,-0.06772467664557996,-0.0094899804434412,-0.08680037063464689,0.17474973204410754,0.2470325934893053,-0.08411631446942938,0.015631797951018236,0.28026890597193277,0.15500419012842384,0.2865175679099424,-0.04845763345833701,0.02812037203079573,0.10587761914076306,0.27884902324459865,0.1035154931315154
