,MGH258,UKF243,UKF248,UKF251,UKF255,UKF259,UKF260,UKF266,UKF269,UKF275,UKF296,UKF304,UKF313,UKF334,ZH1007inf,ZH1007nec,ZH1019T1,ZH1019inf,ZH8811Abulk,ZH8811Bbulk,ZH881T1,ZH916T1,ZH916bulk,ZH916inf
IGFL3,,,,,,,,,0.019707891479319777,,,,,,,,,,,,,0.025778581742076076,,
BMP1,0.11474423502309337,0.021937662579342567,-0.0788225154748686,0.07458439412338708,-0.08522693312345787,-0.054939122703582303,-0.04292865572313143,0.11257902587648241,0.08944369642502584,0.010667708512393959,-0.015298641026764152,-0.07012608673470676,-0.04342386663773266,0.0095865649451583,0.037396468172214044,-0.04441449669709619,0.051176972513954366,0.05812155365505963,-0.0364116843470841,-0.04589935344148218,-0.08428754962060221,0.04816836819018385,0.08507463008580914,-0.02929392876174945
NDP,0.014592876313610868,0.037543620643459646,0.028174458837127592,0.042051391360596393,0.021851211181765536,-0.10666097388752986,0.009507093264314447,0.03177151176751185,0.015058929621515076,-0.04433222762306586,0.003720332506120126,-0.09760683543008428,-0.10260057301732611,0.003859693352633563,0.08042546999641129,-0.019109399628684194,0.14041325634657584,0.03379095351531905,0.03497572235709408,0.07882004931079899,-0.03856906093662737,0.1155358013133751,0.027240579118878085,-0.0243618024077841
TNFSF18,-0.03926160259687246,-0.04405072678208884,-0.02721496688740118,0.05430309236508718,,,,0.0676401564382337,0.12378309188689189,-0.024518466551846592,,,,,0.09906224804177796,,-0.05644088284655222,,,,,0.03047194608873251,0.028145634148868927,
IL36G,,,,,,,,,,,,,,-0.03641618409383695,,,,,,,,,,
RTN4,-0.13121582172620924,-0.1251651187981406,-0.06252579464987246,-0.008773943063111835,-0.03896419681085462,-0.022718408834781854,0.06435353439574733,-0.17253906016755505,-0.16336644958879284,-0.09295693992669068,-0.012596352305587283,0.2860334069696872,0.12134872828151236,0.025558860452743786,-0.053727768080249524,0.05724244416220735,0.03307694347236265,-0.17680747192505294,0.030700624723016552,-0.0039298651938142,0.13086762124830914,-0.018968115827997543,-0.17293729448426523,0.05520115967300349
HEBP1,-0.022984787473912766,0.009531784097186944,0.003873459525608071,-0.035992740091200126,-0.01470149385229062,0.012103757218727187,0.01050948793537546,0.11782204433636612,0.05661902903344521,0.0007503168893272652,-0.008075725912322496,-0.061969593990871305,0.009614599491156053,0.025465625308520947,0.014798097761001317,0.041366637398766046,0.007207596476896577,0.007285227776150268,0.08553176419950136,0.034700302281623505,-0.0005534381174120233,0.1209473031102855,0.01573771763310858,-0.027858786350169345
WNT7B,-0.03780764844319225,-0.0851983188223158,0.03694765936810259,0.017735635089187678,0.00811845465591336,0.05355272387647463,-0.03134001175735197,0.012186258487360492,0.02726187124345806,0.08134235968140181,-0.021700879954619275,,0.00847675312996103,-0.040025582971145696,-0.022129290824429368,0.05414217913217228,,0.048193381481910616,0.016180185261080827,0.010337698260918701,0.022413839325166142,0.11053768398393585,0.09341882826462393,0.2955664976906094
PTMA,-0.08197787103911251,-0.08750136741755543,-0.10061310010909236,0.09032745533184625,-0.1406983823622063,0.08650478436408023,-0.08235776033096702,0.20696588341236677,-0.033229370619997596,-0.03138382713392447,-0.05218635202530514,-0.35463799620890346,-0.08591409378439162,-0.01024733773781828,0.0019541553957636093,-0.11647953708894111,-0.04427041175860174,-0.20520055031035622,-0.08733391607076364,0.06126729814286715,0.032947141505590576,-0.12676878411789538,0.004560609400307565,-0.18243557553844278
FASLG,-0.009582249403081763,,,,,,,,,,,,,,,,,,,,,-0.0037532206217005025,,
CEACAM1,-0.006087672524566758,,0.04028016594741741,-0.03490547570582576,,-0.013628894026135761,0.05004603482531479,,0.04620880196859148,-0.028549766788494496,,,,,,0.03897217917032026,-0.03195724944662196,0.038475783399674175,-0.02883066282116715,0.06938656095301662,-0.05542963552470016,0.02436452551081987,,
PDAP1,0.15336825187034184,0.059740271958597164,0.01864925445867995,0.032021188665817955,0.09473169435350709,0.009259424101592214,0.051621553508451386,0.13756454031668444,0.08703934613645882,-0.06572228953112262,0.051982735587664364,0.02989570207111912,-0.08070679697007599,-0.026105340198789965,0.01944476809116917,-0.08363131856818819,-0.08569624000256636,0.03813463359423837,0.010691186410652151,0.03210064476597171,0.0609126607510002,0.12220352218661634,0.03111340882336903,0.04248471211632325
QDPR,-0.1735402754279757,-0.0266530734958553,0.012326387843036215,0.024545024752557484,-0.03391232821287693,-0.00321151301250124,-0.0920070116494502,-0.021380358276724368,-0.17080496623749586,-0.07037960762665892,0.0023582632533486556,-0.3073109835130582,-0.053694597147146646,-0.01384109640965269,0.05773916400582071,0.027757541038830335,0.039406021178031984,-0.1599433717043246,0.03165653716785546,0.0059175473373861524,-0.02516620449182,0.04116813589407765,-0.08080954308263105,-0.06957466033679077
POMC,-0.016423545162447723,-0.03913754886527842,0.005594295893359774,-0.04032708207602426,,0.01133174207495416,0.0027190836728976536,-0.003992873477787383,-0.014600278392108456,0.009239949451336117,-0.02787001033538415,-0.006619570476165703,-0.011872182176285152,-0.020914182592489262,0.08303301476294883,0.05689459333348803,-0.010992791888631333,-0.018594373064948676,0.07507648121657057,0.010640440835574081,0.0027517168172185133,0.08668828318536015,0.04786209250123093,0.0787508367379043
CCL18,,-0.015272583277966986,0.05216365835475232,,,,,,,,,-0.08599612559912768,-0.08584096151655839,,,-0.07071877432946565,,-0.0528134252719081,0.10540470175831539,0.059866608706897376,-0.04383726783679404,,,
CCL17,,,,,,-0.006478233234245186,,,,-0.039285991106354175,-0.026859606020454004,,,-0.03326721802483595,,,,,-0.023694112478920608,0.02642070699571911,,0.07899949900828074,,
VEGFD,,0.007768186102368173,0.07654332394370147,0.024335604758922786,,-0.00013099067883808217,-0.025053380322846576,,0.0009205645489765118,0.028338501084083173,-0.01970184584064854,0.15981581001913545,-0.031347058992019186,0.001627838937594312,,-0.13809886040062716,0.008436009402592237,,,0.12314196362468753,,,,
TNFSF13,,,0.04765492472922201,,,0.02826074714178055,,-0.006267778003151675,,,,,,,,,,,0.054513317871666286,0.016558225608748492,0.08663204174614146,0.01918597711865314,-0.014068433602280264,
WNT5A,0.1009988233006986,-0.023403363623938352,0.013421356762832652,-0.07091473543042304,-0.17179094106609932,-0.013489143056052895,-0.06084847490062807,0.17991767335798534,0.11405939275987419,-0.0027014626281627267,0.05536874013982061,0.03984109657276336,-0.04830024898768292,0.048046668575524636,-0.007874164112633485,-0.009382377610175033,0.04243193477258403,0.10272933595614228,0.014591094963113213,0.026564295485938538,0.06151599469959848,0.02314984644524436,0.021495167483208816,-0.03979927282578616
CXCL8,,-0.016474498471934614,0.05214911291271811,-0.0016932229745022934,0.15860951615870897,0.22015350369602626,0.1372001415390868,0.07846246943436198,0.04207036598892427,0.09678761139822868,0.044006787094740846,-0.07529452277255494,-0.07459850447695662,0.06961482095731965,,0.20240388010018248,0.015900820990861955,0.02512950316446286,0.0003803488761567723,-0.010630997244429416,-0.052370395946422024,0.03608190203739047,0.09482934246861806,-0.10076586733552031
GRN,-0.12146094442772716,-0.11140241563786388,-0.08455095380571544,0.0011444898536528464,-0.08650996782927207,-0.08876254346937093,0.0026505708569458156,0.07573328526029019,0.06666834526971983,-0.09717708825012476,0.004582764291281698,-0.17658350071006382,-0.10423652332460673,0.034147788684540596,0.09785062900457527,-0.01927618423620901,-0.0669779949633437,-0.06042988947021188,0.03577846869270465,0.047195148840087846,-0.09516298995176853,-0.09028168597696067,-0.07151436397058919,-0.03637359127633569
MIA,0.06874682207932165,-0.01126054431887859,0.05098492253901657,-0.01954959750482138,0.046985820804417606,0.10375296739426404,0.027372504994587946,0.08223477081725204,0.06419020184527958,0.032061071226698094,-0.02240670047363772,,0.08763530452555501,-0.013750601751282069,0.0433980644732255,0.08428057151591899,0.07914690800203844,0.0535391007113101,0.1337721394601577,0.13413333083785223,0.012976554050992423,0.14397406377394928,0.11845504379911584,
COL4A4,-0.04957254553576089,0.026688600614812832,-0.05507139474875333,0.010165767438082812,-0.019796466077131886,-0.0018171955267331573,-0.02013408151113761,0.06235419548178124,0.01736713621246656,0.044893959640351734,-0.01420472003311919,,,0.010921545989018566,,,0.031097117544312415,0.030330273057658053,0.05914637546365775,0.012886444314444433,0.02118307701869018,-0.025326103964608476,0.017169293921145672,
TAC1,0.03597257661467729,-0.031170665201109577,0.048989290204817994,0.05041760801350645,-0.07726022055738167,0.028112841647949305,-0.026062599767745366,-0.10961461409199066,-0.05097302198729831,-0.08412451823027373,0.0135457809954773,0.20252194960108771,,0.023690194012986523,,,,,,,-0.05370524741542885,0.02881954943389112,-0.059765340854340834,0.2616037236553703
RARRES2,0.190024286169981,-0.004655770606809356,0.08578091321816286,0.047902151763484134,0.09947976245436232,0.05004940259318673,0.08303907520345744,0.07381612171507945,0.12105375898505331,-0.06861244911700523,0.023036822465299082,-0.07831798148864148,0.009317088227707724,0.09055153578501622,0.04842140880190286,0.0857073973092681,0.14566588717054155,0.11080722423659156,0.08188420608722385,0.06998073142958255,0.011741260301782706,0.13329340737864867,0.12487784109368226,0.06043034394035163
FGF7,-0.019687348744401905,0.10176835161260736,,-0.014569692345443214,0.04189655542357282,0.0013818329498441054,-0.024045911265258017,0.09638245561715646,0.04017673478289089,0.021867983526898296,0.017088152524689034,0.021516385874730964,-0.061798282292186035,0.009908659082907872,-0.0017378600327042548,0.10480831629049668,0.029195638477405996,0.09290415336748059,0.0716737309085908,0.04786247977888366,0.0204400237942275,0.11651844551433725,0.11762806335120608,-0.03361001678694368
EFNA2,,,,,,,,,,,,,,,,,,,,-0.08487757237037818,,,,
HBEGF,-0.050881203735573734,0.03310647421483643,-0.03018070975739818,0.019296455596992206,0.14421201403714703,0.0912778815732394,0.0549221820036487,0.10487008870072072,0.08773468350256586,0.13492157674108246,-0.01886991270761534,-0.1611712618758269,-0.04590321086416109,0.034350442496654275,0.05315895044439551,0.08975550579467956,-0.10762111706132194,0.06173262819111871,0.050960120009310925,0.08753480734365897,-0.042238644333487015,0.01539699051144185,0.12450956188188078,0.010784448665880736
CSF3,,0.10914287507525645,,,0.1043527781775091,0.10308835684093247,0.08038941826385664,,-0.03661096137868243,,,,-0.007217989220692757,,,,,,0.006342995591170955,-0.005415568380469687,-0.006319878223693908,0.01314632567142339,0.06698244787338174,
PI3,,0.008679079327727787,-0.008001540924430582,,0.09647982114861467,0.07472887547702396,0.06309154921389411,,-0.003180281578844891,,,,,,,0.04138887110943756,,,0.01732301574443622,-0.056800473646806696,0.058850332485246515,-0.03270800866490293,0.0840822351169375,
PCSK1N,0.16236970895388106,-0.0020548380273674193,0.009579034796934496,-0.019056436279853445,-0.16884169859641507,-0.1382228668911472,-0.007088694610645186,-0.04986015109685003,0.016557623123126454,0.009229408531137785,0.036743798599898986,0.3022177678964076,-0.003052065244553379,0.009014037656545524,0.039968578217950135,0.014822423091337944,0.08593049773189129,0.12910881675261682,0.01545826381488763,-0.007074772615182382,0.19278163436118723,0.11369154526489508,-0.12404340873026747,0.19513260977323152
NTS,,,,,,,-0.047611194491122215,0.02525048108694964,-0.012233815741906844,0.005043087435748452,-0.045772532836662036,-0.04779348230479464,,,,,,,0.009848006272867863,-0.010562349680186748,0.01759319082485178,0.05672280986969138,,
SFRP1,-0.08324894051146073,0.009179275200513084,0.07012437373464626,0.02379613725376485,,-0.042882396981551496,0.020254299480371486,0.1565218688918484,0.11494671446392522,0.00578772498956178,-0.0268596062909523,-0.1047388484891165,-0.012630350345356728,0.1081829109011017,0.02680323455329822,-0.014585902624539219,-0.0791756293114138,0.014977471067269951,0.08045406515700206,0.018318001281769344,0.031596122718612896,0.045837994140963775,-0.0005321098119664801,-0.03820254075067253
CXCL13,,,,0.015712544579914972,-0.03420486227765014,,0.024518770893781853,,,,,,-0.04908395423112291,,,,,,0.0033817092802629722,-0.010685352891419897,-0.03763950789064059,,0.16205057584575958,
MICA,0.08239712487173394,0.0222228315831717,-0.025299362201367775,0.012016723932731201,-0.0001984994234847464,0.05786401178211915,0.043556835279091495,0.05658288335742569,0.03635778337955556,-0.00566684846268349,0.015291765975344476,-0.029281088473630736,-0.030139427864616097,-0.013404259980137957,-0.0023386313777072685,0.027689309401149338,0.03838978993113208,0.08151042238541142,0.03806914172252589,0.031144400795323164,0.02465981340406264,0.06902019231166853,0.06879562219084583,0.2121726001713066
TG,-0.051545483486217826,-0.03873151260306717,-0.01491178367734581,-0.00498458001113724,,0.003160931412699373,-0.06504660589723667,-0.06433533577261735,-0.00389732931044677,-0.03406402621460769,-0.019438180235909954,,-0.07169181238869357,0.02713021096838076,0.04884666578917722,0.0720981089117968,-0.016733168371850383,-0.03437685105154501,-0.053709982974902766,0.03470601892984798,-0.023314755812229047,0.016189667023169103,0.04795072293319673,
ADA,0.06971390379711738,0.03470563829230496,-0.06935031963769185,0.012338693442041582,0.03322333602782539,0.01707668036944199,0.029159514628825496,0.05886566716032873,0.08864615605304901,0.04861785967300021,-0.013470014471654879,-0.10333768362307798,-0.09563733562988337,-0.021580749472209417,0.1561439113765363,-0.15423700119956774,-0.06367618551516879,0.02747474550614789,0.012857926036974828,0.014364795324811984,-0.03701631000046111,0.05049829065206973,9.291323251741984e-05,0.08456234710730882
LAMC3,0.12985326589846882,-0.04458870067688556,-0.06825257787659325,0.01533331592314728,-0.12228189725130008,-0.060371213933271745,-0.019216317036835188,0.07208697343372253,0.08822145205147915,-0.008319996664096298,0.024311307400541955,0.012546843666664531,-0.10525382495399584,-0.039205801076782926,-0.05675839778386989,-0.1572657128563193,-0.10849974818135477,-0.04071959932116057,-0.058820669427325264,-0.0036866079721656207,-0.09744654695925932,-0.04816592004933316,-0.024629119839236383,0.04781144722790321
CCL7,,,0.025423658731729998,,,0.08259714604714243,0.004563424920917621,,,,,,,,,,,,-0.002614862826416051,,,0.002893077570286912,0.0835858444925504,
NGF,,-0.02598543555469227,0.012918086873563973,,,0.06640531584145515,0.03823020489395787,-0.019470492462403958,,,,0.03365842259622814,0.0029185002368822617,,,,-0.026436489333632428,-0.04506805840591636,0.04730239230654803,-0.004468234457821214,-0.06641415969372905,0.02182230500281487,0.04424365337268219,
TNFSF15,,-0.034649388291816116,,,,0.04219358203787117,0.06611987648023424,0.015963138634432057,,,,,0.06241376663041634,,0.03946599499317237,,0.02149143272599674,-0.040500508372273016,-0.01132749495168491,,0.006781196406848364,-0.02413182723649269,0.06444205067213636,
HMGB1,-0.031178653302006705,-0.06883743230521001,-0.10661751251074278,0.1275396402618733,-0.20369467916620135,-0.09354359610085587,-0.07122158193295286,0.09013875261427971,0.1251930522999203,-0.058123327324128636,-0.08042989838466415,-0.10657971888176117,-0.11483493724903926,-0.0044479038971317235,0.04859057313960227,-0.17419257182244166,-0.07479378640926276,-0.08184178113477568,0.010449865397732471,0.08268246454311391,0.030669079089606595,0.011556647204304285,0.005651394423600726,-0.07019690094019297
ITGB3BP,0.07399776198846812,0.16775390790676611,0.014393770007652441,0.02266537773336176,0.07373965287532393,0.07234457425173063,-0.011643375710316596,0.14038381849970114,0.11884029281978248,0.0016962526222175198,0.011765430119259748,0.06219120443882087,-0.06232774495338036,-0.03661715987148652,0.021246603842339173,0.06698776834499838,0.07762115806409459,0.14788365994977193,0.092931478950036,0.04303141918737727,-0.004182496904420456,0.12818686564320575,0.038673438604998646,0.006375534831154844
AANAT,,0.017738752770448115,0.013776091887298484,,,0.04327309792925761,-0.009428314067764768,,-0.0068480768494984115,0.060038394602167464,-0.02240670171995561,-0.03076203565033622,,-0.029737275229049277,,-0.11301474814112351,,0.027257354187126964,0.034453473043166566,-0.010824457040409489,,0.04287953286006636,0.009981607274642715,
RELN,-0.04552016244236179,-0.02566478404064349,-0.07480678812550058,-0.01471668937784793,0.01541644453380943,-0.05078970290720568,0.045176579542319455,0.003924940200428179,-0.033188858588140635,-0.0514995096183446,-0.04414034236625975,0.08057714066128657,,0.03650355491822386,,,-0.0019218078204805403,,,,-0.035509035625054475,,0.00043363282419569914,-0.03777312561774419
IL15,0.11133750476714636,0.020549134548164042,0.011823526560705113,0.00432493548296203,,0.017965239077284104,0.06400270042883964,-0.022418655786449478,0.0017351918592462252,-0.00013906874206867677,0.0651522691315007,6.986318193785879e-05,-0.06090136089826092,0.02786321293254328,0.02465156013677641,-0.06583994886892633,-0.0718551129449191,0.016295554381983917,-0.003554949692717938,-0.0013235131799298923,0.057256761708705514,0.056400556197832796,0.011737759401867132,
UTS2,,,,,,,,,0.10010658806996314,,,,,,0.02212018355008343,-0.014001366243113524,,,0.013017370390858093,,,,,
BSG,0.21671931610318498,0.13885255104021987,0.04586347530700946,0.005119879922573108,0.07877731374548667,0.10435063636208826,0.08276452613263753,0.0734315419327294,0.06186338183155809,0.15035746255913604,-0.043060124414944285,0.2668833031758895,-0.05005494093636612,0.05410599980524092,0.11857243643645672,0.20389002597342953,0.01801901646369204,0.1249131681099537,0.14786164345997713,0.028801802659993277,0.023215832716246953,0.11601016008858381,0.07995968728901023,0.13728688796110777
ADAMTS3,0.06171149885519652,-0.029136621452495775,0.05846819634988866,0.02811323128099511,,0.015509497996632027,-0.03453180840820002,0.03700633430364456,0.11393887163735011,-0.000739368102618062,-0.00549168529510539,-0.024057614286876406,-0.031637079420362584,0.040946108522403685,0.08556078999312279,-0.14621700542364544,,0.06241584024569797,0.10527967478185642,0.04321703035061668,-0.019417611135694155,0.1426231312744349,0.06579723924905795,
CD34,0.12071389375079926,-0.04823884638504718,-0.09918303186945164,0.04472610083223528,-0.03402025308002246,0.004343536418413643,-0.013265683803835254,0.09056659948198616,0.06928775588169085,-0.02047944134691001,0.03430699337856612,0.07966016147793083,-0.0762598433008197,0.02191578665506208,-0.04300965296809009,-0.16370754187005893,-0.052452093400784786,0.08313849387716382,-0.004345485394261128,0.02250900970176617,-0.07423399335938276,-0.007984871653382611,0.04381261312734849,0.075728273279182
CCL23,,,,,,,,,0.03633420326313824,,,,,,0.006346940712439254,,,,,,,,,
PLAT,0.11564127220384898,0.016942473134328975,-0.1251896839182038,0.04082935788091952,-0.11591656584224203,-0.13949465392886537,0.012377076993981068,0.11503369843497119,0.13157011932122042,0.06611257631999054,0.005932228243845872,-0.011772325706900903,-0.0014950892866127132,-0.011720819926306176,-0.03740001452565605,-0.05459408208393666,-0.08401441367338688,0.08164513393965823,0.12146437313763694,0.07137168390938947,0.04987649803148846,-0.012937258960435441,0.049328461372653246,0.04645407174740115
NTF3,,,,,,,,,,,-0.036169761796042185,,0.07752701642190327,,,,,,0.029804660925964076,0.08402376343478851,0.05616917523973842,,,
LTA,,,,0.02433818032100691,,0.01576040842957281,,,,-0.032282723529286496,,,,-0.009333431718773832,,,,,,,,0.0015106505946645907,,
CKLF,0.011616743558295457,0.06769958346887811,0.005313331437452644,-0.04274021160024407,-0.045492344694735155,-0.024901805087760645,0.04026934943604489,0.07906533116993393,0.13404825599485742,-0.02314832978010251,-0.04779878397253786,-0.17005741637212266,-0.003667716995533357,-0.0037526867771689315,0.07535896980630646,0.013949503386066826,-0.12711704941270235,0.032536323101292966,0.09093115282822617,0.07432347285543535,-0.007605606645418718,0.06720541736808236,0.08053456543310362,-0.07202285228392616
APELA,,,,,,,,,,,,,-0.04201710200059345,,,,,,,,,,,
CD24,-0.006907518543690126,0.14076966493097448,-0.02278537511672125,0.10181765004582193,0.08229951643806727,0.10819118938233255,-0.05371165401289459,0.1592508335947501,0.06436222615899172,-0.09267425831108879,0.014885946488514294,0.0373141401971847,-0.0340889883208407,0.02840900341853577,0.10412749922308132,-0.0011278685613742773,0.28058932039285017,0.1847081070934178,0.07041972022784566,0.010550371767115289,0.12589595202950318,-0.006494809659114554,0.008014639452444013,0.08453010419209141
HSP90AA1,-0.15968362821553084,-0.09144066038083364,-0.030251462748286273,0.11044079372043263,0.10003395569159726,-0.054941005679683144,0.022638877500029426,-0.1375429115939186,-0.11621478661511125,-0.0381955094302487,0.003556129531817735,0.31699395204917885,0.04920305328448782,0.06929142281271507,-0.03865787072272119,0.12897471540095162,-0.11956138020008898,-0.14146704600458437,-0.13055470489253976,-0.07687847251134719,0.019117318694467287,-0.06039488109989305,-0.03903727257649499,0.09460453316948349
BMP4,0.025352926536462907,-0.02504137960614978,0.026758379539768194,-0.028118970252139348,-0.06594525423611265,0.08160095798038174,0.002184934931439443,0.15725623963995872,0.0045270135732615735,-0.00773508224485161,0.063086232477959,0.060071180565615126,0.0072248287419183444,-0.02555215124820419,0.023290691339985164,-0.0969276030673543,-0.008818101180636206,-0.01359668121231416,-0.013245507775376369,0.012010483675430962,-0.06687815784590266,0.009425573400554839,0.033244418950412184,
SCGB3A1,,,0.029744680114741878,,0.0043258447415231915,,0.009334718808359368,0.04579735256138596,,,-0.01890027205377404,-0.013592251258630669,0.013306834919556093,0.019613923152066254,0.050789299614528494,-0.120402185728618,-0.03608661409624134,,0.05097602895553246,0.016977745512747233,-0.003388503015610017,-0.02321565343669103,0.08156948516763461,
IGFBP4,0.06384623704097041,-0.036567760954198406,-0.0778606131009085,0.016392098928806522,-0.016204845730751843,-0.040235422777204544,-0.00802377411459615,0.14016376448581294,0.0842733115481603,0.01484544025763958,-0.0437694081916067,-0.10516770658286136,-0.08004021836454768,-0.002450299071036649,-0.08860417572224076,-0.17280479456404615,0.017478429674974812,0.029826636416184486,-0.07878013580029188,-0.06219752691152445,-0.10843281203778996,-0.037263990931643266,-0.0774619330794618,0.10577824226403718
RSPO4,,0.008284761106742315,,-0.00017995139592935668,,0.01941743676056731,-0.038653342733157924,,,-0.015468700644529444,-0.0189002692891817,,,-0.007917517433967427,,,0.045228696836693526,,,,0.006405491373512732,0.11724520229467092,0.10311088143350222,
LEFTY2,0.00554915806956735,-0.05009382490478021,-0.018498506796368847,-0.015591805120445041,-0.06033330407314108,0.01320778776967409,-0.009833054838765141,0.07381187473551197,0.10001995406498981,-0.06917466028163158,0.07603916594633821,-0.003851580185927243,-0.044151178404144,-0.02951567816526147,0.0032049985619552303,-0.12327277492874007,,-0.018718556776494432,0.044539985310037396,0.03772908682747638,-0.027957327412812708,0.045338136244189996,0.028619017560245444,
PF4,,,0.029837002470182675,-0.03175127756304022,,0.0008044577853436807,,,,,,,,,,,,,,-0.07951900245584045,,-0.035336738755545986,-0.05131390451954645,
ANGPTL2,-0.00865563905574924,0.029632627083308195,-0.02877176598931784,0.02565851788314889,-0.12459481675246145,0.011818980389626832,-0.02720197750573705,0.21054978617313203,0.09133616264384382,-0.027156391767402102,0.042070018210857436,-0.20406218925931963,0.16427053687671206,0.03328888398562967,0.03188940720134476,-0.10111751476457381,0.015940998431677095,0.10242161986675552,0.04528893143583692,0.012735772548315394,-0.028808775866335633,0.038428293638705965,0.04694025986647109,-0.1024111816446515
LRIG2,0.0786958558384501,0.13178841796184848,0.07302193501470941,-0.011784816811257258,-0.0048648366871948566,0.0036668374176034653,-0.00700612052646506,0.0838799987994145,0.07280610879552256,0.0035608976678144317,-0.01998245301201533,0.03500137031933285,0.01891646482071142,0.04596249952391236,-0.000531885897991815,0.06041730856055549,0.03453679367928309,0.1427313344308503,0.007895572913677021,0.0681779917490359,-0.0185060862497517,0.11692222244639684,0.06467863481695188,-0.025002574589675253
ICOSLG,-0.07094540716593148,0.03556526311790332,0.028803528053900927,0.023101566620106234,-0.01565956049956432,0.0324637190178112,-0.0078012398197007315,0.12428646329460706,0.0082469073882487,0.051938137459672865,0.0043266528829498324,-0.1354746408844454,0.012515176041967769,-0.021718045074471743,-0.0374862540007898,0.0660637517404093,-0.012867547251857415,0.06384242759986548,0.09349675810010058,0.07588332181560717,0.0271883562086962,0.11790163985372312,-0.009224452089968789,-0.10885164944120447
WIF1,,-0.04880797812556057,0.09963402821726923,,0.007929992685679786,,0.02272096186181922,-0.09950001012069555,-0.03668879477241116,-0.02416230227841417,0.04821360765302599,0.22725010427183936,,0.06802415266225205,,,,,,,-0.06612162084634977,,0.018493748483911148,0.31385883075012005
NPPC,0.10096945040446947,0.05504306797718155,0.0340887757871134,,0.09049392130041245,-0.03079764947926564,0.0481542511094272,0.02667088772053481,-0.012612704648219083,-0.028789155493620846,0.017240366550417434,0.1109622540274277,,0.009792438873057294,-0.045980328602279144,0.005348489297295523,0.12832473382995876,-0.052905203834986016,0.06914579714087601,0.07254983969446342,0.06072474288947351,,0.041255869657543666,0.2203443126438018
LYZ,-0.07039414767905484,-0.0019968225266040877,-0.0014408187088198565,0.0028235006145705946,0.007877219437340703,-0.058234245867641365,0.030054520337301972,0.045246239511449626,0.030950431266352597,-0.009820009066381915,-0.012838465927301621,-0.24456673305112556,-0.029500141588787148,0.028852109259194274,0.09005280871326335,0.006038836090456552,0.1157210748065233,0.02717597632668851,0.02536125231356285,0.01324597266983585,-0.036702026736318755,-0.04545564366894217,-0.03563032026704315,-0.0827414857552238
EREG,,,,,0.06882553893681634,,0.05191012511799626,,,,,-0.0226557418653137,0.0004965605137316772,,,,,,0.00644158504746041,0.02088342131506087,0.006331801198851582,0.007817265915623676,-0.026892871716034033,
SPTAN1,0.13098658518455777,-0.03106357630854883,-0.05905697909097496,-0.002434012625667306,-0.10111612227625379,-0.1933867089074215,-0.033827245350032155,-0.0035711805992318267,0.03755193778544227,-0.08161246859298953,0.011035339876941119,0.2898239883510815,-0.03073823576816482,-0.040877496708711755,0.04933502781322718,-0.07364184553398113,0.09092582123012977,0.11162410648296185,0.05070943103759142,-0.042624142922304105,0.05533044651865878,0.014140292909666298,-0.07688287616513742,0.19026743051357148
PTH2,,,,,,,,,,,,,,,,,,,,,0.0022777892200489844,,,
LIPC,-0.04087647521474314,0.0584584411862999,-0.012271968229948653,-0.03332908670399664,,-0.0031317959171066156,-0.0026630349576305793,-0.0597014480035919,0.013650688450385856,-0.005838105584877193,,0.019921310286639952,0.10899372665923654,0.0684460642043437,0.002493247848359799,-0.05496106392430753,-0.06911617987084685,0.04370766400410289,,,,0.024935009240121143,0.05043061658306156,
COL8A1,-0.04970874537617262,0.01869552905129396,0.0032489839764822327,-0.04493957804484913,-0.10008946049362949,0.005549765632018527,-0.027594346341157237,0.06661042235881758,0.06168760545941886,0.08033746496533996,-0.009253489118073844,-0.09390153869857072,0.1017505995533288,-0.017399664953236152,0.014715710200554608,0.022709175963238216,-0.08459719402075194,-0.03313966743885638,0.13704576731094853,0.05094374331490395,-0.08012026656556295,-0.07526245464080765,0.04343897661861467,
GSTM2,0.07375654226803557,0.10134207353786615,0.0418130810026868,-0.0030290459725638816,0.028106421332875744,-0.007367801542564294,0.0012239471336856723,-0.04485502475593093,0.06858709107972169,0.014332421720812078,-0.05028529563352422,-0.02108364643595819,-0.0625425426708527,-0.005476172193475833,0.15908839983730513,0.013499511380369703,-0.0003915297264339283,0.21254870068174406,-0.0010453991889322466,0.040136346014237614,0.025436766087668514,0.10038932761005365,0.05266164747390764,
IL4,,,,,,,,,,,,,,,,-0.04743558292157277,,,,,,,,
SPX,-0.017303078127056223,-0.05720401182307696,0.011079483033847861,0.0566636355284138,,-0.004113344265431277,0.028960530262919674,-0.03019624151421556,-0.015743818873496972,-0.05394077127937507,-0.0012982523315144465,0.055864589163675794,,-0.013526006024468401,-0.005187464165101159,,,-0.050202945601012024,0.03646744338816669,0.03420463053815475,-0.04346243836255686,0.12696956232904144,-0.01133430171395468,-0.05833469578023583
MFGE8,0.031365977003009346,0.04350496043760944,-0.04908846747674355,-0.03809161793560622,-0.028124885304429713,0.021657845597832466,-0.012906860336592765,0.0852187212826836,0.06631161059790154,0.03419138703118475,-0.016155688394609374,0.14489699383899923,-0.027788258817891286,0.018246328519007243,-0.009403136598701433,-0.09872837798031635,-0.027780255416498624,0.07506949192187393,-0.041879906140435526,-0.039641929582443114,-0.1506583159752372,0.050437810648658495,0.10799525906609005,0.03127711508392442
TGFA,-0.11024525095971933,0.21707890685549092,0.029214713520658218,0.06042674099814917,0.11757385689977456,0.06830244772855443,-0.011127132966726384,0.12908468286415986,0.0642828345721272,0.11828548030274655,-0.014635370623673241,-0.10483849905103317,-0.014182099625704483,0.07882708654342939,0.06881108206049501,0.20850911294139776,0.0715030611936293,0.024284951478899985,0.12339215607843212,0.11766321640730677,0.016272975507663635,0.14303965251270312,0.0547379228760014,-0.0686097056049977
SLIT2,-0.025065496148869066,-0.08138779428992021,0.032354404245854076,0.022456133077071016,0.0197520124585906,-0.04417754917185366,0.05852347023295088,0.026877177916488134,0.029454678098414604,-0.010539151678138903,0.05669183291968542,0.18503436197291176,0.03288164173961377,0.02428990685851194,0.027059806988014,0.0534053256281698,0.03343389451111292,-0.07448820315882933,0.16043203097752048,0.02060439834302338,0.0640494612502252,0.048138937110599404,0.08056624348060416,0.11334606381574937
PLTP,0.012648963901928493,-0.0436806190202297,-0.012335296090065952,-0.01767477826040925,-0.1498822479228491,-0.08323540173490042,-0.007808648778237935,0.09477172975153578,0.06981613426925055,-0.004433320383662378,-0.05582250790424314,-0.28192987324851315,-0.059594949194396354,0.0025936990842824123,0.0478523324496016,0.058932260491332156,0.029784465459042436,0.1670403363343647,-0.00598163346978561,-0.04013674841863709,-0.09779214852932813,-0.05011893152225288,0.02022492373561867,-0.021675589656486402
APOD,-0.1910306073839504,-0.17192131717465847,-0.08077808778616007,-0.013179175189525034,-0.19096693758688174,-0.06524106209327413,-0.12241108517834325,-0.02914464858844412,0.024282214336389142,-0.10356466865987612,0.01083272356762817,-0.1924994849902248,-0.022333091608348062,0.006504001175998014,-0.16993994562571985,-0.10534294415443189,-0.11615477178399446,-0.20718781373312356,0.09644426824834072,0.010334886977772509,-0.1809654829696928,-0.11958939213406487,-0.11408102098163113,-0.10259486596406375
B2M,0.08499252850270335,-0.1890216977751275,-0.05984604763009782,-0.029413369617195394,-0.1480172618138544,-0.03248627240626465,-0.0244963617001549,0.06049876985333931,0.10816165994074475,0.0011475115692876356,-2.9829970753268235e-05,-0.34652119445585344,-0.14334635802919915,-0.00025224132452946347,0.04093003975755307,-0.18656197775937328,-0.07878359501648594,-0.1975056952353692,0.11559346521233974,0.09457453863141294,-0.1179327697241231,-0.1551086487425075,-0.056023789648725494,-0.192867571534968
OMG,-0.11479495177518957,-0.018185342609727505,-0.0020202707356915934,0.009519813601207777,-0.09222598309566427,-0.09768234710920627,-0.08377184751579123,-0.01705263781855705,-0.045953805620372296,-0.11281759787876613,0.006053211696410659,-0.026143521602217473,-0.03269624036050251,-0.022520204936470337,-0.0740245558369571,-0.07047832556762558,-0.09965047993457657,-0.14222180832909642,0.0060431082305680344,-0.006538976398142909,-0.04990893062361976,0.07809161376421495,-0.11633254840154467,-0.10496240239538399
CXCL3,-0.03393976602283382,0.038191993191061556,0.007201010359186849,0.02436664555335402,0.10177831013751079,0.1247280895491267,0.1182499824376265,,-0.025221811548997834,0.021771039541646393,0.03694343357857275,-0.021953067672567262,-0.009737869980726597,0.01920756269150399,0.09426138635682431,0.14969458813360617,,,0.059106478367216685,-0.01314387263506104,-0.006575316106911219,0.04155768436601559,0.06723186179670769,
CXCL10,0.0975328769569774,-0.092684343820505,-0.013841739929548692,-0.023208291239410945,,0.06633507993484612,-0.017883951712534523,0.06201733363354186,0.14748106774045794,-0.01688271783101578,0.006373394741078858,-0.05256421982831236,-0.03516546475796083,-0.023735998811755494,-0.03840533375384056,-0.0006719151088226568,-0.010218195014665402,-0.03429026843010749,0.031246464498264934,-0.0393671419926295,0.015897656456139594,-0.006119936851264411,0.03571578213559711,
RSPO3,,,0.0013516065354048582,,-0.061257881270017335,-0.023552387353160092,0.04628703417060387,-0.04624231174363998,-0.04042387770452119,-0.03228795555003517,-0.011382306968981109,0.11729065693312206,,-0.019152935164329962,,,,,-0.013643906782753281,0.042971677041652404,0.028003516808645573,-0.0068481911217996025,-0.029796853675690557,0.2191069696753728
CORT,0.022128154549773103,0.030155869329916957,0.02053191998409012,-0.007307695053036169,-0.08758136282426325,0.03663811969024183,-0.0006571254421530385,-0.018019298894832295,-0.04258826503192901,-0.022677427237274894,-0.0019999659389721455,-0.007828020104622293,,-0.02184947405305337,,,,,0.015466711787014222,0.0018697844906020726,0.02674387081744912,,,0.13435401531673996
NCAN,-0.07359466306110314,-0.07257119392438525,-0.03915365181529233,0.06788350250192314,-0.07791839975446917,-0.1895384036399546,-0.04358383842280865,0.1146303402567188,0.08132878655803162,0.039497826429617085,0.017805518472102155,0.22812695496176194,,-0.10162815744650103,-0.06242702341010536,-0.04193649989347317,-0.12186966265780591,0.018595079682728687,0.05088150890573726,-0.030455030721938087,-0.009346336396906015,0.1378349275013135,-0.06655422598484469,-0.015778869267452762
PRG4,,0.08722592090815881,-0.01725472610953343,,-0.038331772557345975,0.103673551192316,0.012846711104109163,,-0.001932720739626715,-0.0036726951877072787,,,,0.019384560109577318,,,,,0.023514994096430042,-0.005153805304965094,-0.05322539464464614,-0.008613425445519648,0.0120313102262253,
ZG16B,,,-0.014231923604476743,-0.03820750205549123,,-0.022933874434809022,,,-0.0016773557524476209,-0.000758968120734036,,,0.03946908606133038,,,,,0.009872501038041196,,,,-0.016047393287831325,-0.005277807612466774,
TGM2,-0.057281392993784076,-0.06235899683992662,0.019233598934704322,0.0024751126970885625,0.08421752574285242,0.030512690453695448,0.09406719900920747,0.01871634591063963,0.08691390577156163,-0.017941583066339035,0.03510710689719865,0.006092930459492356,-0.005313981043591542,0.0025664124986839645,0.031760188518812335,0.21937613766968392,-0.060020232883454656,-0.015040280393196184,0.01104622923174114,0.06899777457163991,-0.11870125756180162,-0.014094205340261911,0.021474696167617054,0.09718365092418949
VEGFC,-0.019789307277787844,-0.021305405626573664,-0.050512712328499444,0.014426358262733538,0.07913396661001418,0.03907907452517081,0.012487433412579093,0.051927154064680174,-0.00457130326485065,-0.02452273802122886,-0.020385090295519208,0.026696671993462942,-0.016141515014656636,-0.007896090312878551,0.011740532116828217,-0.1164441073224213,-0.009147337957028764,0.04021723480117075,-0.03984731045237159,-0.09213813826594114,-0.026644099127778566,0.035769220194311724,0.08570391930134214,
WNT6,,-0.000997016704906526,-0.025319727944246778,0.0022645145722103633,0.04420599808074786,-0.0029816284683512355,-0.05378931666041476,-7.652385752507928e-06,0.034369779430174205,-0.05022723925054903,,,0.049051199210227,0.02526196907867379,,0.056590951615565314,,-0.03249403903009266,0.09190254390941369,0.08024067731192464,-0.05220675974617506,0.09524047612195022,0.01691520919498534,
NRG4,,-0.0034967023813127687,0.009234877631913191,,-0.02316846946728673,0.026161201198172876,-0.0004975236099135884,0.03774302970998914,0.015912463897064587,-0.03727732306728411,-0.003403467782857349,0.05549090366638311,,-0.0433563360849075,,,0.024299901544456284,,,,0.10577158632257201,0.05740334998830143,0.048205039275787225,
PMCH,,,-0.007847939249558854,,,-0.02359155245578835,,,,0.03435728868131037,,,,,,,,,-0.050402703535539335,0.008076790831592967,-0.03450755807742102,0.022968572718908856,0.0741479216912251,
COL9A1,0.03573852579965846,-0.08450732331435294,-0.02841205664549142,0.009993795536681227,-0.09885214370395243,0.0008470649630375761,-0.06579476279115938,0.18035844796387704,0.07280221183758141,-0.03403346839320192,0.044214862120539954,0.1426529982279039,,-0.04247612049274265,0.04981472867095523,-0.004462277333714502,-0.08980184063629466,-0.021933663306794852,0.05411214153210491,0.03888773537453021,-0.061362468287152507,0.13571409307292204,0.1099425076034637,-0.007301746540424622
GDF11,0.013812556333363854,-0.029209051153353826,-0.039033832714832566,0.07258170160723132,-0.09547251733563918,-0.05139969428247572,-0.0649170528356605,0.12306591943105047,0.09971474550550044,0.027481110569926963,-0.020003796933057098,0.054174466315468295,0.07082598875384892,-0.047027108752070085,0.11776503869194697,-0.03430267061650432,-0.11272876044418526,0.03714317037601676,0.0007375230202297116,0.05509076318869263,0.03929738099287193,0.1136671358028715,0.07806834075611531,-0.03635661635680583
RAET1E,,,,,,,,,,,,,,,,,,,,,,0.005673296590937539,,
IL24,,,,,,,,,,,,,-0.03672810307694448,,,,,,-0.0419719619298302,0.013718370388597051,,,0.05566356930053793,
SORBS1,0.05166404855813431,0.009966751315371461,0.033690739191232305,-0.01766981204218271,-0.022763024321952766,-0.08921102671856194,0.04133981018814104,-0.053393472475846165,-0.05784131187411494,-0.05590083811760597,-0.03492680246186603,0.0006145830851039053,0.02695044152448435,-0.07032962674539431,-0.025265935492769374,-0.12531026464682993,-0.09339070363965048,0.1414298809180387,0.027614668349799868,0.0123989397869146,0.028911547971000137,0.04396164612371157,0.0005544167996515221,0.014894278544274893
DLL1,0.05236628335313394,-0.06983020002280871,-0.0017162173266127114,0.08766145896850495,-0.03045478718989616,-0.09606995789104558,-0.019640532885625395,0.12818074148980976,0.09951935857084185,-0.05210305958489636,-0.010571001207749484,-0.03238218085932597,-0.007003985668061094,-0.029350775293012554,-0.01482362652455437,0.02597431844852897,0.05057675406408723,0.09615473422847051,0.06657322226684441,0.0035228016870203454,-0.015945770522188502,0.08786473490156181,0.03639624773719829,0.10953611054460108
TLN1,0.044516212579555584,0.10058456133432057,-0.015474691869723054,0.03906171913563145,0.11584241982791119,-0.059012673135386516,0.06832717362483955,0.167145323531005,0.04934813512033833,0.007477803216178201,0.036424589451023615,-0.19531747108251987,-0.01999200528873246,-0.025414958856981123,0.017869823011552693,-0.058873984246095586,-0.008824458264160664,0.08923114974300214,0.013160480478457621,-0.05967754346161568,-0.09569737089693939,-0.0723930097303935,0.005214511191760854,-0.05147205490961923
COL2A1,-0.024361572548601735,-0.07604194720215063,0.018048508818867923,,,,0.06272553663475505,0.08431083100145938,-0.01017381327337824,,,,,-0.03025966483479286,,,,,0.04416306890378345,-0.001765878382376204,0.015142573985796793,0.01476366112042914,0.19000855672361142,
SHH,,,,,,0.055827425622011276,0.09984384099897581,0.044175077757037134,0.045122450817385376,0.07435570965645784,0.01813963150704376,,,0.07351357235877766,0.0386589653957171,0.0652995004232442,,,0.09095270316167235,0.08099536639888769,0.03710913465548851,0.06987547768726025,0.11716566710948219,
PON2,0.03891474381890089,-0.010556799710478326,-0.100817143037551,-0.013625128005462365,-0.22239215293764691,-0.2204333297342669,-0.08053685982101165,-0.06641992871910135,0.054931369878503986,-0.03224276885134111,0.013394235478786116,-0.09879075948631795,-0.09119014537374547,-0.12161309128825647,0.06581937512937877,-0.11674533248740765,-0.037188240219917276,0.04156501224413278,0.1466163011311227,0.04399457293002433,-0.10862195599620347,0.06537098364504382,0.08053220995736987,-0.029487076023346076
ICAM5,,-0.039068818499786835,0.054663921864678736,-0.0036052259012095593,0.03151729160732291,0.012791747533668078,0.008678231377773502,-0.02439799295357638,0.01281422845071629,0.04569147904960617,0.011545982754461424,0.22848787915629884,0.06019093822037505,0.015753128494551797,,,,,0.036929877649285785,0.020643088360734897,0.05374519181603691,0.08787894126211117,0.006831803591502353,0.15346910325546617
HPX,-0.04893469284626187,-0.011533034523270076,0.007120769511184798,,-0.04341123065106764,-0.014402005782803496,0.05674491352673141,0.09717382703328196,-0.019736048388457217,0.14082209190688036,-0.018900270126936826,,-0.003631341440853607,0.02859152235306509,-0.04738731486309075,-0.0173940606019062,0.034978016700646986,0.10266487107341735,0.06483570575312493,0.03770614434455363,-0.02586438943112578,0.1604266587229989,0.12877183144462034,
SFRP2,,0.008022759512017454,-0.03575015593197483,,,-0.010729879575086074,,-0.012361370443742732,-0.012479611477720556,-0.0314173621862934,-0.013718552021031722,-0.01887477820119911,-0.025710644433049143,0.013772296252416919,-0.022107470580206123,0.07755308259179867,,0.042359572030287534,0.10761270340142516,0.09053772164305195,-0.0006747020037087843,0.10624897815608472,-0.02085171984996729,-0.0565545468015013
CFC1,,,,,,,,0.0469129366231444,,0.007881822523497143,,0.042824050670989704,,,,,,,,,,,-0.07466133171142986,
CD70,,,0.025271493867395807,,,0.1327826413992032,,,,0.10264884005758058,,,-0.04741239177769192,,,,-0.007879503089937956,,0.09578668394475055,0.052005131126690765,0.0014895586169147328,-0.02856245998399431,0.0707709316012109,
HP,-0.0959916335419223,-0.04190617306328321,-0.0016309470183003612,,-0.18133901848072673,-0.05992462678227565,0.0285113546714965,,0.035879697577280906,0.02146420322863865,1.987120914738042e-05,-0.10796947666727302,,-0.007334476696567488,0.01765241054478683,-0.0322718948316963,-0.0010107942621944855,-0.03144480762777456,0.05149457992940716,0.015140195547288772,-0.0634542163691198,0.07983432636481602,0.05862735408685348,
CXCL2,0.010709007913122083,-0.005487832162802515,0.01987796112593948,0.018509391678134732,0.05854658852046993,0.06656237591954807,0.10935715890523472,0.043107743050279444,-0.01177521664972296,0.057990353748758036,-0.015527217834186435,-0.04305731002452683,-0.041999749061306525,-0.038099769468734744,0.042105856616957336,-0.016820762000380733,0.13004103892736443,,0.1319749851530328,0.04049506138400966,0.004889776056164857,0.031218265241201085,0.05643096936536347,0.046414388945724215
NPPB,,,0.05264742430992283,,0.2057515852310357,0.20115761870363139,,,,0.04248911528771657,,,,0.10106763585337698,,,,,0.08250431243607824,0.10670029840487416,-0.004661586885153478,-0.01989863518393152,,
CCK,0.1883999507072537,-0.03177761112017298,0.016475431057253832,-0.007420224671944907,-0.08053328549074992,0.0038411070256994416,-0.043295423887458065,-0.14343115543382454,-0.0696594507768444,-0.08146961486201805,-0.031740837370400926,0.37072569817464696,,0.01317981166163278,-0.00017787389173554882,,,0.012206590677441956,0.07008800290078256,0.01767544595896094,0.0003202230170807701,0.02889087172090877,-0.1764493524914087,0.2371598944663797
SEMA6A,0.04979926052726933,0.031796907548633756,0.059522902746235465,0.0332197752770415,-0.11749085006977965,-0.09942505785975855,-0.053082637641452504,0.08765763334423746,0.013562218615483885,-0.052495974361453576,0.011418714742671603,-0.10547254292998852,-0.045668974709284396,-0.01324320801347706,-0.02328782614094347,-0.06396686002870167,-0.06512609194325915,-0.019803759973739142,0.005198452238509369,0.003286871698555289,0.008334279724918249,0.07729754436351023,0.15864130817694488,-0.16814891170190704
IRAK4,-0.009355996786592982,0.046420143972176434,0.007275618494507554,0.00835188891788143,-0.01801630799578917,-0.0425795613803031,0.05895109721203988,0.15356540146276249,0.06567157851552571,0.025402640123134184,-0.0150091654442133,-0.01227676166895065,-0.007729292063623395,0.01825822519151806,0.03806247783704275,0.006459803382822558,0.05342949611329565,0.022247937788815793,0.03866413237862228,0.07708465440405728,0.025539047211829674,0.12873403907631023,0.10662465852226015,0.01810193156541434
GSTP1,0.11481986609200559,0.040481044526905666,-0.051752288564146265,0.03184490754243418,-0.13241319792045186,-0.0093878890585061,-0.07727101124043459,0.13657919736348237,0.09818581762579126,0.03693618177892537,-0.035981969264804785,-0.2635119813422927,-0.08108210554064665,-0.04267105460251214,0.06126636174599041,-0.06597384175659805,-0.09785258548188963,-0.09127259464237401,0.10598443664493745,0.13174886715258116,0.035165605713827694,0.07660452245259304,0.15286209264138562,-0.05511715893126214
VCAM1,-0.02140217452171009,0.024690196682500016,-0.05517425898008983,0.020481272551751743,-0.09691761762187473,-0.046980718103794325,0.041293977607834376,0.08540446362490708,0.061870656181220215,-0.04111401585759564,0.031761885783018626,-0.06010592484918814,0.10182317455371102,0.012323043857098537,-0.0067068865089590785,0.12493806059905799,-0.04974735292416175,0.04837630093103144,0.0707013809786977,0.021094612641849215,-0.027624606107887823,0.09415095136056567,0.08449494250663131,-0.02029123713487383
NXPH3,-0.048187992217612226,0.025890842955173698,0.026233766974725185,0.032627773975189546,0.06077528694911654,0.051440182172957455,-0.01755479125067825,0.21935422332592794,0.051567871390986314,0.009862791761012209,0.01984672608954283,0.11089182806936121,0.001192682209828931,0.022419206809136772,0.0344354915855702,-0.07036046171826854,0.10918188820123131,0.10215384572735288,0.09876065161749363,0.0625787433008134,0.02009131479661043,0.14223676206534475,0.006068551894969438,0.09800464908212629
MTMR4,0.0743700733759283,0.07877173293238342,0.04791934146877731,0.06847632890798974,0.044981215331996276,0.037859394114987614,0.10278939080053058,0.11995002472908305,0.032771679318545924,-0.05408873259527895,0.004688348735727788,0.06816350569524961,-0.013614073411285947,0.07171160270239821,0.056549172028362356,0.06968393322346342,-0.06768836197021705,0.0624492676923498,0.030892149877815564,0.053946242775943426,0.04628169109850116,0.1097975534235389,0.09356874192859639,0.0474458106379401
LAMC2,,0.011802548038445786,-0.03636117091012497,,,0.11968297000219462,,0.013204608452426856,,-0.012248945085306676,,,-0.02208103526036602,,,,-0.035348435651415704,,-0.035028860749703516,0.055630492396003324,-0.061812160032094436,0.012832447142426198,-0.03757205185264544,
IL10,0.06645685895519503,0.05648728424650841,-0.002397583946215885,-0.044090779219846776,0.02801061783343929,0.01719237287898689,-0.0025615681962655834,,0.10609654444630401,0.020807046911451587,,-0.07661165078579354,-0.010546917385237534,-0.033267215907273516,0.01642554003420543,-0.010109969664323407,0.025895682991414586,-0.032040801895255065,0.0752366690939465,0.05513649253805301,-0.0068742024331404136,-0.009774932392766462,0.017158077829666853,
SEMA4D,-0.15371066404873485,0.05240055616771478,-0.008651344334116748,-0.006265242046687416,-0.11752408333462712,-0.011165327696564687,-0.03718538259229223,0.01016839167826237,-0.0724654332092409,-0.022155064058107358,0.047821210675737566,-0.1968989938345405,-0.008904114058497259,0.04440398448559703,0.005565613543283565,-0.012909531567504857,0.016392494197009642,-0.023147540836520635,0.01853964454661352,0.09805960381439328,-0.020746409419701548,0.06757031889209349,-0.0189792007053007,-0.181494776322564
TRH,-0.0140913186450412,0.06462476190609612,0.009105555804691278,,-0.017645803447621098,0.06257540132793468,-0.017398937706988124,0.09960214961208447,0.06512670783242665,0.04235741063487138,,0.046111398891490345,,0.007054288449034543,0.04159889750565846,-0.011073985377346617,,,0.044111956836832875,0.00725054118938236,0.06218101925705457,0.019692433606918438,0.03244416829089002,
SEMA6D,0.10276117435032238,0.017518361785532656,0.01976117976449128,0.05138727499864906,-0.09729703339580742,-0.0936865202470442,0.023389717631708478,0.1506823011714238,0.07761068625213208,-0.06883354673642138,0.07057453998353526,0.04972001328622358,-0.017195722910883636,-0.005234516178509735,0.046932615042437696,0.0258053025406334,0.007277144943604055,-0.03565711743963654,0.10634186444948424,0.09920606016790803,0.11414426484284654,0.10107122707426922,0.1077455454837933,0.10089728944685904
CEL,,,,,0.0789095702633539,,0.007545975179301569,,,,,,,,,0.06956883355419545,-0.08312228173622462,0.04659747655368034,-0.023769690307138863,0.043901764830735095,0.009562019249339805,0.020666013584554745,-0.02792088506479369,
PDCD1LG2,0.0007179542367030048,0.07256769033587528,-0.04021694536778052,-0.02046489610500676,-0.05774418134931626,-0.00807212534804844,-0.03176822305622957,0.012997750173698457,0.07364566296536575,-0.03556130881653552,-0.012959542173065183,0.019862274251650387,0.04198510693551871,0.06699373200331446,-0.033480067301547976,0.03488604161268601,-0.1531448750069482,0.14328836283655952,0.001796227341226046,0.08844923809810788,-0.03854732984251799,0.05186109773183523,0.053235027028133396,
SPINT1,0.04114130695242307,-0.012703322422656272,0.03457628973868993,0.021485065158016035,-0.045015035196530814,-0.031904013856251336,0.03723950285885437,-0.003915554984595086,0.060729530365396855,0.014629994062291138,0.01658951791589413,-0.03653335454435614,-0.01908658079010664,-0.018013354422267314,0.06429369482093676,-0.09791995529911098,0.1292895087042837,0.11501280327580059,0.13286166506231256,0.08246426623733247,-0.0025124966618450787,0.05235030534710258,0.0878524990116421,
CTHRC1,0.08972050240221277,-0.04354943185560455,-0.0520463323399701,0.012386361950670399,-0.014832203757568226,-0.019491735021542677,-0.00904088299043585,0.20015151115608426,0.07558012938702464,-0.0035470534486657522,-0.02426980951843313,-0.04613409603207284,0.08410470490198103,-0.0010015393155341993,0.010431681043829905,-0.02572251447000706,0.003042202155312735,0.013983865559549937,0.0317532034480776,-0.004670726947850152,-0.08664524507211796,0.027191547129683767,0.011757842229211534,0.2128484442471234
PODXL,0.03280011234000817,-0.09602319496953536,-0.08533273738087938,0.024332522644960084,-0.1524677473744302,-0.08088011513221241,0.02351037230407385,0.11796783056578362,0.07660814875796826,-0.016208610150701182,-0.023612905157977388,0.11981841903423564,-0.06386732220479939,-0.023984533977355876,0.0857666958006596,-0.11929613508676995,-0.04077713256378985,0.054273428348413304,0.032841375164548825,0.06831007248727283,-0.06461482825054288,-0.046759330140170585,0.058548749846555684,0.12270173430539393
JAM3,-0.0008974814918510405,0.10949918241457134,0.020907301357894783,0.014880843076857768,0.03154360021357222,-0.05151449081716723,0.051167345297921725,0.0453783122165598,0.03291539929939653,0.07547080286420282,0.023888579557291616,-0.22237566189725771,0.050041356613164896,-0.012827555888001826,-0.004292637271995483,0.032806826567952176,0.02999153371003569,-0.03981357762313395,0.06661963381012201,0.05999488234108926,0.007297672103092455,-0.08999911394358995,0.08235512140093461,-0.14857815994876652
TGFB2,-0.1094510486641416,0.09566822474394619,0.007264652399800586,0.022330432368939963,0.019988642191646356,-0.024175562154644076,-0.008638688958880229,0.017572587860148096,0.12329004499203633,0.002278683665512063,0.03673821648986923,-0.004415356593715708,0.0037540800529243363,-0.02610816598763281,-0.007626098108782851,0.014231705709412372,-0.07308782070729042,0.17877741145627682,0.016118314357160334,-0.0011014130340075347,-0.005189718984961063,-0.025846501009793927,0.041180087604661665,0.05500360596490329
COL18A1,0.057816261970445974,-0.10777386404936622,-0.08352554301354052,0.05751075769821119,-0.21290229758650464,-0.07486637442337538,-0.02431070010110518,0.17593848792572844,0.0792797151420929,0.0819428192992735,-0.01589500020999116,-0.11054066769657307,-0.07884913526933278,-0.055133093714834366,-0.04254745555728626,-0.18143341172234903,-0.06439937207234599,0.02006132047410134,-0.05190939690092197,-0.047856265082524135,-0.09098361246915286,-0.11783714416921383,-0.11370542844671755,0.10050693638112085
NODAL,-0.09086250501321257,,-0.045533079768372474,0.007788824874354664,,0.005236864907979778,-0.07863653869276781,0.11878977004906646,0.15040591765011924,,,,,0.030173064851971087,0.09471327450958443,-0.09933271684679086,-0.05779333585993011,0.01697291109594568,0.011712825226593681,0.029954081632421022,0.017625788648084412,0.10714155257564598,-0.04656875683865218,
INHBB,0.010449350861721865,0.08602503731917996,0.014802717222431669,0.062456730890708585,-0.031678539802622085,0.012696044829301313,0.008868711442147062,0.023120104979404518,0.06044238900813839,0.019099142603923373,-0.015629934538033838,-0.04401244852291607,-0.0418001736815866,0.020203277899946425,-0.015482519783031116,0.15600675950690346,0.12851460582831586,0.07566598670619322,0.08892419250676956,0.11510488357233543,-0.007509494033007594,0.1595678234543545,0.05230506686845732,0.030716479889370714
LCN1,,,-0.028445457902305994,,,,,,0.012610976800197835,,,,,,0.07761992601722584,,,,-0.04859100870837321,-0.014751310626469125,,0.015474496022993143,0.09077638187837166,
ARF4,0.04185452991977757,0.040608644924824105,0.010010015474013777,0.025200328757121162,0.14566067632888413,0.09999707004717043,0.04412820774747618,0.11493722263855426,0.06635434794958354,-0.007657027455714304,0.011807604619692595,-0.06331280532275405,-0.04260879442695583,0.04076911928821716,0.05469963062193851,-0.12564905919438646,0.21283257437548347,0.09252319852234515,0.04992820035281429,0.045499904798515386,0.00882895121208515,-0.041981601641924896,0.012783657932956619,-0.04419250951937408
CXCL14,-0.14193300625806507,-0.0046159788969033335,-0.0294154554137339,-0.04906912963889833,0.06470723914417423,0.04136356631355571,-0.014860316418776203,-0.11921456627288038,-0.041956115220215376,0.11231939641944917,-0.03784311640559334,0.03727662697378296,0.04794712887532684,0.001657783212032845,0.05125228629340013,-0.017745411831165035,-0.06184602191870933,0.11924284546435375,-0.0867345300053074,0.0010845925120295686,-0.11050701668750508,0.0794000915327985,-0.0016968077036824145,0.11657847087268185
LIF,0.035909468965055945,0.06466598336353793,-0.023257742400859722,0.0059713575496574255,0.20361152048563136,0.09229776898903848,0.10272149597431483,0.0803569582849697,0.03924519447865244,0.05442211399991537,0.028284425884003983,0.00019871196999838857,-0.05600737757996796,-0.04374310660393281,0.045274449200511276,0.11533581040475782,0.026329320818291747,0.11367016386968994,-0.009410151542519804,0.0027693529658643257,0.01223730825269716,0.060431224911345505,0.16406714975839312,
IL17B,,-0.039398878409090045,,,0.07533013386744375,,,,0.07395061552141233,,,,-0.05814430066595356,,0.012348142886966161,0.021937467435021032,-0.024697010235899236,,-0.0520800501403245,0.0009609013027232754,-0.011552980481027587,0.022957587240256285,0.017551813370691144,
MMP1,,,0.04456448379602061,,0.1553985895088034,,-0.00022302066140158345,,,,,,0.10924193865865285,,0.054655044212384145,-0.1259414419729814,,,-0.032230642885560955,-0.001808955842089057,-0.040030674533240496,-0.03325629449309276,0.07268204213340733,
MATN1,,0.038772797041820656,0.019474524087765205,,-0.01908973366003357,,,0.004270150646198947,0.05762739285203884,-0.03682252607485571,,,-0.036728108370871454,-0.030259661069122357,,,-0.04826672638160075,,0.03883655853177487,0.07576534715043753,0.0004451395445663131,-0.03316795861766719,-0.0050877201172295486,
ADAM28,-0.05774358674838964,-0.011894801139535888,0.07285166819982239,0.03292019987205344,0.010559621279182425,-0.015048985390491303,0.04388550885879078,0.026785995972944645,0.057070339270435345,0.020931494480992772,0.030486640856313352,-0.08395612714309118,-0.07272192335470447,0.027068029885432904,0.10355833331606064,0.12232679391255118,-0.03569787771932007,0.008712374600000064,0.08630383151430286,0.08173638866545535,0.014384872194211031,-0.021788932593008677,-0.008623659271767696,0.0125972489629502
TCN2,0.05273283791260003,-0.0015923143098340283,-0.07494923301191928,-0.00621492335242062,0.03458930745823616,-0.01180136032233379,-0.03970050947470726,0.06460613334863155,0.1353289894669378,-0.040396890968234817,-0.0022996699093899274,-0.11017311382241049,-0.04787024766563978,-0.0014322764913271134,0.024692013934067194,-0.058005959545686596,-0.02208617599652491,0.016165075969635092,0.0073922581273815026,0.004771980216675965,-0.13794929755161758,0.024959963288334882,-0.07024126291549657,-0.02448622750136814
THPO,,,-0.024112599684693835,,,-0.01796602966051176,,-0.028781134854871247,0.08085151223601954,-0.04334949323923404,0.06346645515109393,0.03028644061005037,,0.058703246800692596,,-0.0567350263783786,-0.007927465331866482,0.10278837295807042,,,-0.036778203983167605,0.05443581291714284,0.05845954430925969,
CUBN,0.0011701354386873244,0.15703011849232096,0.020529915827355076,-0.051684209612378504,-0.047090979301174694,-0.04845561973902407,-0.029181389185457946,0.08249270547090855,0.07985258886154477,0.016659755909387033,-0.004177095756931121,-0.00943453546571432,-0.0008427207758060598,0.0237365175321035,-0.020955491705884188,0.033803250177589964,-0.06170283505675339,0.0773787206981583,0.050491409885990796,0.04492812685931282,-0.06393910403144969,0.1269918732920301,0.08871789210596417,
TIMP3,0.0246016087467729,0.07277050963324352,0.08278261111006614,0.010477524193123469,-0.015401456405391286,0.11330801888266247,-0.04127746083969094,0.06117874501716043,0.0405761750371344,0.02226611325972607,-0.016690145658447033,0.10056930051786447,0.013505459034808228,-0.015968523311334203,-0.0501709130317288,-0.09315283717667482,0.06712613118706884,0.12742859620663644,-0.07290451701817247,-0.01313644418109809,-0.1743036281607731,-0.05114402181033055,-0.03046489556410779,0.07536709183507324
PIGF,0.06912021142726976,0.02252287529421975,-0.010919287275513084,0.05977117034325974,0.022310836196639504,-0.03894954046995474,-0.02433162054512259,0.1416104611733807,0.09594546738411348,0.05796540459617263,0.02061451339770822,0.037623613554649445,-0.032310583338687845,0.014726964032324694,0.03927806106549679,-0.09521026325961757,0.05329229196081325,0.042788008993091944,0.1403365088549136,0.03506260936051783,-0.03227442082459799,0.17482176063573712,0.06445815530258724,-0.0003926142585978938
CRH,,,-0.023160891755322228,0.06135820445462747,,0.015865072790272862,-0.042078605993437115,0.0041369229697970685,-0.053131495040632054,0.03836399383660123,-0.034909832788529375,0.07685071757613837,,0.019358107007545606,,,,,0.014782976867509741,-0.003972802040524429,-0.01592911737920888,0.020182165534252238,0.005053180987174209,0.054717961004223034
BDNF,,0.00851011625582249,0.03730244519425275,0.003981402362102011,-0.03485070261875297,-0.01807924875148083,0.05573013151359932,-0.020666759448254916,-0.0028896241264486544,0.09593126332616644,-0.03029825491397714,0.036529531921234565,0.0021904297680458897,-0.034080154079577735,-0.029963426778678557,0.06962231802646221,,,0.1060273556502837,0.007329606581652567,0.043719057508695265,0.11583398470171302,0.1816791478293944,0.2662133249661261
CCL5,-0.10304911768186138,-0.018556790529908537,-0.08235857275606046,0.028137770623682078,,0.015158275424379319,0.04285833300665129,-0.022575876349414593,0.06316523986225726,-0.03290556538892169,-0.0023949218212604654,-0.06908408026989832,-0.06289801846333874,0.022754432564790903,0.012696055162071715,0.040298356331853726,-0.10087183624571139,-0.03999809865305901,-0.047385893889980726,-0.013505224366863812,0.0552312889567983,0.01431724865829279,-0.02586627690040536,
GAD1,0.08623879600927926,-0.050489352408369395,0.006689207203395343,0.05130916761222484,0.026716021610366122,-0.0008753541189611717,-0.00680211349064532,-0.0700376704852327,0.021468139201794464,-0.048056555770606316,0.019774129485980754,0.2695363346501792,0.0021145025459100323,0.04223512074005419,-0.026350297471375864,0.009601604851791888,-0.016971236785868763,-0.017107713831165584,0.11561383052684715,0.1324403007160111,0.06910631556347988,0.10847628049594911,-0.10360108309925309,0.2221300039242047
COL14A1,-0.016072061566655617,0.04526712424531993,-0.028922785241315748,-0.040805780655104804,-0.1061643549134269,0.011128974720875496,-0.005404295021764851,0.11475211726309562,0.007349354492100852,0.042468169520630754,0.008184200099381245,-0.06403968806443155,0.03667558071399347,-0.021749357805149985,-0.022041039094186272,-0.11760226066558312,-0.12998714434676742,0.0158111598732194,0.09288696294010894,0.07852447519273216,-0.006529136798269336,0.08160819546089154,0.04982825657501067,
HLA-A,0.15565547631468046,0.04463409016403882,-0.025310134147932362,-0.055700119065010455,0.1252429280929326,0.1605897313514019,0.042687935341096765,0.02029169051092121,0.13522952418131326,0.10745099118472447,-0.032293731416483104,-0.3247332245007566,-0.06800995565680747,0.015422920795995736,-0.00465628802636334,-0.022831845427806363,0.13920711051345386,-0.0006094020267889676,0.032443032853907185,0.016667677606825207,-0.002265375835987737,-0.044458578076753415,0.05391018981997131,-0.011185982682115583
CD5L,-0.0644084924286991,,-0.0078119282108311885,-0.04077830973659729,,,,,,,,-0.016076906682496034,,,,,,0.04274449988149185,,,,,,
FGF18,,,0.00012808204755823842,,-0.0018144626948014932,0.08998453395586711,0.06209310794807073,0.026102407746347943,,-0.012794024914639135,,,0.07172614281527953,,,,,,-0.004540337399954488,0.0011901384212992105,0.05038573314047715,0.016311461225001513,0.11371837971024228,
ADM,0.04456870090854375,0.19170685527587247,0.08723259041419108,-0.02038679403465557,0.23919364009747787,0.21179389190820924,0.1409328457465892,0.12022988724948015,0.033498569058037046,0.16317691224728023,-0.04920653035764968,-0.03214155579111595,0.07462365489477218,0.0729979194258893,0.014543645897440376,0.22562944798701465,0.11342356177056741,0.20446289664333206,0.13229425875484174,0.09492487182652765,0.06793536841212935,0.07116490724584504,0.18021215534510274,0.0723688152273529
CCL15,,,-0.0018186208703257294,,,,,,,,0.011280813885129602,,,,0.001936231122191847,,,,,,,0.0012046259751106961,,
GNAI2,-0.042192071347511,-0.058638713272739895,-0.0754133716192377,-0.04500913126083196,0.0013156704344411728,-0.10227307293364825,-0.02121528826881325,0.0967212765218362,0.059801218397245164,-0.019085579207827594,0.0355567647849012,-0.24554001020952437,0.025673114570969623,-0.03942648813212795,-0.006574334032201856,0.07906613489766041,-0.0694240750867539,0.062097523776168076,-0.07762271952047786,-0.0456673676801291,-0.052062378072057436,-0.065072404776542,0.07529589313668676,-0.11110028448577046
HDC,,,,,,,,,0.07549674357290914,,-0.018169223174760687,,,,,,0.04264325172710234,,,,,0.1275449032110428,0.08765294446402132,
COL11A1,0.017196513267747626,,-0.003326748788490045,0.0032467727379938928,0.017705472929249712,-0.013889062875742129,0.030939922307345068,0.22820586992567,-0.033989380282674515,-0.004326401279986257,-0.004100078572273851,0.13035204479110526,0.07262810140859834,-0.007368778879497747,0.04257436030981951,-0.031704781851504736,,0.0339854644182441,0.18626432439967017,0.11042246950055641,0.05829392087543567,0.05180920224680001,0.20477733154053848,0.029628392453981422
NUCB2,-0.016287766525433445,-0.051537198918363565,-0.03599139972719979,-0.00721618847822817,0.06071156212156953,-0.013568900181961281,0.042427423674313756,0.03501695610006786,0.05348817705991819,-0.0050085036262980595,0.041905422371718085,0.027367305134126222,-0.05752571928520126,0.06346211286755085,0.03414850043978435,0.003925353149776152,0.02638193582792614,0.01270560754917304,-0.018813633231560482,0.04675922882311499,-0.009807200150606305,0.008914565459119823,0.011182522807879153,0.08392568575155616
FGF16,,,,,,,,,,,,,,,,,,,,,,,0.012943814054392972,
CXCL1,,0.04178920106123715,0.023445017566808387,0.07904842955663034,-0.042982578941564924,0.036552487951401584,0.030202450191889572,,-0.016542280445897332,-0.015628234205056463,-0.007914404988497726,-0.02214761987802033,-0.06379307266525627,-0.031743282027712,0.013252681912725092,-0.03547166095795293,-0.010212660830643176,,0.045831071457206635,-0.0008147949798121263,0.027189955129928726,0.020691353687052823,0.02962764939401676,-0.03750859056414332
VCAN,0.08935581925306252,-0.09894823198808296,-0.02055125220082527,0.0453832175514617,-0.25999713747710623,-0.16048381004037857,-0.08844766936770006,0.2224382134503893,0.0689398713965716,-0.05997288118106484,0.004760009522521409,-0.042784124114748426,-0.07533099852072697,-0.08207656698214148,-0.08993459360511291,-0.15418511757215203,-0.09563493210132831,-0.05495183644218224,-0.013529953282815865,-0.06437083842769681,-0.0033447575759483635,-0.12275457115309166,0.09087354429997102,-0.15993205857615886
MMP7,,0.018900173473201727,-0.029367598203480946,,,0.05019015081683181,,0.01196289078024155,-0.02122108951294904,0.07299738197220297,0.11182318008980958,-0.04189047066729595,0.021269035229458035,0.011646417753003334,0.09559026110285075,0.0809793471805051,,,0.0860372721265884,-0.0160112564949058,0.04096113371083237,-0.05084225680392627,0.08387628186290495,
PTPN6,-0.07583195000151513,-0.07061671995998263,-0.0474113614584272,0.0017030774701043557,-0.04649397641030788,-0.01786997007178624,0.015026237384894264,0.07415088151476515,0.04648814545141223,0.03517751043367855,0.01468584002153077,-0.08911257942554231,-0.09416847315610799,0.02140982625770047,0.034629493503055074,0.02761063946799103,-0.05754284008601257,0.10696930068486604,0.009954784381448289,0.08069841259066682,-0.007876821319824447,0.0818279516882277,0.0006770432493412551,0.008701750381222562
PTGS2,0.03503180316807877,0.10470428995437088,0.04294040812015476,0.02627331181474225,0.13546932700587905,0.18805294495084626,0.14578363645434447,0.044551230615366276,-0.06926438081466221,0.0753377373151749,-0.007111768111509609,0.017581346528794752,-0.020117100472765638,0.059984400339084094,-0.04244077446266497,0.047961687210889496,0.0630604128545474,0.11999830845622649,0.02778051833681523,-0.022273298278330064,0.04156300466618445,0.11802832588426432,0.10826018957904195,0.19073866288954783
XCL1,-0.04375134156011961,,-0.006374213774582105,,,-0.009654448920528429,-0.05169134125895592,,,0.041912797254390254,,0.00040895600692727736,-0.050125497964398684,,,,,,,,,,0.07668346200642029,
CD58,-0.002021226613748444,0.08810899938164976,-0.026834438418176638,0.06979512284890292,-0.03590180044606209,0.03118394430157274,0.031176001743970217,0.06831009527952624,0.11822415600511153,0.02664218530611318,-0.012811112024433744,-0.002272241514902233,-0.0389531110399955,-0.004672534938118688,0.06996509039809846,0.028856243585425732,0.12995479840764917,0.05768103002694687,0.10998736239490069,0.022984009907391776,-0.052936361207296986,0.027720832786499217,0.031215914588683676,-0.06844622072009376
TNFSF14,-0.07939826224863053,-0.025249950372807257,-0.02128315891417588,-0.026739253483395196,-0.045629392631521555,-0.04518205326183719,0.05522401416055382,,-0.009048030400773201,-0.0034885407954879976,-0.02072437643096001,-0.1074778845832683,,,-0.012208402891422424,0.009212443981093296,,0.03784290736964597,0.04327000740360298,0.012032147648197428,-0.0683796453057506,0.03288106969033346,0.06364049819591953,0.08012650078618351
CNTN4,,-0.05819833462925565,0.07440638085228467,-0.027401252314678323,0.03600663521464721,0.01828389982439495,0.023116487995767265,-0.01761143240936415,-0.00781962042550129,0.014420315342568185,-0.020733594576430384,0.27289223572796806,,0.010615679915951703,-0.02752950261665568,,,-0.049165255740231284,0.002157830415987651,-0.009910465760402594,0.09089881711758525,0.016207381875119914,-0.051446961059909216,0.17562491872670125
NTF4,,,,,,-0.017741243377751188,,,,,,,,,,,,,,,,,,
INSL3,,,-0.023858673857192154,,,-0.016546433641496168,,,,-0.028792309410263034,,,,,,,,,0.047854852677933685,0.060303198188533434,-0.04502559727813787,0.058594511542393334,,
BTLA,,,,,,-0.006307129937404886,0.02637772767107226,,,,0.005720409133079668,,,,,,,-0.016190344361690485,,,,0.09611165078516776,,
MFNG,-0.029680711699785433,-0.06580223099472995,-0.03672433221001673,0.09854336304448608,-0.034732069437676955,-0.09975907191406998,0.010389202465785641,0.15313411408637878,0.08039535468863879,-0.056459157939247454,-0.04615093690115849,-0.060130031336571334,-0.0030087582356303987,0.033354336096700875,-0.024908600783912143,-0.036288243506566155,-0.044424771456383086,-0.010278203334228688,0.04171743976264199,0.10797931526454434,-0.0477691618519001,0.0536409747327776,-0.03672982031587555,-0.03760342876796887
ICAM1,-0.07616708870458028,0.031659616901983344,-0.01692440456830689,-0.040374212553173125,0.1285243608404939,0.10908510292752392,0.11500901722033982,0.08211548624940987,0.06203083700515342,0.018033725270229284,-0.037664420278809854,-0.09779689426104907,-0.0764642081454303,0.11558267232932448,0.13791530795274734,0.17234012248959887,-0.051025281023685184,0.0854935044729339,0.05492408675831491,0.006075826817468069,0.03612042773048881,0.12079902439823996,0.09828706121945333,-0.07955039363341795
PROS1,0.0039350079921705505,0.08101672928085601,0.014792992923449703,0.019658496776732,-0.022891242048644136,0.0314043514550276,0.09369756462326158,0.15115275439316275,0.11563104245558514,0.1220530853698311,0.0010934312614546647,-0.07740799729101407,-0.13033357068272422,0.021477176554444134,0.08858515047451279,0.048259254402889036,0.08042115061450754,0.11376820270003157,0.1493272166230003,0.06004962216429518,0.01334828582374,0.03576148618739449,0.10919681407720688,0.022024798115699393
CLCF1,0.021053118993870523,0.039441355628166,0.007639510321590256,0.021129076686111272,0.07109155362325134,0.08960147672633277,0.04679117095780147,0.11593124265491436,0.04258028849032515,0.0335745789225649,-0.01364385416403919,-0.08171651334269363,-0.06328265156919172,-0.006237470292112518,0.06914375710783661,0.12967949057375894,-0.042828588502461996,0.023642630783014134,0.02289442529824719,0.05757482341073854,0.00028223437162821114,0.08140811228623053,0.18173428195016939,
PSAP,-0.21473930157277962,-0.049052995644216224,-0.034501294401542495,-0.0414627999165292,-0.09256760633759217,0.09924084642486439,0.0645779444693707,-0.17360610483625571,-0.09379038596749607,-0.07723947093631829,-0.002927967543638753,-0.16325686209769452,0.06493923069752155,0.0317180741079462,0.12584237754413258,0.038891779512339214,0.12174825938705076,0.03323866947868015,0.16781254203810905,0.10401735970992197,0.02749283119767465,0.012393981505538514,-0.06343098025224699,-0.21059298409152089
EFEMP1,-0.11646452202313329,0.04659175718742784,-0.004769440306258304,0.0547081995809448,0.0053927717736458386,-0.029108566905139344,0.030753619142321,0.09763018310983661,0.04578884052859057,-0.06361456046909156,0.03269021744628239,-0.26392795052780743,0.004424556690330533,0.033454876059732894,-0.0017239592802584382,0.11293874596984352,-0.03308168244628341,0.08951666574489309,0.14337839720821158,0.17162553327041968,0.02102544543550577,-0.06435017898129296,0.09742183147456328,-0.13856781211860894
C1QTNF1,0.0991932898177733,0.08509748461363636,0.05213274687113578,0.014222679965246638,0.09483309162387471,-0.05245232639472133,0.023208989166219215,0.1179771160627888,0.07879070533492927,0.008692627167983911,0.020775895378820807,0.01593214887074516,-0.07210774749982801,0.022196567879935986,0.026936155498465442,0.11198948983205315,0.012032985324661648,0.03063025921989952,0.0995159606078986,0.03901788588585292,0.027181840602459453,0.09560185429132079,0.1365813270698092,0.0813432683305575
ALB,-0.07862560247146701,0.0008016309790344012,0.022022354084479438,0.002746980653075806,,0.057575688065713504,0.033072040527550035,0.05534079364127996,0.014603673373502095,0.038914849606694876,-0.023538514485578414,-0.12105277416914295,-0.02345927321795404,0.016806674097424073,0.00890915551963788,-0.027625241720439907,-0.03919701085328032,-0.0045357410157357255,0.07717829451359734,-0.029498111886904755,0.0298622241968632,0.044423399104989394,0.04902569036280741,-0.0470686944138166
CCL13,,,,,,,,,,,,,-0.04135182565745573,,,,,,-0.04078263723540378,,0.0036934011423173495,,,
EFNA3,0.04494528568548976,0.01092217883847449,0.064885900126462,0.04873855303943181,0.057674802503504374,0.12651052469692603,0.10392476739574615,-0.057818582707642265,-0.040431627657787995,0.0491048663930199,-0.026447934738916486,0.20449921903849064,-0.011817486953262419,0.04725128872783788,0.03127901431016238,0.026240366055850003,0.0558434189616475,0.3564698514586937,0.20705891956136271,0.07172460619703262,0.09920384356128888,0.13918622275540363,-0.05413567343026007,0.20300169206535698
DRAXIN,0.1028252912763163,-0.03785232792042605,0.054249551743105376,0.1617285151681694,0.13467534627579267,0.0004020125520199409,0.009735629172172864,0.2022729504562612,0.07990132706574539,0.07499818573645785,0.011611171201150334,-0.02488733469265949,-0.04112069394612433,0.007910602853423548,0.014454426988501386,0.21192895853328875,0.06778858584569734,0.1522846808621314,0.06866732378685536,0.0155544684587147,0.11355262168054124,0.09123137291735496,0.05070525294627279,0.19455952654653175
RAET1L,,,0.006299884792377146,,,,,,,,0.027288018576206417,,,,,,,,,0.08425174662848138,-0.007266529278673812,,,
NPTX2,0.04704687019108503,-0.06751145857371611,0.10769653529825929,0.00023010168033209036,-0.03668940507261129,0.019375858677550765,0.005184221013258734,-0.14311946668624567,-0.09584989919743667,-0.05854444439486654,-0.02490868107947777,-0.06685400463480515,-0.07504300937765004,0.05176052588575112,0.07920223154424996,0.09202402473910908,,-0.007845571108980702,-0.0424768962788163,0.09480237509463893,-0.047660520224486365,0.13447405555719155,0.08165992106852156,0.16228297641717837
FGF11,0.1069453865680452,0.2135139118770769,0.10012252882980582,0.09966143290741705,0.13353158473104576,0.12019098623755921,0.10800012441854467,0.10192739273270347,0.16368682870919796,0.054161001189512774,0.028994844384952177,0.04770287445511032,-0.025157924346238706,0.07716619744557308,0.03548573532407996,0.23715452267462625,0.049682876675272956,0.12303892151967813,0.12749395798640528,0.10415592634231766,0.17963486562125358,0.16938948674619242,0.13494700181232225,-0.08311874262778227
CD59,-0.10035279323626675,-0.0011970690341842438,-0.06834446119559577,0.013814442249996416,-0.04452498887253773,-0.09934647187549443,-0.01853928580662275,-0.10481970901594602,-0.05815222050604871,-0.11744316589853594,0.010562239635045151,-0.10955447617130462,-0.07037318911756969,-0.0245364401830113,0.0749335683511835,-0.1560917721848295,-0.12129716638522826,-0.053995930087415676,-0.012447014162617124,0.008088228106004545,-0.17980151181666426,-0.09176189377488128,-0.015119780930407297,-0.029233110748813552
COL9A2,0.0863887049504614,-0.028692008830565562,-0.05457846636553962,0.002017642389498994,-0.07533058048089969,-0.0812090549451818,-0.07932125992769007,0.13518353823492749,0.054459775472978374,-0.062364073853563705,-0.022549134147374306,-0.10826914563168555,-0.042661276734334216,-0.04854758654699775,-0.08497794428400238,-0.09245191081745843,-0.029369091945050472,-0.006596258091396948,0.048253763453268816,0.0083109542147685,-0.05235528353059623,0.07918862919450777,0.03332103393806995,-0.09021586809872818
DLL3,-0.11826041715971157,-0.05899406458625524,-0.08963678748918356,-0.019793797213720193,-0.1396913786988007,-0.15367122070647835,0.03664487789205349,0.1324884934766188,0.06203924900681508,-0.06138284934918692,0.010451595173686436,0.16728904714026138,-0.0011497557814784374,-0.034014108951568006,-0.028551356495811423,-0.09267467190714809,-0.07287425073582374,0.09012365823411805,0.04351619560541496,0.05480208456038952,-0.014770007180508957,0.08694621015733846,-0.021885066468044202,-0.06653320910963881
FGF5,,,,,,,,,0.003965122724074241,,,0.1201568615047546,-0.0067371195650653085,,,,,,,,,0.007262687262413538,0.14112306755268883,
LIN7C,0.00017157757943785058,0.08512951494811355,0.026387225989007463,-0.012656000867950412,-0.03970096819953904,-0.04741935302933474,-0.015743607275408092,0.04779748574862206,0.04020737375453925,0.03210704006569535,0.018472115648334456,0.09032564415294533,-0.05757185357728527,-0.012727327121425509,-0.0103514762695016,-0.08571604496623586,0.03983794137186089,0.06601214093696751,0.03391532216877237,-0.048214439836098,0.03621119005532136,0.09751105046295852,0.0033807081329134164,0.07406043303648342
GDF7,-0.023805649970877727,-0.034112938018251375,0.05418967852915235,-0.04014123207976258,,-0.0011446691626154182,,0.092424591510375,0.025707921137289612,0.002305345021437151,0.03387500186280628,0.08626919636734848,,,,,,-0.02943100449307712,,0.022878457921242084,-0.004675513356792748,-0.016210931931971102,0.06638196791481499,
PSPN,0.03542506802108195,0.09301323025628468,-0.007374532391529402,-0.004310753920436315,0.0692119488343345,0.01725325252316227,0.0006269504259999051,0.12634369334038278,-0.003469969802200168,-0.009776460446592463,0.031684457665748275,0.0193745846973329,-0.03129578909369843,0.028589236574902244,0.027652454951700878,0.06318939472428807,0.05497581178775517,0.1601202274443764,0.01665045175003434,0.03729833248011622,-0.006474363403163098,0.07927546179615844,0.018805440741973788,-0.011185927464272643
ANGPT1,0.02595164320117165,0.031907313078537856,-0.013253768737831503,0.007409447945021387,-0.03775052474060169,-0.10053410111252237,-0.050165451025305084,0.05776366773614234,0.11366548810475892,-0.08240230477114077,0.01032192324905384,-0.12473804173379062,-0.06245149701156158,-0.003935683951325776,0.0010613480532092167,0.046964768583239294,0.06899309279661753,0.07372031127268927,0.02069141297662208,0.09351429585315842,0.01480368979845816,0.11396548890584603,0.03223840118392934,-0.08160502519224513
PNOC,0.08052698531600405,-0.05037679826242668,0.04356302191224171,0.028868143941188185,-0.025902526421024537,0.0025686711038284842,0.012944332392677395,-0.06231176396534194,-0.06380517342356838,-0.062319923735223194,0.056065215191988475,0.17311171349656987,0.013097486784501238,0.028391413415946226,,,,,,0.01275620890284658,-0.007752197305045158,-0.010618580764335752,-0.012610618229751147,0.21263706787674533
L1CAM,-0.053462436968460786,-0.029557989436856284,0.10810153795090185,0.04008399205843798,0.09018357838843247,0.014231731793507025,0.12092909286579893,-0.07192492918333265,0.02466772590937301,-0.04401814489278826,0.0502147952259651,0.21369592560903133,-0.05892290479943852,0.04453205873537133,-0.053129182144695156,0.1816658979435379,0.034610787765841415,0.08772416596830912,0.17154379769038358,0.20254896551257068,0.21951315385088674,0.09116211696519529,-0.0971636624408207,0.17069772528061466
APOA1,0.11010383861911476,0.01319351207728246,-0.01766310709876323,0.00519005274268757,-0.024990966621482563,-0.002797278048132828,-0.01364370251917722,0.04282030706878817,-0.010327374585574823,-0.005910916313976337,0.025250311785151944,0.16511529032467692,-0.04079983735893474,0.023861613437101713,0.09405021552577598,-0.024729679726637626,-0.03629276901840613,-0.008854142623978784,0.07321060148687879,-0.00013960327040418532,0.10816196338980837,0.11407043583248869,0.05876881116788046,0.1476294523848084
PSEN1,-0.024042522961147495,-0.008072815677416642,0.06443436034935063,0.01992000965800712,-0.014201295452624442,-0.04225324907960381,-0.016768234200615288,0.06145607329614535,-0.026356770571830408,-0.012581038659857597,-0.030161535666353798,-0.2045565194134231,-0.04159457570392761,-0.06511598307305047,0.026170638630267105,-0.05699843896011998,-0.03581803671207387,-0.08343092286475838,0.0027042547520651633,0.060171814111861795,-0.00807875514127327,-0.008506454766527735,0.08072465158773075,-0.15872613283118478
CALM2,-0.022631935961287382,-0.0901096594534327,-0.06440742737475151,0.021524208311345307,-0.13601193422112012,-0.17374543348579946,-0.07998028299051024,-0.16795419877021836,-0.12805666047003642,-0.12723650638542988,0.006592124632554686,0.3307423481889451,-0.040372177489797045,-0.0211415347346342,0.02554914259632827,-0.1592240514389238,-0.10071643780763412,-0.25860605182962887,0.12802447167348652,0.12501652122626966,0.1467182386565298,0.09330060718923408,-0.11095483886730256,-0.03502145145945727
CLEC2B,0.02536177960501387,0.013045198904067452,-0.05867876080037936,0.002445008524026833,0.20261839944284393,0.046536658638915235,0.03287610083511006,0.03738922846217131,0.14909727631665587,0.005606331753138522,-0.0015180486914622231,-0.053795806011611186,0.0377667616585813,0.02164557796391578,0.016933400998620538,0.11204002134159076,-0.0038193723159381733,-0.045743087698299385,0.06031154857553678,0.022029516000922397,-0.0681075620236061,0.038847542354495716,-0.06426193479733758,-0.04479169683032053
NTNG1,0.087306749117925,-0.07347172312687855,-0.021743522141459862,-0.0062440515497397394,,-0.02712458772317187,0.015069587654935117,0.08805613265364173,0.024338514902392673,-0.0430864052575203,-0.03622314528186062,0.10164989215956644,-0.056974178741157094,-0.0008654208722465217,-0.03488231271179385,0.16720539022457356,-0.04012774492088155,-0.032693447377438865,0.04827565543551464,0.10542431643153777,-0.01091719797975285,0.08649989731181257,0.09557226223718931,0.07031083776425717
LRIG1,0.021675660370200883,0.02211891460887592,0.059203978048672855,-0.030519794103643444,-0.13914387898988625,-0.1342744677588202,-0.07472464533081735,0.027320316026494117,0.019514916968206408,-0.015934702672667785,0.020664923877511347,-0.1477200740948409,0.030574640185901253,-0.0744375538440101,-0.01712161440086431,-0.11242677033514112,-0.057290370123567476,0.09525520521208332,-0.023088107666416835,0.008544774532047692,-0.09306176230001462,0.09278442137154003,0.06831696291619557,-0.07770816672988709
CPAMD8,-0.04333488760495807,,-0.0035412603403901636,,,0.07775170273017053,0.007930224466779675,0.00779262694417001,0.034190010296499485,0.039553903674234135,0.08629103563376853,-0.01763346183914968,,0.03532779171198887,0.04237281381562163,,-0.009534604234372216,0.020777050944567933,,0.056009683517173836,,0.001347338248910509,0.04004420563175798,-0.07343291480263878
GHRL,0.08590446327438406,,0.02185307968502246,-0.022843075261897945,,-0.045279686023376446,-0.0015443349500581102,-0.0041305908856686885,0.07327016176570424,0.010520181189368503,-0.01890027205377404,-0.04493293214966313,,-0.029707649633126994,-0.024426228279609666,-0.07817657047328977,-0.08090277348554328,0.013890380476534944,,,0.02364715529772789,0.04091937673234693,0.05383579415039275,
NPY,-0.01392545207259268,-0.040360857486656194,0.017695294607535193,0.04536619564483459,-0.08152599097352256,-0.06471317577577097,-0.0042340480110111215,-0.08452426230231136,-0.012487571795925302,-0.03566664476195995,-0.05289112264184709,-0.0008832172275972857,,0.02851115562284587,-0.01705558289474583,0.01632430987446866,,-0.08155815790042026,0.09079488672829497,0.08467834832539635,0.06328038000748562,-0.003628720255113076,-0.037400862965592765,-0.009948784118570529
MMP2,0.01427223196807272,-0.1075682428730968,-0.077807845798338,0.011641481220488494,-0.134346104981402,-0.08860986088518882,-0.06644427982014622,0.12518007594961642,0.08291778698959895,0.005544301103178503,-0.021859587196601814,-0.06191530620766358,0.11849270135504966,-0.08008729881426901,0.18199161402484515,-0.12246863248382543,-0.08166645714285874,0.04512618182459221,0.01789285732625995,-0.0038590130998766535,-0.04619333215672699,0.004963923171620405,0.002532284997896687,0.1298447655805502
LHB,,,,,,-0.03747436642899378,,,,,,,,,,,,,,,,,,
PPY,,,-0.010161975741762773,,,-0.0007799498494970563,,,,0.010841114927350489,,,-0.019232943493151033,,,,,,0.13710653574509474,0.08930963473436701,0.10383018631152455,0.012133522946647698,0.10899170933987531,
ALKAL2,-0.024297829632787656,-0.024800805196680046,-0.0017305041972965735,0.020869000271096335,,0.018836712183826824,,0.057780424714466684,-0.030194346000055973,0.020256963785334623,-0.0331140158543628,-0.13414771445645568,0.07497959540545449,-0.02394284765368837,0.050894557804452095,0.0092536706848704,,-0.02472511207032697,-0.005529262961968096,-0.037760171877055465,0.019029273592988432,0.0312551010622541,0.03263500582048192,0.006447359890688838
CSF1,0.019407527121114775,0.04342961817280357,0.00401718375047589,-0.02103310644790051,0.05410435238321932,-0.03204067849524882,0.05239724574065109,0.13985536185413888,0.00931500162396082,-0.024676417583860594,-0.0014270798914704104,-0.1275183819609788,-0.08524691463017856,0.030824642795598343,0.011903740070028366,0.14006282180831658,-0.08194036194420273,0.0025538882417114857,0.1472468892748983,0.034536003536552326,0.013597560086402673,0.04774552654307862,0.14612759659997987,-0.13982415523355388
SEMA4C,-0.028422838047411903,-0.02902182768009529,0.05313001587464797,0.1009992763059027,-0.03503446451011679,-0.031926059928007886,0.030902562707051696,0.1431144593633331,-0.005667574248576277,0.03313164779563342,0.034792318553099756,0.011794486113908592,-0.031491163652634324,-0.03958130804101797,-0.008534035849970813,0.030591788796456385,-0.016233398806136255,0.11927884919397205,-0.002199204344471294,0.04954916335764017,0.04416739264429356,0.07010716833309699,0.0681910770754126,0.042441049289016826
BMP8A,,,,,,,,,,,,,,,,,,,,,,0.011379223549481381,,
ICAM2,0.02341609295496999,-0.12691330604957157,-0.06217217250049199,0.003909001408741153,-0.013181100570079528,0.0059425898817520115,-0.008438124629822767,0.01705895318946299,0.10029425548784779,0.0036816542285971056,-0.02435500638270912,0.032297031077620754,-0.05967671373507663,0.08504415080639874,-0.003967458845447669,-0.09065895688889578,0.012745547824012582,-0.03768763879309273,-0.0008672716747503778,0.048915582905436024,-0.06695728831348523,0.03857432717142383,-0.07887261313188255,0.013736171017327301
SYTL3,-0.02291595346068516,0.06047348980712904,0.08229008113107007,0.02971728627514848,0.08804135882111636,0.011450547579556308,-0.015461976099043998,0.03722304774610514,0.026886357762784672,0.06573552448266028,-0.021855120275391136,-0.08013509479731908,0.0241043997340601,0.005990152493749927,0.07441892981486928,0.0715896260145079,0.0723643028299196,0.11414575054118134,0.06773719125891968,0.11524589544963502,-0.027059036525327183,0.015182053731179689,0.11618727101121974,
IL1A,0.14125211778779606,0.03445321849538155,0.05338078583391441,0.007997092266745436,0.14916766545769422,0.05492523391475487,0.046107272146675725,0.05830238819078342,0.061721100201867975,-0.0013733846176189537,-0.004565822351175953,-0.0850828257660256,,0.042686984823716766,-0.06687273142644454,0.12732380864355566,-0.09188584834869865,0.07193113745589577,0.09210382910552628,0.10005921596443881,0.08729046787566937,-0.02076779888411036,0.08704232492058082,0.005506470040092908
HLA-G,,-0.012928952771747384,0.024832461946105146,,,0.019878856239592905,,-0.009912958056967573,,,,,,,,0.03307634364690182,-0.009498214455736814,,0.09205759238539896,0.11183644681088634,-0.002435848726481597,,,
PGF,0.21473082540313582,0.0941673759715987,-0.06489690525988417,0.0430966358766365,0.23275679105152947,-0.03617970215206281,0.007854535125475919,0.11045969331320105,0.14068106715770767,0.004749192439810187,-0.007957908005390663,0.0005518763184101291,-0.12758934269146696,0.054892049289517436,-0.015919868783826358,-0.14413268824297393,0.1588909449967977,0.07304068922796522,-0.0575058069250971,0.0659731481251669,-0.1220149681077867,0.034634794829776556,0.030171272453791823,0.10474883894575054
LGALS8,0.058617417626445456,0.02040550978083504,0.06986528820329525,-0.006932227679117135,-0.0019209275319035574,-0.04090754387207893,0.031066953366895755,0.028800355502896637,0.08822260094553197,-0.01006388293318855,0.03232970321624075,0.04256194731706967,0.0036571318881825914,0.08686953553172931,0.03970073316989424,0.009304129999964456,0.04123388376395859,0.10439535017279575,0.01450219485012551,0.06149541361670329,0.05251965647129309,0.013227962971544441,-0.0238355423567377,-0.022051729571357447
DKK3,-0.0234346100983106,-0.10113685104072942,-0.03641632498554566,-0.0819623905467352,-0.07481720239238551,-0.0755259172108209,-0.07932195544016357,-0.2004927296789268,-0.08149597327647948,-0.08413861724739398,0.002017848998201748,0.3212280116779887,-0.01299702604611437,-0.06066103112744322,-0.0431634633336426,-0.14733041070722305,-0.08398837910871007,-0.06104598878728137,0.032684035006215,-0.052953396799674236,-0.058167262081104745,-0.02689469380337977,-0.1826758826112624,0.11026068107950183
COL16A1,0.13272877165577132,-0.0026034670244917822,-0.07102164166749599,0.0167253819511224,-0.20237136933611433,-0.08044796190808036,-0.045540236920315245,0.0381149914517878,-0.024196358021729203,0.01464075032306956,-0.04976249909513416,0.015009160023071929,-0.07473559394886631,-0.054307828361126985,-0.004845325540694743,-0.12571966957097197,0.07080224052285472,0.10186585951962882,-0.009346985478803235,0.01744155979822786,-0.026141201769253084,0.05652338070574356,0.0646204696579262,0.09005706480379165
TPH1,-0.045422412034965276,-0.007271172008603664,-0.026517453749519436,,0.016149412452364134,0.06503461252887177,-0.02378625189840459,-0.03672097505499193,0.033393240198808606,0.031249079695480117,,,,0.02926652827285774,,0.03007812656353089,0.0039047397766711206,,0.013455464064217638,0.030657700982530865,-0.001327061197946159,0.05903678728171943,0.09114903016463372,0.00367947426755041
TNC,0.06328407845177182,0.05177484660359954,0.03541380780532812,-0.016623621607615515,0.06813038667449828,0.14999886491759407,0.09848688894011595,0.16776041922439222,0.09402546132487666,0.14018082472485088,0.028021795355363043,-0.280746127641962,0.11675353512442314,-0.021597473607093076,0.059701374716123835,0.20610705603863916,-0.1062196853357506,0.18629178954853226,0.13164370516362428,0.09747922807085221,0.12686979394558803,-0.0018060229349855456,0.12552182311200413,-0.1694791504239048
TNFSF9,-0.05415207332414092,-0.019499050419015954,0.041379963064309064,-0.01806824446501097,-0.028156987370000636,0.02457358111369849,0.06753191403525434,0.06550293436594007,0.061249843732590056,-0.01418432625494613,0.022381883043170243,-0.007902323098111706,-0.034460305980207634,-0.013994235664300555,,,-0.05558446596802742,-0.024160075530012974,0.035420544979418454,-0.08832935266206424,0.0009699490351832475,0.027848733517091905,-0.04043806689401402,0.10374080692162124
C4A,,,,-0.0317512825102025,,-0.04442803595342601,,,,0.013073698390191677,,0.02025671190398549,0.01713459749583414,-0.01060672994774377,,0.0536685878164843,,,0.03900409517923322,,0.01724186682404586,0.06928427770453337,,
CNTN2,-0.21159378121828834,-0.019623491572382256,-0.011008410252197415,0.007901850052021186,-0.025727349075543027,-0.036339033932717806,-0.00041947700577049755,0.0537386870509969,-0.09045974735457805,-0.06388930455459194,-0.04962690745072012,-0.2910064525215076,-0.029861184674868917,-0.02598730622073738,-0.08513480628545518,0.025109492823564443,-0.05319733908123629,-0.1747407320909602,0.0802724849072826,0.042405392674375694,-0.026630052646377866,0.15483778251899208,-0.12846834504153581,-0.22049675900252144
F7,,,0.016967967134279928,,,,,-0.012466951831712095,0.043637941153476384,,,,-0.034767678606545206,,,,,,0.014033911410638276,,0.013246449264357989,,0.010600165935790615,
LUM,0.027465862579489766,-0.015713040069430875,-0.1080763293330616,-0.015179631299154093,-0.041710240818168653,-0.060169986336450904,0.07644864168040968,0.013699827749785213,0.14015755759291312,-0.019718918118236856,-0.004593218339064776,-0.013685388696500489,0.1286286297849742,-0.033307851044752895,0.015019570114510352,-0.158457896299047,-0.048137991180255364,0.07145497377547454,-0.0437303337387364,0.028482859183398625,-0.06385464457666458,-0.11111546779149575,-0.03378554868631913,
IZUMO1,0.01937241513801341,,,,,,,,,,,,,,,,,,,,,,,
BTC,,,0.03888982122935132,-0.04968511780425401,,-0.013826578846893743,-0.03227684187883997,,,,0.035254900850699634,0.013045233474843557,,,,,-0.12276322361523313,,0.015111558527443433,0.0475133172327943,-0.00123843800849729,0.09884698947867354,0.006345332444447129,
APOC1,-0.28114999478637576,-0.09425007269799933,-0.059360254319415856,0.02303605111330044,-0.14729186708349476,-0.031099203717846708,-0.043364510886133564,0.1315691499946518,0.14065777991374281,-0.03751034015203991,-0.03618801177021685,-0.34639128708888595,-0.09073932948050993,-0.03553561020624642,0.15607195753723088,-0.05449427297372372,-0.0218431120027622,0.01820656328199299,-0.009572511096895652,0.057281084766359375,0.01025238546375778,0.0226437476653226,0.04451261942074803,-0.18631777299123473
PKM,0.0449931516393411,0.19601524144046428,0.07102789891280016,-0.04076194781785302,0.23092136859659884,0.1850636479753294,0.18284122004127962,-0.02043827012036515,0.03177567487029742,0.12157376920681319,0.031533794927998945,0.28647374930997205,-0.05642736296725841,0.09384397820255112,-9.879398538324318e-05,0.3034232952771184,0.1497215179100467,0.24019444200881124,0.1115069236024374,0.06937253562394902,0.12903383153703313,0.05613907249436107,0.05804001996831657,0.1559067236791376
TNF,,-0.0602016066927801,0.019399211359857654,0.03189907930026608,,0.04497382381716819,-0.050664165216193165,0.0629833301391272,0.016051473787755562,0.03134419063797125,-0.016677143122408592,-0.1329244025475839,-0.04099828114651914,0.062374639191862494,-0.030926981685461506,-0.04985787984402949,-0.034486101805302,0.06064709886669448,0.061558413340286486,0.0014119326291390935,,0.1362454659839369,-0.003668866406302365,-0.0761012469906183
GNAS,0.15005001208128343,-0.05778651647733934,0.12295612331943817,0.013822989057976704,0.2268375631837186,-0.1910323951105222,-0.030316872784009328,-0.09553755881873492,-0.012720188328100339,-0.05757324627728014,0.10767593765340852,0.3550354538765586,0.1635669417812021,0.02635040063402356,0.095372603459461,0.0987674208030338,0.0829144571239142,0.007006718116903173,-0.028220597602362497,-0.017516418628905458,0.2163720751332291,0.04541670216549912,-0.09264799561956974,0.26236376903368064
BMP8B,-0.0273032129990236,-0.026848797330043882,-0.02527965122243372,0.04781673155725482,0.005393357750015415,0.07477851133385935,0.007409226321988327,0.20184064877429622,0.012503377757642133,-0.024730029277962685,-0.018347217925285875,-0.12774284138072137,0.010840106970501123,-0.001502424461066123,0.022642322078409213,0.1335681077371257,0.010237801568581298,0.02569566109441954,0.0820038852519574,0.017088295967163544,0.09555045474891888,-0.051987337227510456,0.08470627881700364,-0.0239265652074361
LIPH,,0.07822860374379166,0.0115628723409957,,0.03902873382766623,-0.006447864129130372,,,,0.04318381471152727,,,,,,-0.013457370800121521,,,0.013044372548951261,-0.021675359571443332,0.015055690989819185,0.0800946738152678,0.03043697304771755,
CCL28,,-0.029031926734457834,0.020144141138369914,,,,,-0.004155059176111804,,-0.024067844443149446,0.044337257563702714,-0.0022695070628776875,,0.11801773567207267,,0.011661597028689087,,,,,,-0.01649202254508118,0.03726764036535007,
PTPN11,0.062196088370278284,-0.014157689680691156,0.0005631996489978807,0.025705038511000405,-0.062436897419790076,-0.05758867178369462,0.056521689756749816,0.05481122744143773,-0.006976879636563816,0.013298495995478828,-0.029257495557856488,-0.06268528642835088,-0.03705605983890556,-0.04251807785613068,-0.05161885508245176,-0.044655248673996104,0.018987210073948088,-0.09225144237539246,-0.10384183183673291,-0.0008025803493855193,-0.0847709174675723,0.0727408640338848,-0.11010992544909236,-0.020193007457351336
ADAM12,0.01798765188926283,-0.005350643610669386,-0.003117355003132626,-0.004478117980763722,0.018193844836290704,0.004089293511226724,-0.07606759234298809,0.060862669609724,0.07808217035097657,0.07318810341668144,0.00712505962702976,-0.04941536091946802,0.019585004452059393,-0.021730924898622574,0.016773594493323392,-0.028758338286301824,-0.016121866747061658,0.026596579472438747,-0.03507361121117748,0.004041793186127796,0.04560275593743142,-0.05366237704373723,0.0269714871261449,
EPO,,0.05883266049446503,0.039377761805631545,,,0.006412730460035923,-0.03265124774000506,,,-0.045190827889684065,,,-0.019557907570956056,-0.017792540750728347,,,-0.03393943707546525,0.15561247841783837,0.04674281017798942,0.057661188182907615,-0.059784045950245696,0.03833712857952801,,
EDN3,-0.014758673766011934,0.013406431979788037,0.02127822336916705,0.07235398495796243,0.05350924328663041,-0.02434209307791377,-0.0026410609881599902,-0.007067515166391022,0.058842790790913015,-0.013546623205701517,-0.02629061962744426,0.09358589271419425,,-0.026676359107288643,,,,-0.06307456627481207,0.09019584029341098,0.10356824098956381,-0.05219737119488592,0.06489885832033827,0.007481037561863616,0.17181286012743688
CCL22,,,,-0.03188005614679151,,,,,,-0.005068844868055894,,,,,,,,,-0.042543639497487996,0.0735307733228141,-0.04018356377228176,0.013976247372784186,,
CCL2,-0.13526829886832703,0.003890805021698901,-0.08800335200045684,-0.020882999679730983,0.003592075769292804,-0.03315647116581245,0.06385997996338462,-0.022994223473608057,0.019042118743795133,-0.02284410023072463,-0.02122197447167862,-0.25661395255011216,-0.05553634277452885,0.02663732790151638,-0.003358268710584871,0.05980973408599702,-0.13236776385063428,-0.0388897601315797,0.04487033953092921,-0.0964235998532162,-0.010448841149427684,0.009992676546675102,0.08193503959501798,-0.20614822548414935
DSCAM,0.03971600368819883,-0.03211329837157026,0.023546260068455744,0.01535578459482496,-0.06460602593746526,-0.034821080012012395,0.034934325561256675,0.0997859897166222,0.10686804535547104,0.04026153056504743,-0.020017642297003032,0.08268805816203163,-0.04650852563626919,0.01275076683031424,-0.012271720703090346,0.06303337351353007,0.03794310170644329,0.0808308892296843,0.08448159327230532,0.12245392527216158,0.0028063087850233102,0.1144972343343412,0.11326084439953917,0.09281355215318778
GPHA2,,,0.05388240346664349,,,,,,,,,,,,,,,,,,,,,
ANG,0.069786405812612,0.15939320433091303,0.0743905362827045,-0.00668009481974577,0.13758863669133542,0.1820258846614986,0.05627143874780485,-0.006335835915996417,0.13802612125276484,0.07260229935206174,-0.0059301902941436046,-0.0870350820124502,-0.01832602861414142,0.09491167952195254,0.06532344766070672,0.1710163667783078,0.005181552759490555,0.19042540592436016,0.16197871916333795,0.1755693051590808,0.05970707303204345,0.1566268727680077,0.12530650303571536,
FBLN2,0.011063498770660372,-0.10134894081774214,0.007609515274119191,-0.05332761400536419,-0.07948264480304273,0.0407779407747178,0.0009817734640176544,-0.0021342362663717947,0.0848578335957867,-0.028476402870055505,0.024812001383983585,0.013260421655971232,-0.02614834073520472,0.016692333288344383,-0.04757109668397249,0.15387042101692444,,-0.04780798057067809,0.08834295331061677,0.08900960829978595,-0.08464953515752233,0.053948826489447314,0.030008223344879275,0.1863233396214556
VTN,,0.007221472262745122,-0.022839812666740837,,-0.02179960936764544,0.08685964429076144,0.08601008671792812,0.05450092013502771,0.14808903049948183,-0.017986033748272838,-0.028937422401406555,,,-0.030259658848342988,0.010360556906831509,-0.00980529819054733,0.04493909259270614,,0.032863197640888395,-0.006999119376741722,0.04578536582028809,0.1270987808393581,-0.014322845256749641,
VEGFA,0.07749847111280188,0.25416851297526394,0.13387282246141113,0.0025317383826335936,0.20296781819672594,0.21081128072581212,0.1664228628790916,0.18073847715960287,0.08625919775511685,0.16205307400026062,0.017443034744571914,0.06643575284940231,0.09393701381764864,0.053929637320802054,0.0335827198823695,0.33077682961922694,0.17400289698364577,0.30501830781522005,0.0814015469305846,0.030274168746177173,0.14449337268105708,-0.03135487671885398,0.19308442708044432,0.01282360941187253
F10,,,,-0.014994092840558831,,,-0.024430990288598915,-0.01217924963549458,0.012222127196477433,0.04197440583685957,-0.002287901499285598,0.06659060156564017,-0.0494824268580621,,-0.046688600533939785,,0.04798314078371115,,,0.020827487291824084,-0.06753471515663144,0.02395270974081547,0.03759826467510655,
SERPINA1,-0.024633718591185502,0.017918674400055568,-0.011075740709039335,-0.03561909086976851,-0.011852961083701586,0.008440987077710396,0.017313153297859915,0.07187912789240379,0.09852105539825955,0.03337582152172051,2.2844709849216893e-05,-0.2280042614248383,-0.043185821279613866,0.08442821888064646,0.05801687541418422,0.17703507003430427,-0.029087214152459066,0.025773171031140688,-0.021512490901196647,-0.04042487997567036,0.001883252486548406,-0.015969183105913245,0.013311708906158792,-0.08198516038735526
VWF,0.1374779843108685,-0.11715685390174158,-0.09587519492734115,-0.07654269701219425,-0.05582478548980393,-0.05971813672666855,-0.03619179654409249,-0.01716346107595443,0.086753974294999,-0.049346599398594176,0.010953692745452135,-0.03717688204266299,-0.06071589026981829,-0.10868831699794552,-0.06186511988271412,-0.16357191627961906,-0.006480763894728088,0.003491022752905294,-0.05179106485736109,-0.044599667257732074,-0.1533542647231634,-0.05434161952591483,-0.12328408472999235,0.07989437543742732
GDNF,,,0.015544218786058887,,0.019596936186325728,0.019987318076582886,,0.11405359578198936,,,,,0.07745248265818548,0.001059699610184042,,,0.00626139549718044,-0.0017020230802663634,0.07930314216700077,0.05260613157680401,0.01702075683312168,,,0.029256416973117528
VASP,0.06959014782180697,0.0755006357205554,-0.07534447599995203,0.0028810678466357153,-0.016410991931440726,-0.008363010045477721,0.005427297850263173,0.0744051322216304,0.07761049226718654,-0.0022160822264865056,0.0777871610785976,-0.06738363302843886,-0.0001495632023852371,-0.004580698815884688,0.03778392197584379,-0.013686831980702887,0.05338285581769304,0.08054612317479591,-0.012343981566678298,0.003564279886301607,-0.01100665283719393,0.06326483465776897,0.00770895123869758,0.014883177612370868
ADAM15,0.07683082683862057,-0.06906362361632866,-0.05955028956087855,-0.005523135681098142,-0.08274403771295143,-0.025076455129121555,0.04658339866172216,0.08147462141059704,0.031694769499562264,-0.025509477802819522,0.038062690297015124,-0.1164654780297228,-0.03974469236214676,0.008820171240391448,0.038611194466862044,-0.07869059362705036,-0.06827411394719556,0.008238822215496261,0.07219210353481093,0.03890378379724577,-0.027243841572034792,0.04379033751524396,-6.153476381508492e-05,-0.011041789417668148
WNT2,,-0.006926660418834273,-0.07207367301238876,,-0.007095447099832936,,-0.03657163901968003,0.05494169629188893,0.005909021347735691,,-0.024621281164234034,0.0030349836675645377,,-0.011974873490659281,,0.03864723680149673,,,-0.024199831652617177,0.0006409802064353207,0.04170565306199889,0.08667523589002399,0.09582996863348946,
CALCB,,0.04177482647429932,,0.020363470135954163,0.07673424607970553,,0.09688511824146023,0.01289078273652231,-0.03675351071579727,,,0.0031322262376602553,,,,,,,0.05166423816726368,0.043043994709536744,0.043632169029674824,,0.12003773722703691,
OLFM2,-0.043695209567900066,0.0641719554865217,-0.006875723889982239,-0.007805261576209615,-0.058250418640429,-0.12267297648374749,-0.031137422551395445,0.020453105603984535,-0.011422172348562245,-0.027872394311655346,-0.005963133215000897,0.03883126701811681,-0.04836413296342608,0.0284377192948553,-0.09185600802561691,-0.027996709512056142,-0.0273872959805147,0.1339412917859883,-0.003889077521910838,0.014962573296790854,-0.00733013331458826,0.11802616644414707,0.07005080804159339,0.056946413774599317
MFAP2,0.030561871860162244,-0.06048477213532806,-0.04138244871020447,0.04734734214340105,,-0.006624895946877531,-0.05646979828683743,0.16665801866355098,0.08614013525620348,-0.03727341097219176,-0.01654427912859924,-0.029714685661993735,-0.0768545023790145,0.008946025000820946,-0.008814254106706998,-0.07695219423584825,-0.0550394632162531,0.05096115296145109,-0.029293887128430427,0.02400706077988766,-0.03552364786234433,0.033021081540957495,0.06416530155865378,
HLA-C,0.23074103559513987,0.00912809544232439,-0.005515199172944415,-0.04501216885053247,-0.037821239348967584,0.056445779524056085,0.056094737244752314,0.010413111527669655,0.13737221916934264,0.01889855322772611,-0.034906971800317384,-0.2759836308910917,-0.08864306097064878,0.021792549594585528,0.014515721665136433,-0.016110942125481576,-0.03071229111758677,-0.06753860304084824,0.15275865487235799,0.07929313589696614,0.023299190017795735,0.06376249730048006,-0.026325842523291867,-0.07562809044254695
THBS1,-0.05297282819671685,0.031931191191019885,-0.03795443104625851,0.023133754056749098,0.10423750037812507,0.02819706150124544,0.042774660180567414,0.12254251842336919,0.0338053438380439,0.004332823199279682,-0.03455357385895461,-0.11851511336140981,0.008826866858533053,0.005340546564172047,-0.02997686903717979,-0.1037829483374799,0.039567584029691204,-0.043834189329774266,-0.01983027610671499,-0.045357720619866725,-0.13028686605869447,-0.15837699228052168,0.03742606448778041,0.09170859096095557
HSPA4,0.01781773400427938,-0.013591607308614119,-0.017818284290093776,0.06769237438311716,0.010338964672330581,0.045780135459439875,-0.033370443499439816,0.047381293681836995,0.06665634762957257,-0.018070926412896912,0.018194224589498,0.06720675698899992,0.0003630990302107502,0.008745421895497471,0.03624353720486229,-0.016267822115932445,0.04027965730327052,-0.0275925998377035,-0.02724257851585167,1.3881892017376017e-05,-0.028301416228592186,0.007599073118453742,-0.01971747202940102,-0.014891520364486934
LMAN1,-0.005560591281342467,0.1655238911230925,0.0478164836545419,0.06690646023593151,0.14797215817190612,0.13075186017077461,0.052867230570470936,0.08422739864199194,0.09299561938946194,0.0911577656767248,0.013163739400396304,-0.019460734068552293,0.05118795374941195,0.01376362398432713,0.007714716010248419,-0.12235949908216334,0.19452966984876627,0.060197940266756136,-0.014274596434104544,-0.07178615943698849,0.0037715578522249382,-0.052043005525183685,0.029786099037221223,-0.033135879778060394
LYPD3,,,-0.014210477337532017,0.038311410202990656,0.04449544427779776,-0.04207057915382015,-0.0576541770855262,-0.0022902583847467114,0.015575051453448268,-0.0012366616533249699,0.011178951858795893,-0.008612432187624372,-0.10405447064073944,,0.019655963671486833,-0.06836799704575854,0.045427603349222814,-0.0068066467752353225,0.046466662126626056,0.094063254079546,-0.0022228591856857834,0.09118510730715043,0.021070707824175916,
APOE,-0.0870590752209389,-0.15193994461917149,-0.11393123154051725,-0.021820821360684826,-0.1989496145072138,-0.1330857690596804,-0.07287279949779493,0.014140935944607313,0.007960517301056397,-0.11559445941521564,-0.016174743484521213,-0.33084477712600247,-0.07003471402345919,-0.045823377586430444,0.0029519876106249027,-0.0140730601068658,0.0024536331866073582,0.17240763225065509,-0.14466292356315177,-0.16019328384382772,-0.11593533444185634,-0.04344773583070366,-0.0973435820861636,-0.20389961525740008
SOSTDC1,-0.01563394356966797,0.045715345176473535,-0.04834354694589227,,,,0.037195432898516935,-0.057535595026838963,0.0514857819834305,0.014582477159062612,0.004737714685670446,0.13993660740209754,,-0.03547810686020776,,,,,0.11163596515884275,0.10714962025955274,0.07071871858794233,0.08680322198288401,0.03596753038665243,0.06749364199999591
ANXA1,-0.07773914367251471,0.18319183091909017,-0.023685191323092193,-0.031115413189957468,0.027467512435161604,0.03561146580459583,0.06767656576487241,0.06487038219179539,0.04128787960448186,-0.08007316240933832,0.00878634308273523,-0.24568225723075815,0.08640366134105107,0.018650792772469706,-0.003373700272568282,0.012749927104103616,-0.03287113267349641,0.13033436337327767,-0.01503803428437034,0.03696156700031047,-0.11568776759273745,-0.111159952186191,0.12833545638527993,0.014147083918374903
WNT2B,0.05119021729888654,0.1503461706494091,0.022777850327979104,-0.000233415989138051,-0.01018085780110218,-0.02909594579341052,-0.03971622364491921,0.006204227989201568,0.08190240298335721,-0.002586721063992238,0.003797065885707409,0.1934752535613151,-0.024901773853198625,0.05084340473172517,0.05119886226614664,-0.017536854411059313,-0.08476919537450635,0.021609345721549923,0.1269332249608767,0.024479289264870592,0.0025501092092213027,0.04740796022587256,0.09688721524418824,0.031140383306861256
AMH,,0.0140999732252778,0.032397909661205905,0.010828967397300871,0.060611203523272573,0.11793184063883072,-0.05024633285134323,0.0040566536756433845,0.0905887837304304,0.031041558787298897,-0.024408336342659737,,-0.00861106446502976,-0.00682177952998265,,,-0.061755568315039575,0.13671430654871713,0.044204508528378754,-0.011935164399248766,0.03887767596376837,0.10702265879913421,0.07403571680453754,
GDF10,,-0.07482198077249623,0.010516312475223609,0.027735696104247733,,,0.010984251037553877,0.02325958125246226,0.027035538387482436,0.03011238353029773,0.00987745065046974,0.09495654403928609,,0.01286761453370117,0.089417735972464,-0.0685351258378373,-0.02041133784381218,,0.053566060488490226,-0.009959383574051952,0.06488254796708227,0.01172036282663103,0.022251572169754617,0.11001947605136768
EFNB3,0.017981232117370096,0.11548318923082533,0.019426735374117845,-0.03489344240098063,0.03459376421859633,-0.04565782712592024,-0.00205122010973004,-0.01758508783740635,0.0036439304577593526,-0.004124707575087833,0.01820645043369342,0.24125979263776332,0.00258722428106864,0.028802269482683746,0.07463164732420115,0.047823080621637225,0.08972995777585442,0.17269553348947553,0.11100736964716817,0.09896174493486394,0.15194707951407302,0.148157707529549,0.025678779125674175,0.09623938661130044
LTB,0.007402882244482346,0.012480212581919612,0.020288450804790848,0.01123078249532058,,0.008517281081173184,-0.048583669234538815,-0.03513217699307215,0.03977444870868652,0.05252689280134118,-0.011690576004655152,-0.01597174040965335,-0.03565048682049602,0.001989890511625316,0.06592867950089162,0.010671763459825089,-0.07932366394397541,0.059077875357611116,0.043023754159293895,0.026580582810052628,-0.03883757028506087,0.029556648184040586,0.018428254235932917,0.046060147045835095
ANGPT2,0.020062821851771273,-0.12080463548894371,-0.06708486176514247,0.021031051041777007,-0.05292899691278951,-0.028557985691180145,-0.06851113964195812,0.13401993624410555,0.1117242531210679,0.060962021044004555,0.012356953064948236,-0.07378386084383756,-0.08796105234887591,-0.03669127490478128,4.994729839888009e-05,-0.15996755382948075,-0.06381272733914141,0.11156291516459521,-0.0220569675860167,0.024129381800155406,-0.12276321914671265,-0.02684906269226194,-0.04648574532707824,-0.03368337963291347
NRTN,,,,,,,,,,,,,,,,,,0.014770689685598123,,,-0.06970279165442914,,,0.09056383976038902
ADAM17,0.03233310981863856,-0.006153061830046812,0.051620900491278626,-0.010670807611220938,0.0945603678468118,0.01646934272452268,0.03055919224169285,0.08238210850585181,0.04048295722825035,-0.03374903537461193,0.021813957129982176,-0.09188170496547492,-0.005730762968928093,-0.030603283432502616,0.10553022811438517,-0.08938294023770849,-0.06652682597336226,0.14689125619518195,0.011407124144421176,0.011346431192911299,-0.0014991716808134003,0.017751332857305176,0.06151543471769597,0.04898947878041613
LRPAP1,0.13694765631299205,0.05900521368318516,0.03356528861141332,0.051732468461283036,0.011369342725138063,-0.04038082537214609,0.018936349471708833,-0.048864717458920875,0.07295141390229604,-0.007797426185403382,-0.0031768265629554125,0.08069318425468086,0.0142266510172531,0.0588646621457285,0.012544293761938777,-0.04500248327928955,0.014397577046676237,0.06917186378836775,0.10468401759173183,-0.00205182679226016,-0.05452076452934781,0.04609508010432736,0.037920130812743535,0.007466480914640793
NID1,0.15694354110174705,-0.042842299134096505,-0.08214436222020675,0.02641292919753616,-0.12800255053767362,-0.009338006448049377,-0.014301849762990138,0.09941510414239256,0.16122232647144843,-0.014346579940888058,0.007937416090677643,-0.03613035446738596,-0.01706337744908534,-0.048141461190700535,-0.043976601560429374,-0.15952462759815056,-0.15040523975119174,0.03771603642823376,-0.14896032630186284,-0.082958459101725,-0.12925547201780055,-0.09121449446415085,-0.0107323670206358,0.10472130438958828
MST1,0.037780871380658346,0.037068620956775884,0.014659709583737803,-0.012833168760112198,0.05303784814178872,0.046664578833801776,0.04247008705452861,0.062117048249924096,0.10440401868863285,-0.006724858918072021,0.09763860283237047,0.03892785690770594,-0.023334242322539382,0.04837524312337994,0.014453468881385448,0.044542110474426425,0.040712081409789116,0.10920667305328267,0.0964078193674447,0.07517931401913124,0.002169060749912219,0.17055387314688844,0.09070395461883429,-0.05344194060927841
CCL14,,,,,,,,,,,,,-0.04876183013971748,,,,,,,,,,,
IL13,,,,,,,,,0.011444079513518488,,,,,-0.019400316574003717,,-0.0682600911037482,,,,,,,,
DCN,0.09698480848891142,-0.13467028100996728,-0.10011725426406622,0.03305563085813712,-0.11990026263339984,-0.050343239502604616,-0.014265486934937326,-0.10881135329811782,0.08002039230141682,-0.050445922811841244,0.02183656816486736,0.0437900155878867,0.09909413613371867,-0.038736177079445315,-0.06868139579501667,-0.15895425001695856,-0.06122495512036665,-0.050048562729640735,-0.09615211884905327,-0.05425353847384225,-0.11511402913601615,-0.14379536636315887,-0.09979990273774088,0.09973487987115709
IGFL2,,,,,,,,,,0.013061613385214315,,,,,,,,,,-0.030967465386249494,,-0.025454354659750985,,0.1046945286418335
COL7A1,0.0030148111725364084,0.12364475917059506,0.029417700745748603,-0.036379235152216416,0.09639628215194639,0.03885043946758671,0.07217679058371113,0.055691291044356474,0.05767908988743283,0.038688183502776724,-0.0179022805785097,0.020528146322666783,-0.02347195162671359,0.05239779283152176,0.021179822623382263,0.03953220199313385,0.1207047777200697,0.025251029483006157,0.03197685073611363,0.05443085127251696,-0.05869170761272346,0.08823178146502783,0.07654319823243824,-0.010874062243986316
CALR,0.07972386992892935,-0.0012172824945504473,-0.005681857179363585,0.03398680269464953,0.07818833757260137,-0.020817170856416885,0.0998948530634533,0.1549198683738209,0.05137771666607189,0.05981999454245739,0.002586302570789665,-0.2266464904282726,-0.03164321053221175,0.02523485128691953,0.02017704447850971,-0.08308241221691552,0.02475364388789024,0.013052632486426375,-0.07916950272525414,-0.10616955104715814,0.031792580627238935,-0.06787910469726646,0.06910703925378406,0.009150177957965258
PIGA,-0.03605143429288388,0.14287623668908755,-0.02753193710850117,0.02279423687895797,0.05299475357765856,0.09144875261222013,0.09762709113848074,0.17505187118227958,0.08416717980889865,0.03204287476718752,-0.0006696630175237657,-0.006606805661800332,-0.015770243931652293,0.0002775322257457019,0.08285742163518556,-0.10596846690810102,0.0702512514011966,0.1130981594557287,0.09594214596543148,0.0790228857378519,0.007016233094356854,0.12810197611136323,0.10193977950952521,-0.02660641731638021
CD200,0.018885490368217486,-0.025260149218041893,0.019852107252837474,0.03475284945732144,-0.014095190403328805,-0.0035753880805350067,0.018405071326861075,-0.08232514922567181,0.01857982861784671,-0.01742242985020481,-0.041459511683417195,0.21856170153769494,-0.0549835664544605,-0.014457934888984326,0.05177731823785781,-0.126738348165762,0.016637475980986926,0.1058899759624133,0.07190003737630866,0.08712236139998415,0.013078715605687909,0.08157076518484783,-0.05952545975971346,0.09463636036085561
GRP,,,0.02972331778967944,0.022753826438923423,,,,-0.06375673793525463,,-0.015488429771979067,0.017687767229319327,-0.00293268128735235,,0.03622328895969066,-0.03139316501160044,,,,,0.04900903953948443,-0.03710499173171659,-0.012685929236819703,0.035343806252635154,
CDH1,-0.018836233199479545,,0.053809908521067915,-0.006788945507916273,,0.06790759581717103,,0.018025341151694622,0.07208891235375153,-0.048349442123284285,,-0.08388317997575731,,0.018563625153250704,-0.01630168480748877,0.04986676709592349,0.002421441200671881,0.14182394685654617,0.03329565846725761,0.058990713783880176,0.034278199540012606,0.021481953055107212,0.02477222072864505,0.05541407999600687
LPL,0.08021792359486196,0.07562264494684337,-0.0014715433153082262,0.035248375917860966,0.04180588375023039,-0.035638037253139764,-0.0630637331829681,0.1514942029533423,0.1132227065269755,0.1423133611640754,-0.03509186704044861,-0.027573696579398836,0.036267341013382914,-0.027106207923394195,0.11459267546735873,0.18688738428432838,-0.03898061718981934,0.022570927774661406,0.1079829035331486,-0.004956164340031035,0.0635950286895483,0.10660824237987548,0.17658318299813622,0.031201144900650127
SEMA5A,0.13864482844685738,0.0037536134013150327,0.00940161360902582,0.06524985346548186,-0.11732587346223428,0.010729792011488846,-0.005840677048566927,0.1925302276048754,0.08514073440103194,-0.044338648507043346,-0.009315482146326392,0.04710949421660681,-0.003580002519623861,0.01502511472027599,0.003655284002413596,-0.14544685726445927,-0.06863187214360825,0.10206270054437995,-0.007809334730156511,-0.02597601763119771,-0.01973600930212767,0.0832085422776027,0.05845356930749483,-0.04686118019333267
SEMA7A,-0.04323426198376891,-0.03118395047844437,-0.06277238514975986,-0.023856835022581395,-0.06174184573290206,0.019871660668621435,0.05058681242774308,0.0681570553874921,0.023152162231089048,0.07173419015536076,-0.04325943992422651,-0.02725823082944848,0.02701542247083374,0.05914099178836142,-0.0039057792416823623,0.013704877813143846,0.1576254180596222,0.07040602878893806,0.03834949666135294,0.048361555826840485,0.0016743497545885365,0.05378012956360919,-0.09478201624004974,0.047291130809491815
SEMA4G,-0.0718208198522414,0.10488128343901792,-0.0028876262601117996,-0.03227218091995706,0.023123433116654057,0.0521810199586412,0.03312125500271002,0.06726963162756466,0.046065832896324196,0.028757103136207666,-0.018780199795329466,0.029524038759101215,0.028282126219583918,0.026579288986262006,0.0009189157665981364,0.14795571492882073,0.12497400230269132,-0.05815686025790478,0.09477013974295892,0.11262918573504725,0.1037393338464655,-0.02530832490171094,-0.010914360110630652,-0.04134881998327869
SEMA3B,-0.06249092324920227,0.09290006838246723,0.0035633087721807584,0.04347023794505098,0.08723921305598555,0.014265764808867236,-0.0436965060946932,0.0862919407009989,-0.03173632717092491,-0.026284579051895275,-0.008439345553493072,-0.2756143233827658,0.06283281110079944,-0.04594349586126832,0.00140975498656052,0.03143758658490238,-0.03974262945860346,0.025871460103619272,0.10869196021420187,0.024593407346442588,-0.07026618114345692,0.05369792990683362,0.03579618024661535,-0.1323563147756447
RPH3A,0.17386766686980756,-0.06455207730819544,-0.0017030185559261581,0.04275422022440745,-0.09069685413037966,-0.05112704620547544,0.009425409680226515,0.004613389044573047,-0.0019186275992743016,-0.04248643277852239,0.04777970477837424,0.3067180693159138,,0.005368415397440638,0.020019045085476573,-0.10264351013826652,,-0.05393314755763532,0.1432826729731976,0.10971170340859074,0.07464552793729229,0.05153962431848737,-0.0539981248944283,0.1016086680164408
JAG2,0.04960050705928437,-0.010042709065413193,-0.03657692999733319,0.004270277105995319,-0.0024373205555628533,-0.050109891262085496,-0.020471536880460987,0.024375299716884274,0.07423199817227241,-0.020277850472329058,0.03235495894599526,0.12636744796897387,-0.06315167174030684,-0.03525342769337843,0.007890530285710975,0.04087775233605049,0.008270966446208637,0.068622745840351,0.07218240648504266,0.11151712164121676,0.005766458324221868,0.030129311586421195,0.05379567771537303,0.20323186377290797
CGN,0.058670248687687464,0.006883560231128104,0.02651312962391732,-0.012277223156339544,-0.02184332449125619,-0.0050154414475153284,0.002825743585496009,0.001370804823204275,0.07817064706096688,0.07499065802399388,-0.022865769397807694,0.013876188184848042,,0.013313798474182882,0.08586341581531404,0.004687724975832567,0.08139978413983649,-0.05591949977898494,0.07899572137278567,0.03537052948725219,-0.02678855136937424,0.11879839734402362,0.05904156965640333,-0.03683518376735536
GDF15,0.07652755711883147,0.025794630163113296,0.014289340375363314,-0.03588863928356156,0.15153852420652894,0.15116500882457853,0.0575520589478752,0.0866205219783424,0.08280821273919291,0.15242377673477991,,-0.03579690657051859,-0.04970218266750049,0.0626558927204909,0.07233814657138446,0.14216429022025515,0.10319006408926744,0.1680106209469269,0.0678865035361828,0.047364995877284474,0.025261169065772356,0.07653922282583074,0.1863360757207906,
SEMA4F,-0.019592591357767617,0.026617388583017446,0.07274250011635934,-0.004323543549914856,0.01455109931688864,0.026277596327270083,-0.01370417825870583,0.038393585161684944,-0.025050007260074753,0.016341918252481113,0.03451908645416326,0.16487064807453852,-0.016141287095056096,0.05590196850278162,0.033937209659325854,0.12446725293806248,0.04751420339670769,0.133244053378996,0.054187633623318,0.1295374774376463,0.158421607795951,0.07453757607684704,0.061339744926953314,0.09581007900789015
NXPH1,0.08421283161407882,-0.021583740646272297,0.022154696460479423,0.011668601132557004,-0.09686880637749865,0.032593901194094624,-0.019927409241981546,0.11970168899607689,0.0724708269572876,-0.01975179273651446,0.022482225438346357,0.23771447607687965,,-0.056299127961037025,0.04188464781865213,-0.17746254126294997,-0.041613538073970904,0.04628498035107745,0.07238747011550252,0.05867199634289813,0.02985740992835131,0.10104219148668128,-0.012597627809405725,0.03903501813903024
ARF1,0.08455005447026608,-0.15334919654823773,0.027421223503008095,0.0332087079465269,0.11764001294143489,0.08803094423857677,0.14343252156745168,-0.002627494316255868,-0.010201768380330782,0.06465601616885913,0.010261117185198695,0.2660337510321948,-0.040446406241770455,0.05786772069004413,-0.06345770968404274,0.026910672987020576,0.012180448549501116,0.12388533478036994,0.09096923898764075,0.05842658086866025,-0.015647836876755684,0.012382716479316068,0.0004799500151436777,0.04731977781487918
DSC3,,,-0.03542282953675763,,,,,,,,,,-0.04226840212343325,,,,,,,,,0.009682600067657298,,
EBI3,-0.008502073021941033,-0.014650096087670397,-0.03677619112050507,-0.026290781212318773,-0.042275876144917096,-0.011588609544282506,-0.023718617492650383,0.04101105847364372,0.08759990740399316,-0.01699875162728179,-0.014412024883424539,-0.09377348778975418,-0.014211946850244427,-0.017111147510511376,-0.04068942776363829,-0.037579499719596496,-0.06644852564371193,0.06142708246917895,0.055552239760271516,0.04937696013757264,0.009434145306680356,0.05901342929729592,0.04133654134331859,0.10675675366841793
TIMP1,0.04955708002749607,-0.13796558738206396,-0.06862868000454356,-0.006728484535418298,0.15147942098217201,0.015242645893692579,0.08180268465841758,0.052251714618853216,0.11009782681009961,0.12942457699665952,-0.05660215449999843,-0.1966467822446376,-0.015183481407158002,-0.019811417751626755,0.08390811289686109,0.16146291809685565,-0.053680064270774035,0.05061291303910205,-0.019614809587728637,-0.054521757548052475,-0.08601897280808193,-0.09783652998743884,0.05311577599362767,-0.039700605370087835
SEMA3C,-0.07296097713871633,-0.026213324216569425,0.00852809570962849,0.005131375168425205,0.03550241706244926,0.02179986650517042,0.04147721863884233,0.04396115386451024,-0.04238698747738486,-0.030856069086112298,-0.00960213446643793,-0.08476831814579086,0.05982743162480004,0.03187891006149767,-0.022334101514106957,-0.11977458745962859,-0.04079624438657911,0.0015188782795338173,0.07451610376368711,0.0368942364083528,0.14078659828044945,0.08849790004463919,0.011393296483212233,-0.018944680516361816
GNRH2,,,,,,,,,,,,,,,,,,,,,,0.07309016551142461,,
GAS6,-0.09831594690611267,0.14654477990545695,0.02802055867387814,0.051732239274331224,-0.0759633237871678,-0.013221927780795195,-0.051648798879317497,0.05724090461087741,0.08213513138966756,-0.012891144092509736,0.045574719181468624,-0.033934484100635695,-0.004393635667700048,0.06077360519275079,-0.0004112446216596088,0.08085909793178941,0.12827908293104515,0.1029425986542791,-0.026082022560068353,0.04713454218627241,0.035117262144977436,0.016133845439735846,-0.02048631903957066,0.1619867298384151
MEPE,,0.014161366862687668,0.009814137994069608,,0.00736931515514189,0.048326087584882806,0.04038979281185569,-0.02970693639891321,-0.0558640899620183,-0.05537517205072386,0.01358245594937857,0.21262117677979003,,0.00521184354739868,0.006609628857264057,,,,-0.0027478690940192004,0.012759155017306798,-0.01599181751851185,-0.019943619727421757,-0.11554911938450299,0.15518780759382217
SERPINE1,0.0868429503931917,0.11816025136661315,-0.02560765529575924,0.01007726024361047,0.17780013875397685,0.18427223241327453,0.10388092882032311,0.10681581332448378,-0.013307541300237256,0.1885973942027135,-0.006633277284299346,-0.07402951569510861,0.060402824049433854,0.03404329757476855,0.06220572710186208,0.08709243511782419,0.06633084137248718,0.17327609539999483,-0.03884715964663272,-0.02438247919181738,-0.02616670609291033,-0.08558425076584324,0.17915883123942009,0.02846940781989037
RSPO2,0.014298861030478349,-0.08174141448747362,0.043095145732825205,-0.004116689205639945,0.03532882275812218,-0.02079697101859317,0.035500507767906794,-0.024946100094267492,-0.04075112533365693,-0.006547988592946997,-0.008934062719954344,0.21718803991655442,,0.11388113886717835,,,,,0.038650674832507004,0.0675397859594249,0.012181829654307388,0.08906423555610928,0.01461358332499868,0.17206613673809396
SHBG,-0.00919019749531778,0.03306342216821251,0.0021960863223844792,-0.03263730808614785,,-0.005077033564498593,0.03749985627588238,-0.018664282687879875,0.013778500706251811,-0.022263699526714628,0.0016354649920785021,-0.019918300600209212,,0.018247894594084844,0.03632254561600883,-0.014309428681233806,0.04891685390188539,0.04212520472633369,0.03683331207691205,-0.01188483233667913,-0.032521938683124134,0.08581675327750575,0.018944944017887946,
LGALS3BP,0.10057780695270868,0.07343831079547265,-0.06959664595178018,-0.027880583490927133,-0.22130901256578767,-0.06997248662211417,-0.023620618180009396,0.13549915346777522,0.04113346893799083,-0.050633064658655524,-0.013668812490849546,-0.27306431507028006,-0.11463123163620288,-0.00028280946652657445,0.052142809875890955,0.03075370533859363,0.022633069947668227,-0.009475892092346722,0.08051999666620765,-0.04603181727028284,-0.02842148861623906,0.10002880118152645,0.12268339572743184,-0.06140931990454253
LAMB1,0.05682403943334437,-0.0005172925226338118,-0.08782084809250583,-0.052004389318762057,0.009465513297767516,-0.011655790442838241,0.043849378773274314,0.11379232688802284,0.10464694511400033,0.055188846135751236,0.01494383219116258,0.03480225702875805,-0.021366343730338373,-0.006254065495268805,-0.011666085839292486,-0.15481444222369295,-0.036685485686696225,0.09230831561254503,0.038366291749076756,0.0303174548282367,-0.006450553534514908,-0.08929206681409997,-0.03525039965454024,0.04954875003563697
SPTBN2,0.03347376391030484,-0.06264767846967419,-0.004495401044923115,0.005045949090483186,-0.06340831326205205,0.024424912928186746,-0.01661921254505544,-0.00226490274630693,-0.03722609921999429,-0.008645279487662158,-0.026645979801779865,0.23490502029676844,-0.03139616456856545,0.025503775880600554,0.03911071077147757,-0.08120049764814556,0.037320644261534544,0.0289632598521254,0.0845858330787142,0.09960325152098845,0.02921463271205746,0.14019629416081097,-0.008457023364412205,0.1207396154352733
COL1A2,0.017901120291130557,-0.09581617945348735,-0.09836938334630486,-0.020564983625233096,-0.12293092697313311,-0.08154605514182324,-0.022310583099788558,0.07879700319900443,0.11625051951878702,-0.035600731953926504,-0.0073162935238550025,-0.0454609620238012,0.13547811327549455,-0.014592048405682647,-0.021617286054622806,-0.13435330057159864,0.0005400254199798831,-0.0712316793206213,-0.15804583676079015,-0.09474703383736177,-0.09021954973100568,-0.20386608709999268,-0.08349343085497599,-0.08084284331164415
DEFB1,,,,0.003989106730498324,,,0.06418717717583987,,,0.03487514458276893,,,,,,,,,,,,0.012679315983714579,-0.006880268168794148,
CEACAM16,,,,,,,,,,,,,,0.019210322998517736,,-0.11672360434863349,,,,,,,,
SCT,,,,,,,,,,-0.00454458062508304,,,,,,,,,,,,,,
WNT11,,,-0.03805270977043744,,,0.005782945919222331,,,0.015044226262775809,,-0.0317431840061372,,-0.02476745864623974,,,,,,-0.027922679415463454,0.04654641965782582,0.029662743398319796,-0.02458494351133562,0.06458538081192199,
LGALS1,-0.22578333731439088,0.05955564693581874,-0.03542044989162917,-0.06534469088515349,0.19797947762898604,0.20419609597987448,0.06325420202234741,-0.02487813287852118,0.04424867523041893,0.11083438142263598,0.0033015503802682183,-0.2639407461678286,0.08731645962144333,0.032288007919635466,-0.00807857238582094,0.26513327786869245,0.1204305007911197,0.02293139231876845,0.02970173478154141,0.06015393016298881,0.08000783315834506,0.0040513845583006,0.10873759708309794,-0.13257790538589337
BCAN,0.19325637074536783,-0.08972450304076908,-0.09506797006143639,0.03973607368922032,-0.22059291154506902,-0.2094481824924133,-0.1386662584592093,0.16865579542056186,0.1340646116465447,-0.08210984216330526,-0.0013227892390332875,0.285733258273237,-0.027272007622209597,-0.1033800837483303,-0.053769726174532004,-0.1991296875238895,-0.18168947256048695,0.10417903501664191,-0.010659455923495594,-0.0166853210102766,-0.10031281023908702,0.07981191951995924,0.004437253457670659,0.024822552743754788
ANOS1,0.024908866723833217,0.02953230458450717,0.03726287885548442,0.02792564505953964,-0.07801943272595785,-0.12231557869630223,-0.018813719359884577,0.07555636417773769,0.08179681274398526,-0.030480500725995955,-0.01847160277231388,-0.0784712160984379,0.030722614746233605,-0.05183729539581382,-0.053674613041345166,0.03675478727617693,-0.10488197484834198,-0.01292239261283154,0.012634040500907606,0.05121198092942151,-0.0433278215076179,0.10560851805934315,0.06768096244698042,-0.058370939866503685
EDA,0.0041903506446538605,-0.0006007611232693635,-0.020619239037593648,-0.0320036489126029,-0.0011822547809691132,0.011287689838889657,-0.05833995739885683,0.1446368623080327,-0.04694902076483201,-0.030142460629206336,-0.0021204340294494854,0.048467886489809174,-0.03764129191717629,-0.01611832706982351,0.015057293972404948,0.05534861385916535,-0.0017853792827850449,0.038952217532532224,-0.003475393553051145,0.06281968288853061,-0.03130483084058175,0.07400304029673656,0.043975836548585855,0.004412122968407138
FGF22,,-0.0516682150000594,0.030255071089181323,-0.035404124671283836,,,-0.002795238459244094,-0.02382742750179819,0.01412948989167144,,0.016755102284281658,0.047223441778974765,,-0.018497461353674152,,,,0.012877649754220358,0.03608426586664132,-0.010917094696578996,0.04854808721049225,-0.015853760953515546,-0.007476134964254892,0.0459723521427993
SHANK1,0.027282038334194635,,-0.039058125917236286,0.0590000312343042,,0.022334722227288828,,0.06575332411195906,-0.04007556349914381,0.0006238013693411581,0.0015876332332362712,-0.0322113521836231,,0.014888086548349921,,,,0.0676001245195371,0.07672215680536132,0.023976426580698124,0.05457108813214416,0.04226979843300364,0.02012067453080672,
NPVF,,,,,,,,,,,,,,,,,,,0.13612515535224168,0.06448364149528908,,,,
RAET1G,,,,,,,,,,,,,,,,,,,,,,0.06870986495322019,-0.06779428480995046,
TGFB1,0.05276478084881018,0.05254974871596487,0.03026624432522747,0.0179552323759962,-0.008144512580861093,0.04369153530630432,-0.02928817726583777,,0.01467690699809004,0.03477789786666104,-0.02783125014766777,-0.10466764160509377,-0.05333862224652016,-0.018610800614135038,0.021653018278257607,-0.02616739648738707,-0.022382021910058076,0.11742886938569524,-0.009883456008915966,0.029600333961969847,-0.11777799795829029,-0.02787179110495017,0.03658312914273089,-0.02992895246077088
MSTN,0.0936255827297835,0.04186489602415462,0.002551194017819072,0.11997560654613086,,-0.011453545843254722,-0.06418615648541715,-0.021475456066822024,0.12071747137758801,0.058581082340678506,0.0311347866927333,,,0.07817118569075858,0.05323669971790089,-0.03775532350409031,-0.07368724486461128,-0.0036774941523454977,0.027516567575178827,-0.014278239369264726,0.015171369038486409,0.11088807024149598,0.04580994913356939,-0.04195943713406123
WNT4,,-0.037784020933716876,0.07348519873700259,0.00025533005382515756,0.05277240276799972,,-0.038661699829224364,0.007530469200489627,-0.00963094422042229,-0.015033534600129178,0.02415783234797072,0.08016410139851282,,0.03421889090288519,-0.002413717085562253,,,0.07614714314738195,0.09217719067388895,0.021693263750911383,0.029651286300845896,-0.049620813557662444,0.0711882940387571,-0.03750853888917556
TNFSF4,0.02104405263637626,-0.016098793162337123,-0.014465027164558424,-0.01085006289835222,-0.07505731873451064,0.04344574788751161,0.014280649118945417,0.07897374571058408,0.037488827950528734,-0.023244374155428082,-0.024832519655770335,-0.01487016784213648,-0.038470405288050326,-0.011387034155730892,0.04155560745165318,0.051655845740054177,0.0008047189194639954,0.03194435993862498,0.09089096638415411,0.06087312726760555,0.021667765934104178,0.06239553142194549,0.12698006430231726,-0.043748165821430526
NTN1,0.054622270756505935,0.12399803734161116,0.009716020769736823,-0.0025067929787307036,-0.003357756623491623,-0.03238209504958428,-0.004938082528270534,0.19553809958477825,0.12052112839719986,0.019861341173182088,0.050666861659168796,0.0008912608832293785,-0.0067382520780375505,-0.018153021115726704,0.038071848808048994,-0.07834340024589449,0.08150450261497723,0.07996040907467766,0.0619456294512744,-0.018284905976002554,-0.009939833785068127,0.03359480761339614,0.13714778107686199,-0.06451239258761682
CXCL12,-0.04383426445813904,-0.07480448290720555,-0.04247744651643616,0.03037558008726517,-0.016708813434244407,-0.08312774950472956,-0.05827716904490105,0.05268584553555554,0.04688016806807624,-0.047751725200195536,-0.023013382827354056,-0.0223615733075178,-0.02534133652897202,-0.029911155108325514,-0.007947095985342508,-0.08554931461477076,-0.06659103353381854,-0.030858297550731485,0.016068684860581082,0.04058535074987095,-0.05094788069525342,-0.0481996315908439,-0.062159246951989676,-0.033056098616236276
GNRH1,-0.01865286262514342,0.09409651747558502,0.013110221097863072,-0.044331030266399944,0.06396678278628509,0.024716869273621222,0.021250594510922895,0.07953334127754794,-0.00986577497792433,0.020443862330631727,-0.020726094069265896,-0.03231302784685608,0.018361989252078218,-0.019828667456427432,0.10880921851569075,0.09020048375231367,0.0052084405854473,0.1365837599278351,0.019460738090909414,-0.06525754782551191,0.0010151080560742405,0.009265412445675901,0.09324504628347366,
FGF8,,,,,,,,-0.02663442860177522,,,,,,,,,,,0.07280788836600188,0.01660177631858921,-0.0217509043334494,,,
RIMS1,-0.0501143189602813,-0.0916951566960756,0.05595651997604404,-0.05468707838824394,0.01566685047030988,-0.03189637077404955,0.031958165175237176,-0.05871560919724268,-0.045135965747111234,-0.025671117696702214,-0.016065396716854245,0.2553580493399074,,0.006725148982407322,-0.05183860969268201,,-0.04383404379467066,0.03632496559151229,0.009920419458062523,0.04371662168316859,0.08408514154330855,0.10313718130222584,-0.08254371332823447,0.21356129809026905
FGF14,0.213066890984024,-0.008023456681132374,0.035112603796353316,0.010376050807527954,-0.025659521669144685,0.005240330965461619,-0.012249038884590417,-0.01087976232189961,0.14799589569653865,0.005672557756301845,-0.02842323063607977,0.24662792606840184,,-0.005439073317020928,0.0472030582242279,0.049047335656743435,-0.005883409014334599,0.05335070555693864,0.08156277503191818,0.04575428252817871,0.041145899469393746,0.12036077193254602,0.02126114826442316,0.13436084634488168
IGF1,-0.050380649998827194,-0.04139785010070436,-0.031539816857331475,0.007708039045694173,-0.039278834172312524,-0.0010985173960674714,-0.06370270309289881,-0.023163603143696986,-0.011004621636118034,-0.03236624836324954,-0.05425732784288386,-0.018540378768819345,-0.022727116161446768,0.09740396639509116,-0.007604846606567427,-0.041045102963169385,-0.004953417483226133,-0.018487817630031263,0.012579382662829944,-0.0009254199010291242,-0.04434363144356274,0.06766986505100248,0.018766380160437583,0.03506618328464275
TNFSF10,-0.012361567491644191,-0.004752528269506432,-0.060078858863202945,0.03622886936141119,-0.025482288225227235,-0.01867645025227483,0.04642460409520938,-4.707532314282245e-05,0.06201121344807333,-0.05277894447799861,-0.005176817245222686,-0.008335554471284654,-0.08464406556832395,0.002916781537985552,0.0880528550497192,0.0025837464011351976,-0.03440470697593127,0.01547210942703519,0.0446805443205937,0.07469683459297383,0.05832417399638461,0.022164548000199232,0.0043208820821506585,0.02994536925482605
GDF5,-0.047633151572759144,-0.014264796021243316,-0.01133496709237571,,,,0.06892176135287545,-0.007702782812260159,0.05582733398192615,,0.02723379454363025,0.024424812304113728,-0.05369366882803909,-0.029806444439499397,,,,0.03901782348787758,0.07440749506572504,0.05659526840743384,-0.023237818703119462,0.09251578186028002,0.008429113413175001,
CHAD,,,,,-0.03328257428405439,,-0.005625105615081475,0.02401556618082377,,,-0.009039149710400863,,,,,,,,0.06039136381736015,0.019516563478839587,-0.0005324458199975544,,,-0.04932105732750386
RGMA,0.021472032268101418,0.06359395980432302,-0.00537156007683633,0.007786924868823805,-0.06121574873504367,-0.14178063513843886,-0.09135050564340721,0.13021633097046495,0.10864315273349597,-0.04177757333093522,-0.009838102088358495,-0.07038408177159468,-0.02661365052305395,-0.011508464142788792,0.0616993841073576,-0.07156309980276128,-0.09640043894493415,0.10598861793222303,0.040042446825638324,0.053369445901211336,-0.020438217489371458,0.16498182960595473,0.08917363982621175,-0.035770049161770144
CLEC3A,,,,,,,,,,,0.047525306028283504,,,,,,,,,,,,,
WNT16,0.045543653679122345,0.0025214792292477654,0.09154025115387916,-0.031751274762760705,0.0065935974272699075,0.040320039459810796,0.10325354824150909,0.006255727596178069,-0.0026392206604270436,-0.008670847380956631,0.007856477078961597,0.15902130832746342,-0.030235621484487992,,,,,,,,-0.04932358716568007,0.03521751751370419,0.017920037747065447,
CX3CL1,0.04360983626258798,0.0008779072494711827,0.023629090644693374,-0.009280683349769735,-0.0779383918182206,0.05319346794342021,0.0384107372036041,-0.027015438667102848,0.019472111287380127,0.001358600096768401,0.03638057593133678,0.2194000696820029,-0.026061023616412278,0.070206950907623,0.032313629471118197,-0.027321787199241346,-0.06808485288354087,0.08863142561416389,0.12993351278129306,0.02531717301880718,0.06855944175133333,0.11129072850897001,-0.05582024959640605,0.12226970621033885
FGF1,-0.11741903623602361,-0.0535820504260108,-0.04930599394764611,0.035801846562091455,-0.0073869311041797345,-0.09439550129281195,-0.042413663692254217,-0.023622649354659277,-0.06336127022192015,-0.0692228126641308,0.013330506049963086,-0.26219866696330424,-0.004942325919818188,-0.06899259762871235,-0.0770422072327095,-0.14829537727098718,-0.016832793009716813,-0.13878303744489895,0.007830664685101756,0.02199114023107064,-0.11009237701066317,-0.016312772117866373,-0.13295726088555032,-0.21725925897219822
ALOX5AP,-0.12875879924038922,0.016643586289998083,-0.029478517605404587,-0.010289101791685256,-0.024256791831026282,-0.02923542432164027,0.022223510838585817,0.03779836145185589,0.04603370701838623,-0.05606140434359194,-0.0036097891466403825,-0.33143746046963085,-0.060278676325088765,-0.0056632499370805976,0.009867232435425366,0.05644551310041024,-0.07512579771646209,-0.15735067146354886,0.12514122939482122,0.11158936767959457,0.06227505033356317,0.002754781666948114,0.0791512075456094,-0.06032241112113837
IL1RN,-0.019933114373280228,0.007458518439445502,0.012984905706823015,-0.04486260335323885,0.039067312828893565,0.16722768086046058,0.08842394824823992,0.08181027901215145,-0.015340177811601612,0.07030465068423788,,-0.0640219896887302,0.048066752407711986,-0.021121497714820952,,0.09603659071950364,-0.08563833524679605,-0.06263311900400165,0.05110331141369861,0.012650422664369816,0.0622549458587902,0.010761818684890118,0.0525266864441887,
PCSK9,,,,,,,,,,,,,0.10105332233251339,,,,,,-0.003663115780493195,0.01616475964436543,-0.026788582893505112,,,
FGF23,,,,,,,,,,,,,,,,,,,,,,,,0.15451730816778675
NPW,,-0.05552948597691874,,,0.17304677782874067,0.07808263404657942,-0.014258603833647132,-0.004499869716878737,,0.0008104869551643967,,,0.04417196494207825,0.052554634136114824,-0.05869305952556944,0.02376950549381593,0.07232799111568788,0.007192825126675367,0.14390679099202083,0.08679313046997753,0.06871712494140801,0.09900302479057714,0.07044290384291309,0.03911606111333808
CXCL9,-0.012198810661734729,-0.04628262422918341,-0.044658786833114326,0.025852348685093677,,-0.012810584024036935,-0.025884387799866238,,0.05006112871460787,-0.047278382353007804,-0.02666334111719276,-0.047793513773631696,0.015091720717436561,,-0.072819473879525,,-0.1485198048198096,-0.024205894466574732,,,,-0.005962641046380246,0.032738591357305155,
ANGPTL4,-0.06301644622138174,0.17386092529820218,0.058047608021629775,0.009842049523920302,0.25131368225005984,0.18034069529238636,0.1278542528313435,0.07954232871050024,0.023780479084355127,0.04700517214199635,0.0013374366350123901,-0.08504045758853208,0.08772949065801293,0.07436364182887924,-0.027942283776358504,0.14961685239283756,0.1433805843710792,0.238150896692353,0.03520663112407949,0.046903803925193985,-0.01544268156795078,0.01371606227010119,0.1304168657914231,-0.038358593817026235
CCL11,,,,,,,,,,,,,-0.004199670956770971,,,,,,,,,,,
UCN2,,,,,0.010455078036391886,0.07076492620326157,,,-0.010701253703802031,0.023856698480347573,,,-0.03876172079644858,,,-0.011776541736512566,,,0.04761139637719861,-0.02097116792109015,0.014370781435796705,,,
OBP2A,,,,,,,,,,,,,0.029967542823316352,,-0.023651809180427075,-0.059250696067491185,,,,,,0.0119014528347168,,
COL4A3,,0.03435219527896902,0.03865743400294487,0.030600402728424757,0.01326035904544732,-0.07027245292138264,-0.025871791355337206,,,0.0022564878998551493,-0.03835910440752315,,,0.03766584860663359,,,,,,0.012198764169654786,0.01879770115349665,-0.01652862462805215,-0.006169044950602531,
NRG3,0.045227737000577854,-0.0240565393919361,0.049211253754682764,-0.04625312303128875,-0.05699068626365916,0.04388906587554346,-0.028516602244426873,-0.05345655795545897,-0.04738639849235836,-0.05082442441344162,0.10947115414429702,0.21006687988895326,,0.007028320061638132,-0.07066138748308097,,-0.10970470223348709,0.012308982672497863,0.051980664288008814,0.04457687852369187,0.04390985317214874,0.14827800186051832,0.044292697382900356,0.19440184994849186
IL23A,,0.013628944174670404,-0.022304577616138903,-0.042352748916963896,0.0704510323761309,-0.0006650139729623588,0.05659733242499972,,0.02726156614882896,,,,,0.0001712113860414766,-0.004733222252953858,0.1434280468438182,0.02254770861721939,,0.030229131098216098,0.061556648905454085,,0.03542536880716831,0.10773557821790868,
COLQ,0.05965275623010311,0.06678720633345302,-0.002790204023645117,0.03612006573522846,-0.01301819951581982,-0.006269631715648193,-0.042933220578857505,0.17604446688163816,0.051451960325230306,0.014322064591008465,-0.028914858075612147,0.09723346776020178,-0.013496321703546182,0.025484092176840063,0.09256750737874853,0.01019146573661797,0.07973737824834858,0.15327278835331085,0.08406072782147082,0.138995926608659,-0.04763383088431319,0.12344660904825744,-0.0049367016082352885,-0.046602312558977316
SCGB1A1,,,,0.009997111317740748,,,,,,,,,,,,,,,,0.06286518279677109,0.025379728020269582,,,
TNFSF12,0.014138140080902433,0.08750831096630043,-0.0013801412814302728,0.033727731357464506,-0.009501741829704735,-0.05240306274116558,-0.028022527724736773,0.05811843229857837,0.05710329331700513,-0.06073947629287809,0.024517917985886633,-0.0194340535322671,0.05567989075695177,-0.002063818285545465,0.0013538852404733801,0.11373516541601195,-0.07176202228405291,0.05128167165609362,0.07564872432067002,0.016942835604132043,0.05813911189416265,0.05648088225645984,-0.037340888146475286,0.04381769091697024
DKK2,,-0.07897340418925003,-0.010704784394452648,-0.037809630741865496,,-0.028980479990036348,-0.011808859637388355,0.020603313197890674,-0.04500496396420258,0.04099974805331349,-0.018347215856368605,0.05713955884408568,-0.01720192967015306,,,,,-0.06114971426708458,0.12767129097596513,,-0.03932900650451257,0.01394621747671196,-0.02056617092684078,
FYN,0.002774359019021775,0.009952721892922218,-0.04766897537276559,0.004008227300294301,-0.18702950671544916,-0.17835511074626534,-0.02397794287811046,0.12321543606552116,0.048192746613652304,-0.0008037210761756674,0.0414692115854686,0.047475222690596335,-0.051963191551938674,-0.02225079648355506,0.01143711737339314,-0.02351032021591296,-0.025392307314924846,0.1251890132372124,0.0034514679029573835,-0.023977497175198925,-0.014810556675473187,0.05187479079249212,0.046053662699532996,-0.057295812791586596
ACE,0.0639692197236872,0.05761499998970229,-0.03692579261848178,0.002457124290307914,-0.05809467419744968,-0.06230981425703667,0.036331838914452165,0.08704916780702733,0.14688917977398028,-0.04688431204326235,0.01466071613041141,0.12646221771519495,-0.05500087946690599,-0.029411957701424067,-0.0027485623933267,-0.17865577082012563,-0.12125110264878121,0.04213580235817158,-0.019360665961262284,0.005989815323527436,-0.027277531024334133,-0.013705333714735988,-0.08256148717760735,0.014963473558671838
IL18,-0.16851677433528936,-0.04424216626789854,-0.017774152618404048,0.031572192164971445,-0.07962545845450043,-0.10141291212947122,-0.12188997736476057,0.08386360841077603,0.09113088818308401,-0.01314457367077064,-0.01005521519701756,-0.17477921369356736,-0.011892069361750577,0.018709017777825847,0.06057189717893717,-0.07074854370970439,0.018123779969978323,-0.02061953878728141,0.018919880549771537,-0.01821886546147912,-0.03178321372271882,0.12074481636468369,-0.05727993883967686,-0.07702515309381446
PPBP,,,,,,,-0.022017047724750684,,,,,,0.057782777902723195,,,,,,-0.0458982644184937,-0.019891485100598277,,,0.008421871809978406,
CCL27,0.03310683609914484,0.06727451121535337,-0.02877472357174867,,0.002450369483846138,0.021416990646517357,0.010868390037722157,,0.0255927565157064,0.0014364295786201047,0.012020949957791736,0.024706818215833315,,-0.004778312584828117,0.08139075630519779,0.0028420109392225043,0.10965739140064182,0.12212839824014815,0.04869385255372847,0.030885948658616852,-0.018180464096437646,0.0996668311975115,0.08407865466177261,
SERPING1,-0.06444376524931066,-0.06533552128593846,-0.09445269911387702,-0.018790602078522296,-0.017163458618799785,-0.017359840275779886,0.04868239507760495,-0.02933926110465139,0.09561119573576947,-0.08728218008640634,-0.03734223051843812,-0.25199970366471636,-0.05992985820061572,0.009405990118068419,0.027166066936046552,-0.027395277131554693,0.03885758641003897,-0.003836434783610957,-0.003914630019914687,-0.04032532707804814,-0.10437020846685123,-0.008551890922530638,0.0617296030150126,0.08361988976253183
AZGP1,0.04318923287318862,0.07480327217299654,0.024886126786418668,0.043260055184821594,0.05119257430372852,0.12444438104955452,-0.05604829660919064,0.12438715705548792,0.06241698594557811,-0.005387762179505243,-0.002526475948904027,-0.014303840927509822,,0.0543376378537947,0.08997768488152028,-0.05252390168159641,,0.024831272239352588,0.06563479128636754,0.0385907025991936,0.0031753586823286503,0.1595884115894592,0.11266123924538658,0.016788988214750136
INHA,0.11721625283262259,-0.010429639016525225,0.030672951320831136,-0.02853323397012221,0.08319785275801085,0.07279333999078351,0.11895844096484486,0.11025454443010166,0.0335391106789701,0.010134902096466648,0.011623221007224096,0.019117882410842016,-0.04263456380656599,-0.0303893072878558,,0.04006186823624675,0.06417690744800457,0.05406987017629156,0.0962454358854973,0.0305427637336628,0.08122494189882083,0.06963160594121891,0.12977135136158438,-0.02936507009795624
SEMA3G,-0.010410511144800788,-0.0330741218663634,-0.019425698045558513,0.007145242072947509,,-0.020965006595010088,0.02646752543191871,0.025577168398766004,0.029997984836023638,-0.01511689705455866,0.005200917484084729,0.03093987433230844,-0.028686082189187657,-0.013355785263620424,0.1372231908238579,0.012909662790918536,0.0689083468707016,-0.031285714377203615,,,-0.04080875695455858,0.05404573154887658,-0.04805480854865492,
OXT,,,,,,,,,,,,,,,,,,,,,0.014574066498631771,,,
COL6A1,0.035389645837840454,0.14773250068068597,-0.010334411782144969,0.00703144598795729,0.08429587933112925,0.037009065943201906,0.08833759563277553,0.1596217339753285,0.09269207782191523,0.10542216343340566,0.0012051811501133513,0.043138723604708044,0.12472263789354296,-0.012470785742217211,0.04296669712217013,0.09647244357131168,0.16301186366536022,0.13122930761568058,0.012354959428436911,-0.018159978936340217,-0.019409221972214216,-0.13418540224472603,-0.02216565963076073,0.1239692754715474
FGF17,,-0.045741325277104505,0.059964580142627545,-0.035334176402105164,0.028322226588051006,-0.021620868167770674,0.01834864875601672,-0.01296601003023457,-0.0173272104669589,-0.010200605156840037,0.0019587970824584923,0.00459393355347506,-0.03949662590614655,0.0746638902067894,,,,,0.07675915040879007,0.03792233096023821,0.0018970252131641982,0.03931249310963236,0.09287351215052071,0.041611725773878484
TNFSF8,-0.03080097668231588,0.04227815514405134,,0.048177705032924,,-0.03989413821136801,-0.007065265818280018,,0.021529910081363634,0.004197358972303848,,,,,-0.0375422778205116,0.018107826065691876,,,0.001005450853996683,-0.020865369838025453,-0.0011183958216803445,0.00684125703674562,0.0358457874605928,
FGF20,-0.0072627391006905295,,0.011979882383512745,0.048648656820277913,,0.022822463912888835,-0.0018973405278851585,-0.012269030213967616,-0.011729672495284135,0.0019192869106721682,0.017922087107833173,0.051200647141662024,,-0.012333459748706694,0.011021598803454427,,0.12215359553851873,-0.03435987844548131,0.04201732275066454,0.027551105876435146,-0.03485364635657513,0.05699714493941,-0.05165325334085875,
ICAM3,0.114817275063999,0.08249295091840825,-0.06041453039341692,0.07746573417820315,0.01740147568378392,0.08866034982044553,0.021776377707917863,0.10713783671450623,0.084103844863105,-0.000375748749962904,0.01723604191467027,-0.06438973710351754,-0.012232236982410261,-0.003791564782344089,0.061587386172496116,0.07305345013407519,-0.0034825654337891534,0.05094726287301835,0.10138269905086074,0.13203127924646452,-0.026996481784647867,0.10205746059708289,0.09451876645845146,0.11492155969071972
LAMA4,0.15715156667696423,0.036646893165520215,-0.07484005696910281,-0.023298103317086573,-0.0672441230447793,-0.07295795074090898,0.05106885418192852,0.12420959893890231,0.12187524799422045,0.07683147981121852,-0.03569629379453297,-0.0428085739317526,-0.06116896156665137,-0.035456505976865185,-0.022055945916673102,-0.19951688968002781,-0.040332467653627725,0.061550268333049156,-0.09613788269411028,-0.06992478672397313,-0.08613750806816114,-0.08214703743802015,0.047763554735000956,0.21924266550384147
INHBE,,0.060694775016742475,,,,,,,,,,,0.0001838856466496541,,,,,,,,,,,
DLL4,0.05183040241776211,-0.10152905857840809,-0.043505287685186196,0.020993572039666467,0.03788870915098045,-0.019731730778444822,-0.0548751470456244,0.13072134687732923,0.06614670817849326,-0.028383467909240453,-0.026465735395852043,0.02259157802967537,-0.04709492524954909,-0.004383069705027051,0.02559743408387114,-0.08167954191394963,-0.015910920775530725,0.09181038842585926,-0.014731188488374028,0.05475242286465651,-0.13056066582149606,0.06998029209685752,0.02495612627096804,0.02953318101204894
SEMA3A,-0.01602958441705301,-0.01497284045886773,0.05901218272208069,0.03247628042960056,0.08725840026993656,0.026881968542758202,0.016156458771126432,0.03190655823025119,-0.004741211691407966,-0.0036622919010982193,-0.030250652585262137,0.1510153446874033,0.06276263471261466,0.0032908085765281747,0.028541193477071455,-0.02480332015094466,,,0.10142081736024552,0.062276001882936395,0.044498954306708964,0.05344278429815398,0.07989653636361127,-0.03943786098807764
RLN2,,,,-0.03358827132398425,0.07152784849297124,0.04141764975360448,-0.023838239501718584,0.01617017009717952,0.039219892967863886,-0.00015598104742146085,0.04737825842204968,-0.021833722937348095,,0.01594749709666987,,-0.1430533268473328,,,0.09350771890492751,,-0.016583578297131644,0.03531917184035802,-0.02237745212833354,
C5,-0.006530750470492561,0.03234297114911529,0.006080840792894533,0.037817817564584015,-0.05003209239769348,0.03564322074062837,-0.03719933306248703,0.1250581472346561,0.11013553900613687,-0.02138127819757486,0.032107792519411996,-0.022034134271840124,-0.032787582670948494,0.0005572068704205966,0.10839106725796845,-0.03709825481603785,0.12540403145702964,0.10489652215077927,0.04477504142182087,-0.028962454794674682,-0.008889360280336637,0.05898820903447388,0.0847102454767774,0.23088598034756158
COMP,,,,,,,,,,,,,-0.022835070568159685,,,,,,,,,-0.002719944355429735,,
EDN2,,-0.02147646655567475,0.02294633675091239,,,,0.11425404937098992,,0.0627176077073285,0.12611389755965943,,,-0.03624739727571495,0.057748979693171575,,,,,,,,,,
C1QA,-0.1669677453013304,-0.17397188026902757,-0.13259494887815212,0.01892407844784148,-0.2108632382043545,-0.14219905807307895,-0.10568645214911582,0.03205773902016265,0.0782335127031928,-0.06014272798548254,-0.06531577007298857,-0.30762908683499546,-0.13201944149871025,-0.05451740267547371,-0.02274416182872837,0.04486703116258911,-0.10085596186567886,-0.07606622458384382,-0.049525734107554176,-0.002545105161746518,-0.053083849612064325,-0.097173404748409,-0.08431272909136771,-0.20969202508258766
UTS2B,0.019756447110570195,-0.06423631801756916,-0.003289502547466978,-0.020549249563247392,,-0.020057173686260775,0.04728409500064121,0.021410993957020962,,-0.007833793148574788,0.0008515514414545045,,,,,,0.06080215122540452,,,,,0.004894934155043149,,
COL9A3,0.00564926822572638,-0.0022163801223056352,-0.05388831218367611,0.02594183093876367,-0.19716509043461083,-0.032935403690734374,-0.02555951634492278,0.20027227052970972,0.100148786664116,0.08691021988474257,0.019820208581886288,-0.14243879957624933,-0.04773736370715279,-0.04879005416420712,0.03619683220614381,-0.1652831431567444,-0.13321369987008838,-0.04484912710824123,0.17959254423502186,0.13406935969851572,0.022260908258953677,0.14843351568392224,0.07837686364717278,-0.07214758530828463
DLK1,,,,,,-0.02281472709735251,-0.015266173327289436,0.028414822864617006,,-0.005396099939876497,,,0.07111721200929813,,0.13885465923643184,0.16657425744732243,,,,,,,-0.07330187914717033,
HGF,0.0026733441772204304,-0.06464312557337787,-0.028253164778962454,-0.0409898396650949,-0.019006434149388917,0.053331644167058004,-0.018023277106051606,0.013674751422166578,0.029898742257573913,-0.01486291104160429,0.06240125279431284,-0.07910859022048154,-0.04457696915001103,0.05627618287753634,0.033239638787757174,-0.11226598043004835,-0.10647416623709542,-0.048206445058288014,0.07963233627595144,0.006701825269581636,0.03002514968550921,0.06760869943714792,-0.00764465490941534,0.06149917188867027
GIP,,,,,,,,,,,,,-0.015917221297200308,,,,,,,,,,,
P4HB,0.10376081655926411,0.057509410388361215,0.08633344893188603,0.0011462872588281132,0.21011618111529248,0.061506114707201125,0.12684806804053944,0.15392282643053495,0.056157777478771244,0.13325682291495283,-0.017980393389135332,-0.0995828869689288,0.045792344987305035,0.019930322791533502,-0.05822959271956223,0.025056946233696097,0.06120403682870661,0.13572028359348673,0.03189152992464823,-0.03231918832091061,0.0722695505068859,-0.07236877941621779,0.1343726447406166,-0.04197105408230933
ADCYAP1,0.018600585197475115,,-0.027969340349865368,-0.008758915400241951,-0.09221172446258497,-0.0041865558260336345,-0.05633810281309139,0.04062960043694843,-0.0028076449749332107,-0.030910704212997953,-0.02054764747705026,0.08525146921553642,,0.04414891903768376,0.003908815334145363,,0.058869925994845695,-0.02543387474134133,0.0806282415402354,0.09266031272398624,0.055810899606624075,0.08758085849224759,0.02789310121845143,0.01616915716253186
GREM1,-0.06173608399797168,0.009405605269511537,0.03801628603104484,0.10044419852186263,,0.006110713330830687,0.0024579518357332065,0.1183440321146519,-0.015480520184933158,-0.0482964695144574,-0.021460719492987217,-0.16067767017779333,0.07644657416176834,0.02689594228434159,0.010094359639984745,-0.07115299637328536,-0.07244974490294127,-0.11398687199355426,-0.026361117370084345,-0.024624391496562495,-0.00844668014021789,0.015045001585221138,-0.036093999545646446,-0.019493122882840008
EGF,0.06784947089822463,0.042386648800001106,0.012916797871839608,0.029607592364955644,,0.01052011786239374,0.0030995181853007716,0.04495316414540942,-0.045813619334468876,0.004718338293270411,-0.032895013177245865,-0.05961594151480588,-0.047270414874541276,0.011846615914301051,-0.045980326418527825,0.06497953239677229,-0.06173536466156136,0.009034867000251065,0.06343505642169436,0.0386388808076287,-0.015129487924049763,0.12277060798706257,0.04152644648608225,-0.04256277190894379
VEGFB,0.017228263851809776,0.06543095956775978,0.03804883499743843,-0.05410692221487893,0.1530978631823018,0.08155478332612347,0.058171449814854156,0.051420715609419264,0.05237382561400006,0.05439730887182558,-0.005775794578974143,-0.11914996838991518,0.09831592874196159,-0.014142199907466593,0.041062829694171,0.0998542682583012,0.10072974121625806,-0.05933365772814361,-0.0014037726128177841,0.07248205581683144,-0.011216409352480675,0.10781332090740077,0.011609970456600782,-0.02986214534845112
FARP2,0.14532669677408633,-0.045246754870797684,-0.04096069871513184,0.012008907339556608,0.023830613257311537,-0.005169874518817227,0.020314902709827058,0.10102036728177646,0.05627453445870637,-0.007908027514955361,0.014084567591297266,0.006673477393037873,-0.04476259447894356,0.06109601124568062,-0.04276593255967335,0.07700488894225475,-0.0698358001528577,0.07122582376075082,0.06488462669275227,-0.008364062577205851,0.07768391996551702,0.12411655448230395,0.023121798677071592,0.07963740868578284
BMP3,,,,,,,,0.025276393361221013,,,0.017279953374525345,-0.029205331898174664,,,,,,,,,,,,
IHH,,,,,,,,,,,0.006349163904158027,,,,,,,,0.03479857715741851,0.051501770906888546,-0.0264115434440884,,,
LAMA2,0.10341516025103949,0.013233924583226576,-0.10367215417286807,0.014371622835175055,-0.05038040731887209,-0.05568076063962812,-0.039113947211153466,0.06462206802093934,0.08267959143307689,0.020362770792527088,-0.011996793144879607,0.054178275506278496,-0.060222417626749576,0.006604921166092581,0.02237057162321679,0.0006501707045459008,-0.12099094170837937,0.01421678984033617,0.04159369735488291,-0.04234956135164053,-0.1094680559852915,-0.07292952501535421,-0.053013009309560745,0.021133472233002194
SERPINC1,,,,,,,,,,0.09834330652468301,,,,,,,,,,0.021849498730020494,0.04963622618361017,,,
NRG1,,-0.021018901363020707,-0.00201341639847989,0.04566592954121717,-0.025356274773184424,-0.007389561031836772,0.052856608785151436,-0.019624823492657564,0.07575584801881771,0.016834391757151523,0.03422427504174196,0.21459848525648653,0.04143161491824479,-0.003490716783436062,-0.012557536131116159,0.1221582308094079,-0.020059923539007374,0.08107539736786402,0.03159171528287934,0.03176598768151349,0.03838062787183265,0.08768041269725829,0.06088054524193516,
SPINK1,,-0.011769813521932373,0.06654102055438771,,0.027641636243394583,0.18326618024761052,0.09484463465318341,,,,,,-0.02033927724915764,0.04269329367997795,,,,0.14167479153026288,0.07213544262567761,-0.025645855168504494,-0.020945837219517732,0.040571019845368345,0.07142064711432827,
EFEMP2,-0.0029855769080701163,0.11005082797663848,0.002600553481729056,0.004226284510744556,0.032069158876593507,-0.06248145790591991,-0.009056014748864966,0.06872375395090873,0.08839866274549513,0.05019865950748768,-0.030447301586928818,-0.11461482155237772,-0.007437816965724399,-0.0004308035438568689,-0.053667023114513025,0.21052450354663327,0.004508368740332981,0.012452218210108432,0.06420023631428211,0.061625035383442654,0.059630640123540614,-0.050317929718309826,0.11730550455552326,0.07239306562669454
SELPLG,-0.01292144174090316,-0.08252374354509226,-0.09718744559023229,0.09895325047954137,-0.033423430168094966,-0.11125229918392565,-0.019292009862494734,0.03392072216964424,-0.008377059307279376,-0.04802504231834191,-0.0039691491032652895,-0.10367818910107246,-0.05557537782654355,0.05537611639404987,0.002099581474611295,0.09014301884535295,-0.103889026710315,0.09522330859529615,0.0696432252895274,0.05984432412903027,-0.031590060046530574,0.04750179915802723,0.05760378759778483,-0.006752303060482678
GDF6,,-0.0028161225219194763,0.021863268406704425,,-0.008475706146082165,0.02560669572912834,,0.10461815090509005,-0.010070263095042139,,,,,,,,,,0.07864938102503186,0.011138647367401396,-0.024392180148560056,,,
HLA-E,-0.04536660723164976,-0.08903967272218273,-0.10852830291575444,-0.006944037786547732,-0.11017622916331345,-0.07691020194508774,0.00909191113154372,0.01453529740519209,0.06270118260579613,-0.017270525338575392,-0.054472009185218245,-0.32136190943091575,-0.04280352228469336,0.016602912582428693,-0.009216948715672555,0.05735416292959846,-0.018965962882077806,-0.003785705855876521,-0.10831148238092621,-0.029002665318155686,-0.0990774446646136,-0.07949185159228946,-0.12309154732149745,-0.14916166656872196
PTN,0.26546057596387995,-0.003677464807987519,-0.023041931412630362,0.0555395768664301,-0.17771527985078292,-0.19220143495244638,-0.06846690240140173,0.20220951024507858,0.1537512563731369,0.12623860054754169,-0.058008866874554664,-0.1153094056739516,-0.010874675064952767,-0.04466512886274803,0.17126609935149797,-0.14154500199342449,-0.031850079067970494,0.2469207783903975,0.23974589456698023,0.223609126356166,0.06879053323930336,0.14527977993265875,0.16210412792105794,0.05492106770667373
CD274,0.13641382420707748,0.08097511496786726,-0.006672986384137484,-0.023954036680621984,0.06446398591685958,0.06105387812132096,0.02967623398908239,0.043367755076716044,0.06713619129421278,-0.010026101748772555,0.008103296218729863,0.08376753439254968,0.018745374247093886,0.011185531214707913,-0.0016776351605485098,0.018697192811780367,0.09174717333722254,0.05618597762709251,0.027883591608606234,0.04551328416834881,-0.005765095724408625,0.05456038544290344,0.10894172733636294,
FGF10,,,,,,,,,,,0.000651454199208205,,,,,0.03444486231028646,,,,,,,,
CD14,-0.10358941069819438,-0.03285158737414732,-0.06996224203335431,-0.004060134812081924,-0.1860447354853167,-0.061469092376808726,0.025715140845034342,0.06960581066634107,0.07411601224466521,0.009478799025134755,-0.010148918200064631,-0.28933524850462333,-0.08988071228394451,-0.006942298544420302,0.03066768113082764,0.10489978393835739,0.018762449048872754,-0.010489226131532907,0.05199418192588595,0.05206233686907036,0.04293317105131052,-0.04268808622803489,-0.01507640335700714,-0.10077173516310073
SFTPD,,-0.06149228687976496,-0.0188079305218587,0.02232345594504008,,,0.035943972989535694,-0.01285909874284358,,0.01763051075818581,-0.00604901062961257,,,0.005606466298017718,-0.05811573321109075,-0.09286522238080643,0.05736309365073315,0.11748631388969108,0.06931737095942911,0.041589790074875316,0.029871161059917398,0.12386605568978629,0.0837996617029101,-0.04134881206215548
SLIT1,0.08813288182980153,-0.08976494088353154,9.833988329615606e-05,0.02836902318011667,-0.06328272780134041,-0.11322473846569597,0.03856249423335039,0.1577906029046079,0.06444335290929923,-0.08940859877040784,0.08204269645570866,0.24556659715816254,-0.003631401453919916,-0.00284023539004635,0.003040622494148971,-0.05109299075229288,0.03680938366808206,0.1239017561413665,0.10848035174441326,0.10568640565149875,0.12107502481801154,0.02204675061094456,-0.03547813306483795,0.12570195336187312
LPA,,,,,,,,0.006558729173802926,,,,,,,,,,,,,,,,
CNTF,-0.0036042465836343116,,,,,-0.03747436565851909,-0.004687596538221502,,0.13672600832883866,0.058727035058425074,-0.007746420952257953,-0.0838832144340089,,0.0033542240025346347,,,,,,,0.0037510567542879004,,,-0.04134898949640637
BST1,0.05827368068960621,-0.05626502819728534,0.009709934354341577,-0.03675050081717421,-0.007482018474158974,-0.06062759771872191,-0.027166835752176016,0.10072170437363702,0.0701045686228266,0.022234413823689445,-0.04031056252316064,-0.09542107613350125,-0.014112912422346047,-0.053210671596514644,0.04590968958608034,-0.0788568711512174,0.014157932742770555,0.016899619635598995,0.02382088167207487,0.1035441392283043,0.04927546338907593,0.1689647568992391,0.10290834619051266,-0.042562781185809556
AGTRAP,-0.002852096156023482,0.08305685767509785,-0.01861357930309212,-0.02189487809900391,0.05220184310455247,-0.012255715463585498,-0.021267879050047345,0.06682305059520101,0.08165798388261303,-0.029229200315819867,0.02698266663935501,-0.15809985710660995,-0.02743894495283271,0.02353645406895083,0.0805504629464894,0.05258515645310891,0.01951045227338698,0.0333809457051788,0.07170810908407416,0.03979929736992019,-0.029203592153715742,0.07507349859532084,0.09615641966247318,-0.021942878349534508
LAMC1,0.1210908416525266,-0.047921099584843155,-0.03496352838710698,0.006890940995211751,0.02683268605902953,0.0347599992820323,0.005857719795539208,0.14928382473070503,0.09680237556766803,0.08799019164931435,0.039789857047097636,-0.0522528066078183,-0.06752586309525739,0.009579046564283078,0.006151621984313525,-0.08818927412673307,-0.004017676474286753,0.06333151696103233,0.01667390596688903,-0.01982065192558939,-0.08366880389302168,-0.025838950292910473,0.07783288730931286,0.0702223409348972
COL6A3,0.10023914339125935,-0.07679420558814572,-0.055185903556837064,0.02874810711916746,0.03391605330108812,0.036926174607249125,0.024030485747817902,0.08144609724711328,0.004274414915597701,0.1379353336017241,-0.003303517398703146,-0.057642715127418157,0.0891430778023249,-0.03726371124315139,0.0540691489038112,0.017901587729164236,0.07594200973594069,-0.020754295513379588,-0.12361157449443654,-0.04432946557857687,-0.05987462594375263,-0.08371594052881193,-0.003657739045533836,0.046041650763793046
FN1,0.15696694666091746,0.13075514766268487,-0.06757835844200831,-2.01779545698992e-05,0.09854737714066929,0.012809477960976317,0.019436953227859724,0.0870943695752475,0.16196637442343706,0.04889535151258797,0.0012903174465576622,-0.13307104903267292,0.13785417997706,-0.05922436018030628,-0.024089017061919925,-0.15581665511278442,0.034456824609255525,0.07746059706425613,-0.129521552627934,-0.09129261658953142,-0.1317062307711554,-0.14066677127307137,0.04513218020245114,0.0162581708197343
MIF,0.022813683651497055,0.18147727461669252,0.10840415271076542,0.045806443602074955,0.22848170671258547,0.2206194063258371,0.04394962906830377,0.12992395832166476,0.05952789204892204,0.12353127597722043,0.0015200789689418196,-0.016333545465859738,0.06669862384079676,0.06833524508822324,0.05266253884775014,0.3085536787565655,0.1511522700450797,0.2081086660531235,0.16289992245310017,0.16949797202906744,0.20994746234428768,0.20378803108904983,0.10986884130469139,0.04150190177200546
JAG1,0.17646593815897957,0.16641347805689163,-0.026764394145071105,0.014439122262382986,0.052823721801884584,0.08413236826876129,0.0188824568573549,0.12183865063462965,0.09241350068930762,0.0807714622183329,0.017410523419531403,-0.014850266216526667,-0.08581153499994604,-0.010795303055321214,-0.011092513410955608,-0.02488562905175361,0.0001650066886506917,0.13377602910534594,-0.029298478463088747,-0.00231490436412619,0.0008072741582211899,-0.056682558872957436,0.11268896311603756,0.02071208807674301
NID2,0.02872453177475483,-0.0585899603505361,-0.09878385886063233,0.02670290785154546,-0.1076727383211191,-0.060183240248576776,0.019467248351336716,0.1853020351348085,0.08532698670412431,0.02342498995240409,0.014760211273878034,-0.07515950577358065,-0.10839657198441759,0.020825127166385234,-0.0020182383560531053,-0.122945282816754,-0.12410717690555002,0.05887484654875334,-0.09218254212565324,-0.0016053171966245092,-0.14936472968337075,-0.03241573907044413,0.004889363735819141,0.017580061196298208
EFNB1,-0.05487050219927908,0.03344242202385199,0.0036808569015162828,-0.000697762133104695,-4.320551414915465e-05,0.04416675672205014,0.0017115104486744527,0.18515842992515394,0.09057105536109447,0.03491083669073143,0.09998587229940344,0.01532261745507187,-0.0823046055664671,-0.005672753399821818,-0.0017190953413180562,-0.05491310449603146,-0.07662094957798705,0.10014624210603293,0.11330055120005524,0.06294814620855084,0.02590303739365802,0.1252219464562526,0.07848932127517773,0.1690831365678498
COL4A2,0.1300348846121491,-0.02101700471747487,-0.11028034073925916,-0.036541590369234045,-0.030339669094833415,-0.06292093337319957,0.0010510020265175077,0.12941838530912078,0.13244840569517435,0.08701630139667799,-0.034494983170646004,-0.1193219334043369,-0.11040186035065754,-0.03520273168251624,-0.056221274163460004,-0.04233940156184868,-0.040986424854502455,-0.010955080502153814,-0.08642566530174249,-0.06688263069705204,-0.07388786474248431,-0.13681097497538075,-0.05777846782850801,0.018975718219404046
SPP1,-0.24945329981040046,0.02009584680090097,0.029033462302157118,-0.05770276808052715,-0.1942389239260215,0.20352648277333268,0.05178959823450016,0.1584645079821768,0.09361162219970628,0.10880025758670903,-0.043782194085913224,-0.36704595422283304,-0.014936929970726574,0.040020683196301844,0.09536051228294254,0.2665038720077243,0.12167437531832351,-0.14063006227640265,0.12724481654620223,0.16030310329416,0.1934620673617735,-0.05887041492834395,0.14956384662141364,-0.2619597392600804
PODXL2,0.027977154124052047,0.03807500919753397,-0.0314621060027811,0.059208142929248975,-0.08424762781172061,0.006024478322483512,-0.003011638146231862,0.05986319758624142,-0.026989591188607054,-0.027374732458498214,-0.04593753177304708,0.1691876857019585,-0.03269624656734976,0.02313689026739079,0.014896801022236896,-0.015544895425132692,0.03238046048310152,0.10993056301345436,0.08592495689436494,0.05057235760946986,0.1485684169519657,0.1644679409602546,0.04674579966014663,0.09193765826255647
IFNE,,,,,,,,,,,-0.0003460468221897524,,,,,,,,,,,,,
FGF9,-0.04816242278643385,-0.03423190390378335,0.01678342309066424,0.07409970109817214,-0.029709351838227312,0.06370974689057603,0.015568768689615379,0.024973905832271125,-0.022437248059474595,-0.005426581856180137,0.016022602251788556,0.1883409409509145,,-0.03801338221796396,,,,,0.08288043726954823,0.05609522746287508,0.09068988415281315,-0.028448784489957104,0.011401951041606519,0.17903728313428874
ITIH2,0.08305668330702463,-0.011357323763376042,0.0014162430502157434,,,-0.014248798949827494,-0.007069118713638719,-0.05188520483346934,0.03599748208803268,,-0.012667616109385878,0.015198957187661113,,-0.036149308421590066,,,0.061330499201953916,-0.025564558907870294,-0.03043681390543329,-0.008156470709221516,-0.0829838774757737,0.024319497539879064,0.02470849961309605,
ADAM10,-0.014508000113852747,0.10851816695279153,0.005798852782784784,-0.014886403735125469,-0.060419304684652585,-0.09002777662507162,-0.01356072256113123,-0.011249386304271166,-0.007566409626778296,0.05146181075900095,-0.016227199388389613,-0.061973933301418656,-0.03160100447531918,0.014260407509986103,-0.0061519948683382885,-0.028647923961910394,0.011442035593886303,-0.002136568980279999,0.03540919355543101,-0.03229560976697524,-0.05947499073445502,-0.08581065744745488,0.08658196124793917,-0.08976044747115527
CFH,-0.011539718478937276,-0.004978380679029071,-0.05007891901967782,-0.050885350882680244,-0.14566826531910154,-0.02123335182104813,0.041991054150133815,0.021001153878579596,0.06251495006336724,0.01956510070615154,0.01786175304319682,-0.020039516088884123,-0.020740765547307728,0.002192235436799756,-0.04831815485461822,-0.08662797585685687,-0.044379091493341426,0.04451781188195665,0.020339020921553968,0.03027654883660721,-0.123764520797259,-0.021153818935406278,0.05352404071994473,0.0452493400887412
COL4A5,-0.137118127609419,0.018582699812194594,-0.003992251552708474,0.04614124599736087,-0.11117437146733468,-0.010930355088163366,0.01128281000837665,0.03140316958317951,0.00687667285214357,0.062263195147861224,0.005231183544615072,-0.1749759847600088,-0.008720702575587205,0.049887138266831284,-0.04738809285879453,-0.04951813837541021,-0.05565481568951117,0.07622538776121184,0.10306382558071976,0.06944511065412187,-0.052267619410307505,0.10946603980694743,0.07572424221714794,-0.09138432892253759
LTBP3,-0.024603774110243278,0.0658077426020971,0.009102998621446227,-0.02549082542616071,0.03663637806343985,0.008087586850989393,-0.03584461873136837,0.08271956020413763,0.05363260363628147,0.06351359948551491,-0.007758091590403081,0.017295826393533564,0.0028936448489951007,0.025230765773689167,0.05153114990254694,0.17589500649233805,0.009438137113987123,0.0863444705341375,-0.08562482958701231,-0.11331646434218538,-0.029376391659902055,-0.024321245295792986,0.1380095705219791,-0.06283673970196138
GNB3,0.006508337837720669,-0.01587942024895377,-0.041614726557140096,-0.006594975424282599,-0.05357068625192112,0.04263323600420498,0.0034585804904256703,0.25746662640919715,0.0390068413561658,0.023551010677733977,-0.031737594659137426,0.12787192981410608,0.024389120530606438,0.05749812160431318,0.04240443248380445,0.07455597614947365,0.030000539092485727,-0.03782667814568736,0.11333181548247262,0.031583331406107154,0.002557265236694386,0.09112331654010253,0.002679701176186879,
COL6A2,0.05401847560368955,0.06770998852438885,-0.018062573978461116,-0.011869214236023407,0.17463393288857032,0.04985757581611899,-0.03493164588254012,0.06528039042494245,0.047735142176175,0.124603013954246,0.001726033048308861,-0.046290449357607184,0.028809231933343765,-0.07575332516489237,0.01782209052165121,0.08421910519580572,0.12960358508717942,0.17247641038495018,-0.046674937084144816,0.028902459576906556,-0.057997283369702654,-0.11917562471605536,-0.0546813189827032,0.018836364714075047
PLG,,,,,,,,,,,,,,-0.001703484844112729,,,,,,,,,,
GDF9,0.0049231819566023195,0.04317231280930916,0.0681575888325908,0.009939116934629719,0.005068045128622926,0.03488551452969536,0.009752369503338638,0.030013947473687116,0.10089784698670846,0.045303648923308605,0.0018315773737299906,,-0.05057018030293961,-0.009910659185012964,-0.0085038184846814,0.0023129540507225593,0.10771844824604514,0.00980483810455594,0.05219146010499965,0.0421013638061497,0.009435027274941641,0.08482488550303441,0.003977179676816484,-0.015933002885665494
NCAM1,0.0578693579177069,0.06344370299548499,0.01073776330524597,-0.009133694848267126,-0.13846616466868228,-0.1409854924155504,-0.04495048328128204,0.10945653292230804,-0.08404430978943442,-0.07367491348477072,-0.0061983693192525354,-0.05966373522755536,-0.003659436295689881,0.0021807182996449524,-0.06793246103725073,0.14036714217430638,0.060176629925475164,-0.056321198010624726,0.06818744908339669,0.007819707193066261,0.12369101437729225,0.11585325220771858,-0.10183821569538731,-0.10366621176181216
APOC2,-0.09696329873363115,-0.10723350795904016,0.04007332508136197,0.07087098184717348,-0.13974005976713283,-0.05898239132832188,-0.0726681024427961,0.09757067175188888,1.949707090611715e-05,-0.005388700217188061,-0.013951027852185131,-0.2543079786299948,-0.06485439489398948,-0.005349646454650424,0.0653410783518575,-0.044216307762926316,0.03611510531767092,0.001494803462694305,0.09534182734973169,0.054390800255511434,0.0960668738517562,0.08047537253137525,0.0723027890714418,-0.018554827007323773
BST2,0.2619413099561591,0.08278210864768187,-0.03688156899513145,-0.0037857320544206563,-0.042868860686892905,-0.006564015789456966,-0.001050365045758115,0.023689155141850684,0.12653459501681472,-0.0038843314822538688,-0.012767970502336651,-0.16724014545749052,-0.10571742990322723,-0.025329675712914692,0.05005655613948013,0.01851439910152574,-0.07759549478016271,0.1302022747236721,0.00040032739159527234,-0.008848245520666712,-0.1253870636985539,0.05125021370155095,0.0038900982961558857,0.07270786431024658
COL5A1,0.0062820209081876,0.08742957550529276,0.001827413840578763,0.016850329247593644,0.04046957893992323,0.04507474258211824,0.06685009739452952,0.20077441906955049,0.049136193019886386,0.07491445672746265,-0.03962292260498945,-0.04526493457722806,0.12233269854215717,-0.028793136202912246,-0.04190634903537236,0.12885897714030248,0.07934636444833848,0.09752124451256067,-0.038844878967134115,-0.04038534610281779,-0.0314402325999658,-0.08681480880948032,0.05244872064531514,0.06984501138154521
CALM3,0.055387355328025065,-0.016986802529765744,0.08083981084387014,-0.01114731804317878,-0.0635524002468819,-0.04912661995532678,-0.04630209608948219,-0.13247674923732133,-0.0956198042850136,-0.11220289665189889,0.019704476082611527,0.35305786876610373,-0.0027025891913707877,-0.021705385169075476,-0.00466352810277615,0.13239626951797684,-0.08456174036631867,-0.0005090943137132896,0.05206510298492644,0.09232040609498057,0.16334581308602722,0.01769982424272497,-0.16019399380778665,0.2704418064431295
THBS2,0.1121999344882955,0.02716349215092506,-0.0011218044834484767,0.021478436715969385,-0.02538568472094794,0.15694070381896771,0.06822556227294571,0.08416852775012584,0.04250186888462441,0.06342222284857081,-0.0019560300892673705,-0.1379866665370309,0.15991072475943496,-0.013593056941565193,-0.001284050782362493,0.039071672428431695,0.04083071357868423,0.062180463843443286,0.04612667562523159,-0.052753680947792474,-0.1492599224444538,0.0042623464733737414,0.09122647522275393,-0.1254268001248255
SERPINE2,0.2426813582491838,-0.03615738268757887,0.03713689420053561,-0.06807647129233564,0.11486081247361708,0.10977630701257515,0.1274332019936332,-0.03771061467205593,0.08234731340321508,-0.03467957878510363,-0.025168769265140934,0.07606893133536888,0.013781178036859491,-0.041110743099980813,-0.02624077265229652,-0.28248865079012214,0.053376145118351925,0.1874296264764743,0.07018110057937085,-0.06323559639097108,-0.06839994264451725,0.054586581366790496,0.06611135590434788,0.09917456462680485
EFNB2,-0.006168340235055967,0.1517133636517245,-0.01461572176164373,0.026215307956340757,0.06879400179017857,0.00802205825201149,0.03850854675902081,0.03167462137629918,0.03882822294580708,0.03272190662151053,0.0294804005715984,0.17943241343677643,-0.0337066046747415,0.025865555745162694,0.07471427374309118,-0.07446070838208196,0.10149886823024756,0.08423560633315239,-0.008589843745222836,0.056021327645933296,-0.03807720308729582,0.056945028068299174,0.061304726861728685,0.09078021097838049
PROK1,,,-0.012706485296850223,0.06084133441933588,-0.009712233817619577,-0.03557885530641544,-0.004145478361784816,0.040358414325967595,,-0.002340983214186766,,,,,,,,,0.035039825016777604,0.026500906599465864,-0.0058225466464087924,,-0.03371283791367124,
LACRT,,,,,,,,,,,0.08556279763068854,,,,,,,,,,,,,
MMP9,0.031562355775258975,-0.012064964859093651,-0.0765190318192386,-0.03175128083003392,0.07293727470123738,-0.0633886467145946,0.11908712225720838,0.04662611427581898,0.16493594478408857,0.030202851188446185,,-0.07310923411517378,-0.12311725401511475,-0.02726072513278196,-0.020927292641035777,-0.13807933394969796,-0.03664780361869171,-0.0032676705677570418,0.00031935667294002014,-0.025205139824772238,0.03057986565031684,-0.08295081781971785,0.01851979820884552,
DMP1,,,-0.024493729724986486,,,,,,,,,,,,-0.05267617216423136,,,,,,,,0.020657102352753854,
NPPA,-0.015176917898837836,-0.016070076103832872,0.003554639972081073,0.11045374284699598,0.047625157490611206,0.012931015982150306,0.012836712034230856,0.04945857021055402,0.04861495750163391,-0.030950911467154212,-0.011339152871623537,0.11476018802966148,,-0.022065593631889785,-0.045949183991463804,-0.1023467674216323,0.036369755495052065,0.12285029809580092,0.17257770386983093,0.13572732412622862,0.028249343491364785,0.06800392032236578,0.029439688058894267,
APOB,,,,-0.03221991742646286,,,0.029129879336336255,,0.018182306226956206,-0.0026755776077199626,-0.02240669972584709,,,,,,,0.025509699426592463,,,,0.019828995642014218,0.010599378752782539,
C4B,,-0.0978173640362521,,0.0008399504917581105,,-0.026738388506223183,,,,-0.04043709533883971,,,-0.017409318803749244,-0.040064251470952106,-0.03396343976603326,-0.04502893979954265,,,,,-0.001803286932547645,0.012050780900604683,,
NTNG2,0.006703676063141434,0.03647479596176086,-0.012183841139807436,0.0015478308358049138,0.09791008064235482,-0.008058219663316431,-0.004976656977311184,-0.020161973899334582,0.03664327912870361,-0.01845350386216685,-0.022984658201797126,0.06686415898315363,-0.03305124976456835,0.010792607583416413,0.024888705216554917,0.04875789140543259,0.09888402732414622,0.03812955172485591,0.08516012182383706,-0.00436453712255399,0.019757828063534297,0.09040823603893568,-0.03860056119784439,0.06214625154563664
LAMA1,0.0741661959657127,0.08105430401352978,0.029728027534068297,0.041736734196921844,0.10838341875794043,0.005624414268635299,0.03469128888079897,0.13868872934040605,0.10632388915413432,-0.04379188722400859,0.04001290927434774,0.09616640775602082,-0.04429663999317493,0.0017334863223659933,0.0223719860209157,,-0.08157003867451715,0.19282062295658076,0.04178960454776865,0.15432816652807213,0.011571646001185518,0.06050590763694999,0.03602061602822026,0.04696577334799182
UCN,0.051006843368845034,0.0180889265902924,0.12184072674579409,0.003899532256871612,-0.025159515812495432,0.05964963139316864,0.024134457766785473,0.024526228767029933,0.03583826501379909,0.09015189495000854,0.04348148972418366,-0.03295718408091802,-0.08319324699915105,0.03465809484639317,0.05401199728322436,0.008470510890830767,0.058252673228382346,0.06837520749585779,-0.025835026842887434,0.014637081428284016,6.314850155952312e-05,0.14604232421467034,0.05950546346712455,0.2553637623075079
ARTN,,0.09999454358827967,-0.06695631021390908,,0.04280399878857661,0.057809005538624655,-0.005328582694380836,0.09213581637402371,0.03706187019175562,0.00479728393262939,,0.0018791112892663534,0.0027785267290907634,-0.03565350977231198,,,0.018781045410751,0.10460952204340682,0.05505100705112907,0.049174466689598045,0.06265127610112517,0.0719907370556383,0.07074755927817754,
PDGFD,0.013882752095301426,-0.00024356647004393692,-0.020118576168522653,0.044684593479565986,-0.05508094672149047,-0.021373459060855957,-0.08403071071341295,0.03599979193225572,0.0012596586403440288,-0.004035139934144027,-0.03338009503874848,0.00533123190456583,-0.023885164333830852,-0.04436510905211321,-0.019897931755323672,-0.18568405703610244,0.01139936453737705,-0.02481425039525096,0.10491545237443209,-0.05096823452330588,-0.043846414720065,0.07289897490804867,0.14177228834277344,0.011377809137646116
EDN1,-0.007740128532028831,-0.07834908262914873,-0.013798254027051659,0.022151974663270697,-0.07451555964011027,0.0812912043510448,-0.034199840635909466,0.1579357514977881,0.04644141213105149,0.032355756147591945,0.004177165812152081,0.0515771320304016,-0.04632614931160905,0.016035124640316204,0.0577346602098078,-0.06849196296375243,0.08443949004951345,0.09478148220789319,0.04771546402068018,0.07541443684240397,-0.09461676343487443,0.028266132711267794,-0.04007687848524224,0.08131850858770713
ARPC5,0.02635599553380617,-0.010160452450092068,-0.04940409515232745,0.016422473027239735,0.0010462817374260389,0.07426645727613568,0.07083522884789657,0.08227245776308409,-0.0016890186431998,-0.01698532739008752,0.009836382194788877,-0.2517354024635495,-0.04804844256316711,0.02706784122652553,-0.004845595423651225,-0.07428408906526937,0.07346540827483641,-3.8064102937992227e-06,0.03865229173831302,0.021687234892854214,0.05372445332476843,-0.05629095336603692,0.018369370916295154,-0.12840607108489835
GSTO1,-0.0918909577108791,-0.044936908160737365,-0.030129859323546965,0.009472877375070379,-0.016954479402194883,0.04026462647941452,0.07334884075711955,-0.1753351678681079,-0.0713553967013033,0.04799116759398231,0.022151704941215895,-0.06798928942191888,-0.014627278958863586,0.050757134428903714,0.0630137338677986,0.11581248157584838,0.0760829033103054,-0.11992300945180931,-0.04484394101237345,0.03762099072583342,-0.003141160077412151,-0.040115993580561934,-0.07625678643142167,0.04665464921961659
PROK2,,,,,,,,,,,0.027285091944375502,,,,,,,,-0.05170769547567971,-0.029243085409814653,,0.009673111160415209,,
SYK,-0.08355373854012804,-0.04028874792294674,-0.05344684346672711,0.02802063648096673,-0.029320194650444286,-0.018591943893662845,-0.01334210773452412,0.06258367945800325,0.08236569698083145,-0.04693221972549924,0.0332722275205385,-0.12519328242892344,-0.07645452083401702,0.0703023930560229,-0.020383236262320786,-0.03022495554307022,0.06592544466274858,0.13553460121544691,0.014802361508784084,0.097201841312623,0.029444018419295847,0.05277328471571127,0.06125610471095578,-0.09611789233380542
CD40LG,,,,,,,,,,,,,,,,,,,,,,-0.03307852138809245,,
ST6GAL1,-0.08020956918867518,-0.08136478562274604,0.02966644145473895,-0.006965775040882773,-0.10811861947131995,-0.11429872472753096,-0.02927439291801717,0.033683820316876514,0.04085532767186209,-0.11271575279995767,0.02019689911511655,-0.1802297834766345,-0.055771080766538195,-0.02689604907428019,-0.08833175938835591,0.060643002164933124,-1.647428292808139e-05,-0.1272131571938669,-0.0019393141764442675,0.057360781763138115,-0.013501673822440578,0.14902715153718343,-0.11269639982799119,-0.11275353626282957
WNT3,0.041426698772173906,0.05408613453124966,0.08450307738326598,-0.028812368678188965,-0.015279521743689255,0.0725956221376956,0.02611776630844074,0.04607005477167829,0.04449711542021181,0.015276796297289548,0.016875134107449404,0.1888071723207694,-0.014499464156866194,0.03897717012780085,-0.05204130830692652,-0.11716637973597423,-0.016322676249712138,-0.0027233307340881192,0.057786694852962374,0.05489341138418847,0.03266259211009891,0.10982159520234056,0.10469213084771246,0.0327084093272817
HSP90B1,0.061877199539670955,-0.05065299629945934,0.009705401480463132,-0.014631337839447697,0.14957317751287086,0.014230732106422294,0.08270518384701783,0.11713167481507163,0.034880964123591186,0.14693172036690708,0.02575300358509992,-0.08823255591287166,-0.030749966741949922,0.030791880793103042,0.008763075686788673,0.07356292959155185,0.03551410839516108,-0.02522889412665706,-0.0377876795245426,-0.06404911583486324,0.009402258932072582,-0.14800670564116208,0.06670877842571618,-0.04080976274629424
ZP3,-0.007860089637800495,0.03997700739116904,-0.013258625393194017,-0.008823622816514163,0.00536236511844382,0.09635566517400018,0.01742325275576949,0.050290577216423236,0.05134417055517147,-0.039324449487626284,0.04223610498281087,0.09078277255697913,-0.04702547449038905,0.002847357623905445,0.011175958684031605,0.0016824455503263848,0.03484495375034313,0.06493023375161512,0.0703056392512074,-0.016581421139440906,0.03445249860865452,0.11240765415602649,0.12468273187191609,0.0698799034308888
ANGPT4,,,-0.009902661945543607,-0.02100821351320381,,,,,,,,,,,,,,,,,,,,
NRG2,0.002302740137093103,0.013461202856908647,-0.021757115100639025,0.019529810409296213,-0.06389972626638388,-0.025234255466811004,0.0036394433088423957,0.07913861351530439,-0.006818129992710988,-0.08540228431544326,0.03196065540126863,0.056540220033287646,,-0.011414495733737007,-0.026828185530939692,-0.0047615488701534476,-0.034876658260316884,0.12686013030805593,0.059064519528554627,0.0510148911063154,-0.00472434930720382,0.12118442703653803,0.003037246862725543,0.127343862777027
MELTF,-0.03088916510104048,0.03289212326556677,-0.01574946259613665,-0.02034972039725326,-0.0060123320891590165,0.04536883854933983,0.03767020033827648,0.16593816560118832,0.06995633269626117,0.009021577591164278,-0.018315679578591468,0.023929728773418344,0.06432132006405503,0.022698833239727236,0.12589579299016637,-0.03568567442682537,-0.01795916033312262,0.07883298763861592,0.07915751041133244,0.1265294532086341,0.031251779551932674,0.1534460849492779,0.03175671399671011,-0.007253745402754946
NLGN1,0.11076758045518524,0.09516833361873714,0.010601863728734312,0.009284561084762968,-0.08297956434386625,-0.010238797673190884,0.007023161557157939,0.1288671625160016,0.09929826523124013,0.006131740632684121,0.00834048021113453,0.11154586051401054,-0.028698750233719292,-0.027759988194347492,-0.0188600192690706,0.032294451981559766,-0.02726807872439456,0.07290754591812658,0.10691983770806145,-0.037251456857625015,0.07906768001129083,0.0977172159241716,0.0404126610048091,0.038769645866023716
SLIT3,-0.002666547853221045,-0.04627296645915954,-0.02787152037856381,0.00965231212461041,-0.05613642716340974,0.05428472194166394,0.01871332932900431,-0.06523122421948915,-0.026969556311097178,-0.04283590386138175,0.016789975159274828,0.11308089833465765,0.019716341985884313,0.01616216008668354,0.047572225750024615,-0.08399255989807328,0.06575163126565749,-0.034556766223433705,0.03404296614248794,0.016922383083285437,-0.10753336092435334,-0.0038181881327163797,-0.026102151008558824,0.18287571262349672
CCL8,,0.02471604201742947,-0.036903135541200206,0.017759362659850068,0.025228508288778238,0.041813662833594986,-0.05294965852839244,0.014275637748157453,0.05115169207097937,0.01771689592213043,-0.0202192916888541,-0.0731689976594147,-0.008303523138273641,-0.013089624497063619,0.038881158830804424,0.11310422310368358,0.023859630966522098,-0.0033696156258516893,-0.0053167473745367785,-0.011652464831499664,-0.07910380209379692,0.06056005190542685,0.13845100721420733,-0.050896530684752785
S100A4,-0.14996046838889263,0.02264004858035198,-0.11227852987434032,-0.027470478376276225,-0.02776141282069216,-0.003489822611903067,-0.010352301246028973,0.17114482022380695,0.11743529813469006,-0.07677709435506966,-0.011542816143327684,-0.14453424710000767,0.026529962034686678,0.013467296830522788,0.08571378588026415,0.03333100409561851,-0.018846190834550938,0.11041776419784913,-0.002333041250203188,0.09490847270045745,-0.001425230150497314,-0.008358618173819365,-0.03521527565674614,0.06426391324274223
TNFSF13B,0.0008325972813759413,0.08727410435580651,-0.046022329930108026,-0.029509605491895814,0.003463549900479461,-0.018499365735912966,0.05098662860695766,0.06048837835100573,0.09218330938626383,-0.025134572315427102,0.03832471591225171,-0.20993144979859124,-0.054168918360502166,0.04295326534370846,0.0954938181000541,0.06474482412962831,-0.023314988829093268,-0.04467891236765891,0.06680517413754987,0.048454541561478666,-0.03229508702601877,0.013171426529237378,0.034906047470015356,0.069160485832555
HSPG2,0.1258091489725987,-0.07854237437454734,-0.0897732244739858,-0.023552685112239118,-0.020590009735907782,-0.07285886297307502,-0.023192975092109106,0.19473922551445122,0.11222465688087938,0.04436368184260895,0.049115534507126066,-0.049060426371171306,0.033083643302414395,-0.07126584676151905,-0.007115621449855318,-0.10662679533534156,-0.008338125615111611,0.06323976244761266,-0.11664983288506055,0.004568702325749806,-0.10349802888660294,-0.06103048934677517,-0.031711971841557864,-0.05393991564358312
FAM3C,0.1572419151566462,-0.01583095452648032,-0.020732551145143593,0.00603692786695446,0.0036967931679005956,0.11749335169113576,0.03219388075608905,-0.02020308757732384,0.09097671959647044,0.042768905603889074,0.05629015214873844,0.2696268805297501,0.032335053522375735,0.024337508367495986,0.04694794872473259,-0.06552073382452364,-0.07216285873608905,0.12286670320023965,0.0038288143111453767,0.06039391702423375,0.0973547532123141,-0.044449656276552826,0.13484023714152008,0.19779495399810906
FLT3LG,0.11347430993987336,-0.038615462353636214,-0.0041165689684348255,-0.0012706057009360889,-0.024439971588290817,0.02255114706276078,0.08583180836599727,0.06896419758346581,0.076717030484179,-0.0021108451108427548,0.0637070666797498,-0.045530360933655936,-0.05312319367554467,-0.01426068492674078,0.05959549114918446,0.05750898676876387,-0.09901291266807509,0.04911115215458021,0.08107954847466074,0.06578088770327029,0.02214757542355302,0.12098229664971927,0.06718049318223118,
A2M,-0.1982983010340647,-0.03233526117742165,-0.11403238130613344,0.028417720988851737,-0.04156231104561927,-0.17279133612711461,-0.05298385812700428,0.05745337566103409,0.08532007026537683,0.034681773533883596,-0.012549355900273083,-0.2882799855167575,-0.13445086336590162,-0.10708145303804727,-0.015570903244909036,-0.08495916737699732,-0.05944631580727452,-0.10749709026133014,-0.03487898623357582,0.03974807551274632,-0.10952377056472268,-0.06753461985083352,0.140289147757161,-0.14010519408400854
VCL,0.05052783647465712,-0.0068704967291118475,-0.04325252827326829,0.037032577304712974,-0.01302096356562167,0.01810665636859994,0.008421004633099732,0.0943832977288498,0.013759194590960488,0.03278388417703967,0.0439162323041151,0.0629681459609987,-0.01215987890681122,0.10125425888121031,0.0002919794301786375,0.105986682808365,-0.011668152423680671,0.020144966066285377,-0.01055312119531611,0.019406263926436525,-0.028943701468958992,-0.12090696133498068,0.018946929845278487,0.11308577320425928
FGF2,0.0035291530773256634,0.056275405926123866,0.06214498947410298,0.022885577708239246,0.0046117432605266035,-0.011307280216492584,0.11737817000009088,0.006042975683480217,0.06236681689704219,0.041514749648479704,-0.05541048494379062,-0.027174232149164524,0.017505315694614696,-0.02246206130031846,-0.07620190354116912,-0.09132954379867986,0.1470252051754519,0.12117561866214545,0.09414794618817275,0.06736616403288224,0.022758442943732006,0.10398913918757392,0.01594194739877205,-0.07873438062662028
AGRP,-0.03237069181801836,,,,,0.09975086705355478,0.016894483314388347,-0.023865109013224854,,-0.017800332156244384,,-0.02495256200437528,0.011321801393780731,,-0.02657700005020033,0.05728137085182885,0.10628802847033131,0.12734687416197749,0.049214143374535564,0.051116137943173705,-0.04410954870328179,,-0.038007966033302094,
CNTN3,,-0.06713484789459248,-0.013253069153458846,-0.03313814850611419,,-0.012079667192705552,-0.01973481488250018,-7.060869926010881e-05,-0.037518076128241894,0.008689413817042586,0.04224593973482655,0.21963935964018477,,0.012288977219416167,,,0.05660779917586289,,0.04381479858402703,0.07335670531919217,0.0822233909960656,,-0.017642216564978594,0.11745721223536283
RNASE2,0.05298355796159051,-0.004626653797827692,-0.0612173108547431,0.005219508960000629,-0.04584150272940487,0.0011173500312170348,-0.06511798855935025,0.050146171820106736,0.09975760817210852,0.036698768476687245,0.042464885011951656,-0.1201302510477003,-0.0025848707037640782,0.006136055782205276,0.0235865054400244,0.08865317054678523,0.0064811326808940466,-0.012460156245460223,0.11649867678220985,0.12465784799249033,-0.000424884394595584,0.10769127006483777,0.11587837183763344,-0.05294039673726499
ADM2,,0.03532389453674761,-0.014598303979494328,0.007457169286856887,,0.10447275563844345,,,,,,,-0.012212100215729141,,,,0.062089413743696864,,,,-0.03541747816803813,0.00428147429823162,0.05338961044617409,
GAL,,-0.05343652016633215,0.05908091742145043,-0.025120598296132005,0.05207564218277923,0.07450199911513583,0.03443438367745857,0.08026453108121685,0.053819556985129496,-0.008657619338624682,0.06713413930113073,0.11007243993724025,-0.002509511774312695,0.04130638931043642,-0.0053500013549335,-0.014414951830938702,0.0013849448106998332,0.10979027817885909,-0.018806983196542476,-0.07404739189635384,-0.04999090708507285,0.004992407202026994,0.058582908485809985,
IL36B,,,,,,,,,,,,,,,,,,,,,,,0.07413393474110748,
CXCL6,,0.024905599774766304,-0.046085289088743264,,,,0.016694066151973275,,,,-0.026266749720348665,-0.0579329628377512,,,,,,,0.013986791591776163,-0.039376368963022775,-0.02431193373672935,-0.0437978393623644,0.0011588385600532197,
PDGFC,0.1014692782435018,0.033773724790436936,0.02600096178255066,0.01793032005972299,0.09920936469462427,0.00638701643568485,0.07479912169947207,0.15263857126842006,0.06332959985695683,0.02268400710304756,0.04371760407560543,-0.004340796878566143,0.010400567186242117,0.003977228848072546,0.07162766072986566,-0.04563413727029929,-0.07437834939219432,0.0038451874901071904,0.04573783117583755,0.01432480689794325,-0.007997693490235918,0.10449487502408945,0.12210467117925838,0.09281110481946983
COL8A2,-0.018934770750854136,0.0874173394855011,0.0021152498865841156,0.04919590402638324,0.022094976474857603,-0.032712299710791905,0.03555272320790536,0.1044016913494629,0.07163295071898733,-0.04077618822754151,-0.009639500949464627,-0.0879148771339734,-0.007011140343089216,-0.02806124072450329,0.12907289128569996,0.07221535295091851,-0.0058965784413530205,-0.013413009786043102,0.05170312281391571,0.09308201743184069,0.05445911517554436,0.12462939700383874,0.05178244456488163,0.025510620082403984
SPON2,0.003318921631788626,-0.030972037839914743,-0.11470295800967013,0.07182376565600122,-0.0376380992487592,-0.11186217102269294,-0.02122200011516135,-0.004607091210420377,0.10099042270539718,-0.050545302501274765,0.01934204335190986,-0.02590431359267675,-0.05626020586030699,-0.032742219616643704,0.03595760108296564,-0.0844444525252608,0.04591758342739579,0.10511228177143153,-0.06366371482784314,-0.013517270694332414,-0.03483564009300905,-0.03682938377583093,-0.041621800159568956,
LCN2,,-0.03881300939958402,,,,0.02132124477164069,,,,,,,,,,,,,0.04865363200685695,0.05093107590153369,,,,
SEMA3D,-0.0573518361389871,,0.043441034278748854,-0.07276012532103986,-0.08399062872619319,0.04356956812231558,-0.047204213782877404,-0.012526500653414634,0.042594058396069806,-0.04082969630183455,0.012006740585201948,0.012758516928188725,0.024562052340082945,-0.015271613694739918,-0.0473872277370956,,0.00659402336858176,-0.0663240090130946,,,,,0.025330750868873205,0.10050303527070414
BMP6,,,-0.02893046206826556,0.05169176865360831,,0.021088922369764403,-0.02001457770418831,0.030342014902644796,0.02117724815817237,-0.001218867392073344,-0.018461802968023504,,,,,,,,0.10113424616777095,0.04823637195107801,0.027715057579001858,0.031118664379303638,0.009273327086306501,
TIMP2,0.03708848871341938,0.0201377595714479,0.04200019152833348,0.015978179097470298,-0.16341495464728087,0.031239917306721383,-0.07492771114459341,0.16133859227113845,0.021030397333472693,-0.01833157025136553,0.024953419063848004,-0.1831652030099894,0.0907923639659819,-0.048007121711553816,-0.017240038237620534,-0.05602681784273657,-0.004404941837985968,0.025805771194173818,0.036456835696422794,-0.06454447327252613,-0.015681091040407883,-0.06827383820823212,0.05772849160075266,-0.0954356784700494
EFNA1,0.04876209770738308,0.10438014217214475,-0.018577639135175683,-0.03744755686010865,-0.00947430168906862,0.08793709403111519,0.1138116449730069,0.135505742803554,0.04624688704424805,0.03333177118170805,-0.01080443768092901,-0.20919777398199688,-0.11273692171792775,0.03384311718401651,0.06796699476584324,-0.08050699357731986,0.15880175876890634,0.10587002711437407,0.05992446430592825,0.09860221205422502,0.04088790130569151,0.06719069575130171,0.0981321206954694,-0.11885630694283099
S100A12,,,-0.00830179338941276,,,0.01041794087982291,,,,,,,0.021872940079252345,,,,,,-0.045212545525340125,,,0.008395069114526412,-0.047939959496602465,-0.05089667122883634
TFPI,0.11263318040464555,-0.03897148245515378,-0.011401792050284602,-9.174392567743716e-05,-0.004873739404771538,-0.04676217792653647,-0.0019330749285086579,0.1379089611789115,0.14366254874309214,0.05598233672390911,0.07767063644696869,-0.11893707282801035,-0.1062822963828084,0.012805078623158531,0.03364147420080861,-0.04493687614891266,-0.12786605005385598,0.07880529017855564,-0.05734949473687001,0.008108376285855128,-0.09693903937238046,-0.0003364649487002752,-0.07481565257648119,0.046870752475750635
GPC3,0.0523096298159873,-0.03756024268367855,-0.008502650507294698,-0.020273872937365097,-0.0536391187956124,-0.0013157214288926997,0.008274910921955567,0.21902746698966888,0.0216929370793577,-0.05853667019568705,0.021397595900541518,-0.026014020223721415,-0.04167207627640348,,-0.046718647437594185,,-0.020411688392660925,-0.06211902805531027,-0.03955231805698744,0.042301928903521746,-0.04569096781815409,0.05312424461753069,0.05200580420582244,
NMU,0.12375601206173588,-0.08283837207774654,0.0002276398687212055,,0.07350260467543035,,-0.10792170779264354,0.1559901836307758,0.005482180708601181,,0.01643936490096483,0.04414499899657256,-0.06160588032018207,-0.031495290855934506,-0.0258248306366859,-0.008658233046637548,0.03192016242307407,0.10594102458988677,0.05690552376742612,0.043927748555792734,-0.01588961903014401,0.12563703014028707,0.06629412622164461,
SCGB3A2,,,0.056213547348000305,,,,,,,,,,,0.011762842482103792,-0.019860432706485385,,,,-0.005251097887702157,0.011312337507897405,-0.01586835561256064,0.042963487534175705,-0.060484528747817914,
LAMB3,0.09832587270759857,0.011340869714724514,0.047646046119378865,-0.0014543451522652164,-0.0367692818796914,-0.023449162864254726,0.047834988586540964,-0.07389826394279066,-0.019269771739856514,-0.016332575268948768,0.044704359698246036,0.08779150745551725,-0.08239946686667772,-0.04452188427569159,0.005138234119944763,-0.1229825270195486,-0.03300562080549799,0.04660307010608052,0.0033959459930968613,0.049613586807993035,-0.047063873531589924,0.11437951218059765,0.04156010554691544,0.24527429336323392
LGALS9,-0.06849027683435288,-0.12827961613345992,-0.09451459544920662,0.015960820855178998,-0.10142178873174719,0.011683398158793207,-0.09377993154122394,0.11596039560283852,0.09636984832635369,-0.06639460955004854,0.03211530439898696,-0.23080010949690477,-0.08623987548149677,0.01819370397525034,-0.0215718005322133,-0.03775800734301682,-0.07884958329940801,-0.023239186024342297,0.03651543909526886,0.1309765260618768,-0.009189530776098926,0.10189542264967659,-0.007590733638859278,-0.12655525412248733
VIM,0.26169768051024933,0.11243912475354212,0.007077301669400875,-0.07330054872646563,0.12977874714012244,0.2056987683017382,0.10975991891180834,0.06631686212116829,0.0780667995795505,0.14046605556664066,-0.03557941521778151,-0.32404522052149587,0.14003423025777922,0.06871234056686058,0.07400062961461346,0.31023952770474145,0.21739108010762737,0.2566654678390135,0.12576126238090904,0.07876786366758762,0.0914560299218254,0.13201574207522487,0.11056680866239318,-0.049814935123793674
PLAU,0.02168860650746725,0.05610744351241121,-0.05139357228713119,0.02379742355116313,-0.07757141958192211,-0.030119015714935124,0.06255629426531742,0.15318761992856494,0.1154808278092893,0.068917637258651,0.005472429510110194,-0.12061223325616009,-0.025230852587105154,-0.033541420314943504,0.006423588343089911,0.0017019744557038416,-0.09831391644961858,0.07145787931304487,0.06644708072015877,-0.006058465791292734,-0.015142102576485834,0.028665713709806688,0.12366320960136322,-0.048787028768877555
TGFB3,0.04461258847889504,0.019042142822378316,-0.03428740932440217,0.05990173259697785,0.038263415994561234,-0.03276941823325616,-0.017008530608713844,0.09017373661830705,0.0014653153919262426,0.03107303638321883,-0.043643387057996474,-0.060957721159069854,-0.04753757621658673,-0.028275216010308055,-0.04331937719923893,-0.02686289209878066,-0.023735420622184547,-0.009056410368788053,0.05277105831109981,0.03421207196143747,-0.042743734099393284,-0.04747986016448633,0.08484151986597618,-0.10323148613562791
APLN,0.06914275597547188,0.20493418581215864,0.03480407689793313,-0.008732612136293947,0.17946002138640668,0.13920301868380613,0.1465046946467068,0.08629688632736328,0.11827181471446996,0.02390133130747576,-0.00854564325293815,-0.105230485247474,0.015808120224237703,0.0709078252581103,0.010754853976082616,-0.11950020007503467,0.17807475009853077,0.22154992364662715,0.10706325597399059,0.04687416789722667,0.04602148299992975,-0.01900579093424679,0.022263361742816012,-0.09901037826113014
SHANK2,-0.019028794011602866,-0.031255156592493685,0.020704557041348253,0.034402874612914094,-0.019793909166685886,0.020712587490946677,0.05036090520814147,-0.0896896223816558,-0.02582661940977334,-0.03723371014142586,0.015282040675631593,0.24286567796815303,,0.04875262250221379,,0.18131344157605916,,,0.08734538801788987,-0.01884958033409397,0.11342863966089609,0.018110811909650033,-0.024068046993160747,0.21630787270310112
LTF,,0.02626561617318289,-0.03764930295985509,,-0.0011413783771993193,-0.08196718067408397,0.049415514556958876,-0.022085792459963557,0.08006918967993527,0.028858941512184436,0.06325372050437042,-0.2915466684738256,,-0.028815585372466233,-0.07576628323731442,0.06174092615714758,-0.01746016296830195,-0.013288989909426202,0.1247633958697607,0.07229603873431087,-0.062310815138147374,0.016799637704663084,0.030085479311808275,-0.11247973763610736
PYY,,,,,,,,,,0.07521452869116235,,,0.059808253564075944,0.007099578791077756,,,,,-0.021336883885309636,-0.03508455922248998,,0.1463380259162305,0.07574471099676329,
PENK,-0.05415208778121176,-0.023439997399748405,0.026932122937819467,0.0704517447076019,,0.011307573318966422,-0.0167969591487541,-0.0567430580398701,0.0011070610318986908,-0.03760280737413128,-0.019044432878138427,0.01894096657345961,,-0.03223864296799107,0.07883511468685832,,,,,,0.04434831700070011,-0.04869449026889131,-0.024783958953258398,0.22887027316954617
CTF1,0.10576018815203511,0.012262197282065773,0.05419350921910357,0.016132008093890805,0.013233221415658773,0.07478080874289803,-0.0061785737205616005,-0.0015701848832052842,0.031244484583638803,-0.019920480907323963,-0.0443907224459519,-0.01549805490148833,-0.06732335305041215,-0.008305021232899633,-0.03761096762821909,0.08377172519080067,0.11155502636886919,0.08349230471457562,0.09833650067166165,-0.01798746606686185,0.006484994064387972,0.15544470213062167,0.17630412627550188,0.12275039535291081
COL3A1,0.09165065233059508,-0.09911041630512422,-0.10801627713288908,-0.021672168576283974,-0.11143979435084224,-0.01979549164981093,-0.01775895233722881,0.08484268981569972,0.11275507637578668,0.011988270182377928,0.05327155610308915,-0.14249609904950844,0.1424774648091202,-0.027130893510722228,-0.02070886796787703,-0.18360156573598232,-0.08974872111206803,0.011504421009178976,-0.16681576969738401,-0.08831501510935993,-0.07579894225253106,-0.1763770503029104,-0.04865426392206081,0.1337647559562962
S100A10,-0.2157258601204591,0.13012385821719671,0.08488600637358001,-0.03124060647113603,0.2023246360999356,0.13407321220566829,0.10016642154235382,0.03596110375524081,0.0698175810963444,0.1867354149474158,0.0015135882177967908,-0.34143348428706505,0.10072975225948957,0.027517811067948754,0.002422559469981316,0.28122920633683346,0.18479511087300543,0.2258142938828937,0.1827746271876644,0.16802065700374252,0.13041490110787135,0.06607094429046557,0.15353777187603534,-0.1204761803372517
FGF13,0.10170821576240063,-0.013686543869905853,0.018391340045306997,0.053133264994300586,-0.04082312691065244,0.05411319095065995,0.009961895982407442,-0.06951120831290455,-0.019443760251832025,-0.07906667222862618,0.03207469533634852,0.20592004549104853,0.04875153634635629,-0.018343104966680544,0.10065818582308236,,,,0.03935530669699851,-0.003563074322566125,0.11114799339675648,-0.021642845575325517,0.0016071475954210189,0.15609365742614137
SEMA4A,-0.04374531786460309,0.005142143923062816,0.05663727206085719,-0.024025879980087424,-0.028716440442464717,-0.017201165758705325,-0.04000019141822814,-0.08090242087694759,0.002799105232075446,-0.021125384550224058,0.0002749290148081662,0.11552289461134614,0.012076427120882477,0.0023249410562566136,0.024908996681441,0.047395306774798626,0.05087159592320605,-0.07164763450304204,0.16013558340633677,0.08747810569858633,0.027747792643399573,0.07952558345232881,0.03290711962946948,0.046522004629935616
EFNA4,-0.04195411770489186,0.04369304328337677,-0.023905810549406825,0.051702321254909284,-0.02444586975467817,0.049623877173985365,0.09043376549838388,0.06931344149159388,0.040752299716370496,0.012524128439873095,-0.03616851550735947,0.021143964912025238,-0.03587706866276946,0.04380966467493361,-0.04213592088910865,0.0915882424039683,0.11295820724818557,0.12806524618525184,0.1325887923080433,0.06176921080639066,-0.008940238274170384,0.08042557928773843,0.12048782534054917,-0.02584845342425029
HSPA8,0.08933131860582864,-0.013306888753166251,-0.0729987984839493,0.03221358167592387,0.008433135365226519,0.0416750022378791,-0.13724292787799705,-0.13376347924166448,0.10871711228634381,-0.09123356981494518,-0.019245979915700727,0.1401128704931254,-0.09015006630601526,0.013628016683618085,0.12568062810653563,-0.13223344692403732,-0.14536236316748144,-0.10495794043853812,0.09178954821889815,0.03774377755380883,0.06955445447413196,-0.013517114665347413,0.014534982545538158,0.15306799396830206
NPB,0.06547339547760617,0.01960221735140232,-0.008501211857190527,-0.03740780264832798,0.05770582047650274,0.04578993130935743,,-0.007839884391910504,,0.11444406531860855,-0.030714583600726066,-0.00656384202253328,,-0.0005653544969240772,0.05638064288032168,-0.016173857652846242,0.02686388324083958,0.2014594728189917,0.021231452373120397,0.06722101868076859,0.07852107648179604,0.10913273614441733,0.043648612340787436,-0.10593118204705207
ULBP1,,0.07986736886312573,0.02900722459675497,0.06522088792650585,,0.09072297831244062,0.022772464634329755,0.006595385371654851,0.03554106261795813,0.03841222261580441,,,-0.004136015765858485,-0.011108145294118498,,0.04368522298310577,0.02517201277049355,,0.07045082106567961,0.02781069545399503,-0.002431287918714337,0.08790061305880771,0.1498656773932433,
SEMA3E,-0.03885555291733563,0.09938114338800018,0.015537138930130602,0.017377029246455806,-0.042824123123085464,-0.02943988228335282,-0.04362991799537046,0.1389262908947387,0.023127302488444197,0.03840106438733172,-0.04244395507902772,0.02673581738379098,-0.03437728176197292,0.0017748601101803029,0.015187495830090297,-0.11199076401849258,0.020719216935803624,-0.03520353726826927,0.042560926021211205,0.051294437767552374,0.02080399206514963,0.06965364111760282,0.07182173658346298,-0.020520510706060483
FGF3,,,,,,,,,,,,,,,,,,,0.10299243641237682,0.014831752257551368,0.04804822231253668,,,
ADAM9,-0.03202727536350859,0.09496061783847828,0.023945799828476173,0.05146597705246092,-0.011856703328554015,-0.022864338100004145,0.06093907042528879,0.08019189722985551,0.09241098533572564,0.045996465917022625,-0.034751152883982,-0.10602245814996263,-0.05641245912575335,-0.016550559734977932,0.06945697158211296,0.03696826377711494,0.02523410603390228,0.02717936301309578,0.1270838634443687,0.033230574958280246,0.01181883461829911,0.051804625847968105,0.1260317730373751,-0.06144857769425171
ASIP,-0.056983738830642436,0.11401220895115534,,,0.009650778376312747,0.018741873278701963,0.022570635842945722,,,-0.024385180229814563,-0.019962173517902835,-0.0897105129626788,-0.05333512120917175,-0.03435899803976542,0.10413675160361445,0.008767941021247136,0.033730810435993915,0.06696711714956059,0.06865396216830796,0.04186382007374802,0.03262094190507436,0.09598587366613788,0.12244417645044803,
IBSP,,-0.0007867899285853048,-0.059063012305812936,,-0.034637778443367996,-0.03419346426575162,-0.01965757480930088,0.13242669818670624,0.017055149413624376,,,-0.2707142664686696,-0.06049153508579468,0.01672755432853816,-0.015460978585687558,-0.13836679466659435,0.03483551813448468,-0.008095366949256716,0.01963454459332586,0.08629132790164863,0.044446671949302116,-0.038487558434642744,0.009578222925377078,
MMP12,,,-0.032606860546019814,,,,,,,,,,0.013427054855024233,,,,,,,,-0.046312987602622306,,,
FAT4,0.11551572899923936,0.05468920363058889,0.04340120662383835,0.05841337475017092,0.0042225228214347686,0.010592864393666914,-0.016056705250913735,0.022472820105466737,0.040262116378930915,-0.015817766564682374,0.07407974103704794,-0.027289805470715814,-0.04316217039317656,0.042035308422606825,0.08967430475349002,-0.11081818622119344,0.06327453470113414,0.018393862884740667,0.07259541831719644,0.023210680009983123,0.041204400857250724,0.11020357556888719,0.08190948598608662,-0.06568307279866899
MDK,-0.028364787752248516,-0.03405086179439741,-0.05688820777417232,0.057675630965895855,0.020164980345618786,-0.03790101355661255,-0.02888945486961241,0.20162791745752945,0.12011628525586769,0.10508392128748129,0.0038704516760606736,-0.1622497783873333,-0.09595627156645425,0.01094050288211431,0.09441351301000994,-0.2074634363955217,0.10894454558925708,-0.009396319612422781,0.14200593456190505,0.11481426125581719,0.009024157746558173,-0.0673667155741654,0.07775299378128842,0.17680547365445126
BMP5,,,,,,0.018197639375851324,,,,,,,,,0.08529974945994104,,,,0.09464529185325368,0.08267957714195176,-0.02756521965966598,0.0006698174002657498,0.035893691877629155,
CAMP,,,,0.0585842123443042,,0.10021905971266384,0.03186301234175309,,,,,,,,,,,,-0.029021214624359425,-0.01578145384493205,0.03531157938892857,0.05929747757888893,0.06842168012004629,
HSPA1A,-0.028626606085621373,0.04271632329436227,0.011968893370603011,0.006877199365546398,-0.08776874014247728,-0.07361756750787946,0.016042024080601913,-0.034802802186171405,0.03206807008607587,0.06205765132271574,-0.04387799912655396,-0.07918939037912653,0.11100197082898013,0.08062877305748559,0.060781850241810646,0.16768800358312133,-0.050727407921104126,0.04151782905783993,0.04912394637589754,0.0006355745449100723,0.0049999082699227,0.05316054060470211,0.05137063755456311,0.03329223453271178
SOST,,-0.014704625676511665,0.04721548621788847,,,,,,,,,,,0.017160463931853373,,,0.10922022160891488,,,,,,,
SEMA3F,0.12322904407435262,-0.13066210628403133,-0.035229775484603015,0.009468750793023721,-0.018617047069910922,-0.02465257874181188,-0.025705708897454382,0.11481467579509383,0.06892622544055123,0.03465145097675378,0.007433861229352533,0.04974536419347121,-0.048442026763907034,0.01201075107233791,0.06085302456104875,-0.05352538620238863,-0.02018875130216719,0.1738275114684054,-0.03562152464791551,0.10522854402986796,-0.03137532635659305,0.05388705618712433,-0.01321100143012258,
ARF6,0.0888871287639942,0.09079135531456373,0.027501556349683164,0.020426685712255633,0.06739533046540844,0.07475880550858355,0.032179209635663376,0.07831635404426507,0.01291247500136213,0.09151341593149454,-0.00062369090854162,0.01763196953725895,0.04967102958889483,0.024811650253285814,0.022280370010056748,-0.005220444894417389,0.023221953238828346,0.09964524258911059,-0.06547740364271343,0.008195789934060449,0.01286285159013781,0.02391388307659833,0.09741399466564173,0.023106997802015188
IL6,0.03456305574776972,0.02548173422721601,-0.033078080661483225,-0.024558258863288378,0.12263902944891368,0.04009672555820055,0.05865374426933083,0.05705163353110978,-0.009186397984906568,-0.0036508376308539347,,-0.09931613679574702,0.003383655418362934,0.012663013128084656,-0.034524481407715774,0.029825698655378395,-0.11093505074105638,,0.040911645948269244,0.06469701552622133,0.006509715272000733,0.11491099224435924,0.09862187361305065,
CALM1,0.16519665828397467,-0.07302123213589912,-0.06369281628812089,-0.038577232586743004,-0.02691550072104862,-0.19050127942815864,-0.12166205021507451,-0.17312805336341308,-0.049435353053525234,-0.04919351106560451,0.023094656339038983,0.3417251698292962,-0.009563622621027031,-0.03350016899537904,0.022490981679652782,0.026891515976189117,-0.07255271053283005,-0.09598052434246082,0.05582401365451079,0.07491254665474781,0.038375864151153176,0.18714940506670918,-0.17926664618273688,0.24105730493582045
VIP,,-0.028718164716296152,-0.0193817895297439,0.014867101136197899,,0.01623472657954309,0.006703865593507218,-0.024256950310430243,-0.026917825201922273,-0.058343341508520274,0.04505882408154702,0.15574791954204853,,-0.025535589464106515,0.04472142737364522,,,,,,,-0.07978307928542307,0.014096316874472955,0.2976499353501251
NMB,0.020303356563555804,0.0157227901967495,-0.022293965565023464,0.01825145178261716,-0.013110693258681685,-0.019547053159069256,0.0008169877498656011,0.10009425032545836,0.10331297192582559,0.09590980492667356,-0.02137403751502216,-0.20657393515098427,0.07522065016196232,0.06688648835134689,0.019223479765659093,0.19961589288875742,0.08419689395014672,0.17809314298917875,0.06831238554428536,0.05167435999153108,-0.025654479310277332,0.14776620273700072,0.12636819319555878,-0.12304380445750658
CCL26,-0.009514584939926244,0.04977467136864384,-0.06078492909936925,0.03424535673724988,0.05077433242003534,0.05857532897742932,-0.025720613235107596,-0.023493146196416185,0.03786995945101582,0.06963861644149513,,,0.06139009504624114,-0.007964759571281874,-0.0028282263612870407,-0.04388146581842567,0.06480649550039905,0.008980830917130566,-0.05203835725546751,-0.013962340956030665,-0.06519117475794542,0.05424600635992656,0.04324009376551851,
FBLN1,-0.040146484522897034,-0.05339986046883611,-0.04435079529973027,0.022668311590649748,-0.11975658948895761,-0.05710194519329139,-0.06338589514915599,-0.000505050785671372,0.10305487052603783,-0.028772215390099238,0.004188649096777725,-0.0509878568230371,0.034746926682572454,-0.02176864797860382,0.04390568873020581,-0.12875616932853903,0.02623000405319015,-0.0035007757651298625,-0.03452764478268357,0.007451757712001026,-0.11050747775568913,-0.025108176155884926,-0.004722317271667257,0.1156356279993141
SAA1,-0.059415135334149584,0.04716387825826867,0.0009966875883228663,,0.06867422711915619,-0.014604098548202663,0.08695031635039717,,0.04975532645284886,-0.03137509552011211,0.002396942948204691,-0.08075915016765584,-0.006215909834867267,,0.0978364415551749,0.07799209429447308,0.018635507686641763,-0.01822706200791902,0.028261520930322356,-0.01402743844801501,-0.02586159250997022,0.011888276300613232,0.023511919942857784,
MICB,-0.0013530382711665402,-0.003680641338547897,0.02902695928569276,-0.004153870552542441,-0.0009675621995786218,0.09863736990028452,0.022196931195814847,-5.0046035838653756e-05,0.05075798759894188,0.017732855307010374,-0.03676453347126819,-0.0367288948996948,0.006595152092368917,0.007941969413638549,0.02351846446464777,0.013091134697455051,0.057056529895157373,0.0394609832847993,0.019136230432158095,0.03172165042635014,-0.0593386027334788,0.012515567557487162,0.031291117347477665,-0.040103852610409815
MMP13,,,-0.044804770723336135,,,,,0.09099830720805085,,,,,0.02893333126774111,-0.028405315611959622,-0.009221435097334089,,-0.05518150438142192,0.06505709788539978,,,,-0.031070293369211556,,
F13A1,0.0028628913467687064,0.014506378767016128,-0.043414563378184515,-0.04648333605283514,-0.1239246049933703,-0.01925568137838848,-0.04789599600429365,0.10122652836762644,-0.0019017772767247977,0.007137998780240312,0.01870505382560674,-0.1528895266116494,-0.1129283167068182,-0.008463935974010343,0.0013894200339802953,0.07552807351756662,,-0.0006719315499045762,0.01627527381896857,-0.02490798297841191,-0.011533519902129098,-0.0397192858668221,-0.00810296990755604,0.2844210365939119
CXCL11,0.058737693442678776,-0.05783535727117071,-0.001169151121731744,-0.012460043778673954,,0.027954670381948776,0.006121133795291422,-0.0020210678168527964,0.11713183929210397,0.018607223316808204,0.031018043210087266,-0.04779348748789294,,-0.034875192250671636,,0.03224886116255233,-0.09518139629001365,,,,,0.08116829445969465,0.021372126712097015,
COL5A2,0.10639369527598351,-0.00754279305831721,-0.03674392124360631,0.053681339652642754,-0.07185360035926978,-0.09894840818301308,-0.016769759628820536,0.16241724871157304,0.10631783509859205,0.05312417378976046,-0.016108886784884906,0.04574397351198896,0.1342423310671134,-0.00782131278152796,-0.07072650973398747,-0.09842101256626254,-0.031064913732000793,0.09821696562244264,-0.0032867295359845076,0.07802533194910627,-0.005184042204417866,-0.11440633602076589,-0.0005656305007348307,0.0849552843721042
EFNA5,0.05357703648734626,-0.01030347144969571,-0.014186079113372765,-0.016866714922618244,0.023344955122708056,0.009617505262779194,0.05184733015316759,-0.022017163786422052,0.013379468567941064,-0.02737473843898687,0.06521260151651548,0.1745439069638763,-0.04914055571125002,0.011064995056064612,-0.017933428842397497,0.15599510494705196,-0.0669215551312525,-0.049919341622940754,0.03516624104773966,0.05138279916744361,-0.005188810825911043,0.04580484096203898,0.052876939116678484,0.09136506546854603
AREG,,-0.008486480795155434,-0.0565732668763785,0.015590992471690528,0.17022108478191195,-0.01152634519631996,0.07841548600484947,,-0.04828857189846969,0.026964940687959547,,-0.06170080059979047,-0.02328916448376699,,,,,,0.022747021638543016,0.07653145749820048,0.007195006158073758,0.017645921210322078,0.010747170148638146,
EDIL3,-0.22910076559977638,-0.09083887795221492,0.015479380659693696,0.010783343200110755,-0.05362536315614546,0.04391889893223157,-0.06829430545489266,-0.12673957541839584,-0.14315497480567715,-0.026108733203094127,-0.013330560664033339,-0.25396181158738584,0.08815675783174763,-0.039379988301535086,-0.04887940162330222,-0.06257447079186786,0.025359501127726516,-0.19051381673824572,0.05039922267389961,0.1032807985582062,-0.04011174249244011,-0.05564306902258335,-0.10692670876691329,-0.2248606585661377
CD86,-0.0965217640058658,0.01718101874578636,-0.025016382726537622,0.030451825448896522,0.002505633306264095,-0.04835663846092017,0.03762878780660168,0.08353246083807887,0.039288169938232205,0.03316274966752087,-0.041415782527462204,-0.1044462589763337,-0.024387439653225998,0.01159761661715914,0.06659451932200007,0.005487211777475428,0.009595746674523656,0.05847133396709199,0.04917572433700776,0.15474845560674375,0.050697722528753694,0.003817834054816296,0.017985154079448274,-0.016169401304666063
AHSG,,,,,,,0.005229556264566774,,,,,,,,-0.04942979136058232,0.06142146482991337,,,,0.017465682539194463,,,,
WNT9B,,0.052269627164621836,,,,-0.019993031643221824,,,,0.05144329814096387,0.018567288727364035,,,,,,,,,,,,,
HRAS,0.056295151058881374,0.023420920851554033,-0.047947268422234034,-0.01773811268499016,-0.004392244785058249,0.07532466862105683,0.016343672341698597,-0.02849464632270991,-0.016686076301094324,-0.05568035981144172,0.030273043004015517,0.08812362913954876,0.05681104955970237,-0.0031958374206430807,0.07052543123606488,0.007536342657564082,0.008175037092852397,0.004177712875092773,-0.08044034163348425,0.018753048217236962,0.06784921722637072,0.14487951604887028,-0.007398915694101152,0.04259410992508239
C1QTNF5,0.08899781845518115,,,,,,,,,,,,,,,-0.0400729787037274,-0.060841918763730754,0.02036792173695614,-0.007762446636026767,0.032852775603969014,-0.019512594353082557,0.0693849864972221,0.09554112910106043,
RLN1,0.03574522668890292,,-0.02173908042105353,,,,,,0.027095969100694457,,0.002559880364584893,,,,,0.014654957360178428,,,0.06048788378817899,0.05957616534924168,,0.02484360989306216,,
COL4A1,0.1258600120750831,-0.11545063448856276,-0.08651676720950031,0.0008026558912811912,-0.04484215776530018,-0.047777714323176235,-0.03427417578693694,0.12853155101330319,0.14540410347572444,0.10040932588765929,0.03283783128145519,-0.07997742244312753,-0.12290486357077475,-0.09408313902269314,-0.03474206255729393,-0.09436006850525189,-0.04609464894972734,0.006842697557489529,-0.08811869095621505,-0.022831032923622922,-0.06605944415314051,-0.1502355308908033,-0.08600638781980312,0.03697363353556397
CCL3,-0.10570715242244483,-0.0552745165807097,-0.03361294753289778,0.04522566377039435,-0.005215723954059157,-0.06568417203772656,0.046924489317940916,0.023947961211705046,0.04649936185218876,0.0623353328073445,0.0020216876823907566,-0.25970623653588787,-0.044930996038068376,0.03685168258168747,0.03713372305180258,-0.002025291157845209,-0.13752921711029403,-0.03158737215628098,0.03906529089081721,0.09052471053984393,0.08692986925972837,0.1075941117666649,-0.06134216459841145,-0.03613786984916552
BGN,0.05874136367140357,-0.06460501335886136,-0.03040284586820875,-0.08165414547654706,-0.07670721082949804,-0.026179442155269128,-0.05214679650107834,0.11649551943895897,0.06892851131441416,-0.055391789048789004,0.011286913473388569,-0.14040658725601118,0.09971230436777646,-0.04420438430111,-0.049017027045727926,-0.16903108457260532,-0.11824615896769179,0.002429301874750158,-0.1482055408004148,-0.04107491437549441,-0.15415676029917855,-0.09206889427782576,-0.1030246333159624,-0.03648430919587215
RETN,,,-0.05390708871464824,-0.02004769207549883,-0.07417651762058441,0.05351194679844839,0.019194237342449436,,,,0.03262302948992692,-0.014041439391232001,0.013254287302616444,,0.018162327946368868,-0.005594713249806756,0.04234963784490312,,0.06962596210914616,0.010314380899165818,-0.00021252363012164475,-0.018151942032766828,0.09445887192623321,
S100A9,-0.1495829539932227,-0.03302927807367123,-0.012283660291387742,-0.04100510428755906,-0.07164873876151019,0.11511481274111936,-0.0561574178471306,-0.004441719631907043,0.11692688568222281,0.04180712290882412,-0.036362490169185975,-0.3225176589578604,-0.09265032635944659,0.03396217505403044,0.08006318379792833,0.17579392711551872,-0.07138437152480859,-0.042673397104970805,-0.00885082301184628,0.09901637839190572,0.07908037375871527,-0.01945490770977844,0.03992393597509111,-0.14079068411252846
HCRT,-0.02797589465175638,-0.06774714144857623,,-0.014447967078915871,-0.009042843959048068,0.03709901545515797,-0.038673437681927096,0.04875273767536608,0.08560876627772018,0.01232782409280015,-0.0035505382131974963,0.06702697237724818,,0.012883411312972827,0.0022840212556026647,-0.03249979694642722,-0.037818432269890255,0.1547651211309443,0.031939860946874274,0.0009475208789193493,0.06905742283615668,0.15141959079183184,0.03880128364791986,0.08860806679626536
FADD,-0.014978439398807594,0.010352669858301659,0.00011357760564843445,0.011531184958744193,0.047191221852874145,-0.049674173229948264,0.013539073668074888,0.08673728329075607,0.07237621808840293,0.0029284362459547565,-0.04778249821186127,-0.044524602733171936,-0.001529097992600056,0.03559649433872057,-0.014544858161361682,-0.019928994445159928,-0.04079894235617613,0.07946465655979305,0.06828910357181911,0.11433291094721176,-0.06135362493798576,0.11443646007982285,0.057719050515573384,-0.0831798890425772
ACTR2,-0.05496300170195486,-0.04028787114394142,-0.025744406395467823,-0.02069842163545116,-0.003993960903812828,-0.016986824925333766,0.009976409451223123,0.06292009266059119,0.04809091753314375,-0.053642813595061005,0.02024293727858012,0.006974769591980824,-0.08162505556762081,0.008691079172755582,-0.09747270716747895,-0.031197004385306985,-0.05450455345047815,-0.08346513240693555,-0.10532813995114179,-0.061509671524545236,0.0017413926101843117,-0.18043861739628286,-0.11952322734972451,0.007415992316383353
BMP2,0.04010085731918689,0.09364667593006913,0.08256908858206627,0.011662703275328987,0.157856446373155,0.07164130313783204,0.008319944647720132,0.14442693698071937,0.02921960914043213,0.0015428244257992471,-0.03332078617712204,-0.04727400695113316,-0.007148789221668129,-0.019667288922150864,0.030846015655401668,0.039135266565800624,-0.0677181308003049,0.11151827296206265,-0.0030014998533535466,0.06340439654953359,0.03941174230853868,0.05925507942437073,0.11360501576066849,0.054490053210174895
PDYN,,-0.06831347288378907,-0.022170041529854714,-0.06058348143179629,0.06405589285654689,0.018610438012133013,0.0013327899106261763,-0.08712250587075637,-0.054603716858653825,-0.042343863240915915,0.03861011783451609,0.02944015027809963,,0.011147719990582956,,,,,0.08895230471810592,0.03721501338070469,0.05632502010553534,,0.033826586087246,0.09443127138596281
CD55,-0.06416176136733187,-0.09706008640370174,-0.049351996751336745,-0.005133147839923219,0.09185044522470773,0.05890964512797098,0.060314655179399476,-0.050464483247166875,-0.0016934206676939981,0.007913231545877386,-0.0017983048199968156,-0.1025450732325382,-0.03797660086782846,0.01873617791299186,0.03727381057667032,-0.12996591138020258,0.06103181484853454,0.014939765563957097,-0.037486886356878864,0.0721782447607317,-0.038102261826498306,0.02534980879635604,0.009978523491382644,-0.010996672332881102
OSTN,,,,,-0.03301029816955294,0.043279361771577776,-0.03326713518605977,,-0.040121805185532024,-0.057090852301633334,-0.03401734146286484,,,,,,,,,,,,0.040549082227025655,
PDX1,,,,,,,,0.0002792873537136616,,0.03660577395384397,,,,,,,,,0.05880831842098002,-0.010482958847773309,0.056733868159367866,,,
CD6,-0.028625428324081374,,-0.050119545757316156,-0.022294785210527805,,-0.03271155789147765,-0.05741750541898889,0.02895973240156301,-0.02716397176264739,-0.01282438886588183,-0.028198122423006927,-0.04954146851230265,-0.04261950405352502,0.04607587715429961,0.04460688585116291,-0.03283708735540256,-0.06779827832358086,0.12524392461861897,0.029916624354135606,,0.043564627468480104,0.01925976684825766,-0.02340806638579504,
IL16,-0.0613235655112943,0.06550643053527679,-0.01989022956313243,-0.022830760201057485,-0.0019117600405019275,0.01031400435269584,-0.0112101134151956,0.060078472792464234,0.05292867652816596,-0.020405697622714308,0.01012842876705704,-0.11610010914932914,-0.04331444487835266,0.0786239254746793,0.06517530666891595,-0.05493017577770566,-0.03792015804717062,-0.010773275078589772,0.00983317166602379,-0.013188424766739745,-0.02726078048995046,0.03799083315466044,0.027888944089703393,-0.05222406262643309
LAMA5,0.07172026374729278,0.024910826520310025,-0.008957180472800782,-0.005195702492361107,0.18226641549990752,-0.07270976010323554,-0.022042396185569142,0.09879107494917332,0.11126091187721233,0.04312339174534069,-0.019355912567079255,-0.032139386288829376,-0.10052756318935768,0.013501735668749232,0.005605547652772855,0.034909486468552416,0.1485435738877114,0.08196272445406994,0.08164023634430556,0.02003327402286232,0.037194920053839696,0.1011498772642445,0.15223868442975177,0.013805226947272386
RGMB,-0.02474792258052489,0.08180686947197316,-0.009606966331216339,-0.050529383561388745,-0.06935741450774106,0.03059951996264236,0.08337940771659921,0.1660177944209424,0.05610503197683759,-0.004845081807391599,0.05692612163061456,0.20758286229700643,-0.005524605869868646,0.05175356067620512,0.049912814755620795,0.16870186331194723,0.013926047080573167,0.11786498833004963,0.007713860006613958,0.006347779201557365,0.04408519815278798,0.1384463484883939,0.04295112822194762,0.14944057330477034
INSL5,-0.025834318586780883,,,,,0.038993537690298403,-0.02180087528560529,,0.08195015937034537,-0.04277850162304734,0.057587408058570995,,,,0.11708401810873288,,0.09538583505242422,0.11484046789530175,,,,0.0741187144715376,,
IL12A,0.013663052179908333,-0.011678382177311396,0.03317560574982947,0.02782744206318091,,0.07053217419342037,0.03746339686017771,0.04806662052070358,0.04614907340996651,0.001775479668723581,-0.026465737985687927,-0.0006592174893846116,,0.0730846205135176,-0.022795919042463107,0.01025832494021164,0.017278018516253327,,0.03408426548453322,0.010861423414773792,0.006627266200233589,0.07518115431193749,0.12264068324899688,-0.05874552164626223
S100A8,-0.13823879543814682,-0.032252570329552505,-0.009311977684810678,0.015792197997402977,-0.07933957921425122,0.06931428029470817,0.019828357027769174,0.08393556544300043,0.0975417027807804,0.11734258712178595,0.022893620806958875,-0.3065204538749772,9.38482804854736e-05,0.029285120899641526,0.0589232866721663,0.08576025226407769,-0.027014681330824405,0.04437182755602337,0.06470574674951003,0.02278965948300056,0.050263771429248816,0.07443004767198227,0.06693762737255204,-0.07010538422024436
TAC3,,-0.07180132657825955,0.045643970423921515,0.07655271554238371,0.04429282745884851,0.009623627751167181,0.030472619777822785,-0.04336227454815951,-0.03733272727475359,-0.023175935160681452,-0.008966586301377966,0.23571972694101678,,0.037887158537510075,,,,,0.06391900929529507,0.10486794328422182,0.003983256362712889,0.021578261945099916,0.01805711321453649,0.05314235686019661
TAC4,,,0.012162801740621999,,-0.03124608831439846,-0.0002339997405007248,,0.021403749810135066,0.037394442654163966,,,,,,,,-0.07158015193317069,-0.039378921219535144,,,,,,
MFAP5,0.017317745984552477,,0.04570983046859583,-0.0349054810787167,,,,,,,-0.043025564413529734,-0.010128151437487522,0.04567690399726741,,-0.0487574904325102,,-0.0374258750765124,0.03862431155481496,-0.03754472156010352,0.061786956681347906,0.05148391379318172,0.028463232575664674,0.04754477519850107,
CXCL16,-0.10188782423698552,0.0031454122033017055,0.009248771576620386,-0.019855143221890775,-0.050053688280034196,-0.05688803210310185,0.024315089037001365,0.12992119889573137,0.06714091817121158,0.014601076496523606,-0.00980963414540406,-0.20979037758017777,-0.065142292044229,-0.0007726472941061876,0.05575894583286632,0.0782679509119413,0.1460603705005689,0.06899101434485978,0.0335021888145711,0.07192067556842062,-0.09210996322332476,-0.032312419540670656,-0.012433537117645558,-0.07666831751633636
AGRN,0.16979393548464222,-0.0008728170567167476,-0.07972598156565582,-0.0018424388079507719,-0.22545550115496849,-0.12386400081945131,-0.0773834765504153,0.1674536278670957,0.095297171338686,0.03294302118169845,-0.03254878981147383,-0.056252745608693824,-0.0076814009454259135,-0.11372604692784827,-0.02442428043935106,-0.13556158894512105,-0.06259349415252961,0.12049054111969597,0.02077500645698295,-0.03041490264674022,0.023731838410214385,-0.003710240348196325,0.008440573964615002,0.16830043931135497
COL4A6,0.019258922408435946,0.049363953046113185,-0.07242902465574125,0.030791655889103143,-0.053312469118035215,-0.0038894449929475494,0.027345509452673136,,0.033172948043920326,0.01780672232291085,0.030287635092398086,,,-0.030706486199089746,-0.0888476532671755,-0.05259100110144483,-0.054194640306581665,0.047402697415916066,0.09478609664334392,-0.011770537496843906,-0.030260470333708336,0.10824478100182841,0.11782300718769372,
FST,,0.026142087238717852,0.0032579531529918484,0.06764865903796666,-0.02200344929285772,0.01883661867101235,0.024112375182480605,-0.00016377388702787935,-0.020275286926250906,0.05151553912546834,-0.021578718443296025,-0.005355041685738136,0.02824868983780241,,0.16436517768914286,-0.06745429803900017,-0.04983619246691047,0.01795190959995365,0.011217699485494104,0.05846079649172964,-0.08585658166567794,0.10476207550170018,0.10004701190533027,
MEGF10,-0.07239967016410352,-0.04481918334284305,0.008868364205884618,0.02641877547578786,-0.0018487863447494359,-0.04798971809320571,0.0009863776053115722,0.1161376805756393,-0.004227393451643805,-0.027997531306390273,0.024058081351425148,-0.17143064419135745,0.022704544522435283,0.03559765939175946,0.007440980122319465,0.0901253818822796,-0.03038283009284577,0.024661858217929232,0.03940539504710848,0.026650336384368693,-0.04931725248635653,0.1436909286240431,0.0020704719341977577,-0.07492079606761572
C1QB,-0.2065518443325158,-0.1046635231705142,-0.10439463202802059,0.017281500942120057,-0.19572671338863992,-0.12154356490310131,-0.14040153670728342,0.08377156593782785,0.10290291395149972,-0.04868938297142007,-0.042219386135565994,-0.3545871920541649,-0.14993455983095005,-0.029052470231228505,0.0731273292744791,-0.034496081396094426,-0.06471092718743375,-0.18747207366888569,-0.0075738943400893806,0.04099117723171255,0.016498197425148287,-0.05212064920214218,-0.02939905539831225,-0.06300667485999407
HLA-B,0.177572688093606,0.04598370557752354,-0.03360664357780646,-0.07507587500105355,-0.05607988510340572,0.004043861386618234,0.09832305974557003,-0.1138314358607932,0.1076726408204137,0.0008332009546858239,-0.017928393229068588,-0.3374204725609636,-0.08785879352199377,0.002242326026642285,0.049162515415084936,0.10533282036941938,0.14234983960594455,-0.033032673992083844,0.08620056606518363,0.03783652871153368,-0.04726716631752756,-0.10640153174010646,-0.0072965350336511355,-0.07267100618310691
PDGFA,-0.07970602562248674,-0.039389994700444644,-0.0546923063574236,0.019110123936135075,0.023737850979277417,-0.07653909923773325,0.012547177462487187,0.1290120641155164,-0.018664921845158257,-0.03205203687032251,0.005743508194654396,-0.030305223538661014,-0.06570911266684795,-0.023398519124455053,-0.04030823359463923,-0.0005192614779280544,-0.04475252464798354,0.06665710061130442,-0.0450113466844625,-0.07729591956176916,0.01385745715555928,-0.0063130567497859755,-0.019009161946097083,-0.09564826038106737
LAMA3,,0.024192430705810647,0.11162389197135858,0.03377138245834502,-0.0010389589508836264,0.0653125293091007,-0.020059637950250436,-0.01913316585079905,-0.02916355654234204,0.009491463029288362,0.02837356293558712,0.05699172164297079,0.005208557546496717,0.01139530300746859,,,0.03000309420845786,0.00034557577850501705,,-0.06759624866253061,-0.036504154110660984,0.009702345447072665,0.11653071737739856,
DKK1,-0.00033598832185429355,,-0.04948076568201488,,,,0.03574481752551919,-0.008722387868827126,-0.0423727244605969,0.026839677916467693,0.013932675792558876,-0.10014868244481627,,,0.08333574685112113,0.18165234681096148,-0.01386292677528127,-0.026969844882463224,0.18842563321135344,0.10430205386853068,-0.008704068223875648,-0.01941903899503728,0.01583853562609674,-0.03402456316456041
INHBA,-0.04896090313974177,-0.008203541974865123,-0.00998424989239097,-0.031275927963075524,-0.012675199613635514,0.016010791113346533,0.05745388886770111,-0.01272536742080135,-0.046315796148600305,-0.006857623398907727,-0.006490127671014238,-0.0010825447656842972,0.10621470260348044,0.03474723941660325,0.07642074254383555,0.025403633971832786,-0.005924553293861481,0.0664513874310759,-0.03489205416769381,0.0010004763100666838,-0.033687431920285886,-0.00196421249825319,0.03454645613160108,0.0677568728084896
LEP,,,,,,,,,,,,,,,,,,,,,,-0.0536332116650381,,
IL7,0.03476279829415264,0.05126866943201179,0.01711162707449697,0.002729707172449597,,0.027678461813534217,-0.004146843094825895,,0.07312154023726782,-0.04387764208799014,0.005016358795308324,-0.04020606038859375,0.03442046402593061,0.001519136231536726,0.008640362263155834,,0.10062332106730762,0.0183669996047535,0.030740204315173127,0.07281014573247943,0.00233010058809714,0.17139448284262582,0.16417440083326473,
FABP5,0.03233263250417684,0.008433013726525608,-0.037121674277192714,-0.06956245807656417,-0.05783928153030214,0.0812435962781683,0.0001409362393463072,0.1430968044085894,0.05635185542464312,-0.0575645355755239,-0.010237051184665799,-0.12955335064064255,-0.11694696431829397,-0.018388216428488383,0.13778290503937668,-0.14352137360982986,-0.06337467349111511,-0.040088883227637026,0.027247783309252597,0.012890483320435048,0.07909561450311545,0.132706348321215,0.09779286689793362,0.017200797114587503
CCL4,-0.08939403050467333,-0.11776410169563639,-0.03321574754693898,0.09654567433722196,-0.09906448921923058,-0.06069501176968055,-0.022118617143485574,0.03242172689642407,0.1126551553063806,-0.002433873217878653,-0.01500929233065174,-0.2727225697786916,-0.06314334696831812,-0.007212300869796814,0.03535904287579472,0.08659512474714898,-0.18388952562000466,0.04902779244777399,0.09004768004530235,0.09683010056062388,0.0430267355403179,0.037784570611529025,-0.007105354516107014,-0.06871487773630822
FBN1,-0.038578773981413496,0.044403825970287254,-0.05900802506512523,-0.010907657006240901,-0.055267439216517146,-0.07787149276175728,-0.07415149144887195,0.08582851259005385,0.08806918491962691,0.025619737761758743,-0.04432525014668562,0.008166035760012427,0.04603832061446791,-0.04126925981035943,0.0005502712223208064,-0.015182461421831531,-0.052033370110173394,0.05861767333920712,0.01969835681102026,0.012988657427573618,-0.12284053093595906,-0.028830136275660573,0.047780242514098265,0.10475686485448686
TCTN1,0.09367990643103422,-0.0040209541000088885,0.023967344713058204,-0.024887839250170046,-0.010728631974597535,-0.03782355263045072,0.027040251249055337,0.06895339600073731,0.1147831961279764,-0.06278031143476019,-0.040070121039034214,-0.04247466611266693,-0.09239992084293018,-0.026933604077695288,0.07688291182932246,0.015385032399093357,-0.012673575637382601,0.09256403677283022,0.1112258508295622,0.05231311102381059,0.035677447192616236,0.15686874177294213,0.004043550695161703,0.053380439039965664
NCR3LG1,0.019626469438894553,,,,,,,,,,,,,,,,,,0.014976082103692051,0.013512009196556549,0.04417312315164243,,-0.054906774779289645,
BMP7,0.09731464278421653,0.056933546738494635,0.10027907134410695,-0.047897506522464814,-0.03736117217912826,-0.005867794560655228,-0.008364171717818027,0.05326320299536893,0.04171368627432574,0.08403661272733592,-0.036408710442875004,-0.026810868473501132,0.020231857614204617,-0.0077642779033183975,0.0369810174609271,-0.10636487868206135,0.08363739931196354,0.05600916318990305,0.041627021072249096,-0.026490581576269656,0.025946808839889687,0.17618293851479322,0.031972281777099536,0.05423594743262372
NLGN2,0.0388589538623369,0.011153257830111037,0.03994272047489467,0.0806953035785535,-0.05143056483071506,-0.00906361134495201,0.020510200482498686,0.14358547403148778,0.02684930969237812,-0.013123341719208016,0.038166295533195296,0.17934048201019537,-0.043592043831116,0.09801088209280334,-0.017089260907149365,-0.1367576204881576,0.09118351267792524,0.19814570250500585,0.1545331194005206,0.0662331119387771,-0.03036541026462255,0.14530888605162237,0.10613178026188883,0.08450537283706379
CCL25,0.013218468303170005,,0.026544816681420294,,,-0.040336606712379104,,,0.0593860507992603,,,,,-0.005105693782458302,-0.020364381304054706,-0.041867541454296234,,,0.07089197177237212,0.023693758434163558,0.010008846102019834,-0.011981530282705648,0.09772813353283641,
NPNT,0.0116903584847566,0.016376811194885103,0.061717171729164855,-0.014211168621589018,0.028870980467580833,-0.029737795467904782,-0.01383703343147823,0.08033342960499962,0.14908538010436354,0.10186286412699803,-0.023616530987755284,0.09124977291275205,0.02555097193168865,0.01356572171586697,0.017866286255800085,0.01570227238138176,-0.0137916931238136,-0.012751875819867493,-0.02150397758290166,-0.007898440937982426,-0.0722274937013689,0.12040890534105916,0.08500781582754191,-0.023442194204987252
KITLG,0.0858845133501205,0.04409952596740694,0.03242217031240506,0.027600056645709907,-0.031107419663307566,-0.059741077133029605,-0.04703067911081157,0.061447174771829066,0.14484308573885576,0.05163692630345718,0.05107640332660788,0.06202550024434043,-0.029331285488945005,0.06313766795034108,0.01501315399431481,-0.011999289340016296,-0.08441700624110922,0.07543754674425562,0.03320110269046953,-0.0004431299708582706,-0.0021955617413549067,0.1228137211724538,-0.024506129244726324,0.1653493321266986
MADCAM1,-0.03134936432390517,0.008480794538081054,-0.0660299146366666,0.0002803265755131462,0.06658048750335299,0.10889971278804411,-0.014569797656159702,0.007118396130157456,0.01301119626762549,0.01904710967022652,-0.0053147151405886104,0.09770257448223117,,0.026274478520037954,-0.05811567638618847,0.0167416883954949,-0.0014148578788907979,-0.0018964159063143665,0.0486235331561435,0.031028913420406593,0.0006642507366054706,0.08630029773113494,0.0033911747828052094,
F12,-0.05159126071871699,-0.009199287006835671,0.03295638236510597,0.10462867287453137,-0.03226159698855317,0.05539856105216301,0.05870202014338973,0.008072283541706388,-0.03891942460423261,0.0049474964212957015,0.0009542548619297736,0.17615328418676793,-0.03788939127878228,0.04862754144720016,0.0377713613418565,0.06810459534890981,-0.07781050745168824,-0.01785910781873681,0.18381530731541257,0.15669461179530877,0.08761355576852009,0.09535625032097321,0.0768785938833731,0.09373753533925173
S100B,0.14832386965575736,-0.04684181351460275,-0.07584597107610042,-0.02958678769254413,-0.20794318516778323,-0.2218371121486646,-0.13881107182386626,0.024379522572076224,0.026155693669168853,-0.10055699569830653,-0.07661384933943806,-0.31310831731154387,-0.030196001759972484,-0.08916910967854148,-0.09498055215284645,-0.22357646619525257,-0.2170703239609959,-0.197727150539494,0.0451942132603386,0.0066108475874155385,-0.1757416432058097,0.11088751266188561,-0.06101982163223146,-0.27577555564902845
IL27,,,-0.008412018916196255,,,0.014338114599687994,0.005594751841138797,,,0.018022996897438057,,,,,-0.04738731486309075,0.035779311051236634,,,,-0.022290464874004712,0.012785440553777562,0.023363825519561465,0.08460592114019774,
CD99,0.14387527974348874,0.10189174030185859,0.0666926896715313,0.012243820424535699,0.13467797910110202,-0.10707505653113653,0.04389527785174819,0.12973724548025234,0.11576379932815319,0.1035864246216006,0.009943611018320893,-0.3238030328336802,-0.012008216369986262,0.009051383279680443,0.09774429909304455,0.11555290567608435,0.041529747358491166,0.2910519039786444,0.18463268121676393,0.10530852830696014,-0.09886431297173177,0.04884932169278902,0.16647868491464102,-0.1982407240098422
PDGFB,-0.002319747024097176,-0.05401982270894014,-0.05992973945384084,-0.009145384986702905,0.009831066226724092,-0.0992948077965913,0.016388926244026998,-0.0014710419455770624,0.02771088151209752,0.010856301272851733,0.0466304041152558,0.06567453516302918,-0.07838871860085687,-0.007222814169309368,0.0036770899918267506,-0.08017107632068646,-0.06788489527478712,0.06292157950396561,0.04569056855889188,0.07836350627972063,-0.0136657800995407,0.03421891950227849,-0.02607375856142641,0.08214127451397418
CLEC2D,-0.03483791228335412,-0.01422315604260988,0.018702200316626904,-0.006215201129994203,-0.009758604788463694,0.00245214282161114,-0.04525590853442178,0.1320565383469034,0.0744482734638538,-0.0045348459442323,-0.0002754233008902102,-0.04006467267982272,-0.04848681659070138,-0.012680578056319221,-0.028344578558346812,0.06892581062917387,0.06936419719140043,0.019374248517915974,0.04567860781533739,0.05318203407724369,0.04520067725821512,-0.0011506178959539025,0.04468410631980015,-0.013098516665325093
F8,-0.005195342674464729,-0.04101259518909559,0.021253460985313936,0.04787848913660026,-0.028030905317690046,0.022317912303702545,0.030906817602016697,0.0981328539580015,0.055334549519971014,0.04387503590881896,0.03418340421185714,0.047128572859685205,-0.020689646229421464,0.049782691960604294,0.0050071488436567654,-0.04395234219388695,0.025883941322953727,0.1077563703701162,0.038850973636699926,0.0289013304322448,0.0686756810507604,0.18017206207168213,0.046649780863579994,0.04635332441172977
C3,-0.2428306158848119,0.03804347052296361,-0.09888432103373825,-0.026813422754623558,-0.16204704693268662,-0.17319166416297782,-0.12332316960122346,0.0057154155049460404,0.031946639529647464,-0.13041674525235555,0.005227148421028611,-0.32455475466648026,-0.022677250627982357,-0.09578584351828834,-0.049659457215088285,-0.13702834675075243,-0.12668547143868192,-0.12820784380806172,-0.09888796591870262,-0.08004560913442516,-0.08886039491780631,-0.06678957444480065,0.0017842334176355467,-0.22842278428613638
DLK2,,-0.0015536014020981442,0.010602081927484063,0.019210268748078768,0.023366213828285468,-0.0012556033745582376,0.09837777150940061,0.09736741095075549,0.04496994928311884,-0.01942177349535731,0.05208474411938813,0.08729138698865395,0.04348057553923641,0.05654659055213968,0.050357341628010095,-0.03931034676886699,-0.0464738424120562,0.07057465898334368,0.10631797358224963,0.11479912617333181,0.11387521250650486,0.0912163857500029,-0.010736483376861956,0.15373698599245506
TSLP,-0.021033391072774726,0.016269777053108374,0.047462960862514746,-0.010994361418431572,0.032534594949255896,0.19404005751025688,0.06453401356527165,-0.05787106667651365,0.08358186251949896,-0.00014448898618179903,0.0013022148499661095,-0.05115977328895852,-0.0035791047767951556,0.0005301774651304314,0.061983194614804255,0.03651664777932633,,,0.03598381028773295,0.001740386802371354,0.054635622771045146,0.12194485529000441,0.09356293932999167,-0.019537869181211323
OSM,0.06138669711443353,0.04272477286877665,0.018958815760372203,-0.013614002416419094,-0.013760260565079263,0.017512720390641053,-0.06669395580582904,0.04036982905227821,0.0024974461866344865,0.05180673334786961,,-0.16893787964986412,-0.06598206282293881,0.05113179061060059,0.09095167661025495,0.1008885875765214,-0.11748610423326165,0.06775530115992223,0.14219343548149105,0.10698882358060424,0.09066749002103809,0.0681854733818782,0.1023843925055932,-0.01339568577574007
PRND,0.05872567294695073,,-0.007884515210656477,,,,,,0.03290636640122946,,,,-0.016650690604987545,,,,0.06957972034749181,-0.0010132694064669701,,,,0.05036001358162602,,
SLPI,-0.003557318973290759,0.1737626166693661,0.04817069452687132,-0.004062093113715176,0.09090002431200443,0.17677399839141794,-0.010253431453353301,0.1679342753143707,0.1378813390368509,0.0042334305177709605,-0.03510796306238078,-0.09557458957209647,0.003551499978383524,-0.00890964416737695,0.06895541883094931,0.09205711158460925,-0.047681244785602005,0.07849564633578189,0.06404039437380281,0.02721205682869473,0.08207901795366647,0.07057010785321916,0.09822900652571115,
AFDN,0.030069365589430255,0.06440200944131493,0.02982493072660652,0.012695073328900361,-0.05600547247602453,0.03171694835359802,0.021938414733084246,0.018979152387633202,0.13220149713322082,0.046185869411337545,-0.004262851991726177,0.11751731666586432,-0.06402935831256729,0.0401455167139749,0.09156931759886333,-0.018578417621466413,0.05031675947547792,0.06678761366201005,0.0242170208135649,-0.0031674604377833013,0.04727347430329784,0.02983969239848191,0.11687921093467182,-0.012361553201166425
KISS1,,,,0.07328015119071131,,-0.002598897513895843,,,,,,,,0.059066558160486,,-0.02991729900096331,,,0.033153057391922036,0.04331940640261567,0.03674538642335055,,,
ULBP2,0.09309028492048668,0.008376064411841484,0.028423413559624567,-0.0012839080870438325,0.0322541837536142,0.10163615330508055,0.004196450462534276,0.08878771149859349,-0.010123113859447894,0.10191516352013445,0.03838970041984943,0.08234149933687138,-0.0003931954860532591,0.04592984010194949,0.11817060089525805,-0.032520964934356605,0.027067099027241026,0.23696067868946277,0.06504345185474168,0.055870772480837015,0.1035332870078088,0.06455606349419218,0.05609001705220032,
ICAM4,,,-0.004045859569256477,0.0015556757941834563,,0.009602362789641059,-0.009719156648860904,,,0.050128755320688036,,,,,,,0.010267819447706565,,,0.02766248145823713,,-0.0225969806250004,0.06389581612606067,
TDGF1,,,,,,,,-0.046245530495834165,,-0.04350754246633583,0.06232074505663663,-0.056032991563665015,,,,,,,,,,,,
ANGPTL1,0.07744057491725463,0.06406853611055617,-0.013463027177616759,0.04648810460059476,,0.029394841694966777,-0.014432892896299352,0.0007963662238363952,0.10317124245345391,0.05322133950004222,0.04320629648575306,0.09881421485788629,-0.06768427924709386,-0.038958526535587616,-0.049429794088635244,,-0.047556867270054065,0.05924299742777847,0.009070242927595147,-0.007848642996240137,-0.057553878754077255,-0.023446778682668805,0.04358811456284804,0.024263506425329588
LTBP1,-0.03960636930147602,-0.06959331244894808,0.019122655721070025,-0.01662624257258328,0.08067668705092787,-0.006262796729435236,0.04460016426861566,-0.009235294633476618,0.09970660375447919,-0.009612537164862458,-0.0024794790374395707,-0.12432183732780928,0.009552753277637329,-0.007746871427853541,0.020645927796937684,0.04530606247000802,-0.008176239248392878,0.05367387473392211,0.023347108114016406,-0.03858353831250288,-0.02014412188253092,0.010958098965589514,0.06871819862453273,0.04545706369479186
CD160,,,,-0.036591670486929406,,,,,,,,,,,,,,,,,,,,
NTN4,0.10796726348894765,-0.020745878153434948,-0.015128847253727344,0.05056279728808505,-0.13706254892779332,0.028882675010454176,0.008938316420013706,0.04227190994547983,0.030324846051919627,0.005671740814098384,-0.039035908512976246,0.1716473376027128,-0.03887858348984864,0.010952646833945362,-0.016126258511411265,-0.0522551064252953,0.011292332534605085,-0.06687222316630434,0.09465643107456746,-0.0043106132409690195,0.011961210840170915,0.052763688745640025,-0.008751054269228644,0.08876300376507143
APP,0.1709570344907203,0.026955327844661054,0.029066012020350755,0.011716273155307825,-0.0664340505336144,-0.056610900148567726,-0.0030896960186171983,-0.1403700039689261,-0.14750208642011142,-0.04182707525663125,0.0337216961633938,0.29704368810308657,-0.02978914925049532,-0.016553368768791328,-0.05383876317158996,-0.11379035669581533,0.006113465762698255,0.04914485237192436,0.09072209235189901,0.055371424647100896,0.07622059566406655,-0.06461196767372089,-0.10908520149603852,-0.07769581707856418
RIMS2,-0.00940710173159669,-0.08078582304377448,-0.003798292058090495,-0.014448398981698635,-0.04146318977390254,-0.01865583746407703,0.041613572931548784,-0.06366786802750134,-0.03305547054560475,-0.026161954991993492,0.019617674277749353,0.2842628937097187,0.032276265526362674,0.02063632873442855,-0.0160039894356268,0.007984646003218432,,-0.024379906938910078,0.11105457459100723,-0.006961955887566335,0.012846637014159475,0.010573125901119852,-0.086120771789966,0.1557553264556159
WNT7A,-0.016899454205230646,0.05671878453472177,0.02272456381276109,-0.0037315457280162594,-0.017816018825200775,0.011738958650817479,0.11140172737351663,0.009102261820871512,0.014853187491250131,0.10015357255310364,-0.04244829825195709,0.10717790439555781,,-0.03572256981396742,-0.00477140567756631,0.03716208181989771,0.0287539788679719,0.11190081341549854,0.0748208166737613,0.1496452879367495,0.03645939798543886,0.1970970753608211,0.11246878374125997,0.07697505232167176
GAST,,,,,,,,,,,,,,,,,,,,-0.035574615428974714,,0.03851219185360983,-0.03920738851673319,
GPI,0.18578072111296628,0.08594957069250697,0.13959120325804786,0.008758936783731542,0.21135772681661735,0.17272519198947006,0.15271163545549102,-0.11484266827118182,-0.016505797784791214,0.05266972381574047,0.017593744669377326,0.30591794149084756,0.11951244254663185,0.1014209763590909,0.052081864798996194,0.29504757326297304,0.17995147043386797,0.14267790986506754,0.01712990538835811,-0.023021186610723512,0.17498075835168794,0.01735574869866092,0.10010177045119395,0.24881485160203745
IL1B,0.10568306703617072,-0.05370782124219424,-0.05089170475745434,0.016623882550547826,0.09475437481890125,-0.041156637537210945,-0.043643547020483786,0.0035064678822839014,0.07343932747998912,-0.0036306344467512833,-0.017234002863258095,-0.18088680107543983,-0.032683674298309214,0.03140077308426721,0.05228680866179198,0.21367190493328322,-0.12952052545025683,0.0936023257056753,-0.04144031214462368,-0.032461312413737606,0.0341604159916686,-0.005287412899209213,0.10502039773097406,-0.048947681965226086
SFTPA2,,,,,,,,,,,,,,-0.028879600691680715,,,,,0.041672717339543947,-0.009516199346541214,0.008257809435564973,,0.03542281840024474,
HAS2,0.0935598797448369,0.1292746864265821,-0.008985226299307862,0.038666288985927375,0.0026426311493195245,-0.003962158904330423,0.01545558764082321,0.20145587444637666,0.11403790710240448,0.02597422718846061,0.032510831706922635,-0.08181523713259578,0.0045599710086214156,-0.03218053538638016,-0.032840195857146266,0.12635091371730092,-0.014945589227912288,0.08101587735006376,0.013378789636092991,-0.013365339327903033,0.026662318948744768,0.10734925978507188,0.1051025306671181,
IL11,,,-0.013839447597747542,,0.21611422583445092,0.11899533676410425,0.00453134240756928,-0.02543228622428801,0.03745510916378876,0.08252512582699402,,-0.051159761816115604,-0.03269623592704235,-0.03243500412203341,0.017455876777206458,-0.06457439919783754,-0.052911637810614774,,0.06041837954112071,0.039616095751852334,-0.009948518618496102,0.11441651095102544,0.11368903232429567,
SEMA4B,0.0011181144845340346,-0.004587600059054855,-0.07151911804696807,-0.0004112297264517382,0.10303353791576261,-0.06620482228508137,-0.04721889869815454,0.060623266472428036,0.08319549145507664,0.049938951970348165,-0.014809227989808478,-0.023657313209008858,-0.01588290694653327,0.004966741351661796,0.042386246409059886,0.1720761230729278,0.032879192651902055,0.11608231672873949,0.13231371375518378,0.05876941454707012,0.09470343276453969,0.12700257103197135,0.098573063672472,-0.08720779651287636
FGF12,0.12622334856772985,0.07563996769830093,-0.037006306492876756,0.012912976723992916,-0.137697777085025,-0.053490878673153934,-0.07699040352201318,0.033583889547909536,-0.046082688300813954,-0.12502418213291433,0.021446760028791412,0.29875878419127777,-0.0420880089723825,0.02563860386434065,0.0682009391829898,0.020065995020382674,0.020931475046743357,0.059323427909925,0.07214331592333072,0.02229448379656531,-0.029093381545696753,0.05957542233679819,-0.05135904231568494,0.1376464702335699
CP,-0.11273293026146526,0.08608918356186714,0.015112236597313058,-0.02571716788393372,-0.07350125417321673,-0.030554494012710535,0.06871432620920381,0.08430948460919609,0.06070113649198822,-0.07135609983618721,-0.00206115588717534,-0.23530415950285866,-0.056460464982850796,-0.0386637202577428,-0.020645946551545582,0.2672059737747484,0.17512419932290318,-0.025696662196805335,0.05353166492451756,0.0798746889347374,-0.0794544560506294,0.06856741309297407,0.019584806518549706,-0.13776598379964822
NLGN3,0.15101783685747727,-0.011579162831911825,-0.05044894544938467,-0.009260544363317426,-0.14744009445400313,-0.11406319006935119,-0.09040639391323808,0.10132147000984636,0.0618111324558754,-0.04358229406325174,0.039712261923608966,0.04802369299321587,0.022307203987445717,-0.07314184245500739,-0.029797669742691407,-0.02134601009558754,-0.07348421045478842,0.0478814112004054,0.049231593239034664,-0.025369983924706758,0.07892972046794959,0.196605389084452,0.12190589504244122,0.11597846639409956
GZMB,0.0389107757461045,,0.013958954028207515,0.12433400019571779,0.044934681983084736,-0.026210840961353985,-0.008899844281221314,0.0483387926981262,,-0.041884746185142714,0.0005573251341459132,0.002271739592115905,0.013056933164595412,,,,,,-0.06997938504541262,-0.03642177890107881,0.0692048430976794,0.02656767083129745,0.022460630697316963,
PROC,-0.05683511293050531,0.012307079601100538,0.01788564290210223,-0.028918842943776817,,-0.006626360605689381,0.009402235604310388,-0.010030278828555695,0.02682267065151342,-0.03387453896977389,0.058587309852551485,0.011216264162755767,,0.04687909244873976,0.021004703567115073,-0.04969288767928076,-0.05075018182736142,0.13975762488999208,0.0958583395987396,0.0674535301945051,0.03594624070189922,0.06662602782318866,-0.02379134812203268,
TNFSF11,,,0.023863957552936365,,,,,,,,,,0.010303391302462512,,0.1272895151315006,,,,-0.011533626318549903,0.01356607185863114,,-0.01273569135288868,0.03401165080078219,
AGT,0.11731860899188166,-0.0005740625959522206,-0.04868013969853707,-0.017343956922007166,-0.07271205153709043,-0.13896957175495372,-0.14158580654147257,-0.06551708223574768,0.08806600744310078,-0.1605228894785115,0.009328806073841856,-0.008276877973376688,-0.0997021010714545,-0.03285749991694355,0.1238617671842104,0.022167405103903408,-0.16819684871451135,0.09418337652558081,0.07461177296803856,-0.0237649497677699,-0.09723570689965479,0.11247995775072628,0.03886664717536861,-0.12602463009685103
PTHLH,0.03302850669191791,0.0067272866234715884,0.036176367642393736,-0.03396029336978016,-0.009747202369774872,0.14501895047925972,0.07858852660415752,-0.06150255689679282,-0.0046337750527348145,-0.01647997422312216,-0.04143722425956708,0.06909639663057748,0.0031034476551406003,0.012888622473487077,-0.00325015386754774,-0.05665424995078704,-0.05773072496150434,0.060747997093090436,0.11206580112715739,0.046580097033916155,0.06221517888299074,0.07270134976961132,0.07487103256725422,0.16276595448697867
COL1A1,0.046085915000159385,-0.14977617248709066,-0.07491706552091389,-0.01555281744515006,-0.18542712221391155,-0.07637098727384896,0.0033115504251688566,0.0585149852852264,0.09101569169285259,-0.0011788037821868396,-0.004573603485927314,-0.12154142641053418,0.1235388483933004,-0.036456982718335966,-0.00971559185391939,-0.19622275241740755,-0.03516124314046822,-0.006219480190308677,-0.1419888469192639,-0.0633158076993544,-0.08113709342304182,-0.20709508222691903,-0.08628586030122569,-0.015822767545824328
LAMB2,0.06836289408643013,0.10826875107400649,-0.03845392085636217,0.005886542333137199,0.07115515784924846,-0.09127990430494506,-0.039393474676866526,0.04223752894240433,0.06535710388992878,0.022338951006737103,0.05189411908741065,-0.07497336398101836,-0.014245014035897464,-0.047079707367913115,-0.019595469751016604,0.0844341159461636,0.07642074446221106,0.16250846609911346,-0.037012833845269516,-0.03350757401048776,-0.15342248612150225,0.013519067526063867,0.056121106046661914,0.013172708433792566
DSC2,-0.08115262609434858,-0.013129051383677485,0.07280038427855663,0.02279551645462142,0.00023064119065944027,0.032087282717658934,-0.07174186753602393,0.09023495809448216,0.04107375420738205,0.04195814719891422,-0.02497303101039623,-0.051456023905154434,0.05077509701066557,0.03839775876774484,0.06018654200400984,0.12030201245089797,0.10116783505867093,0.04787000469381591,0.06955192300952237,0.10290942328539565,0.03333277157864397,0.09062406249937893,0.13189886666403824,-0.07853316386867568
WNT5B,-0.016168060581373787,-0.08695274099407631,0.05409483796396165,-0.0007430599123639132,0.08675957207702203,0.1380611408732581,-0.035288474807377734,0.04782577798201368,0.08890932988731161,0.012556857477560766,0.021309810045749056,0.044203984347785934,-0.006415701723010609,0.007446587202679754,-0.02981882341367848,0.08908988583759413,0.09426261920194921,0.06741042926998662,0.05460450660546019,0.03397372465850752,0.06548706112499998,0.04701100565227686,-0.02168731657715878,0.04972517328339045
LEFTY1,-0.01907746926571968,,-0.022491611323866758,0.036337460588679316,0.07515846656224337,0.02768633145634252,-0.01181417697631239,0.004115202174065637,0.031392528611329726,-0.013757435138716934,-0.025024484231421795,0.12722068558406263,,-0.045791053573578454,-0.020359870239094104,-0.010598134565721586,-0.007692206353610176,0.11355695329400704,0.09626613433663425,0.016662045040095344,0.027527541826959635,0.026541281822861484,0.01618859598542997,
FGL1,,,0.06764787602533279,,,-0.015265676069430948,-0.013548777629187922,-0.002183724393037791,0.04698284486265356,,,-0.06722970857264385,,-0.03326721643666409,,,,,0.009985440551366818,-0.021897220559338966,-0.0487230625334976,,0.06668909100709042,-0.04433100324804555
CXCL5,-0.025849154746391642,0.06965523251797605,-0.07481465201072111,0.0013859014194446432,,-0.011858790417333983,0.020214241532119565,0.011527334579054903,0.06761284081509975,0.010201836938791283,0.011387813162319129,-0.019482239930175983,-0.008037500684741754,,0.025738167596591203,0.035582363089394976,,,0.04905204126584898,0.011707229375620866,-0.016071987850141748,0.016512220032558634,0.04407426836207968,-0.03946885504664643
S100A1,-0.17223319258832379,-0.0670958904958436,0.07424109122693558,-0.023031675909752355,-0.1374898644437611,-0.07320352106516413,-0.0053791604367490285,-0.1491321829457656,-0.09803264235581047,-0.10892909775350682,-0.015104451731269635,-0.10877790821073005,-0.039047997649531416,0.008184270339362754,-0.07802436230587491,0.009784983642439536,-0.006483610095907414,0.03132792382957719,0.08947508475839781,-0.0025637368703595874,-0.04472003540948883,0.21060891117004002,0.04744780114182375,-0.054176884518260776
C4BPA,,,,,,-0.022423164381794335,,,,0.044559905204186644,,,,,0.02725846022438405,,,,,,,0.05800840141406407,,
NPTX1,0.06537873241171843,-0.08379507266880505,0.07265385176084402,-0.026641520406252735,0.017513933802423054,-0.010706994611438512,0.037086289845145164,-0.14561752549999293,-0.05758028573070512,0.01892402981836129,0.04286847658951629,0.24935655140844115,0.07700427421361865,0.04080560172511825,-0.019529131131189387,0.16399041552592358,0.02503167854586879,0.12981181478680515,0.14102584134595914,0.17202314650473152,0.08402187410738456,,-0.17285690302184745,0.24458642103665176
TGS1,0.025177972399862324,0.032517808208185166,0.02452347392869924,0.055804746059536385,0.036041847003992225,0.018499008965978173,-0.0030227792869329086,0.08897969450310636,0.02095259398252078,-0.03349643444100898,-0.016632350999096542,0.04301439179527161,-0.011275810997520917,-0.012233113486885763,-0.03121456667905337,-0.028687088117842742,0.04773993480803042,0.009182245370722798,0.07530339291545823,0.06319035876505531,0.057813622573313926,0.15926939168247797,0.056272319703622266,0.006910281883428683
SST,0.07491896452498847,-0.031548788646743854,-0.03443823300319854,0.038154084154520866,-0.02893537055492533,0.0008059478534635364,-0.015488114361968633,0.00644423229188427,-0.022500128537996995,-0.050322681471215054,0.03685068810932947,0.06920346868387106,,0.05737233269987945,,,,,0.10659697822829736,0.04107771158005323,0.049639851156404916,,-0.06676233224792517,0.16219929763060648
IL34,-0.001274058963599335,-0.07425698168577757,0.0442472322185279,-0.007196379539714045,0.003080923089854331,-0.04377726146921562,-0.00042232106829156833,-0.053586954249773264,0.023630150620916977,-0.011316948030478573,-0.011147169939832228,0.2946736603661538,-0.06638521796078162,0.017171460320443793,0.04135760387489472,-0.09266619635761263,-0.019349291724207997,-0.0013242777503889294,0.04378964477956229,0.03270434662602816,-0.06634091117566338,0.10139004896306174,-0.043505166015437455,0.10348713177024094
DHH,,,,,-0.03749874044713109,,,,,,,-0.051808787783890135,,,0.20561556931950983,,,,0.014808005263641462,0.03994888834485552,0.004623091998913587,0.03755099217620011,,
XCL2,-0.051194049204749945,,0.028621677950019426,,,,0.0348595032593893,,,0.032716367354187356,,,0.02462714850837064,,,,,,,,,0.02827503885188959,0.004765799578603669,
RSPO1,,,,,,,,,,,,,,0.13098825911816692,,,,,,,,,,
TF,-0.23805222810030616,0.05531180109482202,0.028638078724147302,0.06190153734416921,-0.09661748890479895,0.03860471669549646,-0.01997807074584142,0.10806780803792719,-0.10779359149949815,-0.09761886282640599,-0.0025164193005270358,-0.336375032644777,0.04494684163797995,-0.028545313652410233,-0.1627213360642555,0.0406024685418399,0.17787123777035488,-0.1424003716629611,0.01754476231803518,0.018766022841489795,-0.039141644352070175,0.12316103145516294,-0.12788902311969289,-0.2363731953881731
IL33,0.1237989431017913,-0.004309491021316083,0.00023536284693589785,0.04623930675913991,0.059019504739249086,-0.04895354574451881,0.06725943667726182,0.06215915622224061,0.07929130644656256,-0.0712860891860395,0.02711632898753218,-0.056122619913342484,-0.05540546761253499,-0.054284412467573526,-0.022452687182534643,0.08698718175768307,0.014851358603490857,0.1897561845980472,0.025259725170333973,0.06344310289085994,-0.019437660166555036,0.0751621325790561,0.10140108384598073,-0.05389983651734605
RBP4,,0.01809902298742561,0.0249695445459235,0.02306041136807173,-0.02748443073625002,0.12207520630535679,0.027889243019613288,-0.05876422994976978,-0.037377556282513234,-0.021877130773003337,0.04463780645148451,0.24742730247175954,-0.014872327731740806,0.05680031976487832,-0.053926223703769524,-0.06810140270361131,,-0.006977629181906755,0.1003172488411649,0.10432463381027364,0.11725386279426317,0.011455161862084362,-0.05916877413872659,0.0580926157262009
CCL19,,,,-0.030303794462191738,,,,0.00093209678975926,,0.05974962678289621,0.003283291720646934,-0.09604320442761147,-0.042637543924601055,,,,,-0.053920777409402466,,,,-0.023671561488474317,0.00223459017977528,
CCL20,,0.040316682460758334,0.02474625149103367,0.045077249824410554,0.09714701359945144,-0.030814808997524357,0.07545920523766127,,0.02501714827722237,0.11274294610815665,,-0.0928660911980691,0.006638284444255926,-0.005111394688961547,,0.13457536617228152,0.016674340009486616,,-0.014014283547400582,-0.07287587006682206,-0.0029217739244031538,0.006191032514230712,0.05545775929509745,
NAMPT,-0.09589744090155658,0.07646317044035313,-0.01436811612180867,-0.05351810661609821,0.15091229649643986,0.219751705216035,0.1226237363339491,-0.008656178093456436,0.07271168473695,0.12345818458980166,-0.0041596914015203795,-0.19544356771853771,-0.012789422386672576,0.06295655802313474,-0.028190778397236688,0.14433965443115027,0.008723967774851368,0.07163192600113753,-0.07092147662861135,-0.07463130111033181,-0.004574036588135917,-0.05783535805980243,0.13106097138586184,-0.034227203796117156
