,MGH258,UKF243,UKF248,UKF251,UKF259,UKF260,UKF266,UKF275,UKF296,ZH1019T1,ZH916T1
DCN,0.028622481239338617,0.08417775801039543,-0.0909109343844453,-0.005616825825549646,-0.06696622367395572,-0.045159559038014864,-0.03208788130103186,0.034296754634506654,0.043603535296976886,-0.044051876723537685,-0.009043382575555209
RARRES2,0.145048779741896,-0.02132203013816945,0.03857238238415027,0.016398691367996335,0.031989583520889577,0.006223864996028877,0.013678102155646405,-0.016578183203167122,0.030897071872317286,-0.02021970911332282,0.02854591794503099
SEMA4A,0.04974571200992781,-0.04159147046843931,0.06693712445871576,-0.04784213442722437,-0.03186190392606628,-0.05824179984984971,-0.0038197669651709966,0.006426433706780042,-0.0037423456148358283,-0.049586626182932046,-0.02804597694567405
GDF11,0.052202760804324684,0.002586860934180486,0.018432828089954074,-0.020679781047990575,0.03126992073668202,-0.04539075379427525,-0.016760106336088095,-0.00823722382238055,-0.01388410742488913,-0.0401038964355452,0.06548901455767311
GPC3,-0.021735545914450257,0.11409150647984427,0.05676856137672131,-0.020476575445344522,-0.01956309906220764,-0.006479534832711532,0.055186791194332466,-0.014777276802787273,0.022105862385031406,-0.03193204352630264,0.010472906321509025
OSTN,,,,,-0.025327496746419594,-0.0155068729935771,,-0.02283583354055007,0.028374687509404715,,
GRN,-0.053043236245146556,0.03357532830760654,-0.036384413181924924,0.02766847767186511,-0.012542682693226533,0.031374306367461975,0.02153549499178433,0.014443613554375696,0.044608375177250255,0.07789070933993814,0.05011091000360828
CALM1,0.05120482175682231,0.08083460822868681,-0.09139233680176134,-0.018343849720950108,-0.05842419424935899,-0.08557750923862671,-0.012085204211080561,0.0008917784125833364,-0.033918517395657134,0.014140867012540978,-0.014723569230020663
ANGPTL4,-0.043892370088249505,-0.08142241062027675,0.08246547503937314,-0.0160822964790571,-0.021145349266782548,0.05840535543941451,0.026148150491694156,0.018071702909212204,0.027331737687881243,-0.021545084343977675,0.03954608321528187
BMP8B,0.05874078951363992,-0.01544423159439002,-0.0065601362192405305,0.0016443606172365267,0.04262815346692709,-0.026759117958017487,-0.0014377454886914586,0.06061454255106248,-0.02320029195305752,0.04641012559742813,0.02630550832264566
TNFSF4,-0.027318244956844765,0.04600767443153296,-0.0024476915884404354,-0.020977494863225695,0.021200149725504016,0.015134067005815714,0.03921960284094971,-0.026543264437385767,-0.03140103901801419,0.0426141444661174,0.011221472382300297
RBP4,,-0.026434003249257158,0.0025214084070628176,0.009786526194249875,0.023074827868865746,-0.031081716264275066,-0.0034679256132635838,0.06420343618425657,-0.037783293079717284,,0.004438725934386469
DKK3,-0.010008813209777225,0.09684483511115587,-0.06957605618552584,-0.004164792616970481,0.003726069402132534,-0.031553108702773676,0.009834449499787139,0.01952317799980385,-0.04355420914082661,-0.025289799615533116,0.10109020530439528
COL11A1,0.10463187035984234,,0.0007386116606128222,-0.022671987309627443,0.030109940691501937,-0.056350576156770006,0.023055916854770576,-0.023054440667165357,0.023439698683231893,,-0.06177925253575723
COL5A1,-0.040923082193733445,-0.04686557878632221,0.024550338115933292,-0.019646041272817067,0.005148638379370841,0.023941255201657807,0.03989440456277268,-0.02277035029652634,0.05864729060006507,0.052580824411944456,-0.015719634086903148
KISS1,,,,-0.03306859754811141,-0.019683389389083726,,,,,,
MEGF10,-0.011824044255926522,-0.002336783725192166,-0.03342337500116335,-0.014953761979303017,0.04174153380473557,-0.05882607136563287,-0.004079688728316284,0.011345167408882936,0.04030129291381362,-0.023748579751467252,0.05429201247772985
CEACAM1,-0.0029693312297066673,,-0.018547732624919842,-0.014296302002897202,0.012983537576856498,-0.016207972920821247,,-0.01836162237105636,,-0.003130920462280399,0.006409037723971581
EFEMP2,0.012265486932478321,0.01736620319768778,0.017702833778421197,0.03540845042839283,0.017886780352894194,0.025569585376271454,0.04893678464808944,-0.007464818394099419,0.02026678977864897,0.019947732096971402,0.05546056815704815
IGF1,0.05611927053747064,0.05162332005636151,9.462450245040606e-05,0.030670709518226175,-0.015346897252482436,-0.043581398842600705,0.017721361823011164,-0.026283102582067012,-0.047894644349879306,0.16410046942145792,0.032080005075910925
COL6A3,-0.03306552666847791,0.007205281684097333,-0.001205860576756388,-0.020093554675110082,-0.04650464618880445,0.029288793600693138,-0.020387898842712703,0.07016732576373831,0.021807917087241783,-0.06130199175797135,0.004917237729373351
RLN2,,,,-0.013756812101626418,-0.016007821077995477,-0.0035117037799511836,0.2134769926181438,0.007689810037774623,-0.0003163736514161496,,-0.005025787758954799
WIF1,,0.03490054325755847,0.02282877090024239,,,-0.04498534765100903,0.017805697731615482,0.15969996534192987,-0.0070985729850082105,,
PLAU,-0.020171803383621657,0.030435922827501606,0.02266004720485322,-0.03772374276660565,0.006765718194333174,0.016447471457418074,-0.049973090651547696,-0.03478631034021729,0.020619967593330946,0.04513791417040607,0.01723690422108428
CXCL12,-0.022040736930668603,0.052133829814090454,0.003204892061220715,0.06391869743768547,0.013303389599294313,-0.034973687891843235,0.03840622499925936,-0.05051918701349553,0.028286413731175214,-0.009042408183043854,0.005667824395470378
MMP9,-0.02178797411013462,-0.020891169660298924,-0.048442340066111915,-0.013004432414860479,-0.02935860450442009,0.060571495018300954,0.07724149122707903,-0.0012840333401517702,,-0.11128384611336542,-0.048515587933715104
TNFSF14,-0.01210977580612594,-0.019096412865550395,-0.019285771759502243,-0.019572363891184455,0.0639057882121152,0.08943947307579447,,-0.02946626838550835,0.01805937644707213,,0.06585620562313158
HBEGF,-0.005814465478877815,0.003532142603948669,-0.027767532848090533,-0.022316955518782038,0.014186762185419352,0.0451206978304082,0.03248077804411195,-0.01647156412301979,0.05531243403830216,-0.00728981778915547,-0.0026607496323137908
NUCB2,0.054681946657878504,-0.060089887741313554,0.02370877851707087,0.03327399906919453,0.009781031896379452,-0.006851394494359756,-0.02242145706262014,0.030872497521679185,0.0022407548168609077,0.051018533727941545,0.042047557575036636
VCAN,0.022229854201511873,0.0590727860573945,-0.016472990365079213,0.012490184323925214,-0.029067415743277425,-0.007771976340868548,0.044640886814506626,0.04241908680953229,-0.02860663873481723,0.015355973264427234,-0.03831491521159895
VEGFC,-0.019383319749026694,-0.02159449932815944,-0.02811262737938127,0.028492404560769874,-0.02344219345045799,0.042952646171346455,-0.013298945588706312,-0.027185159725579323,-0.013139903673518085,-0.054886450059747544,0.08779703661344421
LMAN1,0.004971229676580547,-0.11724034588647059,0.10310021625557024,-0.011004665572256659,-0.00402462095340759,-0.014288783518187161,0.02642845351222288,-0.010646889050980926,0.03603804641401007,-0.045311797942477874,-0.006115192929599036
IRAK4,-0.021205148676898933,0.035011622595370356,0.06613934224076644,-0.019659383919781667,0.006793607571464137,-0.032974161249598934,0.0724337353140707,0.037182237576783746,0.0023964199076982684,-0.06583240722567496,0.03717913762514566
MICB,-0.01606154817885875,0.03297055077598057,0.03340343427077148,-0.030982678081867145,-0.017945290995855383,0.012449233877059271,-0.02130755205242732,-0.014503901413767492,0.050262434282109435,-0.06691104283805806,-0.009606991025412999
COL1A2,-0.05928154924959676,0.048982443266193915,-0.02804337310875633,0.023919641934462506,-0.036550816817308034,-0.04825072240724298,0.008360223597141617,0.006542408746567479,0.04093859154307617,-0.032405430406517034,-0.04122977269594443
ICOSLG,-0.04411594761519074,0.016254590994166797,0.07548504934910556,0.007897091816594084,0.019644092312851025,-0.008564133366839343,0.01654071796419801,-0.021615457673384124,-0.0069941935962182684,0.04252569124215181,-0.009475469846455097
GNAS,0.08360443531972159,0.08932149146663236,0.00809833110664071,-0.030231693292952437,-0.020261723402843986,-0.06372763575152048,-0.020563383819633674,-0.016256914179961234,0.006864480432885339,0.16811121833973391,-0.02020453698848272
C4B,,0.02617156867174079,,0.005871155637739173,0.03259205031324882,,,-0.01366263431055805,,,0.09642251416485875
COL2A1,-0.01820589318046743,-0.020891178368296088,-0.048606103388689065,,,0.09641197528996157,-0.014548244043960462,,,,0.05030066242208487
GSTM2,0.04450035329915015,-0.040313469807222224,0.03476471698462471,-0.017371300570764976,-0.01086727340816889,-0.0031606292611813937,-0.011071269009605235,-0.035133597258486825,-0.026267838930794107,-0.013406710915060389,0.023665268860572644
NLGN1,0.02476802295402519,0.08914139314894072,-0.03187832779393782,-0.06492825423208078,0.06648086050120706,0.026921384971323244,0.02462315082583275,0.0004742652979092218,0.011907766874795025,-0.03981416424177486,0.06727146022894345
SCGB3A2,,,0.09339922163768448,,,,,,,,0.025918617784141607
LEFTY2,-0.019191666219477196,-0.03294532749059497,0.013081680249793597,-0.014471883828009654,-0.012703882345655157,0.054932756005865474,0.18109389940370382,-0.011064402998514456,0.019442301952344813,,0.019006307521781167
ACE,0.044456657377168175,0.06000863296010433,-0.09428214090663,-0.030982799252930054,-0.06907149885481037,0.04748116927045825,0.06653048919991256,0.01379720020072881,-0.03518093697974834,-0.009063932518608297,-0.0011218870480974757
RPH3A,0.11077627880393151,0.13643289390532776,0.02043971521160687,-0.009791824426477696,0.011212588442206958,-0.04164426213101628,0.05077018669526773,0.014528341889159932,-0.0038818185132993245,,-0.01662675009753622
NCAM1,0.06861061020990337,-0.0020992991299018863,0.01794271221133581,-0.007269222056323697,0.03497868969054615,0.010998722420417472,0.029547611673141655,0.018273507229338116,0.03863033272940845,0.09995055520243484,0.01482738479234687
EFNB2,0.08754765994439984,-0.0031049967710577837,-0.06827304632570462,-0.05452010764203275,0.03253960829720839,0.07051711045342586,-0.045647998857287875,-0.0076869943643526235,0.07436797034177636,-0.056087458699228994,0.05764580781779791
ICAM5,,0.002901566088320227,-0.021256265911530955,-0.01862856512563968,0.005762598542073967,-0.03499576934199327,0.015366597080216112,-0.013285129348155143,-0.045748077917206476,,0.02217816598999328
CCL5,-0.03604692077762275,0.04617230258799464,-0.01947067362840158,-0.005124672878843229,-0.0033133030410462264,0.03442273058267098,-0.0005495120162821339,0.04071025951124814,0.06557158783840471,-0.04233005165861973,0.05899359666569722
PSPN,0.011453202691555708,-0.03203129968757022,-0.013954484650706403,0.024849188867193308,-0.02037729712142091,-0.04480651076047158,0.0016159555177006964,-0.03868000799211586,-0.008337065519715189,-0.01079581675157366,0.03682595012617899
PENK,-0.015840929840641827,-0.03469069013264164,-0.0395194608381727,-0.024334608052279515,-0.004726558719833715,-0.03526293020481101,-0.017050314228245725,-0.0045627717904618,-0.07554861787254374,,0.012716994002252227
EGF,0.012062213952501594,0.004078923102732692,-0.0027157551767670093,-0.013185007275360976,0.011479918898762823,0.08269124767118355,-0.01925255781833413,-0.0032287805273041783,0.028976880513920864,0.041729781761717676,0.02532462130750126
SERPINC1,,,,,,,,-0.012200469187866292,,,
UTS2B,1.0,1.0,1.0,1.0,0.9999999999999999,0.9999999999999999,1.0,1.0,1.0,1.0,1.0
F10,,,,-0.018766042350103027,,-0.017371311549277735,0.011358998207964991,0.08450241977927767,0.05014006841265773,-0.031932087457557184,0.14591996420481945
FN1,0.06691452178903476,-0.06359975406641105,0.003030438373834936,-0.023621983617888906,-0.039873896568431655,0.054005564140736234,0.04883526032275638,0.004201746877839528,0.013911173241727613,-0.029070168330422922,-0.06103127855915904
FGF2,0.030163928652210004,0.04001419903676464,0.028947175569662222,-0.010087235436600273,0.03548998031972528,0.024295760204849786,0.01575745101895062,-0.014543802769079033,-0.00035545093001438136,-0.0784168353684738,0.03952488455465616
GDF9,0.027634995352291112,-0.03915164496730325,0.12008695178439356,-0.03440530707611199,0.03207418297489283,-0.026299364447071427,-0.009523573189368834,0.009050442970078397,0.0022067960669886347,-0.007305306567364278,-0.03833187076572575
CSF1,0.07142279162430602,0.018728009655806652,0.07940976278260183,-0.003924445424487024,-0.05348397154483324,0.04869806015304688,0.05675301354387978,0.06784261527276868,0.017509421153137056,0.13801193839020093,0.07449031049930814
GZMB,-0.019573267435416233,,-0.02821689280900295,-0.013196372796037971,-0.015566531683111317,-0.01862976242957958,-0.026475741016230916,-0.025889021424923813,-0.0017056898101461126,,0.05264367303600711
WNT11,,,-0.01824486367014916,,-0.021635581602561217,,,,-0.021407721943285263,,-0.024886182419445693
GDNF,,,0.005623903205677478,,-0.01571492090427848,,0.016654577242899576,,,-0.0046420639529170865,
FASLG,-0.01673685616402685,,,,,,,,,,-0.01847838991755367
SHBG,-0.018803027871857378,0.012461116015670015,-0.016487883403951173,0.11809579616767142,0.03238518966970416,0.08226256343751634,-0.014236770787176485,-0.020940433318992507,0.006276516827872291,-0.06331234217739255,0.08269312036259577
EFNA5,0.10455656048155205,0.06860675336617963,-0.0012561539654497083,0.0013844784760326536,0.009117246246052228,0.020538474102209037,0.07251445467396672,0.05338956749959938,0.002178008312067952,0.05974362944152418,0.04169783895423243
THBS1,-0.03438413021518904,0.04207187947222813,0.006513499137721216,-0.02693612153865264,0.019016684750747765,0.047496274921614394,0.040947252188941304,0.0070533376037865666,0.0505017935947862,0.08270480785617618,-0.008154064096009116
PODXL,-0.06213406500625926,0.05324110245440232,-0.03390822435174149,-0.0470583001894302,-0.004951520246321637,0.07663297311375053,0.044522876878302385,-0.06106090381756376,0.027647486789188245,-0.0357897399551408,0.004853839104708427
LCN2,,0.013533065733843873,,,0.07315076376079306,,,,,,
C5,0.0933004701250295,-0.006927468796992215,0.006590420493503611,0.03372922699465589,-0.01261675835655039,-0.03754546518745538,-0.024601331831263222,-0.03013013631164182,0.04277230251956423,0.02485994630548317,0.08495588490021398
DLK1,,,,,0.02006431174526012,-0.012334946822642082,0.00771414229490045,0.055296157025406474,,,
CXCL5,-0.026018939269160435,0.08861507384516953,0.00824495961376549,0.03223413326567389,-0.012248528579377232,0.05123038899494878,0.08564775199892141,-0.01389222947193423,0.004785112456198833,,0.03808754642073037
BCAN,0.11325219865172333,0.07986521993759205,-0.08267877727080214,-0.0376040165140216,-0.033184451708847436,-0.03398266313996978,0.014519247544545418,0.07565718705934685,-0.023766475520173705,0.06064330359583537,0.03196946908280265
RELN,-0.01606928156820559,-0.005314447614105073,-0.04611445713640242,-0.03795647473371164,-0.023132407964592018,-0.04668298727987685,-0.01699339483938882,-0.02904505245184678,0.0021459042629652777,0.041246973105369726,
COL4A3,,-0.031462285910839854,-0.024701794598759503,-0.02155674776901458,-0.024105240881562122,-0.005623171825596458,,-0.020463461045423553,0.002604310518487192,,0.0149789025016826
GNB3,0.003752060751358553,0.03122003646746875,0.02430721497799845,-0.03116071442665408,-0.0023917907477602287,0.016418982081902057,-0.02172647432487366,0.06455058075642772,-0.0014173649374610295,-0.016998471424796897,0.0704302193028037
PYY,,,,,,,,0.1263566416730677,,,0.030749419530051933
MSTN,0.046916941742321194,0.010350290424532642,0.03006695652959884,-0.0349340718400996,-0.021670468150042817,-0.03604867601942949,-0.01614083483311678,-0.026672602699873683,-0.03203975308841684,0.04163774537429218,0.07408768717926532
COL18A1,-0.026289759909522138,-0.0021261619951516166,-0.005864216942644599,-0.02727166720885693,-0.045895781489380054,0.013550967937895503,0.01564532417652377,0.05452093936402424,-0.03025028958366549,-0.02752966248006849,-0.029920208078790776
FABP5,0.040332473727747134,0.041193827319294565,0.012301238179432503,-0.02068988828495856,-0.06382413046789064,0.022341083717495422,-0.009124684079991898,-0.0005222707180627988,0.01916219969144636,-0.009167988894289499,0.09378939810120131
TGFB3,0.07644251701078719,0.04058698552023654,-0.00795540638809828,0.025065625605615705,-0.060428340756028986,-0.009620320075448038,0.08321610817000852,-0.001308299948878089,0.023294513135482895,-0.07838443274777279,-0.021870819675193904
BSG,0.08838177551903856,-0.06205622873746197,-0.036845908185508335,-0.009337672816228956,-0.013089046158014825,0.008635959596815969,-0.0002270916929243252,-0.019696991272657668,0.011392589237811997,0.04597718595404313,0.03063762547572165
TDGF1,,,,,,,-0.013593857245138286,-0.011403270197371383,0.02154461706839828,,
BMP8A,,,,,,,,,,,0.05341223103754622
S100A10,-0.07178143319789997,-0.07265745421856395,0.07594211327384867,0.06556708717249671,0.04342539190394791,0.08625679023865951,-0.00833612255138252,-0.04036529146784286,0.038283327519387,-0.02262290809516509,-0.040724153929813364
PLAT,0.01813201312744588,0.04011157655948451,-0.021863577560305776,-0.021741528985977067,0.02104441323922902,-0.022717363758749397,0.03476530061899185,0.008263958502879185,-0.017589427867819425,-0.015090104805932491,-0.02168434536227816
SFTPD,,-0.02159449990123212,0.031723494334169655,-0.02182933562380189,,-0.01550686770782149,-0.027198998234424347,-0.020940433330343736,0.003189886574063034,0.00014647459219275957,0.023799154667843766
EPO,,-0.0248782209149595,-0.020277787488522304,,0.039152437677529704,-0.018466768205498113,,-0.01039990465138052,,-0.04847555709894087,0.07090146245726504
FGF7,-0.01328034953569239,-0.027214108851932078,,-0.023111611734419654,-0.03424735071846935,-0.029691147798181078,0.013193401705445695,-0.018466637896968646,-0.001998808358691905,-0.0053230639044897655,0.08436030150406686
CGN,0.004295970135154396,-0.04000080988654739,-0.028480384363190482,-0.019703830106190715,-0.03728318097091787,0.006152107190679792,-0.003030654456532145,0.016187894784244452,-0.028914058137899455,0.05352268311292997,0.0005999578313644414
FGF13,0.16063920830784667,0.020615850620409683,0.0046637600053961925,0.019511507487261878,0.019986093776871904,-0.013718311395329927,0.05129319967248848,-0.02600003615823121,0.026946651186254843,,0.02149133058664398
CXCL13,,,,0.006299136182772372,,-0.017531664213042256,,,,,
ACTR2,-0.004267539547683339,0.027811690529972625,0.0608927470004177,-0.016640552588632725,-0.08150802275794435,-0.04650744716509166,0.01863001637417657,-0.0214905117623399,-0.007851853688595077,0.01089519562404617,0.005321813414571294
SLIT2,-0.019948241351923076,0.07170806974904365,-0.014362146347176386,0.016524665169232906,-0.015071111186210046,0.05424174140525083,-0.014357843222980176,-0.029771980073268214,0.03883889492506323,0.12002119950881082,0.0833391848005457
LAMA5,0.044575897443220484,0.01964184585134471,0.06350529332441852,-0.029861857090558,-0.03991407825444478,0.018437979814383342,-0.00027947539239059246,-0.027715401465101555,-0.011514379435343445,-0.009998899096802304,-0.004909704769967258
TIMP1,0.0006974699559886234,0.00019232769350899386,-0.006762932466609668,0.04889129149522089,-0.054598019624075796,0.0816484289679406,0.013655092027239083,-0.01897601551261048,-0.022926723964650522,-0.026520606131256706,-0.028225025493927622
PLTP,0.009672955590219828,-0.014588459000758012,-0.06201189660540384,-0.021781583904572053,0.04793182637799333,0.0040562275593959045,-0.02361155153195106,0.012886682161519352,0.0387846906150492,0.05618663125747949,-0.02145551989634434
TNFSF15,,-0.01991869737350249,,,-0.014646522521410563,0.06871764549138051,0.041482845686161354,,,0.026771728841564684,0.05868328729220124
PRND,-0.015840933129927657,,-0.015091293210108195,,,,,,,0.051911611322644706,-0.02403693975556531
NPW,,-0.04966890159323667,,,-0.017932781753943288,-0.023977684286471138,-0.016300857770684,-0.014005706348325516,,-0.01745040719615048,0.12152350283153282
SHANK1,0.07460862482050576,,0.018657233827858048,-0.014296304378132015,-0.026086227567782592,,-0.01126927632508669,0.05939225140086817,0.020871030345393716,,0.03388102835739077
PTHLH,0.008860484236825308,0.05634726541806057,0.06820543625065109,-0.025611224164118828,0.04087588192218429,0.0883926734583612,0.022801120046926696,-0.024354873579186243,0.02281529096082878,-0.015207680722903263,0.07701441187931703
SYK,-0.014383815893138948,-0.05905908322559777,0.020446990890255055,-0.01999494848629806,-0.032395054035615115,0.03938758987406515,0.08476638667463476,-0.013979233509586646,-0.039031283805826045,0.008014763728210179,0.026370039597145976
CD160,,,,-0.014986920003050784,,,,,,,
FARP2,0.057406353933827724,0.0089899689540495,0.03734018375383897,-0.025321243213871622,0.06715743265144634,0.007743883151546623,0.0186710342523365,-0.0033099182695762583,-0.029197336766441564,0.04963495837419293,0.08808621003847822
P4HB,-0.06234105114677678,-0.02181438774405642,0.09196981311528175,0.05540809618347941,0.021912804576550378,0.05330276383812792,0.03982978967483318,0.01744659496518455,0.002821260933069812,0.04512132950191563,-0.030589745999506344
TAC3,,-0.018126342358977768,-0.05446107861335701,0.034159094316522746,-0.026086225890807578,-0.015837915784174834,-0.016685360193702523,-0.024686025955984583,0.01026593693735895,,-0.0049665239032115486
C1QA,-0.11102544610244763,0.031213824173889324,0.03225326149301428,0.014322885955798021,-0.04103393194533838,-0.00436490816744714,-0.03311487050335324,0.03174731470849357,-0.025539458994401586,0.03072053309321077,0.026946980621749436
EDN3,0.06262275504414205,-0.02422498906991833,-0.012774791268854693,0.00277719424569294,-0.024051317482708806,0.0008861557484408813,-0.015879463824284193,-0.016119339288034686,-0.00952158719236626,,0.027291046233196906
AANAT,,-0.028858135740663936,0.0431271306453651,,0.02923176433911224,-0.015506873038754525,,-0.013192239291922002,0.04359547486566024,,0.024464009285780536
GDF15,0.04715891706806223,-0.06575956497629314,0.02442925547279812,-0.02265270839811829,-0.014437425913497323,0.08442874316790458,0.037397672364571984,0.009359204762721752,,-0.01186302331900802,0.06224534220819725
LRPAP1,0.06127146952830005,-0.031701211337146505,0.01302245976599068,-0.01741639165019434,-0.03439826186732061,-0.02497241581045162,0.04084514865018604,0.006010080239136208,-0.009698425799837105,-0.06455490866609905,0.05766044869049723
LAMA3,,0.026115653178241174,0.003040616533654477,-0.01849015324784966,-0.023442193287835325,0.03421585063312608,0.0468923996610376,-0.0237710702564366,0.02418005480486818,0.014803497966384508,-0.034859878193429464
VCL,0.06312399334417426,0.003407089624614607,-0.01777084656642642,0.003214990447121258,-0.0098899375045618,-0.006591053433701457,0.007961248552118104,0.0279657648654998,0.013722823087593603,-0.048847770418395546,-0.013932021876556991
COL5A2,0.029919721293028827,0.07830899873826123,-0.023900502473166864,-0.026413393071867117,0.03709319139524278,0.0016998706104740006,0.029441001436613243,-0.02019248297331002,2.966804715433345e-05,0.010707028327932595,-0.02234482293828594
DKK1,-0.01584093510350014,,0.06806476291014384,,,0.10784179630407559,-0.012747529848632123,-0.0006705717937289316,-0.002117043642806105,-0.04258959544327896,0.09872665514294365
COMP,,,,,,,,,,,0.03010738537714466
POMC,-0.03499306032924775,0.07287156381544212,0.14649558024046197,-0.02540224778999107,-0.031041467877690868,-0.010354160337170897,-0.032220855868572984,-0.013546472871840229,-0.04175990296028307,0.03523017038798506,0.011366342231163944
CD34,0.01966113863341029,0.017647009150945137,-0.04646249867274419,-0.016917721082527346,-0.05231280750651571,-0.012667237682556839,0.04319752732311079,0.039734249512449325,-0.04715541610100704,-0.003058670989633475,-0.009968603817532758
SPON2,-0.020200959279679367,0.02504869119778528,-0.059634735734819096,-0.03326441496824785,-0.023390223956919236,-0.016049724415228464,0.008833211875892425,0.06772173259188752,-0.013283935473293523,-0.050988453768260535,-0.000915369221358192
THPO,,,-0.025505554680698577,,-0.02772915905127593,,0.048784552784576767,0.0012203056104169992,0.008423539457830921,0.023048441019183512,0.11953740796412726
SFRP1,-0.02435253523886028,-0.04314984361131708,0.02424545012734336,0.017247087144502234,0.0540432212697207,-0.017690654180694442,-0.015834133759758846,0.04166752849041353,-0.033964316019567,-0.06484893354940792,-0.025506268319848764
ARPC5,-0.01393894262020417,0.009226626287723003,0.03565565312474627,-0.013989144342072811,-0.045433382656549635,0.008570240178494387,-0.001140936963004544,-0.02925529838058132,0.0014736916061986137,0.04391096935624968,0.05645814385942269
VEGFB,-0.008658824917956835,-0.0268003161510662,0.03285526763837019,-0.006925705876801314,-0.03551995530885318,-0.00927484837060614,-0.010914727256152692,0.034208596741870614,0.0729524461492184,-0.029075639197979966,0.04571591995869228
GDF6,,-0.0199186972193971,0.0010519830149198234,,-0.017932783305467603,,0.006113631210315878,,,,
LAMA4,0.06692254274505698,0.05128250348188674,-0.06682259774848323,0.03391008091719889,-0.025405056527575534,0.03507420436378109,0.020580122396899162,-0.02437418841371113,-0.008587772161390334,-0.009371020270526637,-0.02008321418104232
NPPC,0.050528841993197536,0.01772062447292614,0.029838485891603907,,-0.017801709118395567,-0.03718003092420889,0.014775889008347084,-0.02224415730304074,0.013609415906036594,-0.0742204743876761,
HAS2,-0.011967449881543765,0.07260713477049856,0.027253262561532737,0.06908653907857902,-0.0021140614518351405,0.06989721591013663,0.04037535160602447,0.0009392436767983094,0.03575286201719102,-0.08808225828793728,0.003152919927558109
JAM3,-0.06199524731131992,-0.0515214042376507,0.02477032830021548,0.01823449984314799,0.01742408009938833,-0.052302084707228094,0.017296019165384226,-0.0315050424061722,-0.000610808223391874,0.008303386976065233,0.029121804961808617
MEPE,,-0.020651942670962483,-0.03408651571274004,,-0.027224560679585143,-0.03499576760328579,0.04196037481899849,-0.03670141234274385,0.007906811577089376,,-0.025912226626907005
ALB,-0.0261659563421895,-0.024844204808525262,-0.026508362188800705,0.00026820581527357406,-0.021745514060962513,0.03380472218049276,-0.015592735659871786,-0.014005705419459521,-0.029764752914067962,-0.023114016867485668,0.030490530595406694
SAA1,-0.017380511608401036,0.018587123745515875,0.02435058103560651,,0.02917462943566499,0.0804228635999921,,0.005623065360511864,-0.019162757484095735,0.007170229823088335,0.0361780216406586
SFRP2,,-0.027199105411772933,-0.019573860892440256,,-0.015566531919145123,,-0.03174523026913921,-0.016512118806381853,0.031235070140095182,,0.0031154238992602626
CHAD,,,,,,-0.021447072852791408,0.010254525827017852,,-0.017415757129425957,,
CXCL8,,-0.02758470530421876,0.07071747178481433,-0.01917305990991126,0.05068860435364585,0.006054398535208807,0.04807659832226259,-0.01341443059282833,-0.0232002889008565,-0.01797410589006839,-0.017489676162935976
VASP,4.658228511745488e-05,-0.04659876564825654,-0.01729418736073078,-0.01755092668479859,0.08212932675463924,-0.009534558220754505,0.08008197418325003,-0.004917295342781317,0.04330036605715407,-0.10841956999476346,0.0017331289345569993
PDAP1,0.066748774307263,0.025209616576301677,-0.015321479106131975,0.004694879142685862,0.001972814171812766,-0.014699147149482672,-0.013031286347597927,0.022749340524800158,-0.008679681625706391,0.026868214356199124,0.021596209387956426
VCAM1,0.008728155103827415,0.014468536651135386,0.023163874354519734,0.019439636836563426,-0.008095916327369283,0.04187378215453448,0.01252266249148531,0.022789242017429073,0.06982182378783126,-0.0825526384305202,0.02943275125779723
CALM3,0.014810625211098678,0.037151013349357574,-0.007852340895362471,0.02633175481892966,0.0001230620432614101,-0.09784321938938366,-0.018063525010340472,0.013131212409285203,-0.02403038346822502,-0.05019476927290083,-0.024433055794020074
JAG1,0.0879100393170927,-0.022494340698070568,0.006205909284641657,0.06785766924654395,0.026436146711622272,-0.000679282565072987,0.08707822977111652,-0.027406135126991416,0.03697943283749047,-0.04018448307481514,-0.046449357191344236
CFH,0.016820029642541073,0.09775232616797633,0.010131045369252085,0.016021840340205613,0.03113495533762367,-0.0009115771880724142,0.017653753201168097,0.016663919750583248,0.049881120242600795,-0.021975322712158723,0.04244523373790193
VIP,,-0.003683516254237419,0.01626515744217944,0.05795735097839107,-0.02107828160738575,-0.033452795692888296,-0.02809281030237538,-0.02718515911059642,-0.0023763896399767626,,-0.026707525124261427
IL7,-0.023561988797996185,0.03875762608223559,-0.03488706122329528,0.002227374673163816,-0.020275108570076663,0.002550184512960516,,-0.011353799068430407,-0.009868971982904463,0.05730026426384983,0.056716649504855735
FGF8,,,,,,,-0.016021058937061117,,,,
IL27,,,-0.020553236697474626,,-0.026458679065182237,0.08200992374916412,,-0.013192238671444157,,,0.008236287003362043
PROS1,0.008508947026947508,0.012852204809263103,0.038904365290634346,-0.012897621255908235,-0.0485838620169858,0.012857986874973928,-0.01081217384100231,-0.04298217303264512,0.0569191458364743,0.046700005708950124,0.07962497845907031
TGM2,-0.01739576707015131,0.023683552639836028,0.10059750541286232,-0.024969912891461277,-0.0406704620241111,0.03890639945525084,0.06463093119423355,-0.024053595943906454,0.025458365904526097,0.03131463467215707,0.0005852310844101108
C4A,,,,0.012044390625682674,-0.014959134673441982,,,0.078640146794322,,,0.052863109758313896
GPI,0.12806398048949966,-0.033214381171070124,0.0640895575254018,-0.005447872450561858,0.02935703999178835,0.04004418247007529,-0.015309857384777057,0.008448487148163191,-0.01665833848744351,0.03768442940773897,-0.02441758839052308
DLL1,-0.0011289955883807023,0.031641847336589,0.0064243459752257835,-0.023706864226446876,-0.04941378799355228,-0.02358755855642664,0.05097641674889249,-0.011985414595531712,0.02840103979025946,-0.057877167753058976,-0.01314171802907321
ANGPT4,,,-0.014152772434959656,0.050132893771184656,,,,,,,
DMP1,,,-0.0180916807756966,,,,,,,,
DRAXIN,0.013951464444439203,0.08787755718751404,0.02301335115844982,-0.0024340756742031898,0.013498675814633562,0.018765953428982563,0.07881790183396938,0.04726549175204851,-0.023899635978894034,0.029998800166920008,-0.012276903444749103
NPTX2,0.07208782416142306,0.03244280589520766,0.01641737787220213,0.03187221414849486,0.01716580454075911,0.04299413316662213,-0.009230093401189302,0.004815523820010192,0.039615139007831014,,0.08500526532119075
PDYN,,-0.04551433930426939,-0.03391537133769987,-0.04207210144907656,-0.011356483216498873,-0.04284645007771811,-0.051351026259277906,0.03320534606499346,-0.03703587227477336,,
RIMS1,-0.02138878014847136,0.06572296572961434,0.042374888731474505,-0.0038886458479556662,0.007078276050418349,-0.03274556191635921,-0.048196887288121014,0.1072857101440642,-0.00167766735160947,-0.047082784456943194,0.013946899502660256
FGF9,-0.01840691256781031,0.019198652403813132,0.0184342930080668,-0.007971456218796389,-0.034547951870561755,-0.040825379280616546,-0.019910861574956883,-0.005818392425288422,-0.0017487865978645914,,0.045452751432700896
COL4A4,0.027725576045281353,0.13341900647915478,0.03365748160015489,-0.030624539771544765,-0.019051112362515433,-0.018179805828754784,0.020857064187277858,0.003012052568814517,0.02056778588119041,-0.03399161207339215,0.06453755036400428
WNT5A,0.005167321515872678,0.0045142202128449485,0.02368284171960993,-0.053691256744319106,0.011682022062143579,-0.04468569560693697,0.018202230827214966,0.0046391279864203775,0.04546690260411731,0.016673951373271646,0.01426332509038059
F12,-0.0320811532819784,0.04250736885960586,0.06580127009629805,-0.018850844351385843,-0.019291927377379777,-0.03215857009373533,0.035532751750952996,0.03361999911934152,0.015911187006448526,0.13084641385003126,0.021945388602502842
BMP1,0.02941897375644284,0.0522826576351962,0.0002211288588853225,0.0020756740249707074,-0.013956110158265454,-0.021475577960298926,0.04036412676882052,-0.014370018337633439,0.023801795802033954,-0.08512913053740101,0.00589185861370172
CORT,0.03044398221325236,-0.022052163614683977,0.009344231268197637,0.0779001118499965,-0.029886457475026943,-0.025043826988537264,-0.016164046434759806,0.009736437675647285,0.011783452961152697,,
FAM3C,0.04879725895991208,0.0008425225436653418,-0.027184092473197523,0.016445488370528758,0.0026223333242463985,0.0165977128739828,-0.019548653744691065,-0.04400248182113065,0.06167118554486051,-0.01822295461257915,0.11059392376608543
DSC2,-0.032943694915394645,0.0019528764161585203,0.09758969442601448,0.026194080851382077,-0.042767831087572004,0.04934777193174288,0.020768601796158307,0.01590572651358466,0.03276423965600139,0.10285772119375888,0.05276885612031246
BDNF,,-0.03179651387211833,0.032939466537484655,-0.015648716225778667,0.01948620368594138,0.03701222735265348,-9.36849360208492e-05,-0.030276697111517186,0.08457375081140525,,0.06321424462919413
NXPH1,-0.00487705421404566,-0.011998296820124153,-0.0072618508513581405,0.02833615796934003,0.00282332591610148,-0.03550894426192921,0.020956933954475634,0.02924487877966218,0.007185360907139723,0.21670352733112397,-0.015356830570361508
RAET1L,,,-0.013357000673587683,,,,,,-0.018715829981331512,,
HSPA8,0.07848782664538756,0.02606675072511591,-0.054074144275526224,0.005361744953835409,-0.06160786030108723,-0.03301406576863501,-0.03296334459737185,0.02176689515229047,-0.06254456681555423,0.008411799210444026,-0.0023996078916757543
LAMB3,0.023854345252265173,-0.042776579629084835,-0.02852154267587073,-0.02915701281271538,-0.012663004673121682,-0.03605588537702188,-0.004101166187734501,0.0268695940460462,-0.03963994518976536,-0.0010613931649503454,0.053606166016289945
PON2,0.06815805631308966,0.11426835015664531,-0.030356008064700617,-0.0273929401703644,-0.023499616892875063,-0.00812688183895698,-0.002628429021562731,0.021132109135072324,0.054877485369508414,0.0011600517777531924,0.019472714242501677
CFC1,,,,,,,-0.022691091587701235,0.07373764009144025,,,
TF,-0.1004463754529463,-0.016631438144319777,0.06397166295702893,0.04160964750142888,0.013572980706227018,-0.0039028825966803122,-0.024250525133835944,0.05568680997663744,0.0058068604032451435,0.012160230323571091,0.04749196007579637
HLA-E,-0.04148413058932435,0.025233751125299422,0.0680930772995834,-0.017508720983715264,0.03864794760873448,0.02632197028811001,0.0168307098537581,0.019061186451345195,0.02606125227567617,0.050112745973828844,-0.005606435276922829
OSM,-0.014894735935391671,0.05132609661778036,0.1210079128030367,0.026389844894282834,0.005381528315949587,0.07663796579131454,-0.018891106006157652,-0.017910473927407324,,-0.044511748276862044,0.02222449219085999
ULBP2,-0.029775692841148706,0.10001875633014794,-0.035563675068235635,-0.03203874875183971,0.022952973913937875,-0.026072834926730428,0.018332040938260682,0.02767358525978908,-0.01054801205359951,-0.0588759349725562,0.008067249529633795
VEGFA,0.11820018265785624,-0.08528128951210497,0.08872853742092819,0.028685662884736497,0.04262486466670188,0.020232220693494056,-0.0001612044072886091,-0.025995085391163263,-0.05006751871032666,-0.0732215058756237,-0.030285983580888017
TGFA,-0.05408042299642209,-0.044031813129898116,-0.032113313181495504,-0.010159980374966546,0.028270113935529678,-0.01863611805474647,0.046655768991407304,-0.058018652552216596,-0.025600419462135773,0.027381921367759174,0.05751546906026083
HLA-C,0.08098146940760727,0.0568911091081813,0.03618213562318357,0.04200379237971192,-0.06926493401443706,0.06222500341128156,0.034846301396919015,0.025462604929851,0.026890234674124835,0.05967913661243381,0.06290928625443404
CD200,-0.05862432540381096,0.1066319061227095,0.0346148426999734,0.07738366810893148,-0.06576275090965251,0.034960637057741155,-0.030992959871723597,0.062262647950497796,-0.028108499410516536,-0.061091387295018056,0.040172834434575026
BMP2,-0.04150783103425055,-0.023152532901982662,0.005775413147250644,-0.01970382956170826,0.0031107853860894976,-0.020078054855385743,0.05049574937381079,-0.026081229740114512,0.0065867658135026295,-0.019459811776506748,0.09608113359546232
TNFSF13,,,-0.017466582442080894,,-0.013326837543146865,,-0.011844245516320654,,,,0.06734613770039859
CSF3,,-0.027946544410383033,,,0.028071044826891725,0.004325530223665298,,,,,0.10087845392278444
APOA1,-0.013794637720085679,-0.037707094908786105,0.001039020239970659,-0.022768191030109648,-0.019075059760071806,-0.019509405097159805,0.030429812882840874,0.0168845530452386,-0.005861950716658672,-0.008028656245778872,-0.012376260376609945
IL15,0.06355362356708451,0.012448652490534716,0.06382918234105389,0.0029303383376763337,-0.03182511804881981,0.022815118894553125,-0.013092260322371204,0.051033352075898465,-0.009700644930585513,-0.031157266931427532,0.04301463317676626
IL12A,0.03268027572597024,0.09595195541383601,0.009222450332369158,0.003965887935301485,-0.0017922448004205147,-0.022232664394971288,-0.019490223048633563,0.038941878129251976,0.031670317138425476,0.027716855567926215,0.020535857955406068
ANGPTL1,0.023996673869667737,0.03884826925766871,-0.01187582945850947,0.00017754428526747625,-0.023680083483907623,-0.013808118200572941,0.02941913490632607,0.02190634025723361,0.027969864234793727,0.019275264742765173,-0.007589369233027109
FBN1,-0.060829525933949066,0.03657599759343245,0.012839175796107131,0.021482424341650253,0.019994856259668962,-0.0773076210531123,0.015759705474171718,0.0028089521339157812,0.024102072561500976,0.027105080568135098,-0.01641491109270495
CD274,-0.014512795993765242,-0.013172059258443313,0.025315843242678528,-0.018746892122785328,0.0283072898323055,0.027288960218885657,-0.026839290999154417,-0.014198246095525727,0.022901088620473114,0.0379329237809965,0.09122461803028727
NPPB,,,-0.0006595809034519734,,0.039861540186012935,,,-0.01112545431311754,,,0.06924417150157587
PMCH,,,-0.015628767355031388,,0.032792383861084795,,,-0.014777270771905965,,,0.0004395468832513697
MFAP5,-0.024352548116661855,,-0.014535076640127141,-0.014296304203482355,,,,,0.019159337395250053,0.010034863274934197,0.026091073547167068
GDF10,,-0.019918698760451187,-0.017466580003243776,-0.017049535856394984,,-0.02561979103745446,-0.01302094913478244,-0.014005705028358106,-0.022855885005433455,-0.0308567041044595,-0.04954578330486747
COL4A6,0.06782685105326228,0.027991092200464952,-0.018547730778984736,0.015049964034011513,-0.016718999439632697,-0.0202532983625977,,-0.01897071426390256,0.06661959032437377,0.03855742260883791,0.11134058808540152
TFPI,0.09403109545060491,0.043825245732887645,0.00015152266465637761,0.019527935888204385,-0.06984042671327696,0.006271549374332618,0.0892377006516192,0.012043181782917328,0.029843276527607966,-0.0561224431315118,0.05188376796312699
CNTF,-0.02013336715611912,,,,-0.012617800239363668,-0.013808115881687866,,0.015783387219063322,-0.0271373521999702,,
FGF11,0.016513068959456555,-0.02136931756275946,0.082097331944256,-0.011626090720667686,0.07670698672678113,-0.04914308529669167,-0.001578437227970101,-0.015140669918572871,0.0339708571973581,-0.041788168337512324,-0.018901342853438308
JAG2,-0.04338946553287283,-0.031329228580966095,0.013165540456115937,0.0254920505795503,0.03382849480668967,0.017569556163652043,0.06010810797818746,-0.01571707288820755,-0.013226763017064781,0.07684190326513947,0.013669146764305248
CCL18,,0.13491697258964808,0.03532289973071108,,,,,,,,
NLGN3,0.0314133332175668,0.07817912532685972,0.004893567512023536,0.012120050592813136,-0.03013220199787591,0.004584294124893435,-0.02369806342303514,0.0032734391838295,-0.03341867378522933,-0.016290086065693963,0.054711167870396114
CNTN2,-0.07449475551271159,0.04966263620508816,-0.02294246803979857,0.02870736938907935,0.01319064802238949,0.014639512293913795,0.011957134306528233,0.021554010799743156,0.014014207842561573,-0.09267588450901755,0.061178536932208795
FBLN1,-0.03735945409976756,0.029100588278683594,-0.027581675911659744,-0.008289320158724274,0.033795629830576025,0.028146305077015984,-0.012879540880159128,0.01241020944736832,-0.07563192428539807,-0.03855733914474364,0.035588615548995936
NTNG2,-0.02187691727482748,0.04596033544425747,0.04947969791630157,-0.004212336663369434,0.03052126050546972,-0.038438153682103675,-0.025078667376138137,0.03908489567261602,0.005974060769523479,0.1018545140575438,0.028265669833731227
CLEC2B,-0.042286991627953435,-0.0881850170632508,0.060939498755430185,0.08794087425444204,-0.049578491849081086,-0.009700096789106561,0.012062783502154159,-0.020167021214594717,-0.008675853278639399,0.0731307709352415,0.042518633232894135
EDA,-0.023561991880716365,-0.030785223288511274,-0.013356999686493292,-0.026433127935824773,-0.02971855481063601,-0.032520108994543856,-0.009554885369400565,-0.015818926867083707,0.026884180066123926,-0.06016530406701936,0.061422071525301436
SCT,,,,,,,,-0.010095673756232014,,,
C1QB,-0.13418057773102182,0.020377741676684175,0.045573529042520024,0.021016776518523118,-0.05436337485755802,-0.0016042963823591765,-0.011437846206176078,0.03484440498471677,0.014677612932356211,0.07868239926092196,0.0858067833506742
PSAP,-0.11860615799915691,0.022582111577359034,0.07542639220143572,-0.015991517933667314,-0.0987112427385003,-0.003144165585512933,-0.035569945333363044,-0.003654048534881714,0.01860218382206185,0.011198330014961832,0.10671989231469788
APOE,-0.009450216705972611,0.03145223325373403,-0.01837496011512894,0.016543459414801422,-0.06019168785867264,0.03488313965600346,-0.01938636765456285,-0.017753726610451152,0.0070634148593086395,0.08474623250573934,0.06185991827371163
TIMP3,0.07854925808523422,0.07002068142471181,0.05204209096610757,-0.007162141250110368,-0.012426982949715937,0.03805867805939195,-0.048161709009509945,0.01886350721920815,0.016035980448834555,-0.0009493262426471736,-0.010032767629019038
COL8A2,-0.04505862937103615,0.00840909960248619,-0.0349374092193043,0.034039733312248466,0.05128746086777007,0.032438843950252795,0.08014659138993066,-0.0023363771538922654,-0.017863652651919464,-0.08602205936542812,0.08088823645017963
PTMA,-0.010489769473066169,-0.11843485986334794,-0.02713451163436548,-0.023627315332149637,-0.03387376627751679,0.015657793118349448,0.023468415396804464,-0.01151656456480534,0.00018696989969663899,0.017169615020172637,-0.012674450477263626
APOC1,-0.11944131857344467,-0.05653438582706929,0.11241571818946157,0.03775299939767211,-0.009348782259975562,-0.06231271302080441,0.013235575095416743,0.05512223279127305,0.01785034919597409,-0.06293325563228194,0.048505708314238526
PF4,,,-0.015272431674705801,-0.013004431076791664,0.03919093500144465,,,,,,-0.026312559148274548
WNT16,-0.03120039664211817,0.10134558753876101,-0.03927673941838069,-0.013004429929875862,-0.0247455114612173,-0.013196016432060712,0.03204015161465446,-0.017366317588589426,0.022502624329867313,,0.013619978263233523
LAMC3,0.11935159486964214,-0.013156298259471368,-0.02262493564624959,-0.03456968489875229,0.03381891401848484,0.004350302387728193,0.05668776336065311,0.049322293680194744,0.0599353677517529,-0.021892258452586633,0.009302408917635787
C3,-0.12784130307553296,-0.020309033905840095,0.01932085562186336,-0.0215496954224853,0.011255529506310279,0.021664325571880853,-0.06348972743321667,0.032266746588319455,0.06902254534333571,-0.049570269893411005,0.09572316223435982
S100B,0.07224038286905764,0.05293972451965599,-0.06805040327670822,0.006249286700474123,-0.02382651741787507,-0.057483613950373325,-0.017137592033622494,0.053455333708618526,-0.02320335395107572,-0.029384805080059067,0.03473672349853949
F7,,,-0.014722694724348777,,,,0.08895670783291013,,,,
CD5L,-0.034028275018233224,,0.061132639909671424,0.02944174109473842,,,,,,,
COL6A2,-0.005409660761162194,0.006082877908412484,0.034263610549476464,0.01925524352788953,0.046296044903368014,0.008803153313332148,0.026686827468660003,-0.0558126667535982,0.012198683776423901,-0.0068509836877490805,-0.0077175614253247775
MICA,-0.027983334941472395,0.021740269312690876,0.06006665372129814,0.004601510309659415,0.05567077164262252,-0.03889536433792907,-0.016778709952811267,-0.02069079816144691,0.019344423736015023,-0.06608334555712066,0.05651969730439217
NPPA,0.05686653399988691,-0.0032589263929568516,0.0012565654917927108,0.007268691201944933,-0.028517240413935066,0.05773567362857992,0.025465812042080014,0.0010062261450471891,-0.03750988940415299,0.017309543104908984,-0.02509440130221999
COLQ,-0.027176429817002638,0.05514583125742376,-0.026592494995296544,-0.021181687238887893,0.015526010153745296,0.013726273989608762,0.05605923224620925,-0.012634802305754995,0.03438819025135049,-0.052563081265986286,-0.009496777624619408
SLPI,0.03574234783785913,-0.09866245638955172,0.10774235217543883,-0.021588997837370373,0.0181865287560835,0.018698726139420824,0.008166308913476732,0.06202421104991453,-0.044394468754951705,0.08314124863127038,0.03905862503540107
CD59,-0.03531338228805939,0.021817233816708508,-0.02322151867968526,0.047299734679385225,0.015609774201993021,-0.006657863501679661,-0.009352040834797496,0.045921185602691726,-0.04879630476317701,-0.03972513648834078,-0.005464127949374558
PDGFD,0.043120392411414674,-0.008478604752104059,-0.02935462790003497,0.05845033151526022,0.013110205032579888,-0.015838040032626455,0.04067371512357159,-0.013065198867054418,-0.03540002173020208,0.10840950192301121,0.01763628211232079
FGF12,0.06890636977467307,0.09244089911017285,-0.07023733493178545,0.007612862316139101,-0.013286809584542796,-0.05730467115284042,0.037755590390479696,-0.015477327267179427,-0.05231552106188585,0.1135346763445417,0.06638910149252095
TAC4,,,0.007577554971120687,,-0.023646746692244494,,0.03259415037768965,,,-0.038301762071766325,
PDGFC,0.017078469223245574,0.031712536977408154,0.014696681736505048,-0.0014029901889444033,0.01068807738207077,0.027887254070472448,0.017352840348659693,-0.05271169156293023,0.05173451285014605,0.06307706138471207,0.027703375060241675
CCL28,,-0.017552879296661033,0.04250507911445874,,,,-0.023808427807867395,-0.015306262617539925,-0.027441046464854835,,-0.01763366970647801
GNAI2,-0.004838253404618038,0.0421972394157672,-0.025149320936290014,0.0034750258754183846,0.019635106906451677,0.05845413027611793,0.014367216274570686,-0.011071077849869144,0.02570862968101114,0.05797807681938692,0.0023699287024026468
IL1B,-0.019761560230517897,0.05254344736600025,0.09844659143954262,-0.03382535029563581,-0.01679042644960764,-0.00806780963062129,0.020479063328792544,0.048866042564215,-0.03243197912263335,-0.0017568068475490835,0.02712127663245188
TRH,-0.017797607082988866,0.06438053393238133,0.08630419108402447,,0.012559799536780585,-0.012985883907184647,-0.025170717956693713,-0.019397282383317477,,,0.09588503574671296
LIPC,-0.024816444865702874,-0.012804042392622202,-0.018697470648964466,0.04746935187163803,-0.020622766862092835,-0.02063512717794681,0.055986585848390516,-0.027627613924700055,,-0.003126911028173656,0.09488975388747029
RSPO4,,-0.01966877627445737,,0.06280626018038928,-0.013981415550295565,-0.021313656147556686,,-0.014777271485068922,-0.01152625259173488,-0.04258963720334109,0.10074414802228784
CP,-0.04140049869542319,0.0200254730148671,0.08305956386834601,0.06917262273412843,0.007542550018739051,0.08395970015557433,0.02958234252510131,0.01980339903004163,0.06421632208398029,0.01768338696866552,0.06209372463001336
CCL25,-0.015374686445805837,,0.038339271860528504,,0.03586092554315722,,,,,,-0.02860949192491444
MADCAM1,-0.01584093510350014,-0.026818858115616233,-0.01116446954740996,-0.023896151997090696,-0.034995266185438086,-0.016207968369401887,-0.01949022522726452,-0.020703128627524627,-0.026814304955055004,-0.00905759738094841,0.039428941769036455
SEMA4D,0.02283436155774954,0.02520009276067919,-0.016783587351767836,0.07335994251327647,0.028450957409962205,-0.02388200601032475,0.04509981849890074,0.01684936029771551,-0.02860303180540115,0.004488716802507471,0.0501420002529101
SERPINE1,-4.4140276035420556e-05,-0.06836179902402748,-0.0035125600661608156,-0.010126848483860897,-0.020436386898767183,0.046318362683906864,0.05526954825307823,-0.009486657589187895,-0.021313208096346837,-0.04170772300695897,-0.01076650742441894
TNFSF10,-0.005984248623218153,0.07804021606222698,0.025328326321188976,-0.01932300486153242,-0.042716794768959544,-0.020290629702892266,0.019699228958367086,-0.019726555823479427,-0.0013251189720684248,0.021146563491566215,0.00569663510858222
FGF14,-0.017603001569274926,-0.045671740342062485,0.016276332167697926,-0.015779746658716145,-0.0031354765687689134,-0.029013298685733928,0.023534405652937948,-0.0316884423693996,-0.04858420076832091,0.01025928788704342,-0.016564190834900395
BST2,0.07832983031896043,0.07008394458924501,0.03611707140003517,0.007585752786518411,-0.03360751834934163,0.012803722912836758,0.03759456391549736,0.058085653964677506,0.012537339090343243,0.03955597328108419,0.1341003999066875
PTPN6,0.03278901874750734,0.022069356657026876,-0.03320068621536713,0.04765648991752576,0.02954535291278662,0.024801522964938896,-0.014271396609160946,0.04662754682715373,0.011234913672720908,0.014217052929024171,0.02758302780057393
FGF22,,-0.03129412000250996,-0.018993705754897533,-0.017638813025759446,,-0.02197354634093642,-0.020866140835322157,,-0.03371614120726007,,0.08200811836546067
TNC,0.09959782895143592,0.01018944224213418,0.04622591523263115,0.030771684910048665,0.004625389079031274,0.05850134221583042,-0.0003468973844552342,-0.02979316800978919,-0.010708719225105164,0.04015300127654174,0.0773068425722262
CXCL3,-0.015609444599368172,-0.011238586775241121,0.11363386981512533,-0.014008701704340095,0.027388202151803823,0.043317782496077775,,-0.03641308440093547,-0.014058902256764568,,0.02194044636092826
CRH,,,-0.01746658122266221,-0.017493221066491982,0.09758302273500716,-0.013196022169385962,-0.013261447450623614,-0.017734024951347065,0.003940256566605751,,-0.019173660523733285
GREM1,-0.03769894171353366,-0.0169859813636579,0.09067986652897489,-0.03767000471944815,-0.01383577588350543,0.020823909354937376,0.01517373317005209,0.021721830514346167,0.11210138470735898,-0.04921840879748289,0.04553413558801765
MST1,0.019309071773716557,0.03982427947854484,0.006089247527703835,-0.02585945255103292,-0.008811863428327064,-0.01056327813498353,0.12907427306960165,-0.006050314566255215,0.01896153122040253,0.01923963340514031,0.012963254025391436
ITGB3BP,0.021481260215405414,-0.04245272237159522,-0.022758313753416637,0.010458934562914742,0.006185341398931464,0.020932124737021822,0.0006191987072319156,0.03750656495544434,-0.012127877851193056,0.049069378280304256,0.024561143408276347
NCAN,0.012118083912052754,0.07699818800446942,-0.04897944013194535,0.0002908489715684023,0.0024047890481868083,-0.029741497481836,-0.03517686890563542,-0.03089348466504618,-0.045651176487646224,0.04681207706579742,-0.019546597560716528
DLL4,-0.029679875416758594,0.07153229103710834,-0.05733261342159295,-0.01053203118889613,-0.04141343309684004,-0.05095831884685025,0.11607374732702909,0.0020905041836807654,-0.0251281340620586,-0.08578412595979208,0.06484928636339099
UCN2,,,,,-0.012434484473390362,,,-0.015818927842680186,,,
VTN,,-0.02272325715903878,0.08205504426964712,,0.022610268523890333,-0.018618431384338323,-0.012747526223889805,-0.017085875411293572,0.005909022351458004,0.10130532818769046,0.024801717894630378
CD70,,,0.014242984372452657,,-0.004220708413685772,,,0.05690595373023584,,-0.036890727384194175,0.10023297867978066
GNRH1,-0.02572277959056056,-0.026434023067233584,-0.015619192831817346,0.005201858767276644,0.09355800999933522,-0.027716591238528546,-0.01146399644669543,0.0270045607012158,-0.014570119716770382,-0.009412705107378991,0.037539724846464895
CKLF,-0.06358442466868014,0.037404500227901,-0.03877081110750815,0.043761074342956965,-0.007218265655757175,-0.013620808313663708,0.01828311838958992,-3.56811297228864e-05,-0.022093150373675565,-0.020535194671339862,0.03189472335164495
NTN1,0.027722560344437035,0.07629532173297211,0.049372957849240874,0.006044314914703143,-0.03747746972859044,0.01213440065580108,0.04057840553404666,-0.0009313680543430252,-0.009253752908793015,0.063269677184266,0.0718541388811783
WNT7A,0.17990125816158317,0.07495531201703255,-0.0278022501141154,0.01402217989191232,0.040327329343632805,0.06161897386713291,-0.006460686512011572,-0.017678714815985454,-0.015770569000071538,0.10369624951543857,-0.014558658365762622
DSC3,,,-0.012729050775880896,,,,,,,,-0.018751947927152526
HCRT,0.05089520650967384,0.08519692984469142,,-0.021948622821478973,-0.012611829929562056,-0.008892100668113193,-0.009824996826103756,-0.014777271485068922,0.008998068693239554,-0.02327386303704891,0.03759645532037693
CXCL1,,0.016954761734385055,-0.014971397507700846,-0.018766042729543932,0.031189308830083754,-0.032485186763065665,,-0.01447669274046001,0.01875192625478879,-0.0682680401647019,0.0027927236869307232
EFNB3,0.020462941578726874,0.023240369197064695,0.043276721196499314,0.015854973494075456,-0.02737490877908331,-0.02794051493825251,-0.009750552799352894,-0.010231366096854048,-0.010294914400691524,-0.03242762271159565,-0.013732952346273492
CCL27,-0.016953927217724173,-0.045255478465221426,-0.013356999776229134,,-0.02929542285318158,-0.02782332679781833,,0.0029313468886752376,0.0006523066044987305,-0.10288103379566825,0.04160881036075924
CCL7,,,0.07717242689520956,,-0.013153012317753694,0.008606079932307612,,,,,-0.018478383346858775
BMP7,0.023744688506688174,-0.006481640536177864,-0.04290373308513543,-0.03290259938310897,0.021709471532191656,-0.024936427291172056,0.08536598764426868,-0.016134820518315583,0.028445601975053837,0.051937892465836535,0.026037782499126017
FGF5,,,,,,,,,,,0.09065066112360665
NRG3,0.0084440468035944,0.025281661111257257,-0.03906385779318032,0.039827740665770696,-0.044699111796442155,-0.040365478188383264,0.018028701412266757,0.04688529245479508,0.0398428856952254,-0.03085672364432133,0.08706261658010736
RETN,,,-0.01854773044935352,-0.012809743099782897,-0.01511314042260091,0.004769314114099981,,,0.0281861650035857,-0.03735498653898006,-0.03161188609744371
OLFM2,0.01895548254283347,0.07361054323006488,-0.026552077404814918,-0.04704067143985129,-0.02272756398894749,-0.05169380489581905,0.05401424393259965,-0.07442904498008196,-0.00679678569148877,-0.017695761722514,0.02917913834815098
NCR3LG1,-0.018803026669011624,,,,,,,,,,
LRIG1,-0.020435957577385266,0.10383546028253535,-0.0014698812822540998,0.04492116343524392,0.029526111902661634,-0.025408812674773063,-0.009331100393357264,0.023282153740260762,0.023888135998960246,0.04186072208047523,0.03359530640369821
SST,0.23200153797170162,-0.026202961616356456,-0.03277692397741165,-0.009863856845249062,0.028817163722872186,-0.03683668737051352,-0.037355716595571124,0.015705342991465338,0.023486426783428268,,
TNFSF12,0.07312426423946647,-0.009721061973788985,0.03287486584835956,-0.012997196671062208,-0.08609366017530226,-0.01748696934002735,0.010394752464611131,0.039070462824493925,-0.0141225318867864,-0.03901696572780692,-0.00878775530214801
SPP1,-0.11875002991472429,-0.10999339891709105,0.12243111145470756,0.0036644523354030217,0.024603747924146838,0.047853698197613016,-0.021259966817044708,-0.0020477986563600184,0.03303771657020779,-0.05383726820183894,0.010188852986726385
CLEC3A,,,,,,,,,-0.017971533872206593,,
HSPA1A,-0.02491546047724103,-0.0540991649214898,0.042464866065032705,0.010196661109895927,0.03566348925665198,0.026304268080383667,-0.0392792440104797,0.08507972910594915,0.028231139559721882,-0.03198390283558104,0.032852556535433806
VWF,0.01037385022605336,0.05322241057513615,-0.03949557040570971,-0.008596297670824949,-0.059368754987297725,-0.059773634810314905,0.07276382179570202,0.005476893714311726,0.02013916094766829,0.020577129493929404,-0.033699583625308414
S100A9,-0.0773570135987057,-0.06020106883639402,0.07799440917910036,0.006345359990655459,-0.016901723853782566,0.023083496703347188,0.0002588441671968609,0.007281758347588222,-0.0283302742872733,-0.04334204196247785,-0.000904040517562851
DKK2,,0.024231722529036843,-0.02109441253248509,0.06645606928099351,-0.01261780153647661,0.061201388677865884,-0.022482953196095414,-0.016218345412371323,0.05424597895355346,,-0.00014911985985970302
NTF3,,,,,,,,,-0.00010666373550247416,,
IFNE,,,,,,,,,-0.030319388742636014,,
CTHRC1,0.035745379954833706,-0.05434575250113523,-0.06725418146075715,-0.02170945942632548,-0.0277204605199805,-0.012103102905865148,0.037112130725347636,-0.03000585401893397,-0.026739664300469854,0.02997914887286242,-0.03249721268197719
ALKAL2,-0.02372192771323509,0.02647964791945083,-0.025048956635174764,-0.013196372004373791,-0.012434483537929107,,0.04416694363236859,-0.0250862454836796,0.04180535434250742,,0.0035903763041941557
RAET1G,,,,,,,,,,,0.011538870904762015
CEL,,,,,,-0.025619796252857034,,,,-0.06016530563280012,0.054120590960388286
CCL19,,,,-0.012411582673056365,,,-0.014393297437283454,-0.01054884453272831,-0.009686274434546208,,0.01203747486823679
AGTRAP,0.004073757763718007,-0.05298441636156154,0.004305208447442603,-0.0018273733787400321,0.05564874161496229,0.08375810031708378,0.0626366162152574,-0.026959583726669633,0.02220767014782309,0.06961519054932776,0.012888270493076047
HLA-G,,0.03415248331843454,-0.02055323462568653,,0.07145336542217472,,-0.0120300639857321,,,-0.0354668275811429,
TCN2,0.025949911121969642,-0.015659762931574988,-0.03449222251663911,-0.0068976224532494666,-0.008638793687460265,0.005633906182742886,0.052280485899085544,0.004732079534274447,0.006121397483174768,0.08702198104073461,0.05792245877425232
TSLP,-0.01560944240777583,-0.031188478441582138,-0.02528688360048474,-0.013196372796037971,-0.015751386161631152,-0.017662831789533196,-0.015879467071814923,-0.025423187165347565,0.0191173270329098,,0.05695050063859753
LGALS1,-0.12351352180252453,-0.10636114278781629,-0.0047374997295576175,0.08625055353169438,0.0025718720664336648,-0.0008105596051172539,0.0228140537244106,-0.01200542772221464,-0.012661932893383828,-0.04214062849826725,-0.04804731402293158
COL16A1,0.05098126481752114,0.05527657577398523,-0.002930121752754582,-0.05152949690666559,0.020719869185374034,0.02627318712912493,0.016526999343469812,-0.02355304591983045,0.02288195696187503,0.04799216877873134,-0.005843284234631502
IGFL2,,,,,,,,0.07575973454115975,,,0.010930936285806906
PDGFA,-0.07119089756598232,0.02289360079082917,-0.03311595397769279,-0.04462012997520038,0.057804701521895534,0.06945612735026793,0.04542470128532252,-0.04532603121679191,0.05828404355186636,0.047361822830885025,0.005133101706374104
LAMC1,0.021446448828195477,0.10527328641227769,-0.017965306270212308,-0.026600945956802267,0.016711264458795547,0.014496268959920426,0.06382047045937828,0.012803650877959578,0.024873487457086407,-0.01490687174492052,0.0010470103208909491
EFNA1,0.052080976515354496,-0.019874211562968976,0.026416705634042147,-0.000680282932900175,0.018428759284774516,0.09225706529430279,0.004880787041305125,0.017903994158712716,0.078989776966343,-0.019570925550680927,0.026581958438471973
SEMA7A,0.008700481482236804,-0.017484091016225133,0.021988540697616667,0.028053808947276448,0.007365534795650042,-0.01136040598426654,0.03673916177005965,-0.013954039208195709,-0.02930253332638652,-0.01315482499779097,-0.013250472450465548
ICAM1,-0.035784960249780784,0.00724534435363926,-0.0025683294389396935,-0.03851091271125092,-0.01632103901233761,0.0015691494953411632,0.03425334402487942,-0.0039362157736490214,0.0038266974073127374,-0.05922529668649003,0.07384563072596263
IL10,-0.02013336715611912,-0.029570666797445744,0.037088364669354786,-0.02072839360352574,-0.024761821853042838,0.00928805239359229,,0.014188593088131621,,-0.05920002205258789,0.03085029228718746
PIGF,0.06341117898539791,-0.05049254818729001,0.0032044454422940506,-0.005450474189194199,-0.030333046531837077,-0.03668051980461711,0.01706098675493536,-0.032226334822492646,-0.01167876055009266,-0.042074415608244306,0.07698376165480347
FGF20,-0.024508013519815013,,-0.02650836060102709,0.025015607135232914,0.05680510902885621,-0.00030826187534430306,-0.013757230011352357,-0.029466270995378307,-0.03431630702138556,0.07196933604430687,0.0015793669532342463
TGFB1,0.0021110247063431137,-0.04601425811350893,0.021120781980295843,0.024136012081452655,-0.015351972351987753,-0.028456871950955857,,-0.0240527947481152,0.00567412964056,-0.04079810750109138,0.0042221989718252435
NGF,,-0.016100798657223626,-0.025278136990029988,,0.08099423885093442,0.03581843196541865,-0.015153269039535943,,,-0.006398181526713389,-0.03985133186521601
SEMA4C,0.04371481902353557,0.03968240108710652,0.05310830306142278,0.004488786633456386,-0.044524517788440604,0.01342982285574376,0.02238338019392169,0.01430063255639925,-0.028100512573868214,-0.09459673072452911,0.02023020149363709
PROC,-0.048371481683672814,-0.02584765457070969,-0.015078113269146924,0.11018120615269619,-0.008282627693756544,-0.014774664509230116,0.002173665205990022,-0.022094166762812572,-0.023899634866574006,-0.050526362421104185,-0.0007647111747295341
CDH1,0.05896049510233225,,-0.0011414783034832412,0.03975034653997704,-0.0032451781067440425,,-0.019958074890338753,0.11111022664911972,,-0.06145901958244348,-0.014066862441886688
QDPR,-0.08395907737343364,0.04703964557338341,0.0016756157784535886,-0.01265683144054505,0.01476661480050796,0.05510612146415195,0.00387461534931632,0.02249871744462299,-0.011613138557069112,0.004698878945669903,0.02433683718966002
IL11,,,0.04875218273991574,,-0.023646748483778644,0.01274166274008633,0.06325317982346527,-0.025822881038557854,,-0.03297602559163595,0.02341022267844324
HP,-0.036124544068764704,0.037735999315327604,-0.04112646727489431,,0.0676198644668592,0.11042233348898362,,0.09548213500244906,0.017793325737397305,0.026395406552878937,0.0481992177799846
NID2,0.03115337550454057,0.004491650532694209,-0.082576701354626,-0.024006411042460735,-0.03341365467960227,-0.017630810121182304,0.06179122476938171,-0.006093274886005179,-0.004515237944828676,-0.10929760302106294,-0.00786153866521584
SEMA3D,0.023260280384293588,,0.08179530732796501,0.04262333926807335,-0.029802601083688054,-0.03535090323070151,-0.0015524873866699176,-0.0309360909676797,0.00861195034102942,-0.037354978275071636,
LAMA1,0.03208409546657335,-0.048426788917269384,0.032395885197908196,0.010092541513688056,-0.04238888663751795,-0.02824698024806851,0.015248126156968233,0.00871428464727378,0.045994042944744885,0.011430957029231302,0.007090722344485554
NTF4,,,,,-0.01685786926950367,,,,,,
RNASE2,0.03580066213422328,-0.03707669573157529,0.08031975686581791,-0.02288111192124034,-0.024309043380042347,-0.0003510561852814773,0.079371293162597,-0.041004285321876645,0.027586121334651093,-0.06991321628768277,0.10253224520473528
FGL1,,,-0.00027832091327839603,,-0.013326836749914521,-0.014960878380668063,0.08862474316649971,,,,
PTGS2,0.0399278759942131,-0.015501237373832579,0.012795098685876652,-0.016747708741248382,-0.009231721654905429,0.0031305643391206874,-0.0033438613983348903,0.011003178087360148,-0.019371895380642632,-0.05860608426015504,0.06967355858422736
NLGN2,0.046220507894538826,-0.029193269976084135,0.0030841999709950384,0.025048774409943714,-0.013709018756725101,-0.051025726344176285,0.030102640302235393,-0.04558124753970979,0.013307313708045606,0.05415080587893111,0.008002230655174766
NRG1,,-0.029393852179297086,-0.015388347908057558,-0.008145886360534071,-0.027995168566791184,-0.02792972215852181,-0.023087061635098296,0.014495049245013963,0.02836218515581941,-0.06696326755764012,0.08342855505644241
CALR,0.03177037781645278,-0.04394687565679122,0.08337845874316985,-0.02176448609453529,-0.026440220528203624,0.020450996280558176,0.017826216701795062,-0.03908330563794896,0.024109903784257754,0.012923248167842101,-0.01168797742986064
CXCL9,-0.04528245022338326,0.09076819182213484,-0.029038465824914345,-0.020602834172228683,-0.022483224310865357,0.04957684040932555,,-0.027248706726004567,0.04531456727603388,-0.021717753826447563,0.027259276541788214
C1QTNF5,0.012276722088665232,,,,,,,,,-0.031951827817015034,0.08923631165007341
FAT4,-0.005223189674478547,-0.02949983170216535,-0.025398159078266692,-0.007555867232858309,0.05984297211055744,-0.02845687528149183,0.08864807510560445,0.027557746991400667,-0.014974143987865634,-0.030597631390919554,0.024606227349186747
IL16,-0.0360055578352681,0.0013332178614038422,-0.002672361197901322,0.01736677559310769,-0.051764800233611984,0.02627747452345174,0.01526079473632763,0.006379154351128998,-0.05675775103996518,0.04227850969973332,0.05081653418965978
TIMP2,-0.0020172194398798545,0.052707454947210554,0.0320110791846403,0.018800386061445597,-0.04165741522159496,0.04968973435952834,0.001668473830162018,0.016497587077207786,0.039692104025203706,0.0038719296630411204,0.051469561017528094
HPX,-0.02067974835111872,-0.03326785001057687,0.09981121023750462,,-0.02377074346248512,-0.03743611307812063,0.09496062571528141,-0.019812134824008974,-0.0002367659317192356,0.04142869547359439,0.03975667235703243
PGF,0.08805581133963057,-0.030463832482792472,-0.050388565865188764,0.04682752292630159,-0.027573930917474402,0.01410625984275643,0.07466772868153519,-0.029032686766261043,0.07684471973774949,-0.0630437545336429,0.013491386237103492
NMU,-0.04478894306395604,0.10161120904652753,-0.009514375390918414,,,-0.013060860371515286,0.005818803910299441,,-0.03371614193427235,0.011283846197763703,-0.024383582301490306
PPY,,,0.05543357342432428,,-0.008651715375023893,,,-0.01039990419742265,,,-0.00836780652155844
UCN,-0.023880921599705385,-0.013745625971930426,0.04080739828145001,-0.01018889348720445,0.05764377697336947,0.017391823404134782,-0.022061713446064293,-0.03093609362150359,0.07065290684524403,-0.06757399260227943,0.07671628752414715
MDK,-0.010961201269021607,0.11256678006173446,-0.09185280403125068,-0.014651372336329708,-0.030815348285219105,0.00047631318443355807,0.02497597081281415,0.030262275363261443,0.02242551126192084,-0.03112529162947319,0.09960656474766483
CTF1,-0.04216763201378882,0.009681475881736581,0.016692227505005278,0.013635222881080463,-0.05343370783506048,-0.03327781377081176,0.02644713453877731,-0.02230238798768162,-0.0013517002404288792,-0.038254302775839265,0.025860428112850952
LRIG2,0.046022889444064484,0.032589797479297834,0.05642638393563516,0.037183039942546674,-0.00379870605289904,-0.011912652189951196,0.05083650243826108,-0.015575089414308851,-0.01267036528602601,-0.0496803237720259,0.06117142545097239
ANGPT2,-0.045476868370004926,0.07794039795922816,-0.06003485492778892,0.019323267302559604,-0.05003694902646752,0.06551251958702711,0.07881297873093508,-0.017876865135235592,-0.0056187724111977245,-0.05738124871472964,-0.011806924975545162
PROK1,,,0.030048110242655024,0.08105370937282419,-0.009976065071867709,-0.015144940000078527,0.0037729817477127484,0.04832341576546998,,,
NTNG1,0.053245112746464755,0.033620132798890215,0.003311710049613031,0.007218387698292544,0.04329804748066217,-0.013989231371364848,-0.011280199891664745,-0.006985016229502927,-0.020701836674606757,-0.031398488489241407,0.07426951439985341
INSL3,,,-0.017146128565243748,,-0.012248528727678289,,,0.029497989099438262,,,0.11022433607130942
SYTL3,0.06504439985209064,0.010644798211724153,0.07146225876704738,-0.025366845828161934,-0.02028342794000162,0.00926034414576836,-0.02141667917123989,0.003299607014602507,-0.03648387001098389,0.12136474312737427,0.08772065843259806
CNTN3,,-0.013726283257537901,-0.04111291999924732,-0.013572454443908222,-0.03022002776072598,-0.03794466631005558,0.051539955515012136,-0.013763938192081363,-0.022925795432905627,-0.04772392322194864,
ARF6,0.0018805519545771893,0.024688416311183778,0.0007920708167033626,0.01788646888319328,-0.05723490604620441,0.0170013254268699,0.023159542478488757,-0.01720983997229722,0.0350898022427008,-0.05347625842257413,-0.04420364269065556
SEMA3E,-0.03857463060839838,0.06143099835929826,0.03382161403868602,0.024408047024719232,0.03467275556032224,0.03378808894171383,-0.01128206577140916,-0.024531702961450404,0.03280198100942027,-0.03826890729831361,0.05999476612269827
PROK2,,,,,,,,,0.0159275081288766,,0.0815110844191801
SEMA5A,0.008917855436617265,0.05963635062108891,-0.021284910160201287,-0.003398961601983417,-0.04249280961213087,-0.0022061557647890906,0.017141196741494075,-0.010351885086751429,0.029938675812409388,-0.0268315713548462,-0.04365559268834507
HLA-B,0.07726494731248,0.08686121049325399,0.10895579063167705,0.03901036239412386,-0.056473795156298835,0.02433077353569525,-0.000998655730683991,0.03396332834296766,0.03898849775328732,0.020926326786586406,0.024140633537113414
APOD,-0.08112725344884684,0.030501842592177076,-0.053595071438458666,-0.010325090430934825,-0.0556560681866476,-0.047046840243423184,0.02974418191021096,0.0341535723967767,0.015620577341465602,0.08759766960129076,-0.01284984350988641
GDF7,0.008438209630067235,0.17703188107515266,0.011828410002463274,-0.01644072068855636,-0.008933235639170567,,0.04320327392468382,0.04405610500329986,-0.015226776229050751,,-0.01129568753936592
INHBB,0.007049284711391933,-0.011889339673560533,0.0038556154238232766,0.00843990202317865,-0.007722213345453089,-0.01621514121451153,0.03180962049316515,-0.02489108953662965,0.003821309630144779,-0.07112364007798169,0.040919793972537234
MATN1,,0.11612139642220021,-0.01957386355984865,,,,0.0076557684497446325,-0.011265181295243686,,-0.009032665091996923,-0.010196077143985783
HDC,,,,,,,,,0.02814959228028567,0.12086359697754052,0.036509986585058864
PIGA,-0.021846475125085717,0.012953557788552662,0.007378787810495188,-0.05808202536404995,-0.026405675656736544,0.07405045059532997,0.05470709603602335,-0.014632202824781223,-0.014723176079383078,0.11379294403405125,0.06102891731970986
KITLG,0.00533814183023291,0.08746514632410908,-0.020360002292743692,0.0015946874560700851,-0.04449410228484346,-0.016435170095573902,-0.0009016788271692948,-0.04418390776385946,0.052672610166812225,0.001082305836839821,0.08780932520003347
SEMA6A,0.04624058811835334,0.04646537438973951,0.005314567971935444,0.009056063138511766,-0.008319298789901024,-0.002464372377530028,0.02269683723277579,0.04105818134460173,-0.003256238814560407,-0.05688484448526062,0.015312184548224845
BGN,-0.0002779090753856783,0.07007745869020984,-0.028563584100209694,-0.05992483975448932,-0.048983601746539554,0.02611706935336999,0.07664583221373411,0.006053700258723739,0.08100431305748393,-0.07213580661194338,-0.03247180791028063
ANOS1,0.02887849119512299,0.035277978479174694,-0.014918686739441585,-0.03572017144215998,0.010346780478930555,-0.03955779458923168,-0.006120375716370028,0.037244808313392226,0.020547613551985273,0.05033207771395694,0.06649300584980877
AGRP,-0.015374688475533704,,,,0.059019876107449604,-0.013808118200572941,-0.012571809638691029,-0.012328566084821505,,-0.03399161207339215,
MIF,-0.0006241827485051705,-0.06933255494164303,0.021107559910011744,0.05803199614437101,0.025924510501507247,-0.023598754585498895,-0.00716363164291047,-0.024421291181684783,-0.05884277555332418,-0.04762111377655995,0.022303642291604333
PTN,0.11501632457136873,0.0835851344504316,-0.009374897705634303,-0.03693981291409887,0.03700753803695875,-0.04502720725257963,0.028392386052845595,-0.02972640431853237,0.051680273415206916,-0.001484320198012225,0.022074514723732182
BMP6,,,0.06009459353123833,-0.013004433217701967,-0.01349851896287581,-0.016715752293881475,-0.016439117388380376,-0.011265180654563806,-0.015824173022403153,,0.031935113344828375
ULBP1,,-0.03142804642676912,0.07368757057552311,-0.0005666984461223288,-0.023132409165583977,-0.012985881181250861,-0.01776769544336713,-0.01717981401554423,,0.07724411034222735,-0.030856551728445616
TG,-0.019383314444898173,0.05527474853533739,-0.026809074563393646,0.013906938027229336,-0.01819231173463803,-0.037521198636124055,0.007100358517470082,0.02220498914367987,0.023595039674069875,0.05313294130011983,0.0016367771616071641
VEGFD,,-0.007382422939822118,-0.02314582520130797,-0.0204765843611416,0.030954433924608726,-0.015506870825061324,,0.019754926235221057,-0.024913236294382544,0.04448459839826268,
FGF17,,-0.020891173497720066,-0.0018898321851519076,0.13897480746343113,0.026255436534365174,-0.024810288601727074,-0.021955327185917983,-0.022981763402679604,0.028160946324096776,,-0.020066901927965963
PODXL2,-0.03822584882437291,0.04685735912382989,-0.03262722785868624,-0.006442537579969616,0.03638887918884809,-0.021263402991300497,0.01299243959499992,-0.020586116503579284,0.025493108999188836,0.05207699843709278,0.02803187920356005
AHSG,,,,,,-0.02171171760050588,,,,,
RSPO2,0.17494660403505846,-0.010528170830913446,-0.0343549005253448,0.04851658174932816,0.002533889632896351,-0.0305907607660202,0.011551147888229996,-0.02460833530461517,-0.019141216753227826,,-0.006602110367612004
GAS6,-0.02809513659043512,-0.08944947160325539,0.01910400687621286,-0.016232649144815484,-0.022098383888656214,0.004360527056333541,0.024798804778097292,0.016902058551229542,0.015494301945814292,-0.08979696574390555,-0.0008420229156413262
ANG,0.0445120976160349,-0.005056132982211525,0.07425452400758722,0.021073813844701104,0.020794965797449928,-0.018357158428882026,0.0021741101419967476,-0.03258517639746784,-0.004945394291386938,0.033503304119030915,0.0675123201961927
F13A1,0.014598990213216301,-0.06622457040398562,0.09000926496157391,-0.019038268262379775,0.06515183480721855,0.020462250055783157,-0.019276330810074283,-0.033791888775998875,-0.006249240225681209,,0.037848392287527816
TGS1,0.05360754357253979,0.023492136209848878,0.05614297347574873,0.016288621825459898,0.004600349584533474,-0.012023309215355427,0.04521452072315791,0.0022154489723680885,0.03651263144582107,0.05247453393420122,0.05378734482990244
PTPN11,0.01885112623598312,0.027143599086452048,0.07348596299705856,-0.02804581969194402,0.004549454831002161,-0.03651749071932611,0.005157740651045762,-0.04505228781189157,-0.03441468563945483,-0.07022537074893735,-0.017816346686079763
IL23A,,0.07824493014224526,0.09915028717652005,0.019796956484034456,0.03841665785746063,0.04192863081520299,,,,-0.05103936022638877,0.010598112401666273
CXCL11,0.03236959658407324,0.07441144299567934,0.06975998146493562,-0.026127456623633964,-0.03222607693171607,-0.018618429477243847,-0.018891104429001104,-0.0031325537759825358,-0.004612308956983749,0.04150397412923266,0.007523011356115983
CXCL16,-0.035838734909008636,-0.055156908619340354,0.10318758195066344,0.012358638899962564,0.0018635178199384991,0.06960607584922172,0.06994123888615132,-0.007243717932667627,0.04592645573120987,-0.004117524628235271,0.046674499507316614
NPTX1,0.05954854141606631,0.07306548210542194,0.015086885594856035,-0.030353675522945742,-0.026179754551824096,-0.03499576329038915,-0.07019693519441353,0.021146153480569498,-0.014614216168604694,-0.11730462657447058,
HLA-A,0.04525574329586674,0.0715733539682877,0.09713621578018858,0.03806296876087413,-0.04156390010428457,0.055868352830471965,0.011145949174325862,0.05112558747212138,0.02167672005807014,-0.07918978215025985,-0.029605085307217425
RAET1E,,,,,,,,,,,0.11679773429295118
ASIP,0.022204631282517727,-0.04000079259592522,,,-0.012434484561089868,0.05273517978692741,,-0.015410050297945975,-0.02524242397506285,0.019610918984415797,0.10138960440242029
GNRH2,,,,,,,,,,,0.06089168767751494
CD14,-0.04671265468860364,-0.02641030310185709,0.09013799972104436,0.007457516280527567,-0.06220516838959768,0.08338929099385492,0.005548985260312219,-0.0503961230489803,-0.008316786515273311,0.06040778246269665,0.0678253006027531
RGMB,0.048689201240396676,-0.0065056202646486296,0.033321034894062636,-0.005297768266499935,0.04616479178843093,0.08176869688664683,0.01996631750171176,-0.0006808132369909545,-0.020425148607469558,-0.049224770259468247,0.03988720757595428
GPHA2,,,-0.016820009905032293,,,,,,,,
SPINT1,0.010626563617076283,-0.009345426254949697,0.010434134119316455,0.0003029563011377755,0.029377775422671427,-0.034637250448415605,-0.016712506961838576,-0.0015385796885679535,-0.02334825052998002,-0.03503155325523312,0.06809945980324175
APOB,,,,-0.013196372796037971,,0.055664091410397194,,0.019503399641032454,-0.02833355866055897,,-0.019021772612649403
ADAMTS3,0.0004732374611840445,-0.03136839404159295,-0.051095403046255324,0.0371585898749741,0.012410196195068935,-0.01856486427355187,-0.021087843953279877,0.008246799663751084,-0.04735556508336281,,0.06003411821734526
LEP,,,,,,,,,,,-0.018478391249452136
EFNA4,-0.03170599502241223,0.06561922401547426,0.07410135976379617,0.009410334878684378,-0.011037634712701139,-0.029905058261175902,-0.023407279862225766,-0.02567196464635823,-0.0063164442312588585,0.07251605490168023,0.03655332838117682
CUBN,0.065404737045624,0.005122051026984032,-0.0637120115089375,0.06683257390727508,-0.014254582432588127,-0.03261427729394148,0.05245269008593077,-0.041470755588475926,-0.020838394821230868,-0.005227158332173256,0.03315480228722659
ADAM15,0.012521416336700723,0.08720078840377694,0.0017530523250392019,-0.009736176879289293,0.02006816159488386,-0.019109830343166084,0.023358060472753052,-0.002405437243287864,0.04013886748115551,0.06767571113594043,0.03567729520538705
TNF,,0.02219454254750929,0.027263908661963317,0.004988159412142059,0.0404613306000398,-0.037180037915573984,0.0012643563917076593,-0.017961201719917483,0.0848951210906092,-0.009876803470473731,0.081128705773883
CXCL6,,0.0878801631748539,-0.015091290293751695,,,-0.013808110286122178,,,-0.03321464129611278,,-0.035325569340743525
MFAP2,-0.034384409535924074,-0.027387584638011483,-0.023458918261360998,-0.03570476218599468,-0.036744442230565,-0.030093585462877395,0.06150623227421224,-0.027312138829125435,0.023310919957290153,-0.09712251928353766,-0.005556890446953584
S100A1,-0.08766116084839867,0.022339074652345876,-0.03791592875415222,0.021962165423049948,0.029463562686974455,-0.04911820891460238,0.008394005077375243,0.018988658720654722,-0.02580965392038807,0.07090302562731654,0.022359006557362237
CALCB,,-0.021362364422592598,,-0.023785449299279914,,-0.022489144964946833,-0.012920981531483538,,,,
BMP5,,,,,-0.020391589267755358,,,,,,0.10459848402188977
MMP7,,-0.015701629379039826,-0.02976451726285044,,0.022443570439604932,,-0.016300855428857005,-0.011125454252332204,0.012413438765897932,,-0.003404601416356705
F8,-0.012722940202550057,0.07767589809966213,0.00411568265318795,-0.02366620932174096,-0.011315338051804718,-0.04715677109167011,-0.015495129904082448,0.04368078915655193,0.010707469331831181,-0.004374063162469654,0.06786775735846022
MTMR4,0.016306594849784344,-0.018163606051886428,-0.006864526185146755,0.09956158905940268,0.03462367813763075,-0.0298195786058618,0.007718996531338411,0.027221541427830554,0.013252293752258013,-0.012091876102731347,0.09290206133299589
LIPH,,0.023628328337659574,0.0761708310439908,,0.04096533924184563,,,-0.009940193429509914,,,0.07594310665919461
TNFSF11,,,-0.013957880538644083,,,,,,,,0.03277783211140277
ADAM17,-0.020836009899442863,-0.010070006972071275,0.002546565879836961,-0.026540541488182492,-0.012326603687635178,-0.0022792753707498153,0.009572178728470881,-0.004465022483082134,0.0018196561681583735,0.03002996775816504,0.007777841758004001
MFNG,0.027158358086010814,0.045363823601540385,-0.004968584136652662,0.03486838160307038,-0.04258006906556624,0.061047865187809934,0.04709485355693748,0.019937459046986714,-0.029876923207058075,0.03393453517092725,0.014790381979207953
FYN,0.04715224128209061,0.10619696610139871,-0.02391172390359383,-0.0682303798892505,0.040605502421500704,-0.01430363356646793,0.027649703240560184,0.006728449932436081,-0.007883460212246118,-0.016859678789886638,0.050371884017878274
COL1A1,0.02487489889877286,0.04032378736438374,-0.008180916051501484,-0.011758816739489291,-0.02851159448319043,-0.04472927905060463,0.0391642988819222,0.004906432259440649,0.0006460702778159608,-0.057057410775874964,-0.037674895624745616
ZP3,0.09535052220679009,0.10397163986040801,-0.026617812420710842,0.01977467954683498,0.03882197888292907,0.0352570931348311,0.03394171634885863,-0.03725063102449409,-0.007621311952060238,-0.0670796110066334,0.1089524955176366
VIM,0.12105456131929422,-0.04222742224753162,0.053747329094007805,0.04083214742426134,0.01071347476613338,0.03941109823954417,-0.008746468165985266,0.0065271906428404965,0.09739748448638862,-0.0109222761071253,0.12240047919027701
NAMPT,-0.00946148410699453,-0.040993149257628175,0.11771182382043198,-0.05188986257035824,0.0017807295774208988,0.041651162773566314,0.022874441158428797,-0.038232614904339435,0.015732115170007045,-0.1297468375083703,0.05137331126664842
S100A8,-0.08147798970852071,-0.02340289077910087,0.08771205497837518,0.03714709388251369,0.012319565844160992,0.031071938672401107,-0.020137377995284415,-0.0005878041152318097,0.06637730165962104,-0.001422649458355699,-0.011082450044815778
FBLN2,-0.020859028818851273,-0.04793184397927138,0.04900021960696532,-0.018393689907022732,-0.01903824894066894,-0.03801573440827567,0.05817335173700763,0.030090234443406468,0.0027726510485174528,,0.03390522107666871
CD86,-0.05979595987013691,-0.08124219475120473,0.02811132310852384,-0.03593991067049387,0.010433416919023355,0.0053843437787411295,0.008638926733809572,0.006186979155079959,-0.013590333616492901,-0.06715076302887564,0.08931523212691166
GSTP1,0.10161666894238944,0.028443818023751594,-0.057182588945938397,-0.007693976275136309,-0.018042540331086886,0.0042206621010618785,0.02500668212988641,0.05379100789670361,0.04536981364623016,0.04791916712608087,0.02167235099593054
NTN4,0.004964598023509198,-0.06526085284024398,0.058724121820024046,0.014923079900034586,0.013489775889635054,-0.04778890779631358,-0.013534197991032615,0.035912552694887044,0.017704125195059695,-0.03803589965595953,0.006084166202674237
ANXA1,-0.0645395121884873,-0.021248993922836724,0.02252090432329289,0.03705982571517766,-0.008964979088745526,0.035982494132021335,-0.003577427615190628,-0.0346675917829566,0.09188201730716725,-0.14263555777041223,0.060532227104086976
TNFSF18,-0.01899823663323501,0.07494552574663367,-0.02914144739449924,0.012742115601231032,,,0.01797144157121585,-0.011674763952453069,,-0.045411589935950195,0.05848317474248022
CCL4,-0.04663455915517603,0.0747302806642013,0.007044484514165965,-0.01736625216281942,-0.04658649133784512,0.04757013130352058,-0.04145217692137954,0.052541153337120464,0.07026809146670719,-0.013506610411563941,0.08491348401006504
WNT6,,-0.027387578109342635,-0.023754743650896307,-0.014471884207817056,-0.018192312489992462,-0.02035806989514443,0.04223027445449544,0.06326681923229889,,,-0.02823815794742497
SPTAN1,0.09547089601252064,0.029020948845877546,-0.04904591839542962,0.02882000450987929,0.015327278041552721,-0.05753558267754686,0.008662032725471499,-0.014406973895620014,0.030792983821762106,0.08863683935123726,-0.009496072498432694
TNFSF9,-0.01584092561156306,-0.032945293825420274,-0.026835592687916982,0.007665222110240494,0.06086300529762478,-0.008770857604717847,0.044162841287736,0.038185259214305996,-0.03991960974528234,-0.007973761092182294,-0.01269390577673878
CD55,0.006795377862488479,0.02322992721339346,-0.022182124313518365,-0.00988958642936013,-0.031101369922870836,0.0279236041826885,0.006765011220875441,0.016755386462588624,-0.04663501298686945,-0.017249616968810583,-0.019097506820643945
CNTN4,,0.16280462074287386,-0.023949417069670596,-0.01532118401777966,0.01371516364164541,-0.03252009169595371,-0.0011981970904500585,-0.030820373411819854,-0.008362271102487587,,-0.018069845527910338
NMB,-0.051651965408244814,0.03738033401867949,-0.00024668176135390164,-0.010423630434299355,-0.02478262562845599,0.009959495514722153,0.0017174117151268881,0.06942539900965562,0.03337858740027726,0.0261499657914066,-0.02247781554868083
WNT4,,-0.022723254283746632,-0.01229334839426229,-0.016747707687705428,,0.00646913491608871,-0.006713311367224589,-0.01551319719039294,-0.009983382541190688,,0.09831934872930945
LAMA2,0.022449204132275854,0.06160301895424969,-0.056364749848286155,-0.03789971925874655,-0.0145006852174144,-0.028664015912420758,0.05437148559948929,-0.03649454251588412,0.004112762878520798,-0.04084597283032997,0.011818323850339651
S100A12,,,-0.020689722528550673,,-0.01556653109302685,,,,,,0.037068898395956666
CCL2,-0.07338223683531216,0.002984824375149998,-0.015025111828583532,0.007777560336555226,-0.010897580059986877,0.06923211250992765,0.003257014027359762,0.004867324888880164,0.01863709384228418,-0.03433208140336438,0.057952417388329756
IL17B,,-0.022277866804153588,,,,,,,,-0.03245775726312421,-0.012081440617858142
RIMS2,-0.01584093181421308,0.044227002576415334,-0.029461583080754243,-0.01493338388848278,0.020706602182084262,-0.045712651418540654,0.018182588919225848,-0.009715232160800788,0.003434242452464084,,-0.022709110714573162
RSPO3,,,-0.0199989091167057,,-0.013326837980792356,-0.02063511445537865,-0.01645311684690597,-0.022318834787186388,-0.0027151978522479904,,0.13851823747547282
S100A4,-0.09510232788926246,-0.07860542534068538,0.015467356849879065,0.009653773568162981,0.02189320242178359,0.03201869825491603,-0.006710513744692591,-0.011199990063966783,-0.003216102642586476,-0.07274732398360186,0.028760682552285154
IGFL3,,,,,,,,,,,0.01775589659117705
LAMC2,,-0.018638523061078376,0.12073554964081763,,0.016348196977230674,,-0.018399388903145287,-0.01400570577796918,,-0.033991594955749875,-0.0014121206030341057
ARF1,-0.035492062789143464,0.0024666462536737746,0.07095614158471089,-0.009095477877745662,-0.0022137316422634044,0.029842418138660034,0.023522194521787908,-0.0038758140884169517,-0.037133515641921445,-0.0778119695726677,0.0038427571932985478
GSTO1,-0.012930241565013104,-0.043271767281259914,0.020310163925046493,0.012020885697254773,-0.022969449780217692,-0.03017846254700211,-0.03870900395091371,0.024574789272567683,0.005626544725343356,-0.018981211897049582,-0.009832479830272784
SPX,-0.04968926910418608,0.010510450014996429,0.016044556775879116,-0.03744462632016885,-0.0004056443019015427,0.03610112096731065,-0.00685011870296716,0.014847135342539616,0.0378700576869659,,0.03988607052902227
A2M,-0.14813800585749623,0.03627414762569858,-0.003514241080287054,0.03133875017715889,-0.012341704221123729,0.0721578339962213,0.012298018343443745,-0.0372729253550076,0.01885600782358239,0.022575252142825103,0.0765036688629005
EBI3,-0.02768296943683206,0.02029684361197609,-0.003982514911106366,-0.003879367462060243,0.011558417325352458,-0.037881198239728624,-0.009023153833811467,0.025834931371396516,0.001569695339851833,-0.048178911257563135,0.0006417562297714929
EREG,,,,,,0.0580109732167003,,,,,0.035303372319979084
NID1,0.05266498618389098,0.052936193965084005,-0.04550421507555711,-0.043226949531260245,-0.04286677047708715,-0.027063175293803053,0.027554300043626512,-0.015358122629172816,0.09433323209986244,0.022018750995082798,-0.007842646855253226
LIF,-0.024039012626982246,-0.0245176912843812,0.0026774000784898417,0.019229699032234225,-0.05920252697016193,0.06836937592667289,-0.01630086000442762,-0.011541444320215017,0.0650493110960213,-0.06015832259750203,0.03027364591858646
COL3A1,0.01664827808095814,0.02168956028144964,-0.04067554044118803,0.006713758941853853,-0.05757179117826063,0.039535269165962124,0.020036762304218976,0.020787978093474584,0.010947806076891827,-0.028242898933816363,-0.02017208190653014
CCL20,,0.038572325327659904,0.1425487447454875,-0.015154922338900775,0.08318021898224248,0.026148055160878016,,-0.044691837458164074,,-0.03172369125234016,-0.01227269545943777
SOST,,-0.02250154698263147,0.04634848602503053,,,,,,,-0.04004379976224805,
LTF,,-0.04781763169252961,0.01565897942924042,,0.03650163431062659,0.05964841433157157,-0.020529707372482366,0.03667785455583878,0.019196670719636422,-0.07222970072310358,0.007794041764568994
TPH1,-0.02951082971488984,0.07893362032128604,0.07497550762636868,,-0.02425140538839942,-0.017209594348369557,-0.012747530392343737,0.024857210569532728,,0.07541077622420393,0.03864372529884579
PKM,0.08041960124706636,-0.09815458273005252,0.06247538004235508,0.07591368133357716,0.030556856076019105,-0.013848496208742345,-0.031045069096554228,-0.0008276495025743433,-0.033482889267880275,-0.03189011706856536,0.052845629945880324
C1QTNF1,0.11077092630857695,-0.020733670517335667,0.04608864468785504,0.005716272839784313,0.013057582276664812,0.03268283574361752,0.04261824541088158,0.024679856829315755,0.05610728662996535,-0.12756598438099503,0.012606864083417258
NPY,-0.023239267143976,-0.037591396434953205,-0.062148665817525886,0.020526567885272413,0.0015919766070635647,-0.04733196012875779,-0.029067838301720314,0.02993443885907741,0.027157807365681286,,-0.03194911043382447
HSPG2,0.003460104169594211,0.047454339012493005,-0.019628475245377978,-0.003079839917064114,-0.04354182016883474,0.030240108592687928,0.06550809578477194,0.011388467205305949,0.04316034574582921,0.010152406254834932,-0.016888389692729024
SERPINA1,0.014731026055323343,-0.005484234830368901,0.03353492955996037,0.034973706518374316,-0.03938007775827004,0.009959941973919592,-0.011052803509509952,0.02326973405623785,0.0736583861218104,0.0348272937183451,0.05365341913220882
NRG2,0.20787836335306817,0.004695759203622998,-0.039195600050143484,-0.02723420287037926,0.03900610100741599,0.04811718730227676,-0.002779247785707455,-0.02154817420514553,0.002604405588884193,0.04977852293397447,0.07046046407063201
MMP2,0.07531894964403235,0.08237303179611534,-0.029171541213715093,0.006155802435088427,-0.015342410229868701,0.005281819981875938,0.06623678058242938,0.032233298774990086,0.0032382435123829456,-0.03886865791603286,-0.04100175770545579
BMP3,,,,,,,-0.018769251139346122,,-0.04617300001629565,,
HRAS,0.019720698063762306,-0.025251169574059568,-0.03164742734024401,-0.029444323478467697,-0.008390217058536712,0.023131285967913313,-0.017281097159221284,-0.013602813632864991,-0.0213051471118978,0.0452731842881628,0.056800070618455954
AREG,,0.046200185871900445,-0.028485270796422837,0.021253417419621643,-0.03096009767836155,0.06648483934976407,,0.07039964420617205,,,-0.002196554053704245
SEMA6D,-0.020525185639637476,0.04459364955466016,0.013875253104441364,0.015517067771810998,-0.06266529757505017,0.03459203905300493,0.018954801138246116,0.019868615046305292,-0.030799583758193565,-0.03185486578951725,0.017941305456171935
ANGPTL2,0.05367701063196872,0.037541129255004094,-0.027719153222387074,-0.005448822961120045,-0.054075455591629615,0.007497715432079109,0.04628877589681401,0.03613617126458521,-7.962399099492628e-05,-0.11003637153948402,0.03407304027232112
HSP90B1,-0.00256896263864491,-0.04715916283359485,0.06406474112269069,0.016379987276556165,-0.0232744174296933,0.0781974898470408,0.018445310506665678,0.024284776540363356,0.008426419800120094,0.12748081801141176,-0.047815039552927
PI3,,0.05313997348867295,-0.009837695054042896,,0.005540858011196899,0.03665805680854159,,,,,-0.038312120176694824
ADAM12,-0.008128374436483597,0.09867096784036554,0.02868055335867232,-0.01548576654178428,-0.02256584007196192,-0.01140512159734621,0.07002896839262576,-0.02244624732782582,-0.02652006552357562,-0.05824359426129784,0.03944373527751427
MIA,-0.021907101128826288,-0.041425003379113506,-0.005331638573429795,-0.018210442145439786,-0.0262632368962638,0.007444346128728081,0.06412697967173461,-0.018585972792667004,0.011597106221179404,-0.011682411573573906,-0.001984516758221935
SEMA3B,-0.00736741204378451,0.04221240681261729,-0.043317504585595516,0.002963266289730936,-0.016509352847362553,-0.01825210611686272,0.018487812324478128,-0.0317123901889877,0.004879895212599182,0.06251365455451867,0.05760948506339612
INSL5,0.16515453137013592,,,,0.006942817848040958,-0.013808118200572941,,0.041924715487026434,-0.004051729641177944,-0.07078925528857458,-0.005691028102318295
MMP13,,,-0.015804093487686393,,,,-0.012030062022948798,,,-0.0297466040491642,0.012302702598868759
ADAM10,-0.036679453030385036,-0.014224233861612541,0.005422540167698556,-0.013753100549921002,0.02536589130057119,0.04217544904261001,-0.029089245711747123,0.016630513163762958,0.026512139283597403,0.06160524583423942,0.016454113250646333
CCL15,,,-0.02914144022857423,,,,,,-0.011958396551211892,,-0.01847839000634689
IGFBP4,-0.01766260978689544,-0.03453666264801542,-0.02824754785127198,0.04694263309944603,-0.03900257418321759,-0.014750819016055313,0.012147593867942895,0.013812197008372083,0.0037781696442464384,0.06692061779853654,-0.007572750765898253
LPL,-0.006852705140240414,0.05636523695941194,-0.023060846429109536,-0.02953382443473674,0.006301120046704738,-0.03672682055007399,0.007357778539109023,0.016321162991199237,0.0375521484247712,0.02898160887495484,-0.00954509440188765
OMG,0.004478111419738104,0.012803009276978762,-0.07096941666058403,0.007542191911689104,-0.07695586220725263,-0.017788100141503862,-0.02116749072272823,0.011878117459035074,-0.050444302085159064,-0.06309344863405636,0.021132339250253564
IL6,-0.02085903144736256,0.05954289635795352,0.06972688002620286,-0.017198612435544776,0.010206319031182376,0.013928667186893907,-0.01889110310418991,0.023166124265782104,,0.0018486565281539715,-0.0030755312621580802
CCK,0.05978159825154313,0.0996347376512337,-0.05097750809753622,0.03193509489784709,0.004889395723580273,-0.03394641705602038,-0.02120950937329599,-0.02024129600101512,-0.08675670468497884,,0.0445022475284731
MMP12,,,-0.013356994167742331,,,,,,,,
CALM2,-0.029860761545039676,0.05795686794966525,-0.030504753164841667,0.023893492102131993,0.01401749539257638,0.032339217044685606,-0.00918057902954563,-0.017269243898691236,-0.048249338757216875,0.05958467817803062,0.0255050948320155
COL9A2,0.046295441215173976,0.05840649357622552,-0.0037330306831890245,0.03277804835072587,-0.01730684834450413,-0.03150785973864967,0.049058354494325516,-0.017231371473692702,0.05689153680352712,-0.028023578073295054,0.06306822848036647
CAMP,,,,-0.013004433217701967,-0.011587655402130756,0.05266374514794053,,,,,-0.02530109647150589
PRG4,,-0.030096025701694704,0.040897909848797306,,-0.013153014367455414,-0.014774667866184978,,-0.018884766322557565,,,0.06662437948063853
ADCYAP1,-0.0171684387141771,,0.056490069107543936,0.11315794186290914,-0.014227952725562185,-0.00947581250659532,-0.036522046574598066,0.0316402555592355,0.002047405130289189,0.19719454072721257,-0.023625454096046588
ITIH2,-0.0023826485304616154,-0.015795403975212872,-0.01209378006282784,,-0.01685786821798686,-0.02104457415909005,-0.019132742788465735,,-0.03277214712856524,-0.0601653322510918,0.056810553833011784
DLL3,-0.0434978459068437,0.08592440031484368,-0.04103009905081835,0.013760326197864619,-0.05706381761598831,0.016914076416636524,0.04432761107510651,-0.020232131887436968,-0.031539518660443765,0.0066636219347179036,-0.016689533619384876
LTA,,,,0.07525456958705874,-0.016857868415146242,,,-0.012705501284470143,,,0.05524021102858464
CLEC2D,-0.029795015440897653,0.05336542492824819,0.0549756865390396,-0.014751112726239152,0.00708589803965794,-0.042734044460965015,-0.00029843121588065785,0.017878742284256417,0.030214415451199284,-0.09250601830523396,0.025264421605391395
CCL8,,-0.038722251237103475,0.047240361455267006,-0.012000747964755577,-0.009140921185245798,-0.006347878860568333,0.10167822613076152,0.11906791789013761,0.032343677491264676,-0.04995281875648753,0.038940230514591494
COL8A1,0.024757083260773777,0.05908209541304283,0.028543993369829965,0.02685236680192933,-0.02004219132385381,0.006427050789925046,0.0039241084249641255,-0.014734797886684043,-0.023345831952035143,-0.037794667940952924,0.0901246833686098
LGALS3BP,-0.004337800905872145,-0.02285301457578942,-0.0161037987931384,0.05589708272245327,-0.007923483118127355,-0.011002889722652339,-0.023736990820414083,0.0016239425802732502,-0.023421609124790053,0.04770568160760977,0.07242831146033264
IZUMO1,-0.015136506241804678,,,,,,,,,,
SPTBN2,-0.030833315372690285,0.030227255307161957,-0.012542175398452314,0.023050717204308183,0.026423619088385173,-0.03160032726213179,-0.0007450665828934257,0.012349206514945189,-0.027013965018196823,-0.006630950233454433,0.03801111729102611
LYZ,-0.05955569862597174,-0.07075937111460857,0.06111537611430462,0.010771780241832033,0.011412878829211189,-0.011908570595733418,-0.03745680726393955,-0.004266784463747701,0.0011036303749456257,-0.00838438985789965,0.027076252878491046
XCL2,-0.029775692301241403,,-0.015628765576981278,,,0.05048794359124762,,0.045719531703035055,,,-0.019288042277786188
LGALS9,-0.04537853040614795,-0.020249305664699173,0.015949728574165857,0.03425529608997723,0.04013914675818358,0.053072665898692896,0.031242158870438363,0.03469428156331258,0.011161792885632531,0.038740423973795596,0.10179508019991008
B2M,-0.01799022800606994,0.09635728474752629,0.0999545828767879,0.039123978263994,-0.0769356727220411,0.0417709747123254,-0.0034779158083231357,0.04989497761916765,0.030399369957354098,-0.015962884224023137,0.0198377685186714
SHH,,,,,-0.01366814146947048,-0.033452802879079264,0.029932863533050618,0.009872404928426656,0.026183714127495608,,0.06471676912733149
AGT,0.09375118112878375,0.017558957473451185,0.008605136776414139,0.006282218702763852,-0.01758755599517405,-0.045844012606118964,-0.019819828323490305,0.015721763121470486,-0.007810451361823783,0.07058411983949048,0.01343099568752378
AMH,,0.009222213420028458,-0.016094975748746444,0.027840962932190863,-0.0196833852856724,-0.02311946800049999,0.0395330407983784,-0.014990936075040016,0.00926780329811801,-0.05595289503496506,-0.0021568137199011904
LACRT,,,,,,,,,-0.0007935337046025204,,
THBS2,0.07454809267361395,0.04953842048347924,-0.006604304974369342,0.03582488167729186,0.012972907209437225,-0.021551335141550772,-0.010837311702324737,0.006430665225859091,0.038477107183702335,-0.004205401226024825,0.00950058990714905
INHA,-0.023239259444004273,-0.0193030077514517,-0.02561861762410184,0.04507614682257997,-0.03964346954069946,-0.04532028718229313,-0.02075452186346953,0.06102241762986255,0.014503791821184284,-0.0788237000670629,0.03167781733358944
SEMA4F,0.04162368800912026,0.019829404351268377,-0.015037352299403567,0.011369083023813268,-0.008565830777543453,-0.022032642265717158,0.0004617723251017119,0.012175823034177946,0.023544928221337497,-0.06557760221648333,0.0210826672788019
PPBP,,,,,,-0.013808118200572941,,,,,
ICAM2,0.018986241704561927,0.12858106174023662,-0.046923871240481606,0.01795602742162265,-0.004271743628662975,0.024532804968925903,0.08571291374611231,0.03047268545816072,0.030525123708994475,-0.03751805609155319,0.024080006732955066
EFEMP1,-0.05205584918521169,-0.018186724678089905,0.11156305470917294,0.025859065471556007,0.008566012239959406,0.05764163348020335,-0.02774484693930856,0.010374913825085309,-0.010347290939366094,-0.06349563799719202,0.07528714631765998
LTBP3,0.06198267598825092,-0.004680255931675726,0.0373986744365556,0.009208701532794362,0.029166005699014234,-0.04037737843562433,0.02125439303881189,0.000955509000292267,0.0628151907780662,0.04381025853845594,0.04792277479169777
COL6A1,0.05150324078071982,-0.00817826130278729,0.036172959940086236,0.07853135205968953,-0.0003023055202067573,0.028977236189103067,0.036051029017857644,-0.03177322482335004,0.0009542559522604356,-0.0011104692797437182,-0.01702546401949295
FGF18,,,0.006112912719641081,,0.08072822411996013,-0.018004786723328576,-0.018399386222905302,-0.012071085571314626,,,-0.021305651631931065
RGMA,0.0038818152280103856,0.04201392536913799,0.044246337315402576,0.026007728240220716,-0.00904402918089384,0.002061130514533994,-0.01574978862185321,-0.02085722611637592,0.0022820092695122703,0.02224366923339475,0.04739032596603046
COL4A5,0.05294133815999565,0.0611047577141407,-0.026324775776633735,0.012237070579112278,0.04070101638017259,-0.03801511603247881,0.0574491363501276,0.010088239789104074,-0.06629757438393062,0.015498595483212566,0.06195889244842455
EDN2,,-0.02136235747881146,-0.015091292650806819,,,0.06390819669611886,,-0.01601977217953789,,,
FGF1,-0.13179891769521115,0.038763653700221196,0.0011342812018729895,-0.010545193837698846,-0.01256953173957786,-0.022901692982307594,-0.026410479033145185,0.007047285855574385,-0.018418519119072215,0.037372907531635,0.027887051473385195
LIN7C,0.07290373922524601,0.04657728353007013,0.051686703650540684,0.005723461085265819,-0.0041577597106931125,0.053670414810178896,0.036304611952472976,-0.06295136663120217,-0.009245814575159972,-0.041146366989322565,0.010172247787499158
AFDN,0.05513430936142256,0.053731774755251344,-0.007502895191267827,-0.02165040201529591,0.04918337514843657,0.030395204784131644,0.018704860297667554,-0.021144757926209568,-0.0067415553264605485,-0.048512666419451025,0.021702311850897146
SEMA3F,-0.00019321294237909967,0.12133817892389309,-0.0752770748733415,0.027453521680093993,0.021996483621109536,-0.01234297499901323,0.09308168284246093,0.008037934032954488,-0.004689033570839359,-0.07253304539498885,0.039396147350473636
CD24,-0.03324543561355101,-0.07213753930958594,0.0071469082145261134,-0.025140008286564906,0.02955159998722911,-0.032730427944133646,0.007488877984586309,0.02413557282395569,0.05458278893709845,-0.03329139305614971,0.11163841623488494
LAMB2,0.032302308720696324,-0.05301263113898083,-0.002545396337329281,0.030263181222609188,-0.0007486210694592627,-0.029630439704392945,-0.024023918054267752,-0.01117709160689632,0.0298066771619163,0.0187838659308741,-0.018075505399694693
ICAM4,,,-0.013560122094385806,-0.019173060547783838,-0.012248529914086948,-0.013196021379845345,,0.057723779764446204,,-0.03399161207339215,0.05289507142758683
COL7A1,0.05113488044500347,0.03566955619753933,0.031373758161767906,-0.004710673688082701,-0.04827825907139245,0.034308804837582155,0.025002337280402697,0.03504087889543212,-0.004059513457131996,0.0315792688783018,0.032598125571173676
PCSK1N,0.12901071992509433,0.04619340482484128,-0.040409972222231444,0.03417370747791011,0.008201991290739575,-0.020769206735126763,0.012397928395039013,-0.01063758561095869,-0.01384726349040568,0.05546218442192968,0.024733563428601422
SERPINE2,0.12020451821757075,-0.04563960677499049,0.04086795432254748,0.07119455658899493,-0.03912802982766453,0.10188262977962642,0.025815102499337852,-0.0299305378205001,0.006301083790381901,-0.0006976168132098761,0.011384983856544744
FLT3LG,0.008152866812469626,0.0315917142297316,0.06551126697282932,0.01521928867726585,-0.03738158258483165,-0.015369280571609573,0.005445008336240132,0.04154714400545797,0.003182048288744227,0.03412912629014643,0.06276491372406375
SEMA3G,0.010348085081514524,-0.028858116425666016,-0.003653228041617432,-0.011855237632183564,0.0014479444204318914,0.08755376242343524,0.03868362132625552,0.018613320140906883,-0.044974161179124186,0.007999880228675055,0.014470105257635564
CXCL2,-0.045855216264854594,0.08179385577427369,-0.042790995967937395,-0.009035425888671964,0.07214768399149069,0.0315104271078319,-0.002810196777670993,-0.035443771491395014,-0.01625790193519231,-0.03348716038077551,0.0015223620850736694
PSEN1,-0.021622375192276562,-0.02656717837444979,0.057227797931700554,0.028755317384896034,-0.0386002719102052,-0.05058481757943288,-0.0003635813370197226,-0.002361564747553424,0.0381675185395504,-0.001953134175693889,0.01565607890183881
FADD,-0.04328932120571925,-0.0058757215272918955,0.026323373471944442,0.028605655155286104,-0.015236823981941433,0.015842362210303683,-0.010927622350727242,-0.024813888363943184,0.003939449731765213,-0.005250538457167451,0.04595079068930026
GAST,,,,,,,,,,,-0.02530109069585015
WNT7B,-0.016736851432561824,0.027451887670843503,-0.04312614563411306,-0.018628563433930274,0.0014301856631479897,-0.0433153752033733,0.04724607208714893,-0.03346462409320398,0.013857903133656424,,-0.045475131064721085
LPA,,,,,,,-0.012030065038933292,,,,
NODAL,-0.02815672873587532,,-0.03063190615968327,-0.013938850853343496,-0.026918150113975463,-0.018396452849601213,0.062405134840411734,,,-0.12733750300615082,-0.02915871944395484
SHANK2,-0.018205897144974514,0.018814541878904627,0.011836187956462619,-0.03813103371105798,0.003319204820949101,0.020817188203816596,-0.0005658394220394588,-0.0345113889130653,-0.04183332933461197,,-0.0024666531949879126
ST6GAL1,-0.06724945682165182,-0.024854468632965424,0.017141748254422544,0.09961605659984495,0.009438902868891989,0.008733091572165548,-0.06794295168830279,-0.01728384879836202,0.017702451477910257,-0.022629477449034287,0.03714866740871347
SCGB1A1,,,,-0.013196371476597753,,,,,,,
PDX1,,,,,,,-0.017509296978332946,-0.015818927274795648,,,
ADA,0.019811183648273334,0.001904587058629862,-0.04148155440258217,-0.01308670009368622,-0.012749458624351648,-0.008838564200898139,0.0799717735823456,0.03018303489693487,0.027025665226001507,0.1328153890029818,0.052498311028902914
WNT3,0.007811880635948215,-0.0470101469300274,0.05087836974790802,-0.03975474414480143,0.008195403036654702,0.019011487225848372,0.01276138278317754,-0.015831560874559582,-0.0027680809205965075,0.022397441223508428,0.049817135671539156
ICAM3,0.00427116703909461,-0.0012786799896784275,0.0176465295367174,0.02278053255088956,0.025229271313384045,-0.03202123698580751,0.07328934587786465,0.033727473399785435,0.013660592166984648,-0.010775788111156464,0.07117330477329603
CD6,-0.02587122063508085,,-0.02715952250392172,-0.02389615582251951,-0.02503795119547424,-0.019505799393719495,0.09296123713975371,0.04670829209031132,0.030107290971697048,0.010850450652699382,0.09995324420002852
MMP1,,,-0.020553238979444843,,,-0.01298588107435153,,,,,0.02989084385905004
RLN1,0.013546954563227463,,-0.013760377518863508,,,,,,-0.03356201141612628,,0.026108799963121525
LUM,0.004182567383930143,-0.011276965385933497,0.0020770252956514644,0.014788569969788622,0.027452154361910414,-0.010543260222635955,0.021921459635778264,-0.02453945017326479,-0.006158374371832883,-0.0407945505104858,0.020645417680469628
XCL1,-0.01738051341864022,,0.052014965308303296,,-0.013326840223726174,-0.013808118200572941,,0.044390994906888706,,,
SLIT3,-0.023401115413975562,0.065017574734741,-0.05396228794322387,-0.026735866821747584,-0.019129986004017618,0.007567890765662698,-0.004713840985146382,0.025635841248147686,0.007509106554755042,-0.040477280178938146,0.05286308576347347
SOSTDC1,-0.01584093181421308,-0.02584763767692271,-0.033996697669332845,,,-0.0232437469519665,-0.028270733872565245,-0.02515392223081379,-0.011710454745546136,,0.03695900183721499
PDCD1LG2,0.006565242260617823,0.006074362807383066,-0.022917851855185686,-0.027438949998743422,0.03200553759398591,-0.0030746545701300873,0.18364116323440705,0.011223075686730453,-0.011207248852574106,0.048681493209859907,0.05201065900978153
NPB,0.019838972108738785,-0.0009478072742805094,-0.013150879818665456,-0.015321184802991147,0.07182642634959534,,0.1136869669942809,-0.016705353841971558,0.0370402183026063,-0.004742504730341183,0.06953740908397717
ADM2,,-0.038578391628758,0.0967214164926309,0.03572053313950343,-0.01932048410412006,,,,,-0.031398484117047515,-0.01955090193787455
BST1,0.04345953846799777,-0.0005241443309972834,0.0027468880743588605,0.04892377768241867,0.02303421004769096,0.006515751881930784,0.020214387567540164,-0.032577798741885426,0.013434269862493405,-0.06184584175393814,0.07483127917067413
ADM,-0.05986973254690828,-0.09912372136613168,0.08458283882424619,0.057817694396089074,-0.0030260622473459423,0.05638001534066111,0.013771517725079273,-0.025054439991158653,0.028229410623261304,-0.05539763897127134,0.006954992932353775
LAMB1,0.009745525213790573,0.07705145033674088,-0.0516303692834568,-0.008875696992581696,-0.054891338850241174,0.00974150074783876,0.0396751053985226,-0.042333770675032086,0.0054621770714465894,0.0059542993825291235,-0.011495073014657891
CD99,0.08598925915761746,0.053717405446574426,0.07089820848708991,0.0779905138960285,0.001310913400956254,0.07669318721946461,0.013607176224820793,-0.051862654812974335,0.05682240906277244,-0.0173068602680412,0.04865061186148327
EFNB1,0.028325713183584393,-0.005834112191783966,0.016594789651836396,0.010837607382255098,-0.04008373166259266,-0.001495200055847305,0.05386641997738477,0.026222418590326407,0.037069312791601916,0.025091016880114236,0.06135330489014191
C4BPA,,,,,0.0691175991716298,,,-0.016512118008223556,,,0.003661190639186765
INHBE,,-0.024844201895631014,,,,,,,,,
INHBA,-0.019761552335726712,0.005631536540837015,-0.041972208238885124,-0.01280974123800177,-0.02719071622748071,-0.0022289407553702416,0.02194815270389353,-0.016652112253103618,0.03897523532836414,-0.016997688462485484,0.0267887082922933
NRG4,,0.09497157392958286,-0.013560119396647877,,-0.01600782018131949,-0.021044582254580266,-0.016439119533442268,0.084638741152901,-0.019643550778709662,-0.03399157457763802,-0.018751947927152526
DLK2,,0.055630113365599906,0.02465152339231066,0.07545387389193248,-0.018826719926259748,-0.025043822847213848,-0.012095186832878572,-0.019513914541782466,0.011955336030258917,-0.03399156724152672,-0.020570748020434914
CCL17,,,,,-0.01932048412344127,,,0.004176329419559813,-0.025204676448577656,,0.15908706400152442
EDN1,0.01768402586310447,0.1316709677600178,0.0007062188358968293,-0.0380544599194556,-0.037293521175468455,-0.022519353330577797,0.02866207429314099,0.00032904683601280666,-0.03973949643997723,0.010808309673387246,0.03520401078710386
NXPH3,-0.012433083997762943,-0.06431584320976362,0.04353883691201312,0.002958433186596769,0.003875843476835753,-0.029692149711766494,0.07081870022190011,0.00639018073895834,0.007309267329764967,-0.08989964236684758,0.049880846862037094
LHB,,,,,-0.012617800498786224,,,,,,
SCGB3A1,,,-0.014722693988223892,,,0.02114753765537159,-0.016712501855328656,,0.03748735716349783,-0.046578946688996294,0.05894517263834167
SELPLG,0.023680957902557996,0.011991914079015334,0.017317559898557374,0.010054062361781885,-0.01578511681012302,-0.02851203055603732,-0.011788317338715855,-0.0061638913334107195,0.04919380069289566,0.016134487939655613,0.09096026716504836
COL4A2,0.08319733078945395,0.02643834864161503,-0.04794924582753903,-0.0011119795464564453,-0.05799459437264213,0.025722864570277892,0.06181918214862199,-0.006782060234743797,0.01692744832094684,-0.03133537412261478,-0.03425684000407867
HGF,-0.039973419753766885,0.04157417256409093,0.006120870881626373,-0.006124553731105712,-0.04501324641384191,0.0407040792623924,-0.02707616865925679,-0.007371440883533591,-0.0021211332350234034,0.030962006320700147,0.02346850893027961
RTN4,-0.06945433669690508,0.0640462096179795,0.07095275376364625,-0.04348619603762114,-0.007992819751424279,-0.06329511512116111,-0.03482677594680734,-0.04169422554546463,-0.05230721049977334,-0.06331397439655852,0.05614526208156192
IL33,0.10773520581320672,0.013907746479750929,-0.0037064871149221044,-0.05119092934212967,-0.02926867649182932,-0.0009087317560779003,0.023089402643050025,0.007627691489545634,0.02745836442814047,-0.08597526507255988,0.04212993574430989
COL9A3,0.01595343080517865,0.052917884969257575,0.01752630094088052,0.023118220606828006,-0.0316617785548786,-0.021300050733195502,-0.020613878525396274,-0.0407194932972644,0.029661822685409872,-0.0033050346128155276,-0.011350811441038028
HSP90AA1,-0.016723862732829994,-0.018133772602811737,0.018259333321503934,0.011522859586070527,0.017522336287209943,-0.05832737700289934,-0.03782534814154444,0.058515442395946846,-0.015270170645914936,0.054875373835839104,-0.06501710177179536
HSPA4,-0.06610748267909515,0.033155948714918095,0.05248972189285787,-0.023398986160187242,0.04027612213349942,-0.03669446082045247,0.03072972858426151,0.04543218902847388,0.023411673981865132,0.009365824962765517,0.017741293074744806
WNT9B,,0.16620767318773533,,,-0.01224853115981641,,,-0.012328566084821505,-0.00507514756353415,,
ARTN,,-0.003127731782445988,-0.009498290720376338,,0.005802070593476762,0.028922851271454168,0.037545629583357415,0.03095791488214161,,-0.027500155119960058,0.004746990323855981
IL1A,-0.018406909705988517,0.1340172550397932,0.006773604309175378,0.05797140703231764,-0.02412445096462691,0.040016091159905925,0.04271699685558945,0.029420100598682754,0.025323233308046686,0.03862245349712611,0.05683655676735232
ADAM9,-0.0012441155894556187,0.032665959463990805,0.02786084453608339,0.013726619488306788,-0.012200055492001758,-0.046898255360329495,0.05572292797533226,-0.05021924905853448,0.0345786335585725,-0.056298992286933046,0.08162702768512357
AGRN,0.0412232357955221,0.036705327220177844,-0.02503504787594865,-0.0017283302109893969,-0.007830120958030989,-0.035292358374492246,0.04209091322808209,-0.00451649774287398,0.06393435628713622,-0.05268994764492827,-0.0017194232798962389
AZGP1,0.023535054656572112,-0.03455395855275817,0.07515060707192722,-0.02582590226078144,-0.01251188278657194,0.01664140531554123,0.0046737041141821966,0.022407125921762073,-0.01062097187441654,,0.08668544080314038
SLIT1,0.025735324164052043,0.0967195186349267,0.00296075604499768,-0.01141087228864969,0.04223396732604383,0.016138724842304407,0.025209621558587237,0.053157753512414405,-0.038197245571408786,0.023485691914199944,0.010302671362812914
GAL,,-0.02359165033276662,0.011189847917839738,-0.014525368108107943,0.010322789190467141,0.02724666220945572,-0.02464126850448376,-0.035765930631772476,0.00894864074800176,-0.023249695684419702,0.002798954072337142
CCL3,-0.04338946495302686,0.014682307544373125,-0.07183686525847095,0.06808419800236509,-0.04181878491962042,0.05217825884069749,0.03979228018451544,0.0697322845499893,0.019174732053473434,-0.04539796158156978,0.07026126037646357
APOC2,-0.12699277484247554,-0.03136667052271914,0.018412264567917454,0.017540552102948682,-0.038394706886494046,0.03865075397760131,0.05917931414692875,0.021488043709519858,0.03495484050790968,0.011923613717652272,0.07803953732265019
ZG16B,,,-0.003843668674488441,-0.015648719208558228,-0.015265681783683488,,,-0.010095674156632758,,,-0.023381658362225104
IL34,0.045750057180993314,0.0627516514513569,-0.008984521377058753,-0.022171973835619196,-0.032644787232230035,0.04983407429149645,0.027219369957221053,0.02582690613461229,0.06891135365928132,-0.042688592292719096,0.08911521119325319
L1CAM,0.09190680751940242,0.04354787323141012,0.009156938312597679,-0.033120087440119156,-0.026945398992283293,0.03502623746287982,0.00486159679810679,-0.009856826139176175,0.002198703778772452,-0.028695739368465412,-0.018936950145318116
OBP2A,,,,,,,,,,,-0.021063339132178466
GDF5,-0.01673684625473677,-0.015691278782004478,0.052365510612389525,,,-0.02007760080246284,-0.0132614481926416,,-0.03371614170468952,,-0.021645313166752275
CCL26,-0.023721929082587804,0.038870479458380305,0.0768765803187106,0.03317445439977141,-0.034697529775699044,0.13088428857995238,0.01565284933810994,-0.010399903873167063,,0.003143203197320072,0.0025616272517912167
LTB,-0.010492439745840609,-0.02422498376260488,-0.007126374689253157,0.029353218708661914,0.06610148161351671,-0.026519392606940487,0.042535346057292416,0.043723273622159095,0.09664234320634527,0.052809153578605585,0.05162153121288742
BTLA,,,,,-0.019442137473311964,-0.014395422894975413,,,-0.015546080829545518,,0.07720692027947014
BTC,,,-0.013356995109967618,-0.02034962809747893,-0.034247350108667245,0.001653517159118638,,,-0.008045198287303759,-0.043430363491851,0.045436125720151835
SEMA4B,0.023718467058918107,-0.009302802945555652,-0.026805333304759975,-0.0549057846066868,0.02059803764754467,-0.008490888037536127,-0.01645025939413256,0.017927696163567028,-0.05721534537024562,0.025777735209444305,-0.0073829222481282455
CD40LG,,,,,,,,,,,-0.00027109943069169874
CCL22,,,,0.08011269825513789,,,,-0.02094043323953386,,,-0.02897666471571453
IBSP,,0.02768816354332667,-0.002487272875315813,,0.010332284265974325,0.04233344227280929,0.10667097325911384,,,-0.004551953189639625,0.007174646386166182
LEFTY1,0.08997276905269369,,-0.03253437732609168,-0.01564871786149628,-0.03356368052893318,-0.03068945262549768,0.08880631260849342,-0.021485392975909436,-0.04281516770335166,0.0142148172370721,-0.003593385664000807
SEMA3A,-0.00312212036076564,0.007792262127304326,-0.0043478439325140535,-0.024116235812527875,-0.04372036689316613,-0.0021945484595096497,-0.025320005762866936,-0.027252442198483138,-0.021528619811762375,,0.05317768482649731
GRP,,,0.008487769778077291,-0.014471885761574921,,,-0.017247409818910136,-0.00407943008131862,-0.008193346448192898,,0.051562810094076816
NDP,-0.045435397995456296,-0.0045321016999991205,0.020575848476977115,-0.009620400056553369,0.012356033078304136,-0.034550070817844565,0.03226771721760128,-0.03627772106920453,-0.0006173467086543103,-0.022895501823771595,0.09186391449209401
IHH,,,,,,,,,0.023073338697497676,,
GAD1,0.07218234390434747,0.023181728203096087,-0.014718588315472457,0.026605193885109273,0.012247367718356645,-0.05021079864548897,-0.056329874486385795,-0.03510024798925464,-0.04904531808839404,-0.03735498578771544,0.009097973862230758
SEMA3C,-0.035335889750552116,0.01633013942426147,-0.03829080698351448,0.07623319810114904,-0.029549883741529524,0.002638164600586707,-0.005781759608223224,0.08276417027649241,-0.02017754988724677,-0.04256450007679222,0.04229832729260244
TGFB2,-0.01823321154317145,-0.04336330528334237,0.08439602510493892,0.017622750384004005,0.008116815050073618,0.010941347124320886,0.03268847640585642,-0.014832001532461121,0.0629671993156784,-0.04010018010073613,0.03757835958441825
IL1RN,0.10772565000849041,0.06089328577413112,0.11074101623888975,-0.02801624441399369,-0.022302036471389418,0.04791592517458295,-0.01573669818941072,-0.027312135856612452,,-0.030493012096054033,0.05465274829351261
TLN1,-0.0490808424776394,-0.11276031348972801,0.04111901573792968,-0.0027288625111273074,-0.028523639016265718,-0.019679101025391794,0.0013942145360826687,-0.027893596778843135,-0.05321780735715455,0.05432985588043553,0.02337756000328058
CXCL10,0.008778001139565244,0.07052880026065206,0.027728389311221284,0.0025165278720021816,8.495959765711044e-06,0.06597301805460339,-0.017895636664934423,0.024541875508917968,0.023427975252197492,-0.07049381229837345,0.07186727039095157
ALOX5AP,-0.10989717566208328,-0.01998729069880282,0.108274819570795,0.0225146740809071,-0.009909793003849678,0.014717638814263736,0.03858311712066181,-0.020582392296948127,-0.016389694195305587,-0.011045506968140915,0.055225192155425706
SORBS1,0.0391307087783879,-0.009110910207327079,0.0488620144684285,0.020918599889134415,0.0126624121703013,0.06227586233491119,0.000750562131380621,0.01285049959641196,0.006096336454799109,-0.07606885430375727,0.015508599988186466
ARF4,0.0330151255932853,0.02169314628115875,0.06237094654627999,0.035554132552876226,-0.03207801001297327,0.00025590556886500795,-0.010474719465838663,-0.04130122008837986,-0.014046935942426215,-0.022377927002804093,-0.013538319635458122
TAC1,0.15211153112979212,-0.03500089584474357,-0.00024303242250393094,0.0017907067141307881,-0.022889270560452743,-0.0169515460158279,-0.008276704072946573,0.006164553245002836,-0.037985688492795176,,-0.022017718016846575
FST,,0.19902387186862525,0.07854428286514982,-0.013193391590551513,-0.027371172173001362,-0.02949269961848758,0.03568253698414343,-0.03202056719691208,-0.014369937907667728,-0.08539471276904217,0.0428890784645441
SEMA4G,0.026635222759000793,-0.05769857357607281,-0.03860462219116492,0.0594854819290795,0.04346287676948056,-0.04280517067476953,-0.02157617901018021,0.0031131323008756788,0.020829213402269182,-0.023520187467339325,-0.0383346111371281
WNT2B,-0.035320104438942415,0.022337979297536302,-0.0016831697990278406,0.04003445412744417,0.0038725673455929648,0.0016546018252306775,0.03182911589383615,-0.013440083940850922,0.02127566799555303,-0.04663997936218592,-0.04437286273293659
CPAMD8,-0.015840933129927657,,-0.026835595473891694,,-0.014487823907057822,-0.017531657321072935,-0.031022093953670216,-0.01423012213066896,-0.022248207582408915,0.006722617938313067,-0.010186013082698729
PNOC,0.10059144594551235,0.03355182194941834,-0.04265615138255325,0.03180805677004238,-0.007160478103332725,-0.006269096094522392,0.0051877756631726595,0.02228639513300385,0.02332350337158651,,-0.010479533150774765
APP,0.11135114990541929,0.0972080292894448,0.03771738890215176,-0.010295176573457151,0.02480848056260339,0.013491978518838063,-0.029146302771885044,0.011870679551260067,0.01773886816717423,-0.0029410852577725632,-0.015683422566514872
IL18,-0.024599912333431447,0.015423137475686494,0.03131777133939241,-0.040892324577796735,0.007607398341942978,-0.018509757088684194,-0.030495641181977885,0.016811035479904222,-0.01059191682793225,0.0030887294632293903,0.039374857313100614
WNT2,,-0.020410168063243965,-0.013530608484976064,,,-0.014960882118741397,-0.020977243570281308,,-0.03113392524112863,,-0.016546946049831052
ADAM28,-0.07163300215516807,-0.010740618332239991,0.10353911368773189,-0.013378204477797336,-0.01749091970676755,-0.020976784688019483,-0.006943085947431464,-5.9871906010731096e-05,-0.007483380389311957,0.05439733116129436,0.033730335002622035
PDGFB,0.009732096069246491,0.017517304962646234,-0.012341006903933718,-0.01604246898120982,-0.014551054742166192,-0.03998602193723212,0.014506973565237684,0.010996362759468326,0.027055452782475953,-0.06271002954796914,0.017177579333544662
COL4A1,0.01650811600396872,0.09086995521887045,-0.038982004852544314,-0.01496158665657678,-0.04236767548389298,-0.028501093723622063,0.05547896533461539,-0.022247572446104286,0.023763397528432338,-0.027805906274979343,-0.03954266829565143
TCTN1,0.04442304408989963,-0.03039203504737395,0.031959083488693266,-0.014055274061539674,0.034050991721803196,0.0035503741820436543,0.0008308168313585338,0.008681246221401463,0.016854265388128512,0.016394411169246257,0.0636399472594446
SPINK1,,0.016458173090922547,0.105884926773573,,0.00437812350325724,-0.024692808672346793,,,,,-0.019426581995879152
CXCL14,-0.02787319056213897,-0.04250944901533259,0.016601395821873595,0.015377921068904413,-0.021219572252251483,0.013677750003110428,0.0011970997074807405,-0.032961895367524446,-0.06204290895211994,-0.05816810226875094,0.050035636668505315
NPNT,-0.013688426198571687,0.04635703578726988,0.06227286297835248,-0.015870010118557935,0.015846675632659287,0.048781301745586175,0.03593008261818873,-0.011445304684216976,-0.0098093694593598,0.07910047161466004,0.0036464959141914235
GHRL,-0.006824269964682308,,-0.035587437442358955,-0.020853278648551053,-0.038644088857530824,-0.01707488010808611,-0.016576320547053762,-0.024950452318203167,0.014555673884017515,-0.0014958341012696263,0.10376471362121586
HMGB1,-0.050008462576895917,0.11015431568670052,-0.08705306802663262,-0.02929740285260338,-0.01851730240587595,-0.061153874315404456,0.046449703819344226,-0.0451263225453952,0.023500731940438228,-0.02955142014130422,-0.024242964463681543
APLN,0.007543645534230106,-0.05875839477788601,-0.02968425266191176,-0.02464247510476193,-0.0032938945706987035,0.08686753357683472,0.010787285255584133,0.012658962981312328,-0.03865299867440769,-0.03926596226897146,-0.08372937335378619
CLCF1,0.023002733040005226,0.03741819277001675,-0.0014227667613299928,0.005229535933437061,-0.03881120797130825,0.045156884825494466,0.00885907442501831,-0.020870999834686148,-0.027005022297160817,-0.04328943949999999,0.02496519001275479
DSCAM,0.05230138529952207,0.07580593347682217,-0.00929054139313835,-0.015555081828791792,0.011362197957499357,0.02912485171681293,0.05052945436463884,0.014743027896360238,0.03696372293429736,0.04854127645528332,0.034316157982546204
DHH,,,,,,,,,,,0.0775065244920568
EDIL3,-0.035873482451788286,0.0742402755856802,-0.004540949960146455,-0.016498658496956913,0.009899603909232843,-0.035729603860871886,-0.03863787589200017,0.018706849979028366,-0.06201935009200102,0.0921063259408186,0.03338367828635665
LCN1,,,-0.014908071950376783,,,,,,,,0.01756361613418289
HEBP1,0.022202934452431197,0.013255035550190626,-0.0026945162812795024,-0.015103501797736806,0.002001126951291617,0.05665850462014344,-0.009689771401225077,0.029545404288545705,0.08812570098283466,0.07231953783709094,0.034954877472217094
MFGE8,0.07216228158778719,-0.015553568599156277,-0.021960631889594212,-0.04489934383588798,-0.04462937558630813,0.006859672476812355,0.01261462921169213,0.011566403787343187,-0.0037927417889638895,-0.034029653987437306,0.013099429847988842
CX3CL1,0.07810379192437177,0.01872538257625032,-0.03358533491203776,0.025572771727205915,0.007858780789997681,-0.014200274263187106,0.041793741998154915,-0.001297572633816379,0.01183684037840548,0.04533233225008804,0.03492562311357671
COL9A1,-0.034156173438239054,-0.03179653670134868,-0.024064246969095558,-0.025842938998964785,-0.016718999837001765,-0.03494741697355209,0.04528027775892274,-0.02705772529883901,0.03421156226884162,-0.07619068051019735,0.08510309952657197
TNFSF8,-0.0184069096242222,0.05551370270001304,,-0.01280974096649209,0.002518350916799381,-0.013808114621424731,,-0.012951025988522484,,,0.008919793145256502
FGF10,,,,,,,,,-0.03031939110826193,,
EFNA3,0.04537202299946134,0.020657726965994255,-0.03146728913390487,-0.011457557221578544,0.08043882226039263,-0.028265999863819318,0.012654577181181475,-0.015209772773306386,-0.008810167703675232,-0.07752930121318698,0.038913503154434675
ANGPT1,-0.009982875807766065,0.030440641985255784,-0.007112006017057439,0.0549909090081631,0.0023018215363279867,-0.008956569245088208,-0.026839294005483558,0.006166761593692054,0.04262549370986786,-0.058875990030855634,0.07578840223608577
LGALS8,0.011389360180706597,-0.0033153270547651493,0.025451071201582794,-0.0342812334082718,-0.010469216305780992,0.020035863589524618,-0.006511325525907324,0.006408004085584198,-0.04662131704205603,-0.06816365761586911,0.07041139613254739
MELTF,-0.0013912907079522744,0.06355597916556963,0.02614173137880287,0.005793343038761598,0.03295635833759692,0.03662032806779847,0.03245876414351823,0.010755742355079718,0.03634064753272067,0.05740138945184413,0.0943458396646106
WNT5B,0.14633782236809953,-0.024327161609165936,-0.02924270730721283,-0.027529608387148217,-0.04252600758577466,-0.028246965011533034,-0.010573678280648367,0.01517257743925984,-0.03092918081682343,-0.016076325337533077,0.04316876216206637
LYPD3,,,-0.02302235289608037,-0.015154922636397443,0.027054659941401472,0.0009436184953003213,-0.016021061938602348,-0.014560703026747134,0.004364690705903888,0.02357061487940848,0.025345760829937055
SERPING1,0.0193123325935644,0.028127145055918637,0.027811577913751436,0.01736158061957596,0.012541149443916877,0.03597681870360214,-0.057941100432859556,0.02016610447958893,0.039725720272060894,0.026637158390468697,0.08809557744558963
CD58,0.03257544065111798,-0.0026266867863648205,-0.01884355112052532,0.01768509965573237,0.03707661923435524,-0.007120818309753139,-0.02907173847758988,-0.004557384777771466,0.027038857076528117,0.019055323645336145,0.03971913340150581
BMP4,0.02760194216457832,-0.03484606675725372,-0.024715747651171096,-0.015154919727541889,0.0004928385572448143,0.02120835943935182,0.06096159367048613,-0.028518577573815887,0.0219830967474922,0.010877310486971941,0.0026035549453603886
DEFB1,,,,0.08718232484797143,,-0.015144939030065767,,-0.010984026306319838,,,0.06632475761442878
LTBP1,-0.06656350861010826,0.03492899647609259,0.014510200753719074,0.004068353576455185,0.01971407009469135,0.03712137093532275,0.006604705023028553,-0.026963056978773402,-0.013613565777930367,0.06347651725733071,0.01492941635590129
TNFSF13B,0.02268956848560114,0.045512715686270966,0.0322707554206884,-0.011914260273634283,-0.008427257490932406,0.03683610325256287,0.049844584153238634,0.0331420220141196,0.07557529521475642,0.002415738861231437,0.047385284404706574
COL14A1,0.020902137399891708,-0.03687993145740915,-0.035325980670362134,0.0076434229034766776,-0.001985647696578885,0.006905481339203386,-0.020529713031782543,0.08089568576509101,-0.007136564606052271,-0.04492713276960027,0.059333951680341994
NTS,,,,,,0.006357068815946545,0.0920128564047679,0.04683827524938684,0.10096386098040526,,0.007103307743892203
